3 1024 9.466438928451426 0.65315 1.4 3 1 200 200 200
187.2223455100076 109.0326872460769 49.57544256707473
22.99924570219878 115.5312967002628 37.4826350225314
80.20941009346497 116.6644202260947 154.1813517181382
175.0387692583062 4.724493821358781 34.37823416556198
68.94986839160183 93.04654244336591 176.4046865838779
137.2215717421391 85.17472661736964 130.6250660528334
0.1288175591928737 10.91869145791647 144.121247065553
122.54944611928 0.9589781661304693 69.82892360620889
4.20879499106871 117.100526488955 51.77139723218553
130.718405891746 172.9601680306749 19.99374293367883
51.73816815442096 18.84772396549048 146.9305976193004
49.65344438536105 65.17357498801586 67.14694192529466
24.22021240335456 103.0222316001007 4.22722811060308
82.68392875765387 182.2525764443837 182.0758622503662
103.4364949691771 178.0692586549778 155.1439426287086
154.5325859807286 102.7795345397718 195.8380849926996
84.40080778610429 107.2760580630825 138.2834234204308
124.1019327627887 89.42332310370001 186.7280346954994
122.9982037525488 160.5101764335344 142.3422862172997
138.1406412322151 11.67051811300376 70.61726937773172
163.165192914428 186.5796981505517 154.051592959649
129.8963797466828 125.9376635398127 181.1973428721402
70.05284146933171 44.03931279394465 187.5689325417933
69.41578993809691 166.29703989859 6.318240905707718
18.95052734548822 105.3116292296213 53.23940434602927
2.322400713952705 134.2586908839496 169.3905002746133
29.52876735468537 77.97138290455922 30.71553842598693
42.76056603120264 79.34202922067999 98.67342765686811
129.412658971502 70.99182727268992 120.8112917431679
58.77693575796001 172.4066009672092 102.1891565616136
37.49808298756324 63.1026172978027 5.183289703479736
108.1018650262417 68.46953192899434 102.263835064493
45.04516785419625 35.07562478065305 157.1219027986398
156.244003174963 171.6633664289706 58.38573865326833
186.0794679503757 22.35840905277757 187.1397014209679
54.76696136142454 46.99693451833436 65.76451188802996
144.9140653440996 82.16040178443163 113.5900140978241
52.88030719793383 49.83521417575195 193.0427279909147
70.8903264757034 127.3519550133498 17.90248146727797
54.12241533104406 120.3825465943216 148.1807615049188
107.8516048781323 75.61441271635763 119.7949115090952
172.1203417940877 57.66195598291596 144.36405050534
179.3583355706166 184.6854516852069 132.401685865148
23.01672981842651 195.4682857502306 65.76543004758776
73.54011826375535 57.48390914619618 4.045632357569771
22.27285543794887 87.20141516961593 169.7547486381167
131.5532455816059 83.09186523138436 64.42947544332799
141.8387937187819 181.3756554007261 50.86156235330947
18.32438957392118 120.7303719916095 1.046869779368198
36.60699905353141 101.2547785690862 190.0182355086348
112.8201554618575 59.11685216996668 7.854898520209125
148.2351358267836 173.4803330342117 93.1567680684629
1.864408819793296 3.323998725546747 110.5538009162163
52.77949907986853 92.80002912284006 19.9221553919819
140.2670315866854 71.16432118961649 156.256149939699
95.65873765835919 194.2450820668004 149.1192223946483
43.19575459135845 86.33496330384936 199.6328531989788
25.26381730522464 148.8807679571395 168.3328554742733
170.9502189326189 111.4004700932316 58.95957773811983
163.7138687105068 77.29783000747751 26.94744897308727
12.52359872151593 173.2593893250335 98.04543082376469
57.99852630224861 1.980069330246601 168.071329521068
20.45784844494861 121.5359851984548 150.3000308205723
96.08649070238035 99.79939880366202 151.167444035173
130.0571124293596 36.8413213443155 20.37511760486943
57.47914161789878 157.655980541819 140.0933699908731
76.9313210663301 119.424981297503 1.805475566995665
36.42978830522566 111.6174712009649 148.0712753024369
163.2787501834916 168.2755683305337 103.4062701562346
130.2520732309455 18.13252645781758 149.8204293374378
167.0491595104261 109.9507886320315 40.26102231845822
119.6145028886977 198.9327910732512 49.66451331925656
10.21000623219406 174.2614944606634 55.65498964222444
160.5326719199908 179.2707631506168 41.58752289152698
67.85401852890682 169.6177749260919 174.9556386470678
94.89349914903045 126.4936232902615 97.51818143204331
117.0236102915066 94.83019469462126 69.4022810878639
156.0261769419292 178.654522969137 176.0693130003142
25.34327521870999 136.8708123066245 34.3711161991224
98.57587946728607 118.5300716978821 149.9808870351202
188.0189755875418 33.41397259489882 171.8929302670243
140.9664787366222 160.6737289609484 128.3288399864331
34.59281402633198 113.7500920576636 16.58023594311866
15.48453662246659 79.95762383421958 43.25601876808179
192.3646768039625 197.6084857317716 37.29250307926291
115.7058942834029 92.27270493167237 100.5385702418985
176.6071025203318 12.32478642264673 124.8736097515518
100.5347941834434 90.8187536449622 9.613963968287218
1.694800665597704 188.7986411488546 98.41144276394041
126.7159553383621 96.82625090422628 52.32902622887323
76.18403303664881 178.4931495561802 19.12053046540052
12.24834598985572 163.3991691561116 115.568647499311
49.6821964193126 77.96454291332815 81.10531344519504
102.9258001787829 180.8508516204629 176.9573798195947
91.57328226499952 62.86360898637148 180.7433133499619
94.72563317083035 121.725537691503 131.7212088603671
196.6671003893695 18.43980990868965 100.4073068210587
130.6792684586277 131.4260267817777 88.59093742992744
12.21525288334277 153.9814355246248 134.6693147934597
2.018712440673578 93.55947157093161 95.58440421836013
100.3413255216755 153.8167958064639 192.6550426930457
121.2904604742208 25.49419823706118 79.97470363659622
130.5219378528616 132.2499134331769 199.0358880795313
20.41423081543579 170.9650287486774 133.000897319544
57.59632284114645 157.5998822653667 186.3493893881335
199.4824810201892 66.27725110381718 187.9207826760439
131.9486270509045 166.5339152660401 57.21441647147881
32.48940710346355 11.78131713950325 3.81309543876427
48.23579067802331 124.420981956252 184.4825822504318
196.5185424218648 167.4276169318915 89.69281785129301
130.4267191080939 53.08342982723266 187.1658161600606
53.77616990829821 172.9400533171307 70.50720557766691
160.8395187836748 97.97546584507462 140.7759833772976
154.96729969225 161.5312706883027 74.32799193622462
47.06877614485374 134.4270051707149 100.7202522423564
11.77011989045745 161.4349977883424 8.279119897461092
183.7672187606649 5.531179660246342 105.44823283692
138.6471698455583 27.22056059615619 106.8793222299116
142.0257882042375 119.6627415493837 13.61024260441884
124.1022370882098 57.95000826774316 33.01897676494003
132.307750397052 123.6056689415784 71.42578341628841
52.1983507219898 19.86265565075814 165.8306255603068
47.51075422367703 87.80745366504181 65.0786693196731
119.8003974446872 17.52698051434172 165.595362162473
89.54304459062976 120.1983152741613 18.64730114926626
66.37926198690789 106.5493767969429 144.0407335396291
190.8169377580132 103.1024786182797 83.50799335273238
157.6102544065343 30.74305841796857 176.9168164399121
10.36793058343346 52.96129394522698 180.0060985268901
54.49865132146424 183.2698256704403 159.0108925945769
10.43015302757824 137.0686163953133 88.41923451150359
125.4908923010662 59.36090216746446 167.1000541411557
64.65669168182647 84.4547883768211 7.767363344825979
136.2876469611874 42.34277546846697 3.144333050083172
158.5550586547498 98.57603487821871 65.72795593144281
164.6285655865844 23.4604549894862 9.721099297559052
62.82756315049175 20.95044815703026 88.2213621931903
37.46678933411737 29.42518627701624 175.9321904205012
110.0890843601958 131.9814117902835 143.2761129479132
184.1537732623364 20.91486165437769 142.2978313755983
11.66743248726406 88.66240899984655 59.62996048280971
74.64730393471214 94.17484220675597 45.28348039308987
115.5489692665107 40.40279417247994 8.744138676605324
162.0838342887996 46.52952175551992 186.3627996793918
75.12089520697803 111.4188435803672 27.21298171239759
154.3492837778384 155.5829280441056 92.29129486409543
154.5520182866667 149.0220856660291 134.50337790347
58.4559656853294 151.4172462460849 10.43229079664298
8.001240337126445 123.0831967091725 26.59631911467269
70.67373030186329 172.3086116031439 156.4284723437881
38.15189955477273 111.4329832045084 67.8419120936605
159.045342040302 197.0608319510673 169.2708403535441
122.1566243363825 175.9432693041653 153.2768720361441
37.91290446663277 24.82044853628346 67.84978397504219
115.9663306387696 105.3096364634207 152.9140101232314
118.8902703556628 150.4061866354327 190.6547252623132
139.086713373321 144.2408699123465 186.7310537128594
145.3296821688479 153.4695700481476 60.16562713422389
196.5977770288868 36.68016455924472 47.69189064480215
37.50789945212334 175.2583815598549 161.3725894392056
88.22664641628268 185.2169824000079 164.008821939542
165.0733412662962 60.18630460401589 43.33104460162423
113.0888829895823 167.8942257343578 186.3002517270728
9.744407063580764 90.72981318231123 112.6360456213496
75.55007223517461 105.5740538273546 188.9722475488101
113.5945395873484 89.60878041966465 37.80047349307025
77.81201826330103 167.7483473300723 98.39764511155812
17.35708579162554 3.701121455516012 81.8474391632156
137.8990411225085 193.0441173183654 127.0668920317792
127.1710748532798 7.071903837096803 179.5650526519621
123.0030985529607 88.53359801757446 117.6477969998871
55.51173623305746 29.53662973577234 181.7644745655861
78.32880215426681 79.70167499920092 166.7728808157316
152.6419429391677 20.38583614414449 79.11459717840944
89.94783603293278 101.1165011639307 58.81898387637085
0.8208085283885589 63.02558072887969 88.60152085093037
19.42824925444679 163.9060012255463 28.62058895258387
109.6518101448385 49.19538863081079 24.44021208467508
96.72772699483012 183.5201984868698 10.15386868413215
24.6250656581373 124.548368101009 113.7664971341346
90.84466149365353 194.7875259951112 193.6831904257397
129.1713581078496 84.97382025045927 149.5759735732937
111.9179127847315 43.05919740634113 126.6170970837222
60.73814564836812 104.064186862723 37.08666084291461
23.07181758826869 50.43156263003285 113.8297204047407
16.52423629946562 88.59725891124651 21.97359213665037
10.71433616140277 167.2983648561504 149.3339921015396
32.73471851957151 70.68746294505796 48.33633697482193
68.87181095786219 107.7139565281433 123.910517961476
73.0444876456293 148.8153779854 129.7160187474092
152.3940530802442 34.27162347010116 159.0621143451907
82.81555393382767 195.147542270832 77.47481833784718
40.13981664356714 5.562661550782146 162.9057453061473
60.36678280658304 25.17617455104821 18.74436492332576
136.5972393382565 19.07046218493369 89.07907925139948
173.4813459076785 83.88920422041878 141.2332704964649
2.440083465889609 127.1405889384457 151.8472230195576
119.0206314365571 145.7798736335287 65.93232820299191
113.0127843770932 65.23622997403287 46.52394824404885
156.1314958145189 161.1600926174243 11.88349482426637
81.68248917626153 6.674107651556047 146.1807745131538
171.0970414032439 31.71265785478053 193.9568271463496
70.3278184447618 35.82562559946614 97.21729783279743
13.52455366319897 142.2011422063291 2.364232353828236
92.58235823335359 173.1163366544785 108.9557298648795
38.61309854221793 97.85607198030482 135.2529373053549
41.5109503523082 61.18739458467278 84.30017532703909
157.9812838063328 124.7166199344412 55.36354232537351
154.9654257379052 179.885672022139 14.42208493887791
146.9862296680481 132.8007688945623 79.07017496679823
103.6925815728732 145.0414507007542 131.1531834331136
187.2527003105935 113.982414913133 68.23399808924698
23.24121348251957 156.8668506500986 193.926497079144
32.22678041321915 15.28543841482598 108.6294201270536
145.5795702884346 61.42263330560402 194.8666150657648
147.8162352868839 85.39878921194486 146.3141961309067
142.7639651104861 48.9729984722977 27.43226518625321
53.63309851301064 15.24463176130025 72.28039542925748
195.4842611425971 97.47075219429036 63.98479616093908
115.6706691909181 58.67257190031726 116.587852290302
74.36076912742277 78.47761206386583 34.70217326986455
44.09256830626526 122.0913699311776 114.7854039153611
121.0590393185301 107.8676406349554 183.7279444318998
104.3867185378029 2.265015411865613 60.40994893335208
67.556796848601 14.00615846326838 156.4354605419924
89.39062238854551 156.8944406159832 134.8135141064732
158.8483261595786 143.7352515481649 69.16196926096094
128.3307075160536 6.588855743602454 198.455975208983
145.6830231491653 54.78124090439939 45.21393190803048
0.9784476651336326 73.6252431447304 55.37821382210218
85.03552340958844 19.63360403969367 129.2890452112396
46.66706923273178 103.8811227221942 5.840548347054748
137.5948435900703 115.7899675846413 55.01208748092672
107.3173524939645 13.14478719979134 76.70440523088334
118.6805595729311 112.4086110297992 62.56801375987398
138.9328117215709 150.6582992262212 145.077545913648
113.3380898662789 41.94396091416181 60.95547311019303
129.3926588502491 36.50426582188816 93.07358458032347
9.132247488013434 90.57332338075895 78.29472082636393
175.069250568702 76.2609632921765 42.06130226293251
111.4711242431357 114.1977609432536 136.8129818805093
137.0427434797317 173.2986760211464 141.8812637226316
32.87090654707952 55.39208609955347 168.6293233826911
165.8305807509689 16.88219351266372 139.7580867747429
8.572585037819806 22.14697605471992 49.65220319407014
149.8519089692996 114.9797670806049 69.41905284880859
51.43592316991346 146.3088067449243 30.09522679724889
144.1945266216274 63.3259670487381 111.8012007987471
105.3177408438704 9.691460812322632 97.74992859070886
173.0491928416291 184.3431007517825 170.0440115887872
56.75317053459718 139.8518865188234 146.4917449461969
159.0594229391949 40.64319916982839 76.16673247121273
141.7175501733456 116.1906850783494 86.47236400450691
25.49871799854753 97.41013301060244 69.14943299673072
50.66328316037338 117.2074353548357 93.30796657853604
129.9074254322409 55.50526256168477 15.16479981014116
121.1657088586993 44.48735268396337 78.00574153656522
101.4324075011013 176.8912710487687 41.05298707333105
114.7971416007368 25.64311164853864 20.8016496151555
194.4140998616213 80.33266562790725 84.37408745572324
37.06751174234021 156.5461366001462 180.9965258806497
84.88862401401072 54.42127240858358 165.1710645473762
141.1692386106867 174.2606188514969 71.8732501617188
27.44702041485271 181.8918760099916 146.7702421607966
34.13807589590769 183.3247767264274 128.8361614171892
66.81806198608945 41.49769253922287 11.64212865515084
50.90702180715984 2.073585748677521 85.60485107804877
20.25843937579738 190.4970573073123 95.10189380384131
195.7456015170377 50.59223013800691 168.2150962628227
105.8273687475663 125.0798605852382 10.21475186617258
22.94073788797922 67.28672031603219 16.54210423169211
72.94450554781817 183.4848925688652 89.06410844848047
157.3628468482908 4.369250567766447 151.1675880826041
98.27618939224044 33.8968555398155 24.97080024113467
116.5787944892049 60.00318117877348 135.4520263507144
29.29857468736892 88.77952364857801 52.73224856609519
126.004813606485 124.3932278007611 150.1721487260754
162.820805761245 165.2003790907305 29.12812565737545
119.391050051496 79.89495787853323 134.1812174902531
69.60392946659596 3.272268527012813 88.33250090400163
49.61964003413826 173.221823533702 179.2233956184434
44.13793485180265 174.1055270025281 142.3840597520308
100.8975548800608 26.12258489787243 188.3159352074264
120.0926149072049 36.69002979529917 110.7724323790961
157.3593182182526 190.7553232586978 56.3009728958943
31.25882489534339 187.4831310993293 32.05637111836257
58.60497757446995 116.3972484301656 198.1409566595759
110.4137270145142 87.539576497084 149.4727459983492
57.32967093799677 13.67999816340728 40.10573799810026
177.6437461203981 39.6659984681414 79.8071727584786
107.9202376960076 98.87856976869145 53.30296282164286
154.5852544392564 121.7222659447671 151.0750937165807
72.40304037179634 14.45500291464322 28.6757550497857
30.97861500920834 94.36485807050069 106.3759128245487
27.9481307717021 104.033848511558 163.204051420001
47.49741618939476 45.4742721179827 175.4229668982236
143.8176257955731 160.8117705495293 26.26054338853297
95.52575775560553 198.229517210082 175.66407840748
54.9046427556919 102.0137827705915 54.98118856192118
134.0274880439329 103.1191686796135 68.61979880245553
30.89612321262339 171.2412021842391 41.77858271338072
124.6801036812166 115.0709703357349 166.5974907141276
8.60999482722681 125.4897310052763 185.5087693841615
2.818151879860987 172.6409315682514 165.6911807607617
157.8923227267319 96.55288506161584 159.4236782867846
37.19305280361831 189.5693648261847 81.86030195134383
41.21910267106313 11.08414178553616 50.61243220617297
187.6796562374929 134.004049533432 20.08783281842774
102.3413555411287 195.7387592805106 42.60142095937666
132.0144823635429 190.8357592229685 37.72992056897985
106.2981615157253 145.3107135697688 105.3472118945889
117.7155464865454 77.09983479196396 76.81408432343733
179.64462241573 60.06085385861315 115.3761777096733
112.2022928659996 44.40722455978111 95.3894143544681
184.0490427953178 23.31843990567582 87.16221822360039
90.13641768061542 37.85998146991385 157.6452720057009
119.1287882086187 193.1062233382713 124.5920984698536
148.844579784661 32.25535607660986 130.2302270629868
30.27386121632564 169.0211402573697 116.9552682376341
169.7369410551387 153.9228002391507 42.67194938131131
2.352884378780362 128.6302951238696 9.398130244564477
89.75343243353188 153.2313427832422 100.6580766891845
185.9724408587091 171.1465920072681 174.2022982929006
190.9675019312146 189.357098241072 117.2348236308344
189.8719310111124 179.4495641584844 32.5507971720192
39.61035172910667 192.7729103629507 55.14696870647746
126.9427658597079 78.22842850194802 167.701815107295
150.6972047245545 13.97827249591662 100.6424843825674
124.037587460924 163.8249730813875 96.51561965696042
162.9304491205295 96.18896270041539 27.92813212981995
173.2493901075056 176.0543430995976 11.34536427281616
72.97841592698754 65.48760599509582 155.4686408143369
33.71888421573836 4.217174765017495 93.34153981847965
50.79192708671624 32.57252160574494 79.36003835514467
148.4480221705523 21.40808135966476 145.7425299644432
106.4436701579649 184.0912363509962 137.3278781559749
67.55997155916157 59.392665673161 72.17793699066473
130.159210267424 176.3337368083817 1.372363074873838
154.1689333472773 39.25938424699279 51.96025876046122
87.73931635608464 169.7075906653672 148.653482624
169.5787415948693 142.108790605617 189.4306558116056
144.7459398972663 45.22639859455126 106.2738081253952
94.78739189028337 15.98865204979548 113.4755338286485
165.5002599193568 71.44970144596327 9.029292857424821
41.9415812624651 77.67580798316502 16.42271081564245
64.83801096950627 89.85032451638914 158.2023507839767
138.1904061392973 199.8036015371141 53.21813921142939
150.2799792422969 81.99003913877225 61.8703684054686
34.91503909795923 147.8758954053708 89.65514003293936
1.845883202865864 166.9991438895411 40.30075043892955
86.48595818124316 130.2146478021164 34.47968832331485
7.196922487547356 71.97565021045261 73.18432328191147
162.5750455357659 148.0289348513232 172.8672588852669
179.8097494021027 173.2293336036872 117.3349439589955
47.94875419357814 114.2333129022371 165.4502701674665
0.6008682035375899 113.5444543869267 198.0933844330113
128.2535299121346 66.92599237936655 0.1554336718192882
1.826031108616421 53.62131498717061 41.04995808157238
57.93271188331148 111.0066700560983 19.28540142670278
41.1294193171213 61.52935081488992 26.27592980132508
73.31807894694724 166.8851782174107 135.3603812342968
148.0940266583754 34.16069917758419 91.28079137230887
100.443215749721 107.2542254887532 73.33175160072967
97.99677073561941 157.3642975451863 117.9562737949651
187.5044133543691 80.52566022667435 66.74840777365506
59.01369983551603 109.356573838926 180.5642974913074
89.47803611347669 75.7296111999826 124.5838806947284
148.5616657590536 33.19429066581829 18.7217609426483
107.643024308018 8.731766371256247 29.89205223720144
87.03826880502761 23.72387778966761 36.31414602833009
185.670458669362 130.9280764048522 159.7773010643368
126.8273646582104 108.9162396707313 17.06984576786083
98.35850796118301 56.61502767504852 91.17403858651822
124.6238451348751 130.8576640532154 55.7155161236611
95.40706430425425 60.10716145668755 41.81416916144762
108.0019223899802 107.1936089114079 16.02890735899375
150.8809635170449 52.48514845905436 10.69261263864875
48.73525595593652 188.2334751170834 190.7264036222435
50.22256255690576 98.82044183935747 150.1787304165264
24.55171476730835 175.3345649691994 6.906890214980749
110.2362896157172 12.18784801342128 198.4367805452692
80.4959671304175 117.2193531668984 89.44649341337816
157.950019844532 80.75240121437805 179.0056806785529
78.34646428755862 154.1397641019531 85.24566747350708
144.1482775671813 86.11355788884163 167.206403509199
32.94809326501504 107.6638659503982 119.8939435209222
91.01206619038832 41.73168359389408 40.6009236790953
37.4437730262389 106.8484492256423 49.4862060457411
177.7913330673686 84.09686198546406 119.6989984553406
25.01158382879496 90.97788822115386 124.0216257715571
86.22237980915098 101.8798584941538 15.20442663981664
25.34035679181124 82.95969379143625 6.195570792812128
56.73537503171723 0.7538851323618732 53.92655826211468
180.6502321947399 107.4675237893732 101.8718466953972
110.5557218888829 143.1938024123712 6.068473021185104
83.60374751920202 71.14813329056156 91.84666585315991
155.9251665788491 6.610434823432477 66.54838677975729
116.1676845021429 60.77005311097246 86.27287996933028
64.16882710167098 177.3252280403479 191.8509687809901
33.22925250753186 15.53911552018208 144.7112303423938
109.7404213744339 176.4415123124808 116.2355306658619
16.8193186509158 33.37909648283465 32.25497631795996
68.63619800265697 17.70137961971943 174.9727693240031
102.9243376179223 25.55627929189601 168.6256638648597
24.97244257714972 13.41130429509068 60.05068183800504
165.6642113167039 41.04785335845468 16.65360945488609
176.1872685742611 176.757506938482 61.32283751480748
182.0243537739965 143.3993613165353 73.6594668764681
100.0898135859661 84.11647655028894 68.64175695053954
105.721580995764 92.85927604322457 84.46313727880303
51.73619433718162 177.2824875255978 125.3363095850084
33.74563969833932 88.91784028698586 153.3885909340792
25.32321204420314 136.1474057411315 139.2872467777181
70.50714852404182 150.885598352946 174.2382244205148
135.5093660131646 72.97203958302077 183.7466062659745
28.17369407840359 84.48633925403206 187.5383860041869
163.8670770197333 58.76386285550298 23.08497218075468
145.126663816505 179.1979539862662 30.58299583369169
61.63292116576445 192.223369526955 101.4791224009315
14.13596175098756 119.5682581324266 94.62003697943486
130.4123768127774 90.17161837362126 81.95172653728002
9.609864540355765 20.27707461263583 86.71194885575548
128.858534921177 96.92249366950044 170.0071601388565
7.113690364839439 154.8686357191373 99.46559935586717
99.75818827030658 59.98079841090001 126.7618217125654
127.8585197167925 120.2676342139117 104.1626417506903
33.82419128558494 1.630883297742505 19.73919631107552
186.2527995476175 182.9806475186695 76.10155344151454
88.22427517155018 33.74615811307063 113.6985634338725
33.04165670435158 115.9660600170085 176.9926547654283
123.7750201162106 98.47797546532922 135.5968147214024
82.00584077197365 89.7105166785438 1.327581699824695
80.95011188083038 58.82960240408318 124.9265606401811
163.0895622491846 18.67610329683254 28.18656178822128
109.0029003587521 47.00824532090655 43.23511565284836
87.97830606458288 4.184936328668817 33.61154116564
42.70383438856458 189.6481107881036 172.8357782460012
51.60211911864369 191.7328199565996 69.76080245577653
25.03468655266393 54.61187287561732 132.1906036082916
127.7462421397215 190.7466705332798 142.8812987334044
45.47266438348972 165.2264902116488 90.7919678531233
18.16304213592565 55.16336524400011 77.16164865530772
3.401194251741544 171.4809427071304 21.9718852261071
34.73386535044397 73.8384816313965 164.7940577140182
21.49719451560722 14.01762177388616 188.5611690139115
151.7676284786703 160.5007338049128 43.76348179101328
119.7092962331295 116.7669748715196 0.3842482081374016
196.6682622409366 109.8788060859404 146.6348488834728
80.62803589968077 2.54950915025337 164.6287954556384
113.2964118620824 129.3547881095995 73.40909497994049
47.2168088342721 182.6871770869149 41.04476794340408
27.8931233693134 25.63777102602769 124.2022900918412
192.8011950495004 181.3891016868841 53.51389664005264
186.491800074563 127.5425637559731 55.0432684171962
67.40247484169542 15.05214246489511 136.9970419377567
15.08254555571122 140.9900906678486 154.4572865049037
80.43420133336734 114.4610542212202 172.9841796270253
85.12098274180701 55.01196433078591 77.73366642645414
9.785127263639122 81.67409776134143 184.0165075830785
13.26101304889727 37.0329460216071 128.0092733526066
65.70176112612741 108.1726290329408 162.8916763143384
159.6701986760081 44.3014420885215 34.56008255545532
95.60837522876247 124.8200758016832 78.48125873520694
23.05198258486585 28.93287138263759 0.1184073798203554
22.55526299643627 39.59611059796409 170.2184372902583
46.48397750138744 132.6568716631565 62.36098562588545
127.4910710237913 52.38682334265766 103.2014568758153
177.9836354548674 90.0053267697574 159.3424500885863
78.76128727210379 135.6046673558238 93.62079685855815
114.0026395598906 144.9043128680888 84.18709919746149
76.8300010645718 11.79085570069342 46.88995110304359
65.18596987434194 57.55119132366049 21.5453065635451
76.0152378675853 160.6491493076643 189.4955800038957
6.374216537376242 98.57093679749288 8.71721963609555
1.681573873976847 199.5041615735522 129.0963511097157
42.62257444602857 160.9689697393871 128.8346831014254
173.0346390113313 71.59208727018374 98.85122110098249
91.19498539699453 186.3233570404135 28.22004051626494
152.258663691508 70.21198743869671 96.11665603734178
103.1307187731196 29.46377294705196 102.6766995315834
67.4143588209465 196.5054364059609 133.1948589591675
70.07916158293308 187.427851675801 168.9309418109409
154.1384923721879 150.7029378993373 196.2270403693791
43.66691310163609 129.6129199113354 80.83392278083974
91.25569569532952 62.69443777741545 109.0553931286084
168.0093210087101 15.68105245862815 108.1153263090991
83.90012248928956 62.83167515354571 56.59980360097229
104.1759820903209 126.2231913721128 29.04076273996705
168.0512588530741 53.74806193054123 2.816760112240833
21.01835238057099 68.24458788494145 176.5876518664213
125.2867563905068 142.5715721430877 155.4140086276173
19.37808693571705 126.0729826696245 168.6493787203464
20.90238863392534 167.0511591408372 165.289868795582
122.7307898054994 156.973273214299 26.24427396723124
37.0415067481502 6.134230693275952 72.6932661143484
80.51930225476563 180.6097305060595 0.8126845269939059
32.66033523010898 0.06941258101179168 120.1248473321004
15.21576216193776 54.88687606167538 161.8061360905476
49.41726299944008 75.72801880834116 116.0250182654599
104.7010895075339 183.4295533583583 58.51777329965039
128.4786227512596 73.7495049277278 20.2529076329477
34.01236748033956 94.77848061961281 18.17737741398978
85.76478683603331 145.377873301684 184.001271144358
170.9722691701885 69.27797113411677 129.4576039735434
168.375229239195 165.7771149249074 169.7348247189947
10.2967397930274 110.7950564265237 162.1252146366356
23.56608450972517 129.1286156437148 17.18526242432148
61.92579841714013 180.5634281468027 141.8072705046215
26.30519863657425 96.90310322099165 35.89477227155628
149.5251670337616 28.28798076575581 37.24574762256258
173.1691376897323 140.8328611937177 57.12326135012642
199.2478995482802 110.9527979809098 102.5301754909401
0.2599978787952025 40.86910488018599 26.95013966243689
183.0346765332222 55.46187113206335 39.65374759016542
163.0810108311018 65.29591542068896 188.6607010502891
119.4470273372309 8.199342826715876 15.0971897475584
20.97450162462524 67.94601367085475 195.5181301553846
26.09583767260886 135.9966697613254 77.84164995374971
151.093079412369 160.9457091217993 180.5982162468161
41.08336953134973 137.5025514439105 44.87368711718091
89.1371731106063 45.42899327405631 61.90683231654305
76.87547989274449 73.10005008069079 16.72410717382128
145.1141144137021 2.31377308809607 86.81417398449068
37.00494031618042 189.528806805087 5.530923175844374
169.9586296346674 158.7056673675423 63.01909631158493
141.4520314629215 132.0201406713186 142.1306863278284
143.0602091589517 18.07957550624629 52.36837288713062
177.1397757585352 96.27095570845209 68.51126142065124
186.2802344627592 55.62663769542397 98.2076564025519
194.0813721089345 20.94903495550715 158.9963477259133
71.40849250878914 93.27721991446023 23.26751543691149
192.0166850879377 172.9595978989285 6.18679550460933
131.7606719335118 163.8600851951777 187.219770404977
96.60074946789757 173.9119623732451 193.3980749177036
168.5642093004441 16.5243929197469 182.9408978692788
6.068617850146738 35.30074851546757 161.9606402126605
177.1094151143114 188.2285969002355 43.43639223348173
59.29265810193606 75.41917503173637 23.65458828395207
146.1984998266868 103.6947560608437 23.22090260026793
7.174206479649951 154.4579272367978 168.666319340641
38.55449515819652 60.28299622107605 118.4865314285347
100.4855895230984 142.7641853778308 68.34249649639933
196.0596200409124 147.5278929906433 127.2003074891101
99.1776112044096 31.36276718538397 54.17514243591815
88.05753761377686 177.6894943690853 72.35718502234681
33.64041618448054 146.6816732038969 64.15360217797144
76.86969587799507 48.69997586019667 109.4608826944807
47.67856310392511 43.50521801477494 28.99423996885311
178.6883895167968 14.23474749780823 18.41930823399194
169.8742538973171 78.12362476228141 60.27863776206648
97.83213325291543 9.25747454280871 160.448480996084
105.5300800330154 25.15508694371102 127.2184620432626
170.1219394979209 94.41530218982693 50.63668599074168
91.40392206243585 13.94640372619449 199.2733651558187
191.8662852568071 96.954234202892 112.92261638748
48.72778221772966 142.033044756397 177.5526123419517
16.14112317157876 18.03481983257843 136.9510748476769
17.59382509038946 107.5303615337386 108.8178302624515
181.1801809531669 98.46876257450064 35.07204841558864
146.8669204784265 14.35096875364214 19.43608317485197
146.4779479003125 85.13191546008878 26.93514763631811
124.0855086486456 107.4132749099977 118.5707173308211
72.57286418742487 49.72476043900508 144.9890465549136
109.9919776309611 28.61146012266016 38.87239693261348
114.6997975830138 79.56210237255273 4.038047613066066
68.96908737819946 184.2371196368142 70.56903137138546
183.4763045399188 65.864853658779 55.46622394852241
161.0618343343696 71.75214162273313 113.5166644753304
28.81631632351132 173.9104625370254 88.42380993102005
172.9379506188654 195.0910560932088 117.9465194966372
181.9362828218715 168.1257745926185 45.48323550911742
143.1294146750228 39.11203727572488 185.7890493344743
50.38929404868986 50.90652580020976 11.78026068335016
32.0698766953411 60.68765516004569 100.7034437075408
132.0960617571377 21.2593377657454 9.816021280611714
111.9600705370745 9.688414518228999 118.3598956385522
142.5948980953589 76.18125016585026 78.16915212502659
131.5086990871622 168.5405033315349 38.39336559429498
85.55381384350977 126.6203860930328 186.5631370627773
168.9201992487504 186.7542397482509 26.35281131251605
81.43135330539816 30.69080540268423 16.94429196492496
105.8207344349239 159.5798473885049 92.91274979382575
121.9069114717164 175.4039122750887 130.7044798963922
60.16332605626479 85.91907885104015 95.16076487838018
95.45747512641414 141.9342902703671 86.57652168103776
3.29792166714401 67.90966294221161 169.4484827477657
29.21622149990374 117.6394353429673 83.3365870087766
157.9601323216492 31.70338201892336 107.2517809034235
142.6290122940096 134.7304896669529 60.1049335217049
23.92694630206024 60.20033384766124 34.07095822502814
149.3967030143475 187.6240939338572 141.0981989582052
166.2696986999041 28.92294910511833 90.46876202767321
8.755185103735769 133.0653556286659 42.66613641694283
57.84715411916643 66.88324393590938 94.10495413142043
61.60932822676613 161.6018079608065 121.4520022891674
2.757346512347611 30.25679558582532 144.01497239764
79.74561467729781 92.09800358461673 122.7223554515021
67.79026865860433 3.077613046336088 69.1199744332168
36.89874789402784 118.2592940081144 198.3374740434955
192.7539965733993 122.8016034810915 37.81655123007266
145.6632419782209 139.3331562968388 97.04145360760995
61.05088238901745 184.1336907507306 9.239960763910871
187.9186400089618 88.07666939462561 49.39157523015157
101.5866789834601 27.68731829569562 7.394257689205521
49.95171146386406 79.13058865976443 153.5198688023894
119.4313598179857 68.9078401855804 151.9148134930941
110.8323525583225 193.241717770795 107.5744667796069
180.9407592755548 8.556499841900642 199.1072470996352
16.6288192848453 8.828679650545805 100.0581480993323
173.5166584523823 126.9002670327122 69.93772360502635
142.984864987226 90.26289822116513 185.6422589074582
93.67070793016977 173.8082043794082 90.01728486806739
69.35946506245844 102.7596888833818 6.641620602900752
49.23842623582875 6.314696325801798 103.9807628267283
163.8848206723206 35.24991334898425 143.9730011540263
93.32095556426943 16.29279662277987 20.07244148075509
146.4113779386186 137.4826922259169 18.26501451936548
93.21454168766913 159.0804817743739 74.61647100123793
71.40426970660948 48.07573556322297 55.1516498697944
133.6475358506967 67.42654161929249 138.9166448741221
71.66230984699706 99.13670916023916 63.30906596166565
170.0866463476935 23.86031843923557 72.62917033349343
149.4929202322937 69.72740607077861 128.8130295092324
30.74200917037433 76.65001097817233 113.0523188406734
113.0006925664908 167.2399024663967 167.3791008006717
112.6410093331295 48.76047649140932 192.006651960362
121.1557949088012 6.603166721434717 87.84686373379944
68.56663781301391 75.91081956875394 81.37512570144145
37.27214286259105 33.51135141077197 109.5308685242219
119.1781298412057 180.2318902011078 46.74306618972675
28.82112373356306 131.352272470426 96.60394567190586
15.78584349792033 62.6762913851768 50.98372422860893
164.6533821883285 198.5190689658125 187.2950974308014
113.8266358137744 136.8663755308874 41.37109935562538
35.30764736923153 171.894815112339 22.10331106277372
101.876336386343 74.41240252795652 138.8316321425027
92.40119582977366 168.7758007983487 21.21434630961356
156.3272173495719 76.92530513908832 44.65897410836687
60.2547631475755 74.39752134207495 168.6822045868249
128.895964006027 119.8440243595286 132.0228488401963
115.8201799993623 98.25957597115082 1.280745571107102
56.67552392757901 49.85258723736172 84.38304064166924
187.0223354392797 13.47127071887189 46.14006194602597
39.13839616193007 123.7662712415842 31.99019399110427
54.98366503275373 194.8302142894245 119.013153403348
107.7081394862334 150.919977446083 175.3855089003352
6.620442408684913 185.291701338188 39.16937149508631
90.89263623877881 175.617554016526 130.6334378672512
114.5238053865675 81.35474257098241 56.34035103179458
137.5106290156231 111.07814693623 197.3507958487297
196.7607662761314 173.5749287202875 108.5279156989255
120.0943990673309 21.37586512053108 99.64042485230489
25.92391198672401 198.7727007123003 178.2438400124915
99.9091718243107 14.13531838463114 46.35647854613691
183.2598430856382 70.6003963658774 199.8914327125935
125.527520269651 140.5016161120548 136.3831545694566
19.93068654388861 199.7002218283386 134.1345212214338
75.723897562874 60.27188331120371 39.71645762951527
65.47875742434634 105.7436910641041 90.56262631502834
110.7713692195899 177.3068901793346 97.35059366360775
172.9962993143248 102.2313377107827 0.6673409933785842
60.90129409315855 92.79106752479746 77.53460724683377
21.99258250163113 196.9167040285418 196.670823747797
116.8990728570001 90.77283505807718 19.13551225069461
43.12680296636749 158.2079082338204 108.218677054474
63.75598794161313 180.1008162029212 52.84461896890195
19.7538738287793 15.05313709278108 17.43461455380265
170.8119864649516 84.20741609143408 195.2992962350581
111.6069979088189 89.31527885414687 168.2842823136606
88.83774748072979 85.90341340974831 25.02094049342062
51.35403704431918 110.9614649675932 130.3163047345771
67.11451215760312 195.5811559254733 152.1027687436209
130.4552284764806 96.61040575610623 30.99307676383597
154.1925996259869 36.59563774828923 0.9457037286816917
55.97170696197234 67.81213293241616 4.81159812659287
62.28079157113599 57.25648561428804 176.4624927592423
60.97599511673781 132.3718017226734 87.99190042784407
31.45732427449247 43.47373981741965 38.75729616241473
159.1735646499084 91.09630691550527 10.01902222870307
164.9276699203394 196.639901508716 135.1022033075471
72.95349106022803 55.49966870542938 92.23076531245435
26.64572869783749 27.24008795700891 47.22848360078703
147.1570297752559 169.1002314684761 197.2252655861649
124.7936945071032 142.8306476042279 174.3386825647721
109.9931217617298 109.5268768054667 105.8395833772211
126.7997447022408 183.5380994405754 63.75567879750231
160.5044948645751 182.5083773279398 196.5086569823497
81.76337862173889 98.16380985672882 163.4402515130927
142.165001640669 193.1707116277196 70.49974816971901
57.35618070471359 25.08561943318412 105.8683999930268
166.205395680035 28.11504535470496 123.9126876079809
156.4320441917771 147.4616876510366 30.85301630255233
15.32848899207856 42.73794563591631 48.64531363163584
139.5770405721511 154.7090888832743 106.2605817349318
152.7590370458446 78.79740825547607 197.107703374716
181.5409030166201 90.21551385153512 94.12407686661631
23.38775862194892 118.87229241447 131.7859285116111
14.84131121885952 53.52320087313195 97.06211831554315
88.41204160019306 41.36565943486451 96.36763910168307
7.694700044357956 133.6945112365242 132.831933534035
125.1544801756955 179.251698175433 177.1417523033611
124.4518050524564 145.214963461002 99.97228508492773
83.58348341651126 21.23617008765667 163.9031200838221
51.30901344047906 119.7402139711974 49.38678234541532
8.266497084170549 57.71971614181892 23.7245379134054
94.1117474868465 167.7742861675364 57.40770162968906
54.15546576377197 182.7924933785694 86.84047120899878
127.28445281832 51.69301655475799 149.1217710189911
34.66812251822775 153.2128173471154 36.47819273675325
33.82518335233776 113.699521608159 101.2722052207399
7.133218689279642 144.3463737191786 184.6726136719297
82.40459476451588 113.5145365834169 70.9780080250293
42.72081743036352 105.1854386921976 31.37995131922662
94.5029720082492 20.59579430044211 145.6563694015778
148.4976188146994 66.70365411811362 30.77848818134335
61.17009736972618 123.0150148745121 33.56004455998825
156.0922999506153 142.4893921750311 49.11799365235938
21.97402654205475 185.9344580179344 164.4381936283447
77.01768088121318 27.65648907824049 147.3465274534132
40.62598451919 125.519200603779 135.922924293706
59.54700090534972 35.98502995454729 144.9842647956663
17.35438766916688 107.4995858025277 21.29371699666361
160.2203856171977 85.1996911662693 126.8172563153161
176.7316444708773 2.965775877782959 172.5529637588344
87.43476507486122 61.40744624130445 143.9439465230067
113.4479774493629 130.264891328567 163.9312218517995
194.2686556419198 148.1074474038517 87.31079930728605
64.49777521244434 167.0464687410336 84.9557876438291
101.9968337064658 1.628533633786624 11.81786818475477
189.4203089950412 39.69176355400941 154.0863412632125
86.10383713664127 13.72601549413716 181.0989334106284
147.5157833886971 98.94603147106014 81.23290687429409
18.60093846034378 101.4644577216737 90.89173640220484
65.79499090259095 21.21021678798704 59.05358432822761
97.17949568774392 108.5473541209457 91.936242820492
104.2104123745998 53.84352366588186 148.3954997855324
108.7037432388666 11.24409884179968 179.5897279767741
8.348446561054969 186.4032775824916 177.5750517860575
91.19988238276061 136.5100512839975 143.0100195610312
101.637929326962 46.94360128521169 111.0540378130467
22.75974896143856 186.7556640563694 48.95852484902418
101.1933342840076 74.51826239927205 85.70686291767902
17.07148472330316 10.75828900411151 119.0349307643461
30.21553407577045 58.0505351521095 150.073105417179
46.14083265328637 146.7621522087778 196.8263714203009
113.3929881346857 130.309720727213 96.23200431059203
80.09906356144266 185.8441788504836 142.3537434598139
73.64087664709827 95.79302101811268 104.4484284294664
46.97981839390283 187.6017690371254 21.50720250350479
87.61905329280154 161.4237416526314 4.4355363709226
28.17407281379036 19.18416459193953 83.15847107051833
5.913047188907261 186.9578187947221 197.5208034957519
79.35583519633371 159.2998502473452 115.270182910494
106.3209618585665 165.3646111080557 134.5436658570342
145.4440991386136 70.53116687790356 12.48981825646339
80.31142839483313 31.50626439142923 52.59486593876686
44.43823170078676 20.75871464719591 92.72107776323969
25.57117699633662 199.9303041961928 152.2060321465088
10.86713625290117 31.48953817201091 14.38172298982199
25.75128017894437 160.0228211347613 100.9213848879401
85.09190124113589 73.18064725695589 72.40903826223901
140.7776684502004 4.455110429237161 142.0364303772123
59.15209933549034 94.6430114566669 192.6756115587857
135.8370267102013 35.44296910793663 144.1810662829939
191.3941850820853 187.6990698099966 166.7812108160495
190.5900557006339 66.85575614130347 129.592687718329
44.60207252555951 0.5257995563591932 35.26551791410744
88.25316368008687 34.44905794646954 176.6336857217142
199.4049762917248 16.80355130552585 27.38563027676223
48.38919180589887 15.8448388256655 124.5866822332989
65.89177433922642 136.8705480571765 191.5138081860076
40.22422972860311 185.2939735607929 104.6122378999233
191.7538393651245 23.83630536296242 65.79557750748238
152.8904781044437 199.8952245925241 35.8956425004515
100.62246644508 34.79125340514116 78.37168439316369
191.7557108794848 114.8371212604126 174.6171245775941
65.85860450931517 124.272479544819 108.6492670902489
25.17175660789767 126.8226759149977 57.07749590783826
14.93595044403303 30.63066434451185 106.220726889039
131.9849436168259 77.0546412818927 42.4554648011507
71.38271878825991 74.09635511921726 188.6982798166155
53.68212264159311 58.73663896412248 45.00567841307414
154.5301028685288 119.4192179344392 104.9544481813774
129.7204827943909 185.5601551845616 87.91747192178558
171.2522155007297 48.35102799246264 165.0697030038265
2.96637816367018 137.6681807822087 66.96937758309014
69.3577361037444 39.16580338117738 34.22360812014853
104.7439314738982 151.911562276873 152.7834195164413
124.3325079185897 132.8128054876947 20.88861934505571
120.5103945947785 114.9141015908108 40.06141787039939
79.34783432030582 0.01590810165372234 12.56835581539691
20.95741572108557 17.31279357011889 166.0885249488367
90.81371175700895 44.64000163277731 196.7771828961517
4.55243838703899 52.80183744536087 141.8534731331171
74.85509483887 148.0143383723533 26.4758133807865
48.41831460880355 85.36895098807399 40.94391608306116
148.3252100443106 98.17427435212397 45.44597610149928
93.89457498551403 82.20710452528942 46.85986725823981
144.6191374729178 14.46891836007389 167.0347500522615
194.6546608628619 3.646356125872577 82.72230214840131
175.836044555416 43.32085175800263 57.45666069109564
180.1885382756875 123.4428645753242 196.8587375265018
174.9881624102497 161.7456054989934 85.06465985993543
16.73099324641506 153.1366460548319 50.4216342034204
137.3172255731907 194.1706812963294 15.22508169398503
66.65921105215484 77.5052660833027 58.49282358273836
131.1620447120412 3.375509432192632 107.9868679662085
9.333291995737241 112.7755053562925 73.47860518262549
27.84703939543965 177.0142900612698 184.4906136948763
165.6626693149313 19.70005949119372 50.73653355992548
96.02005863501735 105.9606512745301 35.29215446840816
170.168789133268 99.89116052398475 178.24665736542
83.1357796971033 93.62332758902069 82.12721093256457
166.862156454464 140.8270187550714 151.7506798213481
199.9169244771772 52.49621838639849 63.66085060886815
100.8131862146222 124.2970558932006 55.11271651437822
24.34757935871593 36.21771992814644 147.8232124013711
138.637017800275 34.20277751716736 67.75133920474056
73.10369771729829 181.0199694230552 117.5747162603922
106.0755502840378 47.99568367705261 170.2700038282498
59.43366252778518 62.27810377234737 131.3527563126638
3.683664187206318 166.5993835430962 187.6853216737669
158.3400400759834 174.8287935731551 124.5918698027843
151.6835992906801 10.66210620621487 123.0969350030787
54.15345638141249 48.49068805137149 106.9206008385031
156.5855410837734 60.16418825438234 64.40541016225595
185.9981672901328 153.5818834596468 107.7510144675856
113.4122214660095 33.11849963968735 146.9913371488296
3.736362633288249 9.980990125558478 2.141655735942825
96.6379066605629 109.4491850339943 196.4857331928239
162.3822559374836 0.852657315851446 9.779943410405103
6.856422227000786 145.6025130675243 23.81459162545744
57.32142180125786 167.8872693603889 26.04072818525627
195.9099221268678 74.24031018737477 33.24037342476139
21.29752013962375 6.918535073209059 38.59129565589465
104.9682921793572 190.7903107185048 80.01005420248403
83.74920017061146 191.7407326835141 55.0317036597272
192.015088112989 93.45103561812387 191.8716109986356
2.53447557287021 113.0342175452433 124.9138420062913
68.79013702679332 38.39565319862843 165.5979455778647
179.6089971086797 33.53185816719629 32.93925509715725
27.00502292568394 146.4963661666863 119.1320044042053
46.00845171355275 196.7435631784139 142.8075849815449
112.3386832290402 7.33169948452618 140.9535325912363
194.101499883163 75.27084920908963 106.5200504201663
3.758462408229097 99.19767208788068 37.49240565663091
148.3158072938648 16.04912715352085 193.2340140872303
88.39733284209591 110.9410594708675 112.7524564582495
113.0060225658493 69.85138317486175 183.568514039503
180.8392552275115 74.1280413627516 177.5786839026642
87.56090837820653 137.2268819552969 116.6336903075355
136.3680739930009 90.72024063017464 7.371813108054309
156.481252790093 165.1771942819041 150.3868449831134
49.73867377062955 162.3360691434793 50.82418346050598
52.43169157681459 141.0033797678286 124.2170045261851
28.84534904293087 45.25253886497993 16.2589371954289
166.8718852705957 136.8674458489688 89.27703603839765
141.2218664150816 191.0416623834796 188.050761364388
128.445655289364 22.8746828762717 126.7575835790718
174.7990005127695 111.4609280396055 152.5842221834047
184.8896383377415 188.3359946335785 189.0184875848812
154.8491006250248 191.9868631478038 104.5555943937852
17.64905631836237 77.10751406191014 94.49063697260517
129.3427350416955 13.22182867843483 34.9214915359176
161.3662702048312 183.1242214841037 77.32197822188445
179.3720184138453 184.6346624126895 97.69069089694619
4.775411168772258 135.0532923215624 110.3307489488206
33.18940397440446 51.22219301603536 60.04395415262541
163.9185717460669 83.23100727442254 81.60036287247395
30.67567020501755 156.5800697539364 147.6543845792312
59.16234923765364 88.77713953576215 131.8655896936807
15.07959317760453 185.9107647249049 116.7424758608318
195.1245322489971 150.7774330235875 149.7606975824378
185.669935601217 129.7165594524522 136.7380920915212
134.6912352925473 160.960658645343 164.877533972584
89.10695473278719 194.105966869678 100.9852754876293
71.00145810556447 23.85437658881206 197.9534318818164
79.72168174138837 170.2805814350814 40.00607977681843
81.81276440443062 83.41196558167844 144.5435870771721
191.3646759627083 147.4565513410185 45.24070915988258
52.86416173204898 149.782556393861 75.85799383713649
28.82890629967441 136.0508513348158 186.7404093765636
160.1762106478492 127.5117869551218 129.8291164828896
145.5962058594151 105.7416503768402 125.8266949510764
181.6050497235674 173.4630711585028 152.0276359822127
101.489648738184 95.13431044565372 129.5245097145116
5.600809257525673 189.4332305423378 149.0809933888109
137.1524381019632 99.71635224156633 101.4360464065256
149.9759712212135 53.07017246423506 146.5355700165688
66.17338490047325 193.425894189947 34.60317334180456
72.70821654644261 36.23868133661911 74.62676417350295
191.4000194357984 147.1307771296361 0.8244822346743635
59.92754754160355 116.7834796997223 71.49752125294532
15.43810006286061 75.23069752847515 151.6950920087211
8.913616947175047 181.9539162154102 77.36842196672366
85.16637322399856 19.11334588081189 93.13246737175619
199.1005816443902 40.41253473702044 87.23800999535925
129.6619697386667 74.47817718873128 98.36255317470119
134.8436931773736 145.4901250608238 41.65784446934083
52.69825479744357 158.3888554718341 162.2919521556767
134.9798704632552 176.1679707411583 112.1389451762603
162.8204112098716 73.12790711757067 158.1655778614717
73.16988218834115 162.4494885442844 64.46609490519003
71.78505421294032 9.473129634047686 113.8826746924103
147.0299508915159 122.7567806525027 35.55456722549265
134.3347145782391 153.1488762800144 7.089757494935611
64.49395732016167 130.6750965671555 165.7799649134936
101.6013323323626 148.6237200630678 26.2559195782339
171.939513128333 131.7842413532526 36.32007809300021
63.41562124503064 150.167805346941 101.9028231966862
112.3250853204512 128.0320104222187 118.8116778252834
162.6574098090915 94.21628182499762 106.106524138939
48.63967431189827 32.52093405280897 49.36171245179343
6.928388267921714 30.90541560960452 184.2342666720114
102.597247255085 110.0351679406612 170.6651400626256
16.95241724623541 100.2664832521295 143.124855703926
31.10407947185271 150.3554176065072 14.22300516442996
52.28624480589839 101.5278683523419 109.6689893400031
93.99569620203229 70.42533922404462 2.03001436097283
167.2357386132272 109.9540320062039 83.70502699624305
115.2335072163468 195.1757990316168 164.328916438354
13.52571146318921 191.5100220145048 18.43724369262733
197.4870653512043 21.22080234533212 123.847005560993
138.6338922080395 105.5477652722701 151.4002982383794
135.213304471808 152.1769625505362 80.52819037042012
198.7827482552158 6.969917501149724 176.2779101522739
160.0505480454237 50.75277264217678 122.1292775658149
88.75616542178872 147.1994320873983 49.39735295749038
190.318854503749 111.5134783538305 18.25079773946592
140.2281967200133 186.7059784496572 161.8648455614205
187.3351106384913 193.52277762393 14.89652720682934
94.25995598238029 86.27087347541142 105.0344733746663
147.4135013022279 57.13148065937405 172.6318840919112
6.860533094682691 50.30530619142485 2.2953786240138
75.93387670386264 150.6190414546101 152.1781920064564
133.8879916894335 48.80182364043306 125.9077036170978
140.469197376695 54.51782498389383 84.67661047952598
98.91088193282735 71.85271867392468 161.2105508805952
67.9817955954976 33.68747428182197 124.0141613049657
182.560529477951 41.34646707858921 132.4908446311432
68.78341387885679 199.2806502248345 188.2700083249549
180.8263020994063 86.9178694397862 15.51148405012755
185.2488247351989 148.4388423462958 174.2468294030099
31.94544163111919 41.0726453420962 88.77939946643822
31.58290743620181 174.4268118744349 65.87942435056812
104.0197415202926 61.79047652647792 67.10109397649792
188.6196554664032 71.16240511152202 152.4150193628783
189.131677712349 31.37209191313336 7.769784102588937
88.27628432882138 138.7429511733238 5.58402120014278
119.4427216923877 110.9507401149476 85.22781034723211
45.80447838998115 168.8371588374777 2.187549988614705
76.15430441226542 116.4786771640213 49.33728618087589
29.58037813642562 75.12968857634829 70.90467837607294
71.96424738445164 126.9133697538654 135.6571602626058
38.25715737831675 133.3786796777659 157.9877753760729
167.8613499253754 141.7039679996157 12.0810705640535
185.5961144694825 55.93367017662212 17.08426123990855
40.5695405467275 98.15988056692663 86.13320519599733
12.29568760552242 72.21276805482395 125.5502215093165
181.5463401938267 34.13701736698039 106.9889990020751
164.2207886744777 115.841517308668 16.60195212522441
53.63885444051928 5.609731977576003 9.360897865015403
194.3356321907485 89.63734314110928 134.289265665304
87.56406272376732 53.62904278057967 21.49957669870447
36.67752847548829 75.22061216288823 135.5013444717586
177.2044752080521 199.3735556484294 63.23402786630123
43.30628658211453 41.28706290538826 130.007623737565
183.9832979945936 159.725942688107 22.93558035683528
30.18271535267377 47.94333817184295 189.9239158945645
3.784400543930724 76.01120370668585 7.993181382286679
181.3008551735356 199.9233029733738 150.50670011251
91.73635186203603 198.039148772283 127.0652046245177
106.5259300049839 71.66232879835911 25.72012808644216
63.34609802599187 139.6776163193781 48.85006294323755
130.0452868346104 38.44435375459027 43.03789883568306
39.06320368868891 22.60573653542771 26.72289129521946
179.1860564575683 128.1839999088146 111.0833389784601
44.87331462877667 69.35996824770218 184.625940396793
113.6516061319714 187.1405584840252 24.87254587953009
129.5024825275478 58.09820949750441 60.81369815114242
90.87423325559337 133.237367479009 165.4901510176646
152.5371174416777 128.0590400432343 195.3022899884645
175.6533138626393 106.3853802580983 125.7429389563061
16.58302655257328 32.56967509337756 68.92351189689379
114.470031366697 166.9868403514239 73.25323816766992
44.70026326083617 9.780349329409519 184.7591551440003
49.03118357031656 130.8828426539418 12.81571507581046
2.898099242799892 1.430997127855058 57.05623455298517
167.6503094481727 125.8934767308748 173.6350367003077
179.5210192553522 62.19342861094937 77.53533430898304
190.8140605658136 125.6523774571673 87.39896722769105
108.2548389051469 130.8656508473569 186.0483289246879
90.97832670646105 40.77006328252792 135.128736785865
71.46914549359303 73.9856410946315 110.8432210299827
123.3743748772423 28.81414415989674 190.2450300553489
199.6904283961444 91.07333466144023 165.9631800425897
144.636755488607 136.2071083487049 165.4759367032031
93.4203063095682 87.62269850626809 181.7951860817891
120.540498947751 155.3498065427162 119.9261335290604
86.88937793135437 15.19349238155748 66.97486589796802
194.145846145724 162.662721767797 66.77106267069686
146.0648243349142 110.744699376889 176.3060240647944
131.0716772181764 37.23998866723494 166.3223123759223
171.4931557978374 22.14167859553879 161.1226806853246
89.39686780899447 163.6159421996631 170.9500592106431
77.63561279195065 136.4985428106431 70.94693929177265
184.5996708621235 49.11142635682288 187.9571003673825
175.8812091968567 156.5663721248337 132.4247967807717
164.1796537045313 50.87200507148524 95.94779079925551
112.7002986481017 158.5046856560485 48.20384329832088
173.3787447742499 164.3759538251083 191.8578457913433
46.73235731145592 92.42373458847909 171.6975307071207
111.2972026840745 166.1343091467042 8.880112944889374
52.05366660610093 56.66639969001388 156.1839173103179
168.709157517008 6.5600339176769 87.2912133294101
0.4065172805861184 50.83509768079292 115.3434613846727
118.4455403000915 19.98879600465988 58.11692896153343
160.6240012638122 147.6925358036722 112.6509286336899
112.9691888952368 189.8618169012927 195.2358370738149
14.99653329228215 103.781165199356 183.4783070626509
197.7775240438366 171.446851743373 131.1244927382247
45.63569498192045 30.25835802798736 2.211900314010492
16.88079939741496 156.7288370790501 79.03765332447335
137.7940078618428 135.3238146911461 117.9740464271904
