3 1024 9.457420204212324 0.6512850000000001 1.4 3 1 200 200 200
168.9163074494072 138.2794375925046 41.23284441644619
149.6045470519313 86.52747869013501 11.17314293569255
128.3110482779651 5.91541307698059 198.3828702664716
175.0570811354267 39.87399424109439 152.4149337540564
117.0966400102158 39.14512917644051 163.0643335771672
107.5700423679581 58.43723224293357 152.6703594442942
158.0297227073454 163.4068310485998 107.4537261066602
106.4847067237839 159.4699269568845 131.917447014471
172.3125762183605 10.35973049860389 70.34259754307544
159.1844551941825 121.357721496934 2.216661819722562
104.457964538198 103.2143882089284 139.0149242273685
67.37983465849661 136.3824611450045 131.9242230002123
8.389990777009075 55.09217874707276 113.4202839652517
8.602265322912524 149.399442895492 161.9843308425821
187.4444534167789 80.22361124184386 97.84475287724784
95.5364709370123 38.05331995702539 33.62841238617509
44.78668971086312 8.952261030318576 186.2611059187309
174.7346946071711 171.2151462722885 140.8882972759082
2.489873712210409 153.5839424879707 109.2198150196124
183.7192957797707 5.258660594050408 164.3766252322125
53.94765851490232 91.23800509206968 167.9329380208632
147.2948598897441 33.06466758554158 127.7253430034695
86.28579659630832 173.543930686092 52.74208079800535
15.78818231206464 20.35758185034087 5.015993869361952
161.0523641533492 64.4816009247793 76.44893912514161
47.51035045821157 194.6193243207113 11.76068650755153
63.69122977411953 33.73628153048533 169.2421268680362
35.00515515230573 167.3251718022002 109.3613558627448
172.5660902343076 74.36420397887201 87.74174901219513
146.2462940534798 149.0666520806388 103.8093853153907
69.11553188196115 131.5356867577241 42.9446578645213
169.9192576942971 140.6526445935382 6.436420858186228
190.0952825066848 119.1245604482463 72.04057379879859
150.6823004116131 135.2851669586844 131.9768734812501
141.8771079641319 28.5066954508974 32.44644987690284
176.8512944934569 162.9045105272742 109.2598579167885
108.9099712331144 52.20161078604062 84.28562204873123
14.27913455061327 11.20969891965746 101.8209135576096
0.8990860909934109 141.2649221259305 92.07343899341951
0.46752046775795 196.5798692980746 162.981629136844
195.4372012822316 10.71311905509909 100.2394091591312
3.88267549323144 50.59331848001387 79.70975369713398
121.482972119371 98.18930639604677 105.7547529842049
163.8498430291278 106.8247526727339 105.5371410603633
84.57188637191162 154.8445333859396 55.01405061487495
141.9337424679841 120.2318812100181 177.4243162763099
72.60451719163609 17.97295075183931 95.56029991359399
189.3272804836687 68.00860036740747 36.07615965486759
29.67479270250853 36.67851592382753 167.1313406095399
9.028638359044002 188.8910902097127 35.05938717089452
106.1951633486692 126.3878481468673 187.0941137405532
4.233627360718233 189.8406902944928 191.3151216861127
10.1992462894786 69.1703345129125 40.07702548757604
62.32773302897782 40.74936361867269 186.7555992075679
165.0401481338585 74.77040014629225 34.94513744916965
54.77787489582908 32.0918900394879 135.9665697638513
73.61290277036022 137.251617519869 93.43678181430298
118.607580098856 133.7944130376071 118.9946291351279
52.37459059642539 125.0348806046907 48.88189600666036
68.6442069339865 179.2575662447301 97.94014690119432
21.02598481752097 48.54575384139146 16.04624860156789
126.9377970228766 87.31891509109762 59.10468511256004
76.5431517437876 24.32471253368763 159.0430859866507
134.3329874166938 67.98088462835867 54.15734821524337
8.36604639132233 193.6511823143869 106.2764071837657
154.4336592991975 82.44246059162477 179.701344135147
126.1091567230715 196.0833627463069 49.59959694473039
36.91837392027359 60.22039251371847 127.4072912358877
88.62560715954673 85.63189553015803 166.293046031561
170.4362291955161 171.6938990856898 197.167539366648
4.814368411879456 120.641544058725 60.15792669109843
97.4252876920612 132.7759873455809 82.65323377993658
156.7712803726536 39.25739008510107 27.93520903776873
18.18662001515887 39.61519662394844 73.9964977363415
12.8530562196865 54.42071039116826 63.5031899892717
117.4916330568345 38.35128231698562 181.9583351112448
123.1017858524319 11.77216351523056 95.93385402918265
26.76355396756993 7.148490717836557 55.88906673251415
86.65172922625811 138.0696899800275 46.52627551356665
190.1418789363354 6.822051465002089 18.17087888346964
140.7056520024647 2.993222547276982 88.57522242788491
141.5838781083949 166.671133723494 98.69909029238184
108.7451439228417 170.8475601559346 46.84123654785046
131.7567902249375 137.2395790001626 181.5596064786851
80.94110092880766 37.38889295519756 186.8840594447321
39.97593779279956 193.7926622072995 53.17392621835368
92.99746079611126 59.19941063267239 23.08938165399463
182.4195867545333 153.3256711520204 12.83219328113141
21.94892937746107 78.19900316097447 5.606484059202407
83.79769638273345 39.16342755247458 168.2705178411683
88.57370750097159 185.2478078082145 67.42365844258769
42.03086462316766 162.6117765834479 92.40889149917659
44.37675111282635 182.4303041152027 164.3383063900795
124.3050343822904 50.2051387605042 149.5186890847615
187.8841668252574 102.6286462947334 102.1048717675229
158.2760579972909 26.85732425811007 106.0312398231304
36.85822030802224 194.8478123702186 176.4645226880127
44.81811047672353 153.0299259202956 19.13122241473446
25.34759716557202 51.1282178341055 139.2907592385364
107.2876059183035 94.25988579783056 163.9278169978981
10.42642406252886 4.658595411912381 46.30644178218242
107.0736244498871 148.0504787311465 32.90274225321022
151.3518797738859 72.16638837711641 147.4159789361387
80.29069001945065 79.3674881780492 145.9479569239861
36.27338714051417 14.30667134173819 98.93740294553491
65.11591288143588 154.4781537507967 20.94198834765657
40.32315870189974 47.68708782109439 17.12263117413428
95.73955748937077 181.1266785886001 84.43634690773034
195.7555780519835 47.46060607400497 96.49961842576496
89.58711336195674 144.4391004769828 69.99215471391909
108.3147727509791 177.0262160130652 189.4105807735404
3.732184732043557 106.2067335402915 74.26046795632263
120.7910057465791 21.45756769701469 190.6588203565294
87.89528901371216 53.57481741342906 179.998001147563
28.03031645037004 21.86243143354341 155.4892153888435
192.5436422881377 1.325720195817563 146.4754872643318
121.6524123512566 23.85101678846197 81.43041572815919
123.0013282543795 188.3843161303835 21.59926991784105
17.28336216957035 188.7829856909619 53.96908771782826
81.58659815702168 153.7297553915699 4.381606130296946
101.1962957542626 187.0150379857186 53.4480532331455
147.1901502611301 131.0095847738862 150.0679324676779
150.1739571763813 98.87953278895681 171.368451394591
125.6858745204054 190.4614197200558 187.7975151468817
35.99506466287845 62.32291806353933 150.2027148934867
199.2816200338961 139.2595091066485 140.8583650806644
146.8715541178819 70.27795826122579 192.0545016308488
109.9896522978542 158.1646335688648 181.9816488144012
96.92956493340583 76.88730952544284 17.66278587539784
107.2639070150313 145.576027185674 14.15143659021293
160.5280542705606 145.1583576478407 190.3735395173002
149.5748935512217 3.737848989097502 28.43392650214355
172.3848196004768 113.5846369189317 68.37729172197673
104.9188228781691 140.8092155828473 134.5809982048644
188.3318589761679 154.6155101438146 96.71975770114184
34.50497366594011 117.3806903053145 46.29690244787337
20.70860901983585 67.16353228642261 20.91814138234731
156.2020242412386 22.9889283076899 153.9062116136064
16.41880451490088 107.634915729722 154.0229377541019
60.62099625159501 100.2751426759516 77.50541959437051
21.20403737760346 162.2171827511915 188.1133296164007
141.1607724427676 51.33527518021436 158.0255951279724
1.58494522087457 67.4153553674209 71.37289574051594
95.14832043219344 139.2068304696111 178.6439836723258
90.85897585087196 9.169795100057648 188.2674929487799
155.000636546585 14.94340795326608 14.19428489771811
120.910456347105 41.4055844235952 74.42653938837704
153.9295323156767 164.5649802749682 84.52453145471245
142.3893343957605 91.1158618935703 194.1511795673515
113.2633131591933 105.9314597400483 39.63671235561107
34.17443649288526 4.14415699730286 21.20520386910631
55.27959801225395 13.53234288001074 101.7159823233706
75.94390463620438 125.2046610687969 26.48081169858064
127.5751114675112 146.9103533386423 63.73944288583027
58.24182213621292 132.9789488790632 69.91364114378098
3.030755527854024 76.96311373899979 87.63681664577621
60.80592218589113 47.10706941018371 80.40870701868786
178.4072460555747 97.81586658113174 2.916986253604361
163.8522109263614 156.5691236962995 163.976250871224
71.17711167034535 42.30178270483979 95.47908886962705
81.99689756198265 65.53537444467523 37.11129439373885
103.6647575935957 89.7848683836089 71.79396713142516
151.5841387009526 173.3132449156243 175.1889013818363
134.2886016412158 93.01431727241967 118.6777249033751
133.1745580007338 127.2527574718129 162.2009651434994
156.2006749640456 174.5018984818737 26.90218824013332
71.44675538284753 78.60413200557414 162.6504208820362
103.3158194225464 24.61529133573443 98.44338154807022
191.2819000378425 59.87476345903185 19.11224332381384
12.91652490738102 68.07931573875646 126.4054980155682
16.52173497570708 152.8166117729054 74.19130036795246
189.4280483816308 124.1601790782615 33.91214919277773
109.8133470174559 5.006445002539528 31.55460767176578
19.17155404437996 159.91723844862 8.373934918124055
90.19598712746927 127.4237239176256 61.75346498370428
189.5481075949597 110.5708759283334 175.9127021987773
94.99128231399722 125.0711596650315 28.70927268743684
16.07415105755076 129.974087870899 134.7260959721021
91.8734764021367 102.2514395994126 96.20755261585559
142.1258643418195 120.8088215155692 123.3175182723863
4.364261102838319 12.98266716563465 137.4114468197567
56.58033314697678 155.2551134702278 175.0127209875888
19.41272030504551 87.45633688355038 47.84996536786131
136.8204245576696 90.61440786940331 160.8260618905529
176.8878169693659 92.77733382121326 87.53247731353979
111.2692098091118 123.0396117449436 135.877857004771
180.8446994004915 111.2562957172084 86.73676100896233
41.35517954373812 1.434590751896366 155.5744675408527
63.03926658878837 20.79345570371122 48.80686271428428
72.77901980851227 98.68528284856021 14.50989887127394
8.081435913747853 99.40543677684089 57.15529954421138
100.1627849264987 43.26538472084189 98.47716031548315
172.3560657228914 8.793560159842162 9.865713979555963
72.32134559902796 173.5265605236602 10.65426760131558
79.52655352673402 47.78960850189161 31.04865351287843
105.3612982782555 33.76216453898153 82.01412719183777
180.1015063563973 189.2457120456878 138.9234855320283
31.93638288129438 164.9978661264216 28.92028289691064
137.5397997499124 1.681921002702946 149.4388618419542
196.7781503583864 157.2884623296721 50.74456700572065
75.39475067944826 114.7508698689532 4.875630120852001
79.54526486369731 70.49710738305244 178.7027524823483
87.96204981549441 92.42012830904527 23.88984717675064
197.4463984102989 93.58161294200819 165.6837111362606
70.91245419975839 74.72566471242071 195.6596038191488
104.1332554527072 189.4586629104496 22.37104913319386
160.9846181545318 157.2539846617422 4.908226301195892
50.35504006340931 176.6358903775411 101.990099227628
41.26067232000288 181.230792905199 145.7207401208141
172.9561424997564 54.16404425110751 87.02656807642332
3.35484961435939 198.5033333126097 88.15676316717483
97.81929148079611 193.7454769615323 0.7283770569837205
102.2079734902285 112.2791987960805 53.88161707940284
163.0056154911688 46.41315696986905 71.20712302247738
6.666256547324325 172.8422871546056 44.78626072434896
65.29284031558393 41.43442058390419 46.75516011001975
188.7124391500827 145.7682071641176 120.626547913421
95.55689171460141 90.0344684014492 149.2535214351438
157.3510158696726 172.979088112518 157.1778332480149
14.83013287370227 132.4622553796909 172.2661227706064
21.99361720243365 112.0168984349098 59.4295251293181
15.71764003481356 90.36737227989941 83.49768241930698
23.79251835612695 188.4651910346708 23.24376425879364
3.210077670502039 73.98153702163634 23.17215714352404
86.78810156264881 116.3633930523229 109.4453220569263
63.3123419558524 184.9423501782986 45.58371871951712
180.940451562662 125.64120452082 166.7248336026112
113.8741526581718 140.3070015201229 176.214371246417
108.9600179442709 4.020108132756709 50.42440894583267
87.09765434726096 119.2324238565636 44.87600726853115
128.5290439384506 188.3598500261954 139.4840489638613
69.86208106192721 29.97052937102766 81.19687138339398
197.47315230529 24.49444923209722 7.299051017911752
56.77075776390815 143.7175130690156 189.9997138448371
107.4607691329245 77.03513635545333 156.1152805198462
45.03791812212116 11.52408034535872 62.71465871804279
151.555012198911 64.83791353133019 95.73180446074305
21.57340661328035 24.50659785363885 113.1235854295969
198.1835053982073 190.8436428710885 50.43259285011084
35.47871025424606 38.62702587407319 149.2347984781433
53.68645962607572 49.11149822280029 97.8174187295396
91.15440424695291 34.17775785408893 151.5589519982536
63.53908112978817 187.9136749486295 19.23616638878292
139.0643887690528 109.3862827571075 160.234948228316
102.3554275544853 151.3582739930908 166.0675217799851
71.5649266594391 150.2705000066422 42.06545197327272
41.43649208864414 93.2183151309186 33.48679985105672
142.8344263509823 150.9642134029571 124.8813632405991
93.57801766616825 2.436083833052515 61.31719688821619
119.8267949977625 6.018707872758276 15.53973907034433
42.16076130937655 151.1789628967521 141.7772642296395
58.2170102093991 22.25469794205159 185.5961658993236
143.3873764651416 195.9185603114117 191.6245320960923
136.1273219703489 118.5601587696183 83.53496615561552
177.3036407506102 120.162320722796 103.0436332106189
12.26169625261127 168.1006468577103 159.3886730010689
95.85401557106472 180.1958733907372 36.63359767076928
195.97940763198 70.60294176312185 53.59133121888247
57.41703459182598 140.4888858004375 31.08070720341883
48.99389342420356 177.009345632781 55.06073789625253
104.1381132336387 49.79459981263493 188.9222638291966
163.9782775218179 130.5238077054516 67.98055949591586
93.98514200884183 66.62053278420915 90.69064470942645
81.50257307987502 128.4452077827258 171.1773012580463
39.57484061000827 199.1688193004585 88.0877377965447
86.27917159338151 197.3143720551433 86.9318657353744
60.67446016979805 188.6243031240514 112.3609890527647
60.19937568819083 6.486071209467448 118.565736718943
187.5002650580716 78.7246308243304 76.98454563191
74.836973907641 198.2378848491832 66.85400331398691
24.45119800107839 74.79322089510848 158.5090515408178
94.57905515356809 160.3800651321131 39.94808912952067
7.321508866445977 36.46592988069742 116.533293941599
3.566668306628284 79.72531397010269 154.3561994256725
18.87159341983885 87.56470250808003 123.3823516443752
3.062175194813853 124.7341387710221 20.81461835093285
149.7070373835631 99.52215959655784 76.9476657029776
184.5453780870551 163.1266126305518 126.8848852562583
177.2301984537635 80.81632830071641 194.7057130085797
121.2181855387365 164.7027576283947 62.85206811906702
133.8679002200931 56.55820911152514 192.7161749360874
84.64885886896792 122.0100809686469 91.52048422856886
104.0285483694814 44.82607587438098 117.9808920551483
152.3641638126862 26.56842069126293 172.0782717290213
177.2553832980528 43.67597153129936 182.5788361303018
50.76891553942892 106.237778203988 44.31432961330488
20.57030975971809 148.927257585499 112.249569298755
196.7330834582496 135.9690594180265 168.0272433879992
33.32946364748732 24.88379419429356 55.54946418340586
26.61311325378149 197.5286338756225 39.60413255638403
109.6267672849961 8.493268651489652 199.8042259192877
82.61794527973531 152.4672701099009 108.7163098870862
170.2429733970579 45.35846693368235 2.273853441839094
45.11403312531813 76.34815770137176 141.3765525033518
136.8284678197541 34.01460869582326 164.2701790292891
115.5082814591904 183.8351861209749 173.2966713569124
58.37162351094604 32.34048298222271 105.2033470346402
53.16360112967586 150.1379567816226 157.1270953513346
10.05902756890149 65.22124252707509 166.1908827063762
18.23343873978886 131.8750967487695 29.5671250335248
23.47309860727907 159.5206790532793 90.45479619146923
78.71563740393333 11.58596735375641 54.02634677273402
43.22615719485881 61.63225836103264 43.18167126015125
38.49959302987069 13.76824317255899 3.438079577343454
56.78084064565327 180.0063864503574 1.645542163495426
42.36709541859429 169.2527174155612 131.1240752219559
2.196772098729085 122.9600736575695 2.003276350498167
2.045657286006798 6.710329659958137 2.762102868202369
187.7518781194894 86.5523729063694 141.294496898171
65.52275413538032 150.6624362381891 119.3386775816617
113.7604942103639 141.0034231483539 75.5253659047458
123.2455702428485 23.34688193269553 171.9820605135469
193.9615386792965 41.35320154003121 32.39752742851744
55.62520294819759 170.7347317055005 19.09305494181736
83.59295634375668 167.6764981581318 97.51370605478861
188.3677849969369 174.7231294295619 49.18987858413069
190.5322474274854 109.8998980848607 194.8522842142374
28.68221544694335 72.41356380583552 37.70375238347014
52.91279963648204 164.4043561600759 116.1893014482404
68.45659521289157 146.7441275334711 77.91016741335915
113.473560419502 174.1857458567603 77.26957341299342
192.4854306892091 138.352205442562 7.154471507038371
185.1110661309547 24.80550293940069 180.3300715147329
5.435518318371112 20.36712114898195 189.185936676959
174.6337792874645 144.5706908544439 105.040231959472
103.2436489598269 129.0779897548726 45.25043999833625
170.7412793882689 121.4821278794544 32.73060174765824
119.6969140233244 2.892460754103787 171.1945297054517
138.9408105640106 170.1937854528443 160.5056746109877
7.444197354981038 60.32556613087871 9.296543689547637
109.3676551110492 47.66497229476911 25.02132380358267
93.07286935983497 3.271679021788645 40.18695198280813
190.5141243344637 62.80273015843634 86.74437174719755
185.2373521783807 147.5236631420749 38.71106634435387
130.4652932989297 3.065002026703253 30.90184183570178
181.2070099127844 27.73772315496222 92.75186009611232
41.4215100985373 115.3272137017732 161.0756200457959
26.07731142198622 82.45515554717488 97.20313968297529
118.2851555203929 35.83963298816913 95.6677548131991
135.514228178435 87.0020226163474 25.63768108310478
67.71016111234944 118.7431185977571 125.1047515876936
85.91860898430946 29.03974407137295 20.06299617566785
56.96424934908583 143.086953535898 52.17221150300469
45.42484649867799 48.91087071032266 114.8312062501765
15.22128550651153 171.6125787289528 22.70511973617015
154.1811632445394 50.79433704638836 193.8929842719804
104.4853500570925 45.26311425915463 65.87630986839508
126.0710049346784 175.7381445031378 104.6073825100898
67.1553488196416 67.85234711387118 114.5442533188189
23.92298058603611 182.4253346092532 112.9578440992037
15.8599224386665 21.22581082438365 62.26922875347902
90.64551285746322 158.3271026734477 151.8828411398194
184.2575533956661 15.79139129783593 196.9369085377231
52.03766797898316 12.49798785398027 83.10996736020357
54.95374610539163 65.58697065643888 129.3290292441815
3.151474892363455 21.9399780049653 43.81726999470094
193.2524787255038 173.88003534361 166.5443100802142
178.2410076544309 130.0240000163654 120.1249633840309
101.4509525240697 127.1153760711185 114.6574837242601
172.7219270438248 153.1890760416572 146.2523669269891
118.6817262628208 68.39599727145342 84.15936004858304
34.01884087385473 135.9225124183054 134.1146844069427
24.97442604622795 131.4894895611541 118.1050380036796
57.03767438668623 181.6037421713283 129.5438731135467
15.24627116060261 176.1303438614521 199.4577908370256
53.23011563892148 136.0801829399754 144.4725887021334
190.185533939587 188.6358162702306 33.43484929997658
58.77250283264625 105.6981927353163 135.4830744128658
96.75000656161133 168.0919736692125 118.1820145658716
35.19676336354574 154.9432263125767 76.30899617023586
27.11822616826719 106.1013339590653 185.0446496898318
56.26857159679845 7.669826778576929 1.237335474559371
43.52629413503272 42.44496395998615 185.5735538703628
121.0423495316975 122.6871034765789 175.9751605386941
113.8594173060236 106.0956099922444 90.35549439357955
73.81756932973751 140.194512262521 60.25723877579644
38.97499897081464 41.11849064130655 130.8137093880379
102.4374343037289 119.422243884796 97.40601079158739
193.8403819972799 64.07531151033564 105.3344246302718
120.7452008950055 45.47941014760989 55.95641688826404
138.05730669625 0.7174387849617603 13.73730128329079
161.5645150452405 1.947163093109036 112.2325269102833
106.2804638062037 190.6528666966124 71.2997854904239
183.4501180037482 140.5484596420105 155.3561802515253
165.2840652915204 34.19870594538209 121.9924059955586
108.9150851768624 126.5536040958599 64.32321848826349
133.5582679939974 96.80641696289588 86.41392849711447
25.19462207355641 42.72363639502817 117.9570422759321
43.14239443049607 75.99260312363366 161.1491184736018
11.66263729547711 137.587174229714 9.871227345276301
184.3125104806357 9.993716158433479 84.9589608587218
88.13511028481064 16.11540037924673 146.5529414683049
199.3492446178404 122.3454913854304 117.6714043801654
93.71664566924359 166.2412084860068 19.99332731823593
153.9449099347448 109.0684541938742 186.8517836770834
12.07327073491281 101.9834099065844 174.2411200820262
9.139998181019823 108.7197811571577 191.6703191952845
171.9358165180402 111.8379057704365 191.9922928909625
97.42510108437088 70.92668251496973 141.2921589472458
31.21403535779753 197.0544781962377 71.25344689512285
27.63145292252606 58.54220186464694 168.2816123231199
108.0114532622545 196.6145544300134 185.0548899451987
145.3609930055214 74.3215364108874 165.2270096641401
57.97552591830484 121.582455111569 31.14837359905323
152.4321496086895 8.44902922912976 177.5051242182221
79.54737486280757 133.3985567811735 117.7532333826839
159.1237994337 20.77523755084481 31.70884482965512
86.27445461453922 110.8189878809977 19.84023205381775
43.42533512887316 88.05531305163227 183.3248076869361
17.83149822165907 131.3044636044555 50.13265177458412
100.1230447969816 73.29495899695304 119.528782907557
58.79069064513051 85.69050122548157 150.5107577787651
175.7839266933317 91.42279756984908 41.89699050006891
40.6440284866582 20.71053486564328 141.4415489161906
10.57376066065071 183.7513322619358 126.2921889844023
76.75692670087658 11.4464190454377 35.21380569114279
56.42591203607127 106.8231757402389 19.42105645714142
105.097627191601 112.4317924778734 18.91770973711176
33.69974147716267 94.31268045415661 198.2919599329871
165.2076746659206 17.5585720574864 137.992712405897
121.8289772053085 183.6051944949714 63.15471334918036
7.106502658652465 142.7017677906008 123.9857320112676
194.8086136117036 5.196998861172433 185.3522409009038
148.2464213378902 154.7079555995618 174.5007516636134
100.9039192912281 169.350187923687 63.9887185555007
34.34230195025089 98.85110826089739 50.09123430768518
135.1869868602513 25.95325817978598 64.77499152514888
101.9380079225226 31.78547064390367 173.4292628015499
187.3842180928073 86.3201850247693 59.66226507134223
3.908244835247026 164.3810695616226 92.2722300016852
116.2597576785233 191.3268868394286 4.173345079492388
51.01082604210411 66.49180671779655 104.7838636621845
26.13128364212571 59.06426124639013 50.85859828941899
155.6062280946155 4.092753023941477 154.4940293210469
90.28986269498725 175.6111396639427 194.9666550864814
14.83881272407386 24.90948334320911 168.6978931634987
94.61182664478319 103.3850955084795 37.79356919740966
176.6531936009975 153.9836210150057 194.8300092312398
184.2137189084076 187.7154959995404 157.3222957880269
55.89385700959674 63.99658543888608 73.45266649598511
166.790031512167 139.8419823258239 172.3033478403973
54.57690860745823 103.8284126772502 153.8315223627368
1.272985640891582 154.569866785516 11.34162368886008
16.09717938569714 45.97624535989178 176.4564731908563
142.4242987610799 157.9975180894882 8.476230862977985
71.79596381296568 56.91724284427502 189.3472753611232
161.9874308366446 4.036131564575712 193.2208857581201
157.3829938575237 59.97856100755354 162.4857513442508
187.821254332885 190.5231701894662 175.6763795491374
159.1977310821776 127.3077123753273 184.2623696153466
155.2570443099063 47.63920975717614 88.41799666974025
91.23842240647741 182.9658585865025 128.4852285468822
197.7807722094812 53.04611120119869 46.78829345113439
52.03205349544766 30.91047828095928 87.44007538219724
160.7813882670034 35.74584411242312 140.713223957164
21.37087260847262 119.6972194647766 103.7620953717503
7.979569545772311 183.1403175310812 173.9685843145429
125.3452564413114 150.4445454591393 11.48078595412188
69.76678908337283 51.55250681293756 171.2463798489389
38.68742902632248 75.97265271806944 197.0838998513748
150.9584974212634 141.2690840170134 6.218561940628139
24.04110852500401 94.39202411061419 65.982538254652
164.6658989411791 172.0393222554881 55.8012307054757
61.70270084444049 133.8777099296835 111.4997778613639
92.21633053082545 28.38188262285099 69.52318863742266
173.9008273465751 52.42101235851531 19.43519718979272
154.5618354795965 89.4300004296757 29.19448916447412
119.2025517602063 114.9178454877193 120.0395810980596
197.2227931318712 142.2125088023038 25.07664597332453
183.7737660296565 14.48179580350696 136.0941149880641
166.8500402937564 13.57483476046972 166.3867152492329
89.92410435571138 11.27669195180362 99.16043983694824
30.39414513890054 43.04102903612739 59.96080420457197
130.7874059228999 31.93822603499821 47.37981985904523
70.35677958952304 64.17253324102444 140.2154831498114
100.1009617819972 21.01983721027315 41.12924517496354
164.5963797143797 77.4151578221384 163.79026604251
117.6530407468275 165.7782569134582 1.412631433287032
67.72557374708148 6.996375636187448 17.40981685528573
195.2395806730635 23.56238261452471 26.05818756126326
116.3078177986041 63.54944996441185 193.4464968774587
42.22011743403882 128.8079732103773 80.12219025694465
197.7060106978242 29.42245073134567 101.84656657466
75.06670107461981 170.3144630306332 158.017977523703
157.1413306979275 21.57666494168269 69.00725064351018
63.33194587884669 13.21091835266457 67.95428751977846
178.6409326754298 32.66923721269271 135.2973602155737
121.5149719610703 88.97116743336538 41.05939887313268
196.2274852234594 28.30399370690104 129.873575528111
183.1287871024591 25.42020665311118 74.07818459991574
36.79097823660808 60.11777482918743 185.8490580953463
175.9254363513193 170.5033193138637 159.7521134972975
105.3339414309638 144.0631739150451 193.8241171600319
40.81835202251952 180.4003755854081 86.09517414443498
73.94596007143005 189.6330142982778 132.2652391817067
170.5632149277062 192.0385404444934 80.54251050856648
0.8995077555436923 136.0280124563602 43.14936010317182
171.5373089213719 31.69698694640404 169.1037491417234
147.4492853347594 72.46131782310049 23.66497856341932
73.13792677504281 198.2683407661637 101.9004909142127
138.7233613387095 167.7779109289412 24.23746257218119
106.9921029761397 85.37684921539011 132.3588643212285
108.8426456683413 62.50224423948712 13.30202056963905
28.06223332462119 118.5781666642541 143.9015064503917
154.2070395872702 33.49065252288572 9.575272553066977
162.7028451648395 103.7162406350978 55.46833078763641
107.2820925032542 14.62401804449294 179.3193967315649
20.89932346069076 167.4647006404788 124.7929460076115
5.213577907850253 117.4099904520506 165.7130093893854
91.21271373928141 17.01177337167114 168.4821463295145
188.4969583965578 63.58918009740274 124.9082236884628
78.14915588458048 130.6164547155047 75.98193755977329
74.4768945282873 27.69030703160758 62.99591726866893
158.5365213338444 58.06402400665024 28.91489929246027
100.9356769734208 149.8773969747746 115.2704026339486
180.8346019554772 139.0323954120432 136.6845503342902
64.02792221775363 119.2682970557368 81.58872469065493
58.60702229697146 67.1973435993383 154.7261227308084
5.429057531855486 82.7078799349475 135.7710749240207
11.39204909115972 10.56400779139484 156.4342945585828
9.576326031999949 33.82692122840205 19.21275179146918
146.2940362478508 113.4220756195273 143.1655089195261
156.1434622429721 173.5585017021074 138.3105903551682
68.55233702740827 3.3500541728856 84.26775290272765
70.48639911163461 180.3589777816217 62.47442904498745
157.1978171306874 41.31640948322784 158.4757707317694
72.99117482696388 185.3401808145673 80.56566927300091
195.0981213290694 80.20717328313924 118.7410989026633
45.37113196453141 199.3040609894235 109.2754508883714
121.6874867312127 18.19148426403498 38.10675798278381
142.1454432361231 149.4379181070551 191.6114065522042
146.0537079489859 17.7916642270163 138.8142447247241
14.52772284431407 160.9804297285167 57.24626140419989
80.03852400459499 27.7302190036151 44.26015816267589
194.0647690908608 68.74695903642377 142.2335477425698
186.6565321269786 42.82953971964549 80.57704111342619
164.8394956735901 137.6523012732985 153.6172532386107
159.132636088628 43.48196388409964 177.1663099674873
171.5400147344519 2.343983145052022 128.298109078258
25.79590909844772 6.33017945758622 144.9290199826532
70.09787935797 143.0736868155081 149.4058143244053
9.722903291255601 134.2557992428405 107.2649059784256
1.198764099989273 123.6092447321688 183.1260160563298
107.8497269310686 109.1381355958087 175.5934404944251
110.013918692044 95.0737034933108 54.77990322295398
157.6822595398729 183.6470652434934 189.9406808947098
178.0723056930017 174.9502657772126 180.1717955391905
174.4986210610257 98.51563783601355 134.9726636523418
162.1031506536605 105.1093642908627 36.61444617129546
193.4939239058706 41.95806292206916 13.46738134339371
143.1661415404315 128.9506467903205 194.1644887701447
119.0360035042553 199.3877860095948 152.6189779291303
144.4606123297076 184.086446952241 148.9174794787225
113.865102353472 36.27681061328733 39.97878902745414
170.9151147918334 167.7041447513753 17.15318908628479
86.8844070721519 183.6583398256793 17.21405483285926
56.65709863093509 116.8656733122759 3.394082432409552
77.66250937075301 103.2316686081749 119.8005031353635
24.10572753860148 178.4436741417085 39.67488227997916
131.0329974182477 21.94479042415566 149.5852215884933
90.45021481012469 155.117286441287 187.7298947841631
50.18983190977812 14.02932809047758 18.30538713714748
135.5655582805026 79.96778559802326 180.3906038434214
1.662003961783671 97.78659429198528 147.4644087731181
102.6813028998056 156.2091457098918 77.47662166222334
79.50824283096114 193.0179596802803 31.902581478069
61.94701411931777 199.7543105825103 33.89992875423241
81.86594854001575 50.43184303278019 49.63122569736581
90.25740274802627 151.273598819334 90.85784708951738
41.04399994888636 135.2041132352893 62.36056798314768
3.337625630648252 86.18469251336364 69.82284414423737
6.131508260145417 164.5500001949295 176.9263940114999
75.4655969382774 21.69659409376514 177.8541859971623
9.232883360315968 60.63451555905642 94.89414276986024
116.4250012056506 91.36221103927195 147.6219645525437
148.0666378900149 136.4019329750033 169.6877409625457
151.9721096938131 165.8858092810042 43.20075909285388
190.1685809125414 133.803101627978 105.7463209478697
164.7541871367386 161.6683802920654 182.1684127536378
11.69992272594929 132.5318071346769 153.4984036498503
115.8310055495259 83.09044013189815 115.6465601176573
13.63866561561395 66.43110128700971 145.4350433877892
71.23328086871157 112.5806279039665 170.3852445273121
197.4705461003986 95.68507467052666 184.4811769021983
163.4174331098692 188.2298999711899 147.7766450507565
23.76555824614347 183.7201227119567 184.371843465266
55.72293371467749 131.1189328997346 93.76848864037787
77.62699925482113 65.8308893543765 70.21005483985925
176.7182158445037 139.184884871847 24.02590449007985
38.56136511891809 112.5093945558673 0.02717872471213622
180.7710639791314 51.29682602884872 137.7961524030601
41.07862859967032 144.5499777369631 176.7060730141421
146.210468182545 14.3393232178525 194.860672885118
98.70364387186407 93.40880798359436 180.7609716078765
88.53453162810594 89.284854411542 131.0112079972573
32.14824648185452 43.20915595681947 0.6640917160783957
23.7324128691943 116.0373724510463 169.30950791943
142.6988575943181 138.5112820721111 56.0913566136696
110.6979681546591 152.9533849451927 149.1670945214611
129.5982433028375 76.63740650593415 126.8975719356467
132.8626721681239 61.522795441371 114.7927841090773
30.1334302413721 54.61342582181085 31.47371945260871
39.57228522409827 99.12631869091736 15.61553013712898
143.8240521914212 124.9729558177951 12.6444805791605
120.8452722156022 119.4748855748056 101.7555891492129
140.7795812027923 13.79678842708737 163.5988084080039
104.1214051849765 126.1772631983144 168.276782902593
115.0224229754816 166.9820206096199 164.7233359134156
112.5178801090831 131.4708672603398 25.60604060521617
50.21357908291106 142.5923225508933 126.9723038795838
177.9005829993015 159.1678143970685 51.68569825990743
79.03453092415565 138.9513530057486 188.5458455004054
165.5373535419368 52.52857493677255 126.6525107798599
161.3109951202308 149.0180080690019 92.37157977788674
195.7757748146113 181.2206272726733 89.43321592848551
108.1440682125613 40.68357170649673 146.1708432936951
56.32735465864116 193.2016885575782 94.53072604534464
82.12032842629056 191.8696505585339 50.60082889691278
77.74937470095435 3.00172320200031 176.1076223070527
127.5750319151852 129.1778850187598 70.32106108210009
22.25723718223418 18.628425991623 41.54785398608998
12.67127918945218 83.44956393256733 170.5118915991825
12.1150567546391 198.8963918759689 69.9126369017917
176.4387788377587 38.07819426712938 60.82322835272207
113.2051949666203 187.3959199703728 38.83946336350835
26.92854278464596 76.2003133436933 136.1770805884889
118.4098907265456 83.46274831539438 187.5484272505654
187.3278522275681 41.82297515559615 166.6766420823338
142.7809136144909 36.44012070238249 146.4809833251562
165.7091404516773 101.3096764249175 17.10464990181748
120.7070220402955 81.86871232816274 168.8415704815656
113.9029389566771 135.1932730448999 154.830559107022
176.45170812149 7.852979471242561 181.6457164585423
123.2685852913553 149.9640738006742 192.6864561929891
3.327680567092397 160.9340207580552 127.313507667817
99.96841880616762 159.4022908897635 3.503548347300169
15.74831079117305 95.99654210789288 4.00739303885014
126.3033307564917 39.29103086462487 25.93070063782567
49.62340554510678 52.32280845131297 141.7153087455503
36.0087729536759 12.56701592405502 169.9011678527402
198.2889175503176 15.86318050622554 170.1246937026758
162.4030643350877 54.03797782574565 145.2443438549157
178.9057217833374 21.43283474310218 154.1115351403316
51.25240084255918 29.54135372479011 154.374024758462
133.505441458761 132.4601608612391 96.09379279710249
164.4595348907943 10.66847041307481 52.867327916291
40.90232887191537 112.1269164593744 29.2897844777062
151.4878101127253 104.3038733669576 4.990934848327564
65.92967682401519 24.39500646201389 120.6148155806215
195.7139842027033 94.37738574205572 86.65153335896046
51.29034588278815 78.44204357747395 39.9928304483968
136.7236118644995 136.5302792359698 114.2940775123211
189.0408427103127 193.5923387246341 76.80992840374547
38.99483393208821 123.3376790114187 97.93902426434984
3.436539412814679 17.9702583977684 115.7669986474651
126.0443609892264 44.07215686847884 110.8265911079553
77.53699391908134 100.710611021949 141.3202927992589
161.211765366291 90.79437191761109 195.991066237136
141.3625978535057 186.4498596611302 25.70728158903157
173.8590960024248 180.5581383053668 38.53036491838245
181.8003085675366 83.94182963697153 159.0575865853869
42.95921894128425 153.7455943607806 59.10199181340567
194.2657181414737 177.8033393565967 133.8041082203951
158.2738036896606 87.09841908488011 47.59437671176102
6.959519742371897 143.7688859549493 59.30864886909562
178.9980747092843 184.7352977555148 18.69063471695615
71.5300443802664 97.14273406302151 158.8974917356512
16.2044489167354 166.4099181942139 106.5007143599342
142.5160659616201 85.59014732560428 137.4208442220459
78.48797043033571 30.56549829701346 133.3569041795744
133.7158108929622 97.44034390673727 9.966866724635237
128.972193136502 116.3848619229336 136.1693963351984
169.5973048964035 40.80505584623781 99.99035706440296
45.82880542717264 28.52556640543197 172.6397000196598
9.72099382712185 73.82299504028242 108.583343782921
1.017727737617257 181.6250476470613 151.1338333524187
44.02872807737123 68.84354771325663 87.36295433087574
14.20808500852286 72.5411951289102 58.25220132618961
39.98435160957143 36.53640792057332 101.36442100889
116.1103614652458 72.96488469093867 53.23156821160374
58.49775565754838 89.32849604425402 26.30675959014257
149.3836933268515 109.0468670557762 23.18007827530697
61.12929808672366 2.365016762582303 52.61556947491223
21.36895452991195 3.817705027399368 85.91958424920558
78.65543002522247 3.707690200424183 157.2277689965199
82.68216914122797 171.3694031316404 140.7359572563337
56.54922799475116 168.2763993824829 161.2933398815237
55.99816012631845 158.325576854829 4.822709368800911
42.1767690915411 182.776698228529 117.9015773444555
5.172943372058703 132.5289983478127 75.02568279499071
157.24292959953 149.4901107648771 51.02160044999517
159.9507340125034 178.311521251914 73.01160093791889
108.2143237919844 78.03459281178458 2.526446024955124
90.30712654960527 136.3504865718572 102.4796948843096
22.96081473375571 149.4191748829385 174.2969282306881
85.16687815673355 188.8681961551322 147.4729178817829
155.2654610344067 16.92569606511937 121.914094822793
24.08593380535446 128.8428506321907 67.81279756925677
45.72569988791631 128.7881317821018 193.5896224161873
132.0904424327506 136.3601881176296 22.1533512215465
167.3118051372124 121.9317585642262 51.46287048168126
19.69094897655717 87.40365231501073 187.6249013957034
25.75526839868428 145.8854298810659 59.20894006246625
96.97095141311053 45.2580682510341 10.93943088451955
175.6016101946387 111.2994074120327 119.6665115594653
83.6166049701212 70.6237884902522 128.3697658276998
185.7976278858646 100.7056200593079 71.83997418806186
160.7177964679402 130.2746707713272 19.29706554461309
102.9186735103077 50.15451642235369 169.0266815929504
135.662658786819 112.0397237295763 198.0995258871119
44.91978188510061 55.12228058113398 60.85987999890303
120.837041086257 99.20726607608947 130.4452193579029
61.49434885067512 81.39779516698563 78.3105235370721
78.85893868882084 186.9908193216678 166.0981910198447
181.1179062510855 170.834664156859 66.22185276241885
179.5862914691401 105.0988213653178 29.39591956915728
145.576151604823 89.58892798878766 61.39043759267074
9.696522343214856 195.2577409489528 141.3055147013707
46.96276277927046 118.2773083312631 143.2329839385206
121.3610141616161 85.74187678991684 77.10975658411955
142.7577564037326 78.56913447929084 40.94077417115703
31.09474160161983 75.36252995601664 176.2096171668863
76.95689585359005 105.9366603110141 85.17659410159702
194.1866021734638 125.2425173533755 152.491278952341
1.077485045795267 34.5196140617182 177.4180522124121
132.9801500785971 100.1020058880797 144.9198690704162
198.6421031818183 53.26014064477627 176.6236873569018
173.5365133376964 4.195198151537078 148.4722370917289
30.77870566182624 162.6775336736663 47.71667564668385
80.88309466859926 14.23709400190807 74.93043377294354
70.81225741646952 46.19477815739198 64.3834013431793
146.6903626087188 57.70802049952178 177.9220407731218
122.4995742848624 61.01714888947203 67.16679584236009
28.67938344136004 183.2430138188778 131.7412020032515
185.1488577293662 34.76051828621846 197.2749402640978
33.73307471375163 153.5719884043259 125.014089034838
104.0431943218865 177.3581230832384 7.833708609108976
53.37653029825076 100.387284878459 118.1498664707212
84.60822590095484 73.15089231107076 54.2272167979539
149.8902267963897 166.6525943441122 192.8108730925298
165.7129107588703 31.55705802240448 82.59732664575546
72.81969059461638 81.95327973077417 39.79758597903189
87.66228410048549 26.35964782364711 87.76975612223788
27.67868533082077 197.8914299749191 102.7373335614007
38.23557584773245 125.8407756787895 176.472993664988
15.53752195796215 173.9930376351346 141.7161717909256
123.8926584456654 181.5239404018974 156.5000699074601
0.2009180076164271 51.87310015059365 157.11302096265
43.13517135254552 190.6185985918493 193.7989988620251
68.29296620945374 123.3978870304118 189.2374308051079
177.2942184208915 74.09882844736802 49.33799222347207
26.48145536851405 145.5328068062417 18.70870422275614
90.05329710007055 190.8249774569287 183.730441250285
67.54155749685553 163.0649960675356 55.40268205058467
169.1445677464663 162.5344546349856 35.26132380541668
133.9571559257589 10.59326130872612 180.9470736493209
30.50389241405034 61.33110510233793 5.825198890857318
48.58162388574647 110.4224659183309 87.98642201328227
5.454651134994897 115.5466641686913 140.7959658096289
7.579613518034068 55.26059683795567 27.53001129795072
50.27029245802664 145.6805948139638 82.99871290379402
18.5306094068155 89.2350059423355 147.7670461669494
114.7155039660692 123.4880666051821 82.97084314288752
193.8563095811198 6.755784441348485 37.42927348981581
114.7104091971541 28.93494811377101 112.9103521932285
17.30237362948259 44.10067162889857 154.900202261215
189.3102710846208 122.3879594172376 133.7021477755999
94.98084308099223 35.97018919236742 52.41982577019449
19.91130976754058 4.193123524977709 123.1120863561566
122.6119349751823 156.5430681674042 116.2161368604364
45.13220154970188 121.3815815697557 120.6894272943433
124.7932557950557 58.53576921948127 172.0055628655105
165.8176920490531 191.2150343187303 170.1488209658467
70.34717609974172 116.5617771105079 59.95765480577305
106.5042836549275 149.028228219347 55.5721221091577
102.1491901906068 0.7053419574468528 137.5098697675365
159.1522389744031 117.9197529941537 86.30147922982907
18.46562152739293 181.649924073827 89.83347816368828
142.4675768572804 55.73157599565653 134.5258525736472
109.0319297532712 19.65786559806782 154.6747557845393
82.80814524317677 6.918563290623473 120.5242402767149
94.19408475240154 171.5343482131023 172.5098702493549
109.1588661805304 25.40173420838431 20.60714498344119
55.63592703153716 90.12359990293341 2.345642621115566
74.32290448097839 171.5690109923073 118.5270572475124
146.0198453176585 139.5565836187725 78.52053597560644
103.9343619419715 176.1065472917788 147.145855490431
43.39198949741722 22.2697187042764 118.9647826096232
175.4328728094575 171.2309866454746 88.19235559975355
134.0568691213876 196.4146895240367 109.4956644238422
37.89513570831322 97.79236058654837 139.583133095426
3.463566300666567 177.9254011877209 68.33276429302613
152.5141814520368 199.3558995733606 68.8859636681841
43.36683094067607 130.5592754380922 16.2758763773114
116.0431195566663 166.9159937014946 24.02458454978234
171.2669259100117 63.51864545037498 107.6377233577604
193.8488810805546 198.7755133523992 123.171642509461
74.30424010950824 45.17763522376553 9.114977137776492
103.509033319312 55.79343137383586 45.38747712369038
114.1641361084612 181.8706485544589 123.1242028632263
84.73537676127377 31.04512469052715 109.7842317602309
195.1381960483319 101.6865625195398 126.0770262459944
1.016850756893946 186.7801173085047 13.57472451923174
192.2964300811815 166.6143907778852 28.35737020590058
191.8398545572732 74.90385585588821 177.2978808414465
114.5264683996813 191.0328517741449 92.4431207929225
89.43322696339484 90.72143175053932 1.303939285146485
20.15083426054518 110.2060023368415 124.3438390873818
129.5368934925735 149.6514947410557 162.6865838016313
193.865808781283 154.0846233553641 74.71348405202178
144.0336706766733 162.5333462990128 64.19882278288378
174.9088167055818 29.78466338037062 18.11285925168249
179.9298658719013 134.3169452488847 85.49554205372996
56.85048869054292 70.43879231859526 178.3662087475435
3.179521382478709 49.35241567870846 134.7532199488824
63.47921746635949 157.1606158757686 97.45264249670382
35.7797841993987 175.3709548539359 9.100775366828065
58.55084201844451 87.41072416996327 100.2305607958664
67.98304236181497 135.9538533124157 8.14326424109769
44.05746047446596 199.8822121748378 133.091796156127
83.62790136748433 83.61756372348596 107.843622318211
60.37601165296963 188.717538933096 179.1589921435715
133.1812769623239 52.29063626471238 90.90916364470625
185.4478590498163 42.85562719486162 116.1901562240777
128.6803038798766 148.3600983934455 41.1151175162499
139.344001692887 191.6245116551173 169.7065026687407
94.13103668674111 128.7942052097321 6.335612974445806
43.96152226682425 12.15808894810883 40.05136271543687
71.98380853161665 104.5218128032599 36.42969103834064
87.0369154228521 47.74127040069177 80.18020178242156
65.2143251798866 112.8513262899414 103.3279701036748
22.57521045270308 114.1623926843003 16.05492870893432
166.609220852831 85.2613383441704 68.74298249442049
122.2050242083318 129.6920633341436 2.840211843824575
69.04326300963089 43.48213002854001 149.454784415869
90.42171020708953 6.922991526486912 17.66407074403482
41.96967777988512 75.32382311825251 19.53356697742737
112.4884264139053 61.24821839654069 104.7926849881797
84.84436053171012 150.863711936263 131.2475919809439
59.14734621104866 132.3088600720725 170.4721337769589
184.3418845407365 154.1889298195354 173.4754641474055
158.475627652677 94.86433632139922 150.6286796502354
165.022591945176 26.41176538973123 190.9177800313871
52.84048283459634 58.88028430374441 1.851228418791793
150.2964468899943 47.6162595321756 110.5666084649994
72.51140690183881 91.95748385299987 180.9732811819952
180.8428924915946 59.62070997632614 66.45456712681207
99.86722227665577 28.59166233645614 195.8056073985822
44.3904520444652 185.4588358208443 32.29201425640992
167.9837723108369 64.38737749335749 182.0651665086534
149.6723827894392 196.8368640118123 130.8777128165225
35.40385951496928 101.8679198088121 104.3679235738806
90.45931233486162 50.14907426948435 135.3800729033385
89.37116350358392 118.6000734454611 131.8841347640494
117.1829159684218 112.737324132861 155.2189992596943
167.1371916230756 121.0107924059915 138.3540139022656
102.1942351401088 71.23222810035851 177.4165304700555
16.17724332344017 40.47759552049192 42.45392046727662
23.30189321961539 187.8765439928809 157.9066951620391
127.1954684419385 114.2554777484438 23.76916310906748
198.2054165735249 88.55670863902381 39.83630381677504
59.05391530802426 11.45424852206126 165.6512771094819
127.392667838582 165.7177507140653 140.5913707480415
51.75938007231007 160.9871655292782 39.22316204360021
24.3599336133915 111.3165711277666 82.2329103126594
64.55152217367954 29.05501355168557 27.72048674083409
62.00084912040911 162.0507600724079 139.9465258207783
173.3659171440362 94.70475195471288 177.1738119661313
130.3288688225166 168.3634717907447 181.4260759516478
169.0546168389635 180.6648813359562 121.0483423809025
128.9968712816338 101.6528022719816 179.0505498846288
75.59558283392059 170.6537153578861 32.9295478881054
134.0400677220817 23.31289440840024 11.78774298395086
38.09585132003455 47.76876025292899 81.37638658357913
33.89983460312887 136.3128218830329 156.8084967885511
199.9549833432272 29.71095755518375 152.2185701090168
176.0829545190066 191.4977441027602 58.29315154105076
75.20890972778432 20.15546317009081 0.4977544321678419
128.7852023240914 72.45407173632221 149.8340862912689
97.04401969181653 111.0933060414182 75.95231215574312
74.29527647426089 75.24893655023457 18.09759045237296
194.2388607361811 160.1722245669819 148.0981431122772
142.1006845212682 12.12562632393134 48.15620996336941
13.84603232149051 153.216304446997 35.9288203490928
36.77396206521678 139.188564178018 40.42718886482858
106.6037077205638 85.04390778536253 94.7552637944588
198.7426185780507 102.7055891972877 17.45917093552492
125.1706788667923 35.8451405883361 131.9626720916347
20.34983748770388 28.96320005079346 135.3455379755998
135.5114827142621 179.3298104239397 4.965078031592824
54.89169722759875 166.006851842057 74.01723792441878
61.72303854892652 189.2535305284706 151.386994427142
122.5579874364777 107.0607181879909 69.41299022071281
31.05386437393692 26.61828857726942 20.60278287274082
52.43830155205653 32.87688722008033 64.83130677677796
180.7516373542133 191.9117992503569 197.2290330795337
44.95702369177985 111.5856968847019 65.59360163822524
17.85344634847909 39.71493678210047 96.69111491013633
102.7935158599777 11.29384342920018 80.07341840808054
139.7353141798762 51.33438290084066 39.70451323875488
81.56031035423989 165.0564683215219 75.05969449919711
85.95377584322895 61.56805614946462 158.8434515320449
53.41165076257933 192.3208120513847 71.44968098554884
22.58893175451724 126.9637338341648 192.8757464212332
193.7434227758849 168.9080973423439 195.4390838962328
91.09871211317893 109.6269335869886 159.8103879507499
143.4557650891825 28.43272352965577 85.76691429247369
140.5459374867992 101.2471838946956 42.57716218958393
85.90136720142671 145.5556126774582 25.11195070564759
22.95658969843151 136.8753174274638 89.01149860208307
152.1909264019781 149.754999701507 27.23409371555639
127.1327612005227 157.3168650438749 83.90593438142699
16.12328340645156 4.005525704986812 177.6425156325948
186.2540279590772 109.4395093340437 50.89483334020366
42.01402532509547 170.2321320139206 183.883111976834
86.27627849079364 95.56324324958308 57.40290998596283
113.1610182858397 24.38570524409466 59.52270342688491
51.58314193927099 32.26122162293525 4.857616121061412
3.987587881727411 145.383723649404 188.8940707182647
86.84432928955412 57.43727941537924 110.180278381982
9.761148049744214 40.97037218650318 197.6691969118761
142.8097398505028 52.7351354017877 13.44048537749015
48.15422860815708 49.59931516138863 164.5359063906956
36.35934891756846 148.8758945665001 198.4822776942185
29.72202266751635 174.8376855812422 66.85300897461428
180.1997698162599 193.9081409017463 101.0078501052886
163.1843469641995 68.66471218314443 7.753351120663716
83.75198337472179 84.61538254652302 81.38197086880005
179.6790297288206 120.2246153248563 11.9047073663787
126.3656051967804 9.401585175524108 131.253118493533
138.9694248614832 34.86314670987899 188.417271126447
158.4144293700533 190.9500119816036 11.41886122185411
60.34988342978766 90.17857642315548 57.17887720865053
69.37711930178024 120.389080610742 149.1538388615326
90.47495695675417 64.09118600854018 0.06256441762995667
114.6247599550645 60.1216264441473 131.162748827149
6.140022977228536 20.47705533584786 82.76685636582582
149.2062102892115 125.9146846353485 38.36667049442042
121.6650417981051 68.62421481853519 31.00194991234349
131.0204231917602 174.5192505913607 44.49594822714606
195.8310246327709 175.1817317849745 111.3126833702536
32.14199075122809 22.18130867997618 78.05431063628936
66.28017408147407 85.25516226940377 129.0890403981976
154.1596836179 101.677389735329 125.4064559877671
179.6097756973806 61.37047418479613 158.1026250563798
157.984181490727 129.922099052366 109.877034733618
14.82582424220961 65.24638828335115 188.3823206246144
181.9826564380434 106.2640900484403 154.9507396853942
66.3874735887189 46.92785551660187 123.3057000987218
136.4365175192729 22.76220490818153 110.6626057759434
99.34587723775503 196.4128797712237 163.5109929639771
31.76476281885251 95.20744864693502 165.2134663171879
150.0251486434786 153.2105450881826 146.2923792165479
78.06469827176595 150.7943631347142 169.2071111805213
180.253289502906 84.06333382914738 20.89577788689707
199.0341640160093 36.45979687932447 62.23216022576792
142.3743797849119 173.6985358180164 120.2669991781623
22.88755852745208 69.31247768587163 78.97463519779943
140.9646530753694 47.8707535573615 65.98769309831314
28.84709097820292 61.82545898418268 106.2539448255361
41.50891900688602 80.97607033788806 119.4500390701715
165.5315040881693 150.9000193470478 124.845948248246
9.546614755154138 96.1601472572621 104.5581659019836
43.52037343849727 38.71245906874995 40.59080964294532
110.9535654010796 106.2177383062469 197.8873598319441
22.76269163805015 197.4434265106177 2.422989866915874
20.29291235867179 89.43841855559026 25.25635473468531
156.8986212568662 34.00604820434445 50.01680172544503
12.06816530925464 8.47255628615542 23.99172010848193
69.44322551938687 64.83736344337659 91.64296326505884
66.04660784009654 12.83850516309145 140.1497356814786
70.38174024797524 166.3546185455422 189.2076956064749
126.5966345292697 4.481292594806277 70.6809536030753
180.9338006788104 132.3646212341241 188.4039529788245
150.6610495155446 76.15228004894715 118.453554692075
106.2241564565751 165.9545817266165 97.66731779832432
130.4100627613201 75.19685129748687 6.88684883017857
40.51386622968207 90.36619935676291 81.0696999445948
159.8309454813881 117.9010571912893 163.616074268214
91.3806708290129 135.6422690331154 152.0512847103902
170.6539103645415 72.79907215143191 135.4906772472166
107.9814804666907 7.265700643952728 112.3145221752153
124.9217681901051 123.232293399431 48.57750416833864
139.9565358748393 72.81391802186631 75.60945006447911
167.6964064955342 152.722422923274 70.90779749355241
75.12225517796854 193.675466009142 0.5864205580878591
156.8850691345092 65.41434748053067 54.15651547798668
171.9972783623676 2.082163719095714 31.54557252701301
183.8118424132733 135.9847425616985 58.20471498576021
100.5657357423572 26.17599357619099 130.4455708226914
9.706575662324354 113.1630843754266 39.17626505755423
162.3731613200205 10.58517289028059 90.74712063375205
99.96513114178373 81.41010241389652 39.69695475707785
141.1004770525834 109.4206035394166 103.7106519034363
180.568505107853 24.17349910359733 43.36560098048997
156.1454848958584 88.02081651607186 95.42578394083255
153.5216312970526 188.4764958044482 44.76498988480992
177.8964997817881 17.69750911335651 112.8372547299163
114.0826236518703 91.60470912288166 19.74809974370586
18.39573064534565 151.476577722065 141.6137080416246
136.3426879059926 181.9125648685152 80.52348648244185
198.6841639359367 81.12794523080353 2.109700592511917
1.348880171873604 118.5963869460126 93.12846966212479
63.90533879480609 64.06723427131547 52.21591182881243
131.7737399475123 78.77111926563261 100.0789383761683
112.2588127831375 140.1754782998694 98.15803892980158
194.3738017456217 10.40986455138533 61.28711269329668
129.1308707503227 138.9693530850953 138.4283091481241
34.28719349199314 162.6294358204287 159.7232781651047
175.7022777087363 50.84257559467076 42.00598807060241
58.68155652074651 56.05105221855446 27.52431559601765
37.09213305321062 77.55462310575879 58.14926349594625
88.0908205549477 112.7293750669192 186.1700727258045
52.23942696006933 108.9447920495058 182.2680362873257
92.26101335485149 186.7989752615185 106.1368957860601
28.40602080701635 25.56755677912719 186.8826973792083
174.5838463805084 88.90241023551646 114.4117197066844
119.2557952019655 44.17151509916517 4.891618321837256
146.2009543819343 117.2439768767374 63.20627004876619
100.8105000291002 67.43419386042603 69.05893211417833
41.89182760789338 144.3827448123835 105.9315230842682
101.7261164884701 100.8473368058003 116.606996615532
188.8221916372052 57.15190325022333 196.7136826613103
155.2927329749426 184.7609812852552 98.79861466644208
