3 1024 9.461847088577532 0.6522000000000001 1.4 3 1 200 200 200
28.18834065040063 120.9592808397471 170.582903017425
167.1162452926407 125.463094160517 142.0527867743676
160.071417865403 41.42298301804384 130.2084840015065
174.2075319302486 16.60509959120163 195.7717866527793
32.4270662752432 11.48015577493505 41.25601441693701
51.53090453878472 33.42058029578399 151.0494100204415
51.5365484506091 176.1971067122685 140.7350738173411
181.3385754591073 35.76829757488549 35.95676868256467
79.64324026669064 138.1611810806146 136.0526425189929
31.33071227759289 20.08977190369606 83.88477142910669
182.157867758432 125.2370251566 153.5314469972716
0.3161633837421641 158.3403302021901 110.0284689711382
53.86367924230278 154.1388262639166 163.1514237240599
77.74262831611574 129.078185880627 29.12610359053997
106.9354993717973 181.551200862886 181.4454188880419
139.1679340416866 68.01356659391175 167.2613475059361
37.01613166967338 166.5021933480869 72.42530001135015
139.7576693363006 1.697816126532495 97.69490353543439
63.35784496204641 71.65727793774997 92.11630806596676
108.396415549594 116.2913659830175 187.5159363142987
64.21321762836256 49.30881904395063 151.524509641371
73.28740720621882 13.73994193451083 70.60432440628408
13.18678244879099 127.5145756236376 16.59549231081732
121.631681566388 82.29394869634964 145.8450465884455
166.4497791212776 19.94909955839369 123.3253073883308
198.9083420521994 15.37084752167837 118.8934817824975
37.6228292815738 99.56516844887412 62.06626147002086
138.6032542083992 198.4939123998707 164.9238558375588
17.96477309027644 80.09762120662155 183.296607711433
1.630082554894615 132.5994625180738 38.23628492665114
122.8529045209689 172.5414185199508 186.2981844574409
114.2713217343811 71.10414458227145 120.6857100332672
58.28592238255611 44.1808568449999 189.4683773666214
169.0115666161548 26.23473433530576 141.7175007537507
139.9762449164211 72.21786404010925 187.475694542039
168.5457231619367 141.7433099789897 155.1912271536633
1.723684159647668 86.66231666311683 176.1408182828139
101.1235596232469 43.18550568616369 191.8711891570321
50.20119267832769 18.80992234749259 133.0784114339153
62.71251154333321 151.9208982741922 77.00923029328324
169.3742441078238 40.9692680930908 153.5855195886291
175.571726440899 117.8838043025437 86.26225489580683
144.6973236109324 96.89587246616793 83.92468294988205
35.86942655533534 86.33808528553685 100.5233991527588
68.49526215260362 32.12165410544588 159.3330209406221
45.94587730073417 70.35948667527414 99.41279412264254
116.1481963296297 10.81258989792622 5.43990548477827
179.6510550711595 179.959241567477 122.7433927378692
181.9175427314028 65.63704268012029 95.20232772873314
101.3689468694203 30.45287109312632 20.75917498780568
149.022758174785 113.6426796645026 27.46660907969241
75.35178979688402 84.56773163635802 48.85074768368806
13.08654058449808 74.65699585194315 53.05450139874676
155.2179075130422 82.34027136389571 74.28666771094882
152.0265645782696 37.18246362759231 16.19132625765061
189.072975152165 102.7395215153407 95.19897073567689
58.09441588804272 24.2625269384271 16.71792206798003
127.6082211824601 190.1319482609096 123.9174903153953
154.7519590889168 47.95778451759041 164.7286959432069
36.88007783976254 197.6884626819487 178.9442872849448
158.3724277230147 63.35506759518703 57.71622399071393
150.4188463682841 182.0252209944031 23.7370477012869
94.11257987678354 162.7650068340585 78.78936780229617
14.09638634645622 115.0752793559699 196.4192372308628
187.4132481971819 176.4009728810817 196.3866133076135
109.9020772910869 3.951698341527375 187.4075182923334
91.99353554223092 61.47232312135729 31.34500532834373
140.5431779627291 146.0757206571825 76.14239280697385
154.2095321647468 116.8459953083071 80.30271719322737
42.15757997313312 9.834066672940372 72.23695535120241
149.3567128425447 151.3828502260695 162.0469691498125
62.2515449081148 39.26181360131672 27.4800085496367
21.19948339924674 170.2112161007729 161.1391983674626
140.065710164049 36.98214733164793 61.47668728417419
20.53050808872187 100.0413349496375 36.51699436044358
38.55327924118269 37.18317973248161 87.58795614463274
62.61673619735576 165.0370709945386 124.9612296769694
46.87055093471285 36.95277840086862 38.25756689265254
26.03318396943024 153.0065062893921 125.0433914299718
142.29058482812 72.05586085178797 62.58960059591924
146.0355824039304 37.19964315310216 194.9594959553768
54.57862716645517 168.213601094098 82.15310368213969
101.5844567148569 136.8020143380618 86.15907094165061
40.76736121682259 68.40037622696455 63.46563869932174
111.0500064177501 43.21858447683772 175.7600243065366
178.3509641127273 15.61023232306392 69.81397654900806
82.92728000424154 112.8500816197499 190.9137047566033
148.4987069104713 88.55086960452542 155.4687372661225
181.020808936815 182.1157449170045 103.9936149069359
111.7018747942003 119.5746834861744 138.0592351829926
45.56815092479599 113.8232107721483 172.8333268037445
74.44067558622291 33.46165197274895 14.21843284563817
123.4531179523664 122.826605363783 178.0216839141353
42.14989031843874 21.47442267827943 28.448293815476
20.81771828715257 28.71687662889964 164.4753479778176
64.81978296614274 141.082215380489 122.648409196138
31.43164372362086 73.41972754675979 87.42753752923147
80.68654457642897 78.5122110579244 31.73646739893803
20.93070426153771 98.45168477188948 131.8635644947168
159.3166136601801 182.9648809802405 61.64813481251717
186.4814777050596 83.99804797364271 94.86737014021955
105.2393554619572 174.3886694630389 32.20655669670563
166.9214373536489 152.8410200147006 182.0650528461037
82.09138685740405 88.03553138695125 139.424792619252
87.54517229163113 159.357632466803 161.3238643537267
107.3741112182768 67.18184727228272 45.56016423374186
7.037844861736518 190.9702437643913 60.18227799231638
83.22242941469844 177.3572423221292 105.6233958292533
40.95922766400076 158.4264442396052 185.9810143877744
49.93858410271581 53.47909377959159 29.56624126105632
37.32758227012736 91.39363630242414 35.46299251431266
147.2230683898842 88.5067397345635 179.4957677668834
1.808868416954718 99.57834197265022 145.1146382488427
29.87491623608106 195.0139645732128 196.3182286094871
162.1543306976594 53.89137600655751 189.9073619509499
172.1493597819689 9.558566257464765 52.93532624835877
195.6797663855009 11.83168210813479 82.18371193923274
47.69133909288987 84.57917564840437 70.4226387996128
93.76442945150916 120.7555091594671 79.87784609826583
162.4264319321058 27.68718586715894 165.1351289663531
129.3040050764422 148.0792768330479 34.4827800941638
112.7008734401119 16.12654277737059 49.21499258584733
92.79222946014869 193.2973921336533 174.8063757783492
55.88055985008439 198.5881956096908 173.0196491811016
97.43537134104345 120.3030527890523 4.303078516163472
191.8886542506484 34.11077607722361 147.3725583904476
164.8219160347616 186.5099223214982 112.9826160811542
42.90456640406864 56.1466303901542 160.7098062068648
177.7420726086012 60.2109418232875 49.82493225584443
79.45920873468626 133.7214630693315 47.3903016105653
131.7258632841229 40.24315115517514 10.09690707118384
13.2712532052908 150.4063550109122 138.7706440031827
127.5709145527028 167.4279899147801 66.23192425002787
146.3796584832243 69.2661425092335 44.32493864778202
151.2518628405866 33.97684734383785 45.86485011004397
6.130043159519648 111.2536385295437 130.8641119111659
178.2519772431365 140.453205483079 138.9980737837421
92.13643441973679 96.35114346533078 112.3276669523547
65.38503009753062 108.472859383922 196.4967225109699
70.00292221365187 163.6696213686996 166.9612582968303
7.401023935020429 170.5432097305261 52.3436282094587
71.43190011465454 48.72422534876072 3.447038296890048
104.1711136941836 184.9685959392416 47.85975572509011
184.37460208095 22.01938541888942 129.0262291818268
8.605416832928908 135.9672521490763 198.3844348443351
74.09761682592507 79.7393749067332 154.4369437872319
81.90648114604261 29.37426585736777 64.3290781216355
89.33463827398386 11.8441894625696 173.3562204623004
6.723740828733381 67.08300758998193 192.3820421929412
77.53403226767311 145.3140347636578 109.2879416959246
172.1304711712945 135.7255043684497 80.97942755223904
72.78878993163586 18.07612753129088 52.19188147322971
99.80657729426981 44.37173970864996 33.48118267858217
113.4048621462941 43.02368674510895 6.266416181204421
155.9320589353269 100.4233596279415 66.72396637731468
105.5272066013541 126.7878491289324 172.0350841096053
166.5539927400696 199.7706148343284 37.73912448115458
93.42827149178224 147.7028781921825 99.30229553334601
48.42267005087243 56.31355625670676 178.8100565560551
183.5409210346972 40.41702144869843 166.1184938436723
94.2347507452571 189.1115824941223 193.2615772537989
65.5635030835623 35.83287956139408 57.31165576194888
22.13244909716053 92.00325479830498 149.6133540267112
159.0990724983723 70.08418049143346 120.3178625029713
18.20599313592054 93.79152756037637 3.377566885400491
27.17208053027247 14.68607588452564 101.5356475893688
18.52216524793696 124.8522803752452 41.80015473642315
39.3778898914053 119.1034982993042 155.4364993907341
182.3866833246684 163.4494734766019 106.7851219408389
183.7924013681259 123.4717588219635 172.3004815713551
17.24195675206621 193.0610029001602 167.6680713689468
3.410831808095284 85.53347648785252 194.9549201649932
43.42708054153564 6.007894730961988 145.2572629691441
129.5541599803196 87.93198162844543 189.133840637002
185.9014653170126 136.7924645250758 11.75838294438283
179.3429174774617 24.13741794474165 157.432754614149
56.16697236378953 154.8267137503026 19.29570579528108
125.2962124726505 7.946425617328545 174.4981258958507
99.63161433307444 144.998703838082 43.17553589760987
1.786583378732676 98.362620896553 34.54548900378191
21.96696262568064 31.81733265597313 95.41046244600329
90.81527434470645 193.6406453855199 12.14981470449128
179.0486914001082 54.13355343719329 31.95467472935369
175.783645121982 112.258964852504 28.35109592740742
56.43894952689011 135.2909152774318 83.50399873275553
88.65372373841461 129.7050143053366 102.6731601278998
48.38886294117244 49.23713930844839 141.1477419475671
32.40280678035053 141.7056061965071 195.2315023293811
52.2981055168439 144.8990233857263 62.85553731619528
172.8859042173021 77.04896074588648 183.6706951447452
42.8645041605273 84.33931714333384 52.12673439663945
42.45772248876493 88.77727957220294 151.3004057593584
6.599634407471519 6.405164367777246 156.9755651865073
167.3328602300982 158.8400882428399 163.3717213125649
3.022157219367737 128.0386347910061 114.5657306183962
38.79443062212814 189.3526541546265 12.01616956317734
56.6984214243227 16.81663725244663 113.1260640075607
85.04861210736927 178.9357707328844 82.58776499817547
197.0352031844548 9.703458987196408 100.9371405342586
113.9791030075654 80.96065579559095 88.03779498210385
62.36667257089001 60.67865739008238 166.5381876338811
8.425587101803735 96.35250435016653 117.8169284632118
171.9242952991636 151.1534877050179 65.43545959167348
29.81297600417151 51.57684213180891 15.74371525800147
44.57986734976924 132.689109694361 101.3924360582404
71.15725872076573 82.68963688103297 174.5582791502805
24.16452546715952 45.20600103869329 55.09114470056701
178.3084584179984 41.39741252293255 135.2573280817654
120.5424428417007 94.72833615782277 51.30018171783986
191.6667943569851 98.54463909251459 2.088108020194156
9.577488423529555 136.0260583101589 150.5032770260219
1.918966929123824 28.23220692765671 132.4427873916599
48.26724771542603 198.939091882755 39.87164949939222
185.7339085583337 90.83893763911458 185.3588600003627
62.77714743212272 0.4940268591469164 79.0978685931328
139.158413500282 14.08384470060321 135.690598706129
12.49284421749625 194.5761210215586 188.8580851578735
60.96537828433488 48.64127965191773 44.16315968444614
108.2859574945979 90.42464537705852 156.516784555014
107.679685578674 88.83184532644405 120.0713494078331
89.74997932360516 119.2081800429403 39.91671667520902
105.8331654197722 53.08320585340066 160.4784496976115
55.24293762303263 173.051696626245 9.823547308053008
36.85175438430117 81.22165798548802 182.9741489395484
90.28877102945906 92.94310824409419 24.14728863829684
82.35269689486246 29.3724817745733 171.9224973800335
164.8585401402676 107.9234707674191 122.3780582177842
37.90084014356851 120.3182942930456 188.8676900346973
13.12317874018968 97.27688477493282 165.3962117615034
181.8150467431198 184.5818998484311 70.27312993389371
175.8499415113502 157.0570602297367 82.98015846240312
112.8265297477434 138.1189720862098 186.0646922358939
126.6448964340341 140.5477189403767 17.24746268161356
72.40876380490664 24.95665828105854 34.56895619851354
168.0546599743564 153.2574577385531 99.79943098525565
33.18434343072639 101.7544217640646 161.4819514787045
50.80538760153384 186.0522704410753 98.49356688257538
67.98864497828244 18.04123814751323 95.92953967091586
115.6408909845544 199.8352343652908 40.04773454777023
21.17738646532575 143.4937103417482 10.3589880722397
95.66694273444712 133.8013168608122 25.32366137222565
121.8570495163228 61.73975964276064 34.66831837196526
151.0400277742378 132.6072714750397 163.7049707452599
158.5390780876569 47.40002814676218 67.88683958415143
24.57917134129041 60.86669127469346 160.7345815441067
89.72034248758673 8.129995506075515 63.08582569340813
108.8651226064293 197.5246599403526 84.3133657053808
164.9928888406458 71.94717638402152 42.21228513572941
99.18204869723608 156.860838394434 28.44033834501956
43.31151353613435 102.2931488336516 93.58525786873206
123.7010302851165 65.99352316812072 156.5468923047646
128.274925958112 75.46567379648337 3.311052703719342
38.76615523497697 0.4432049274064497 56.16506354608293
198.9185018061653 63.33853944426583 119.567189046007
8.719320194883494 179.3968705678666 101.9355463923409
30.56050621264931 29.52129461539843 46.65398905839559
182.2455251944264 141.387618613211 29.74702569133919
179.751525951575 26.07523037647809 111.1300408117431
82.26726305444048 190.959957694957 118.9454225057975
88.9984425297953 71.39648367775362 47.17358976131818
183.3096609392681 143.6351245836058 94.03916186696806
164.783725576129 169.2787163801263 32.15133775232371
97.85116913185969 63.14835311913186 95.91937204804935
193.6314966473832 193.0951049811212 189.1909540470711
95.64944904743433 169.4878547651998 139.7061127914668
53.16682718730228 116.5204334131028 142.7370680747746
78.21311223196771 181.4049730287455 161.1309464265264
17.78667874285154 37.0005145732887 16.74062328008542
137.0042227902194 62.38587017252078 117.1846927390918
24.21755716826774 137.5506719267368 162.3957915988631
146.046012192688 38.96052314895792 79.32076417678522
48.49950677258715 68.73216075621713 80.73390038063657
25.01636307762699 178.7089065631644 4.602952247455212
136.3881821105232 84.60634408816811 49.10946843004785
58.76404127419862 15.95827145286913 150.1426956535994
195.6861397284646 65.09933317326087 164.8155385781288
19.30883799154949 81.15755259827753 36.4053851729719
196.9050666291578 43.03841216007326 44.05461903804482
178.6350825602978 181.743821044447 35.44724263250618
107.7012097978472 170.8160223148071 59.91518226852558
139.4023137435344 108.9131256145305 70.30043559153437
68.15268632526917 66.10630145714831 45.35428912487641
148.1069810869863 93.53304326979767 16.64821820807446
167.6369257964902 136.1189895626262 173.2362475478912
4.136042207373674 177.4610135396551 187.372611453298
194.3034492018606 51.08434842157779 177.4517831098194
184.5757747897889 160.5351741920138 13.69274410463644
90.39961484156426 11.07994520311743 129.6601726184521
25.22747643273047 116.8156997623537 130.3193114106867
126.2621744701262 120.3111415763661 27.11563786028408
85.58643711618821 27.2624421178407 0.2384302117078017
127.6660681735873 199.419209228373 83.29373824051707
199.3221040230534 176.3886938468694 69.45067973955808
125.1931485448188 167.9817845514728 99.13363107404048
135.6658853380512 21.42241221017228 99.09249284763337
96.95756796415451 163.4920291952582 46.16619186921273
99.66795951088524 10.33279941775487 29.68539915061396
198.4312729914421 91.0128102229649 81.97958911667855
69.60869282008322 174.3964907940359 92.54212123281461
182.7922268448353 19.74241378467871 93.55890357173672
78.83300322682015 14.45416809794334 111.0155296334911
106.6618533645632 127.6839831192238 39.4567875420542
45.52467586455693 33.28516133316503 180.2928069569743
156.6141701010274 146.8169290748845 115.2120557269284
190.4283727922193 38.10253486737393 121.1026120194486
187.433526442686 161.8020413577352 67.47177110827748
185.3823452215577 1.463504626169254 38.57307481726225
109.802980903193 107.4664309719395 122.5763069805388
39.41980610540115 90.15421338872584 132.6735409687385
110.7500158445349 196.7379192718899 169.9333416191913
124.2927057794686 82.90014969893319 109.1275731997662
164.814333078617 120.1515837974982 160.06819123003
60.99159159692005 124.3419525278934 45.89528915458057
13.20171907721819 90.94242795587178 21.40353857619211
76.89521490440789 98.44489387950973 155.0539046898252
197.0767218459024 140.7595162097111 137.1098064671538
54.27849521930128 196.2195685988493 114.0712549804694
12.17871096021758 188.2229602261547 42.00063664015185
153.5943498518717 11.83386159012696 170.4935342818908
81.50707216187651 40.93603049180799 30.10132814077542
6.403678095960104 116.1761998749724 30.14153397321147
171.2581835858219 157.1410862221347 144.5306301475012
139.9635352278428 174.0964485791549 129.5647274796771
35.06461244241245 108.2382539861984 45.44289385047126
62.25756918105147 148.9316842721224 96.88222531416835
126.3995823171702 187.6798869886306 175.5120713497147
76.24736675438515 115.3841896668556 52.61129298106654
182.6631173390855 43.20894671025633 56.51408924355115
185.107775008196 71.28383472566608 150.3959673446656
190.9932973103434 74.05307473333164 78.08971309697331
55.34733513652733 172.5192371778249 158.9018701161971
183.4851709507172 180.584964470304 16.09932510873798
23.27195313831796 99.59044138473494 95.49505174885702
45.0098292669456 12.55841419089583 9.656406862564703
139.398291075967 91.00020883319976 101.1080061750603
120.718947931855 80.0717520073986 39.32816115726192
45.33031210688166 175.0845525780749 193.8329230064569
117.864329078783 15.52424916816489 29.7056752309943
58.01532251321083 106.3020177410083 118.9836524896743
152.8437075243684 52.06733179584069 116.3323939349825
177.1898842197408 110.1463418955143 107.9268435459941
97.43653837333997 26.84595373242107 183.0667073081125
80.04781567716473 194.0406016611412 72.34504220887912
52.87907123334507 101.9636501335247 75.80438966532519
99.96560642276829 102.9007557813564 11.29183786775325
168.3097807577397 198.4497354437042 67.76499106300456
146.0563424057905 56.17148929658108 150.0661012254188
146.2834487140875 55.72100359930313 179.7659983921457
53.5366744320873 117.0478523718942 87.60860791559122
15.31985982509328 113.6585384998167 114.4993928057771
81.59850253727055 127.3340518523572 120.6570865142057
30.03650434306672 194.0333921872453 139.3072954167061
98.34698850457025 2.955354977227494 47.06091055522834
49.37130092487861 135.0932864523903 153.8490351225396
123.9160423472645 172.7539184992151 117.4004992035514
149.2481801965159 122.7398292200693 147.6582506867569
185.8021600906008 70.39746984799821 25.02828853657047
116.3697293098624 29.7602111096733 163.5680350789818
134.1628127313936 53.34681505418619 84.96467552773231
13.20783649202795 19.41311798194265 50.42978845469818
46.3751687373554 94.96013611623735 174.1059668057553
10.68162429437384 114.3051493349219 173.2810771051012
197.9086394778323 122.8995601731348 143.3079651248353
132.8747354451785 138.0254738440214 59.80014397648634
159.0355872964886 149.2637754391799 79.15714563320354
16.14757743836685 4.970772699496838 34.13736613176066
151.0030797249711 142.9221318259227 179.5692431201215
12.25866883097828 16.49159048113347 90.02765442959247
79.96563634106215 183.0038599598631 23.43011623571505
65.9618918748766 157.4735174321146 59.21309298815654
186.5468481840641 0.5392842094014128 61.26947953203273
92.23297910357878 45.1568996400672 175.2831794608931
4.125189005338519 102.4339890924742 186.4766470209447
55.17804732875158 43.17952292727527 166.9800722858343
79.30589863201223 40.54167287020076 188.3094692220937
68.74722034247971 115.446301953586 153.4215614778503
76.82505536727511 70.70145567415118 61.6397373181657
80.51684795537039 98.6611244761182 60.36989813527838
155.3887083155677 15.71330754175537 40.53953205650797
64.85100830746372 54.23213516001978 133.2643999972044
174.241206846498 142.5719144638348 120.6264955861035
25.55390561636227 5.754541986229949 154.0538702198451
180.614907518773 57.8454642684521 188.6318844723995
52.2779495393874 74.79015502436556 174.0996794240142
169.0636199585876 171.1994790483355 50.48390025060014
42.54451298180557 28.16119659401376 118.5172036105583
50.58643670772862 118.4510421236353 2.783124907852409
167.4825847186191 3.793012082093808 181.0513785188512
26.89145451908463 119.5025045387438 58.26533021089448
188.5407653899763 124.4385376937692 102.9319385192854
23.77068330400384 85.01232088300711 118.8478850855987
198.733980307963 53.47286582518549 85.4356831159573
178.2155392339868 159.7199660745102 195.5992896684139
22.95709240550599 62.01191123822594 63.73663791309549
31.06677297361515 63.8325711364732 178.2598078842216
156.9025282305379 183.317762373083 42.34114403163802
9.354874359205869 68.01220816200491 152.0595050341564
10.11464700666584 14.17372387543608 186.934685383776
20.29430150562253 1.972489344601077 52.35478639606674
169.1532658167863 113.7794539882226 68.94096692604113
155.1564427779195 70.96442722457441 157.5784625330471
155.4727703327906 109.6949956328558 10.11976519064567
64.39379844874242 30.64062866751222 177.7464071022857
129.1773105810094 154.921203203655 52.12501687707594
146.4032272734831 11.5926466722132 152.9927694625402
152.8936955934714 63.62314163985234 75.8267331196748
184.0105131612773 108.3272768090655 143.9185642752037
197.1815471430753 193.9937221426915 76.05055744360331
68.67048716099504 135.4095356121827 62.84539853076936
71.1238465888202 161.6774636475289 9.946649343604681
59.66004156065265 76.24317307845735 12.2136013847017
93.65553487444932 75.1497157911565 18.37350863632921
59.86242056696891 78.00244677451987 57.51340142430044
138.0018104889074 22.00436268502599 166.3762788424035
23.27620297572711 156.4395096930617 26.13869236094612
13.54837215161022 166.4915904309196 13.39599798732308
141.1453381656733 128.4849288910461 18.76287793025823
128.0707890168163 3.521844971346492 192.6817059983768
33.86169641614476 91.22241763211935 81.49704160585664
95.06382420138077 117.239805645212 129.3075874648756
148.0326787879609 34.596257802611 176.3226692649219
134.578637356286 51.76947656760903 24.83066775313791
85.70434292463067 191.0251751574349 54.54014312021862
12.55640472555141 108.3638713427413 14.04382915877907
29.66941444966274 40.26274923435519 31.09989643275897
162.8668036349406 70.7662893259058 198.4416482573091
106.149454575174 72.00260849323024 160.2790430604881
15.1643695769562 40.33655819069102 138.4539391376063
0.4829192301659631 195.9026748897202 28.61569510438885
53.13317108490499 170.7225463601622 63.45268153184944
56.2817974921366 123.1254797196027 185.3529018839806
35.75629151159102 109.7347931206771 77.91425965133594
14.16019476213754 5.933703881035462 112.677217209726
82.19385572574438 93.67091565214322 185.3139979307262
76.3714381691306 63.41314964903641 145.1425045769076
186.406342757195 51.79679746714707 151.2728878518043
59.31246828456041 167.8981514212372 44.88805330856536
181.3733146245855 3.623456431659832 20.20612806873469
4.032147062537192 79.32485250727775 110.8296039342192
190.4510713235999 92.48569267313347 111.4952330926072
194.0196079936242 56.82981674281164 1.949627097832647
50.89570235833012 85.56189863469572 89.04683077378633
141.7549625450769 79.90931812234832 122.5170480990787
188.7882393856991 153.5912986564327 150.7970669379407
80.28117428662435 106.846476031334 138.4390123135841
7.139875728070913 145.0816768949228 121.6783605960788
78.05465246469984 109.2718599770252 115.0460199653908
33.73221368884544 153.2222517088705 155.4696379812513
35.48695348214886 70.6112995424505 115.181233735308
170.2936130890241 169.6005459378317 69.32635250525479
136.985500004703 179.8833463764768 161.9015783371455
79.48492474818389 199.1848263258027 187.0129804802285
116.7521397156604 147.2342130666261 132.1874078975665
138.8390798104804 73.89703988276707 148.3938628892218
133.5500115255209 126.4287947713245 157.8353252370587
146.9615716774085 79.79147922102594 3.608426340843897
127.8845686699255 69.20819883419244 133.6929125378867
97.88932414478987 101.3794548877258 192.5455615082427
139.7210590110319 90.30124181343537 66.89984171937147
66.10613416747809 181.6173340168035 75.40491021686825
73.38426182951783 84.0745943082317 199.0379070790205
90.02879918371704 95.40939262244899 43.8423405307666
111.7102157170437 100.7671704191665 140.1708112780826
97.80917928427269 26.85683346307804 161.3012449010993
107.2196698877691 20.87656385007087 127.7134841398557
156.9211585943047 193.5315453647701 97.28618158730514
114.012039351571 157.1080868437167 41.02040265877852
106.580231509971 121.3825782756724 95.9241131421504
147.9220289319655 20.91016466060322 84.68353267057257
146.3597125079071 65.13256474851671 133.4030947371696
104.3030254145886 83.45101151309265 138.3353861576862
2.245078823091784 3.565606471616074 46.89727358934028
29.0163722690864 16.67692483369285 60.46489704681246
97.22604200712598 186.8385667098011 94.72636908603623
81.4639546639271 164.5428803221737 27.30947217750901
34.99355532237575 40.34566528235546 106.1631787094897
165.0786641912148 46.15527461022907 50.17395597855624
49.78636082555891 192.9773503252185 132.1655003343453
14.69361864614089 22.38273251204792 71.43784484386636
168.1254925044713 73.18323398916543 84.66637337020178
64.70340880089752 139.6078763210423 181.4157268294472
128.104825759611 158.6013811568355 82.96005818100417
121.4078298894765 189.0591984947748 156.3121047918487
122.922219973264 52.88269793226211 125.517338845335
49.7679129947425 64.41235067675666 125.938855184394
65.00072374293637 14.40486328254523 168.0443965133002
168.4305939423269 146.1300501456463 4.411678858108113
11.99635303621288 64.50291549942109 174.3923510252629
196.9845015614361 175.8612310164996 116.3532779685853
92.05905405802189 155.5231070897318 194.5018990047002
44.96215102304454 41.58082349139756 56.50537551966653
128.5477897177827 53.08919911346386 143.5822673113146
39.48953690556762 49.97318324147807 73.57042340242802
0.0009385035174505183 123.1357725514286 186.7023234762669
81.77835013887444 68.32136340556592 5.320386652434653
140.3625903722538 14.76072708180277 183.6985854010931
93.13738049969268 11.05397404831919 192.5656338455446
91.52563336140402 28.92545049667977 135.8535987287718
7.974338401349502 78.30990973275426 70.90464884244851
142.0137245122345 126.2718251598606 179.3398513454861
177.0444933094818 94.97347583282404 15.67323408815829
7.921047586378556 35.98503493055629 58.12625564284669
160.8386015224496 126.517863866019 124.2335506675051
104.9813709569113 61.01766060768218 177.8656311889596
167.1648403706344 73.95090343290138 103.6428118473012
23.43292739498724 137.7067552934622 28.80970383265976
86.26742099061798 151.3427345602321 14.62976235045138
87.22540937616409 75.74569372137806 188.6981270574369
119.7871996155873 174.4765262385257 45.82236430924829
155.8768341466387 71.83264252695608 177.222418880183
26.59603785417577 80.07687226382657 68.04028213442218
85.66873076570688 127.1770050206577 64.02460082514727
185.5842348370549 74.20072120185391 111.6738116678933
79.35340354237039 150.8417327871481 177.2604197264084
121.9995934660841 68.84215485740357 175.1771706128408
46.72568377151691 54.68997592954437 109.9926552253134
49.28267442280728 66.68088294878052 46.65389294288083
90.05157342647635 116.1985024484931 21.23634171879332
172.4827912969793 37.45372972036755 194.6257073345519
186.6650166639145 109.7216184467028 186.1695893913256
160.7622825648199 22.92048018573644 184.0490201344332
84.82198851524315 112.3610632908289 96.01762621781634
106.5557846472475 158.5612199807541 150.6930624755914
37.95724620653645 3.417166002104778 24.64847758543906
183.0891847535912 95.60907229033948 33.59417875233722
191.6534717744765 99.18736682217173 129.1515734745156
102.6970539656508 17.27764381796521 145.7319151875577
129.4970763862829 35.21186786734206 87.69530864523878
92.7125350816297 146.1516820832134 147.1629965640986
94.26569354204611 140.8900811342296 116.9370404259977
174.3510151065253 130.2929151115806 42.88769648768488
116.3597491000811 46.6591617213298 24.60082871208038
9.359104807792878 164.4046814831134 174.7097780912815
150.9789846409152 87.0931574732507 37.0527666700949
118.2850997935262 107.2386587173735 13.20500688962353
93.40661617679753 86.33494054299396 3.112070052293604
15.92879875154518 84.26315333767113 87.01003395151434
189.9746465869044 124.6076886485629 25.65154162584059
194.03823251159 181.8983640119547 90.26048051829004
20.85954243775803 11.20427480050419 171.6436871640671
107.8503383505635 38.14923407883914 148.7657037806144
14.36908735708405 152.9461731144658 157.4903065513373
49.80726481420209 105.8601593576976 33.81978700312556
36.90647851887127 75.03391358112157 163.0650891758126
142.4021351627191 0.4185954755878857 71.28390663783205
45.1855068809712 37.83111129145156 19.4303412823094
30.72782083100746 70.55597762232925 47.57094414921355
149.0001264755859 34.7591587076623 97.53327609608206
80.4621873201901 158.943236823087 91.32575721109659
100.4830731251699 134.8047802567442 133.7941670637878
75.67871830195229 165.2456375008834 73.48281663613082
89.37317554555702 160.8086359589292 112.4360653759115
52.77050182569135 43.1967659806937 123.7574779966194
74.57615461859159 91.38295039875811 120.9918486119455
11.21280887985838 129.4685323266472 131.5639979170397
155.8377758202199 86.69101854001222 111.8530546099843
174.0658234972055 189.790112421655 51.95409968336343
9.455417214724042 25.80241236980959 149.6280539666612
60.12981683770431 126.4485780432213 166.7950973902187
112.4897973104146 199.9087519896898 20.46726142379852
159.4657423317358 26.29096180441778 2.623432178964372
71.08168431240102 163.0642389399198 108.1517904222598
95.41180604428426 98.38513433907644 130.8531841977031
168.2056864123582 90.49976450809315 44.10364988528085
58.35567923988398 87.52160416254476 161.4875368913415
153.5134992466303 81.90014946260533 138.4772040761714
156.8941293834408 8.59374585867589 196.4358877479818
99.95779063982692 0.9983873820751091 154.9833257788686
20.49764972352343 170.7161684694497 38.24319245492621
114.1646775258918 32.57050468964319 37.0422684007013
11.50947211751735 58.7017696156842 135.7261899468212
179.5161452272831 41.74181969524729 98.69500213032002
165.1839453568059 11.77033729054873 155.2801965656515
164.1641915006503 36.59050574414519 108.9938945832626
107.4651728491979 41.96712911003963 125.5817552431697
182.7148330838728 78.56878678860055 41.81506235798602
6.325873960506611 141.5883829365982 99.85434699370049
69.47892230181822 182.9870115489752 39.68994867470304
21.10640015351627 121.5793254702966 76.16288270366547
0.7722621550104396 185.361207398355 162.4228528603988
148.1388820479891 197.8792779736474 33.81390063456186
154.1477978575645 85.20927672952749 55.61330771405394
36.15987194403312 106.4326662358986 141.7549817798456
10.21516623826965 163.3875532794686 125.344757278727
40.78332899881178 149.9273895754297 29.16396682120635
121.2419948804709 103.5257531133993 182.0266558094154
13.57175583703963 190.2501831119983 149.1844185750757
162.3611411075285 30.0544960477966 30.35044910725706
121.6951914260572 168.7484629249863 161.334692847858
70.06056198304141 142.0766678800178 17.72064167034942
112.0113846836885 142.571205012813 29.07198443203339
23.26694104360934 22.58338323937879 28.97190454982479
21.41792401208461 129.2202636448062 186.2028645212449
93.38569918222524 139.9696302993053 165.8064922265954
157.464907035541 4.806845850543175 81.90953589082302
124.0860810962096 63.04478870004737 53.41470795069554
51.4261265006858 104.6393160299912 157.3614939681714
73.18035401691698 88.40089012133785 17.45700385404807
3.788082957055442 152.304390789697 66.82912546256048
15.11901462248128 27.23735546464185 0.7526486081522289
48.49922548217759 30.03367577152916 1.205778519007485
3.129565636215944 8.834213616019326 65.04996624363955
37.02234944318995 52.64831111652732 43.37078344470336
123.410752440468 59.07471478400825 11.41849837793103
30.1334111279374 192.9279035660961 38.31659200302549
0.4868351017562943 79.50303139574385 35.38543077263108
118.4576594149746 139.969414516288 47.6989866462612
94.70941291778487 101.5777468111954 149.4910731823326
167.9198005582454 41.59066857443099 176.7345289910038
193.9002779439966 62.43875886113791 40.23272539707632
177.0098550454696 9.113053958622364 140.7425206930572
169.1188866517155 81.33011883883759 149.1649222634224
193.889420040474 52.04814358018654 133.8957804966044
193.1915101527063 186.9797099624756 47.91706840319857
47.89583266155071 104.3306079367305 190.4761957213231
180.8308775173013 128.7422715667445 64.17047600261223
186.3890419359039 140.3380225976195 164.1217001433301
109.8051287576322 123.3732483870619 18.29080685124571
25.73072739351031 153.4045083310463 172.6163870401301
198.9189557050109 121.4693616479806 5.736470273772804
88.21577701610852 57.00159512722536 191.0975966452579
98.01684548877292 11.09154246878815 10.84919676441167
22.03122037771107 135.7724505241239 89.90364556253637
58.512501353947 12.47996600011327 31.51964895146943
39.75228798399073 165.5579229023232 168.4947707153728
49.1036072198111 76.24266444567081 196.5082362632047
199.6441443809267 124.8009781093066 162.0535601245165
149.8507613389931 96.43497713360472 126.9273640323722
37.631527111027 136.3415679408925 16.37450996176988
102.3792558138716 53.86845263142045 111.7768779236385
196.7463471893632 110.2960228640446 112.5959193250026
6.644670105676788 195.8583320533321 92.3314465680301
66.3702403961461 183.2015840273746 131.3024885001186
17.44173992960199 67.20164809597235 119.7457081943693
160.6829899973781 186.2346488356455 80.23628217372503
71.12232326069199 126.5055990433416 196.594874295568
102.458973572556 132.6475324392052 57.22706306791585
187.4890651819078 143.865773468757 73.50002850130495
97.07066742219645 168.0219737478818 96.72584843207062
36.41503531598428 55.59865337413686 91.37510405476273
14.61819513249396 65.73594899277099 83.3870399851148
48.45769293592085 182.6800194001081 49.55167770030774
176.6479805452033 100.4257024740722 57.82535360231148
187.8440334238562 168.9428120708076 49.95318988260573
12.23914662029776 50.79833002588284 5.03850496994623
37.55700206167067 37.44054501385089 163.1569444047561
154.9715769946759 199.0534709603901 52.68440902829174
20.73548139496057 75.23634293687914 102.9320440917234
22.56493787219533 157.2686426860038 190.8674380448683
80.8815630899025 100.3917648566823 5.008359034141593
190.8151917224687 128.9854162271458 84.70530126103428
150.6701543641527 134.2449273851398 87.06577328044231
194.1207300183994 15.38218646486671 145.8404299043647
11.03666578064548 49.73323048381669 186.1838059114009
37.99625892454461 173.2637553338098 92.97253571236618
134.441799805967 196.7529626063219 9.161478042198965
24.59876661241952 46.74566695843917 173.3315728552061
49.73973146451259 29.71894211767392 100.9006328807054
172.671846848421 92.00074435626613 105.0333600960857
169.0147083993191 27.78412660699167 47.91940297477458
59.28909294532261 89.49180348390203 187.6333941672161
162.6070382035209 98.69507621045388 27.65721401933221
19.36205698932552 152.8531325742268 82.2084821749263
80.44152416556105 172.8197944787225 124.014559820699
97.61037034912286 191.5215087801805 29.68374788053881
107.9145640900371 15.28955092857243 172.3542028679041
136.8496747581864 110.903082362898 13.24048021916965
63.35197044920417 179.6515461775054 112.9623014770904
97.36272676279077 75.60277360848934 80.7405684606214
91.34146551437348 74.41375466899939 148.7463709313689
123.4278422091532 40.86446508162476 70.68746758766545
7.376250945266224 46.56060200384734 121.8120810042411
157.777681309054 11.50130608519261 137.8693716974607
63.55537981776902 170.6203191949911 26.6486300401852
199.7969749582231 193.6647832334968 110.5911335936027
35.44500596604343 31.89966754983849 69.6851390857185
124.7487052004151 30.32573790390645 52.5789483259951
185.7936925255583 8.929278749028622 182.0827018208333
13.30735703231403 34.81134023929758 39.43054866200532
32.52437282024166 26.73050115826723 10.79658636733362
107.7504775506046 154.4718163248595 88.95361252329505
169.0196020502228 152.6076941068616 22.18176276737621
131.8348146782748 93.75939867637018 6.992191531905963
70.49112997711443 175.844794562449 57.92526321748998
89.72769266617087 86.92736265134957 162.849937968208
128.6766966502772 46.49645269093564 43.56921932799951
36.39988257451743 89.81417482987183 0.03294143386295804
85.53446107589332 20.1484870659835 21.81483058865734
175.5454414888356 16.92750449611551 33.86368611700127
2.173652408799619 1.982754466210058 174.8350049328472
153.2372940639479 153.8300533543464 195.0985572551904
88.86014663495682 172.3323951134836 60.80784099213435
1.855057082801103 84.71773774808801 156.8296843557102
158.1285890454861 167.8095135787107 83.70908464976065
0.08763315091153927 70.85564102057847 94.37390875895726
118.9811395848388 27.04837380156091 14.7383679904341
186.1476901509825 81.31663431092191 166.8191933568286
191.3859265145003 72.15630399142478 182.5274302929513
104.3757076721315 26.80428903749494 2.436515214829422
194.1852505748568 107.5958313830488 18.51481837939754
20.72535813386723 160.5139686435823 64.88752896835109
141.2434956890586 102.565800275876 52.5695015136421
68.73671631450229 75.95447295894557 130.3889504539087
61.70534051065849 133.2968603215788 139.6118444264086
100.0708695088802 81.58953442220202 35.70204521442491
18.48125077817011 79.15896889738178 164.3299731239725
54.1375787711051 167.6035866534052 101.0608685346445
145.5692360896213 51.4107550130576 50.53966372656942
76.02242825901985 146.7517023106934 199.3964550054813
178.9596342281998 26.68457609790944 180.4778568502189
20.49839366238195 184.0428027239257 23.97971168279034
96.81332934711217 114.6095151079423 110.649497932723
124.8107079826566 79.28702476585346 63.09800070318232
78.70350593772996 125.2659321280997 170.2162809467457
185.7647887008104 89.55188912652099 145.5025537012243
194.3680549999664 88.73626493670217 20.04287778664185
98.93548198968266 153.3526279297586 130.3880971151491
83.89309817892655 146.5947840477905 32.79260416365862
105.0064157098578 78.41777569011494 104.5025420984368
186.5731790332668 183.1403167427341 174.7319969974268
155.0815941692617 84.03274482327598 93.13343904200433
152.6904046318335 191.9434376665233 7.78207111762103
139.7139770086054 50.38037694955185 102.8102719832063
11.82777517108627 109.4170786318764 50.4607866318824
67.99009805586826 185.7596742362989 179.8665778763292
95.18831606929008 62.84521519628936 64.47604317920539
31.43489488166422 94.43654960396451 17.7394875868736
93.03805950541319 45.0139452685553 70.72829221453159
73.38110600658325 116.1687602530462 12.28198767341219
29.58337492521703 117.4408997217798 97.83704047139419
27.49307116530271 125.8526204348441 4.321632436061432
87.97386318131471 179.0039885360101 40.1025528036394
78.03683735383657 163.3508764982629 45.8812775489508
164.4154556171647 171.7809346631196 101.1099088707409
134.2014502219186 7.227413830609552 24.97632494852157
193.942145636312 53.91967697977524 103.9280729644276
67.81763789754736 118.2457217771909 129.9076179529829
54.97314283829782 17.95494889364605 188.1559979695467
38.15289158804995 127.5715815145158 84.34571547163522
75.79751485416898 198.6832260125672 168.460280060335
97.31447258541247 186.8079732285744 69.58628663777262
73.40590681531232 46.03011099199028 171.1879229106295
24.45875143501647 90.21138818803456 52.20287049182888
176.2985998153086 175.5687839695709 86.87805008271879
5.962357306749557 139.5813781922923 80.66610490254976
84.59896823336003 133.2150595156613 9.461641594222218
167.803186966196 189.4096625377144 21.95635061396408
135.4038913051559 54.79131265496824 66.13798542391075
146.9761104719894 70.13285149624932 103.0916729097095
34.60513649819885 108.3392252673164 3.447313263645131
50.73861747561475 178.9486364516904 176.1154934225711
5.477660103148775 94.2191074078129 99.24692362115323
115.110562833267 96.03635381058824 198.2876412017215
124.9195317654382 86.88030458977437 127.6172244870572
108.1629823055633 63.47089951787528 21.72358624970133
138.4007783930332 127.3544633748503 74.41541308062371
190.7395750384961 142.0749078896563 111.3726253446696
15.48098426917979 31.73804073518149 182.3764171545092
78.06179365315377 154.159508596029 126.0709033632363
147.3682641136659 114.837516165156 130.5675484292808
185.4140633168481 68.81549333221096 131.6371491183525
109.5562465677862 162.6660987824621 195.4497367796079
141.9702024655433 46.893610150191 130.9304793512285
85.42801313697208 50.38195947923833 103.0829810818525
181.1533443520462 160.1096399964641 34.6134253379304
67.00482113076447 29.33160670480874 197.3152016651392
75.91278202192701 17.69252253126992 185.3457904024557
30.94614005507121 47.71762829092336 148.7079093760917
148.5570711674626 33.68047042012 148.1840369374202
135.6128008042157 29.68254882319064 29.97353652994779
96.08503695982374 171.5646122554003 11.41778339616109
166.9464332201807 60.05565904815595 141.5268153233997
15.94642167552881 100.1339970820817 70.76923878070878
53.61671893733995 84.27762188216528 115.6328458988578
50.27333688220009 56.15241852438576 7.020000473741399
103.6330374717715 24.98336951772266 69.25490350270709
58.29674228924176 49.54373201758615 91.14631021062772
84.75905409011973 65.52088852426195 168.5724914581969
159.7546933879445 10.44623829342192 18.88711955313008
139.5757913206537 192.3336005239134 143.0888360281966
78.87565034853864 3.204061781304565 35.38327741406619
74.11858698969918 182.536764074211 1.492403644675186
19.719951990005 8.010561844976005 11.92216952680465
32.40618649030588 16.78576990513647 190.3835913671574
123.7153929799292 11.5642901091837 152.1434413199395
0.7323376072750512 157.2269660304319 197.1007897301739
111.2655735316229 154.8822089208739 111.3826155898479
129.2984174800027 18.95896795504227 71.83989488069275
132.1526137782314 114.1199055398279 91.77552311902818
177.0218208421099 115.4738662668487 5.906610520501907
22.08664584657374 161.1838181200017 104.2294229763632
180.0036152497396 2.989299228274007 116.6683690467981
69.5162886307524 35.37846239889697 110.5150060596181
138.9454507060759 179.7912710208798 81.50987371612244
141.6382582086618 129.5719817545902 111.0892512852175
132.2952702832749 98.97363215194949 32.01149315537265
132.1235788740696 46.05985674440024 164.8733919476896
50.23995315311766 122.47896282147 65.80993606647823
106.3590727458537 68.05542080008325 199.4106881523935
68.93891857201147 31.12672974887852 136.6528342611824
183.0882035754354 122.3918686715259 126.1143607803861
165.2991445718866 189.9840701774921 137.2051203022238
135.8051740286129 76.00395851078545 84.2130679137135
147.0871989556488 150.4217276914776 16.72779187918107
41.00649937338898 175.0443884732117 29.50829074372943
56.14787759137784 26.90476173049567 77.56625373398177
198.5971157735658 23.7508579568211 169.464097666673
0.7384830526022083 20.22461128423636 27.39222722387291
29.02788902273718 71.97242412923602 141.4374158045968
106.6110985617735 156.7986770224736 173.3903008224799
0.874657011330371 57.34745782416836 61.23492474287993
89.68245219535218 123.7038902222724 150.4001313339231
161.8277473788388 103.5608534930487 144.8534007258585
134.2629928698564 100.9193780010777 142.8190469265668
18.38706753526099 175.5342398065181 81.75510435993499
65.44233811593958 100.4836668966805 98.33048773113188
82.57226809079388 49.5312296612157 51.09076460625921
164.1454656210597 93.38595167610201 196.9121103536741
197.4323449865062 45.8453450500744 21.52666492736735
39.87954086760686 132.3614455627468 43.52473383191701
111.7063799976304 99.75622679288692 100.5762835067396
90.13561754789113 74.6992455497663 122.9000947199585
163.3181794384372 150.0751981420278 44.45116386908984
112.8176357286062 175.3359043831541 81.57204694141615
167.1234778117882 175.4947220386217 183.6103721360276
108.6660032131958 46.26459055308663 54.30149268048498
15.75090163859197 57.24446704848111 36.89286102790828
166.7398525502679 130.7787789391469 102.7289135200979
6.471535042484727 70.03790694474353 15.6308432889323
172.9531732651818 54.08026782015153 10.08146055216351
5.970855594124704 141.966077445264 175.5046237891681
192.5719464551219 191.8377660941179 137.1509465761123
101.4118031313524 178.809061877731 159.5925386379232
194.8057283699271 10.79673590585641 3.360924762349685
124.8023196457675 11.81132890373309 116.563926172194
61.48557685662379 193.4643319978632 151.6213829170211
187.0020940292633 160.4367580909675 174.6726442822173
123.8166172298777 139.2607791989215 94.05623633458514
30.87116797689257 136.1914735930907 140.7271710833053
129.0607075982653 151.1922958278932 197.3359458233278
105.44709409023 42.70349100938183 89.60315101713717
6.42009421295965 129.0619711584137 60.54743651710555
131.5431411854435 130.3373353633941 135.5629483343671
175.3967191171961 54.62230683993986 117.0129790079805
35.31536996521175 6.53673159061477 121.1042901633039
160.7111836151417 54.02926231448805 94.86556078915895
63.21460223488158 162.1185337480775 188.5753507352853
149.5571786390122 162.532180432534 63.35407321945047
183.552642115474 138.5836503824231 189.2450408292023
42.41755527066707 15.42859528883103 165.8946339337084
86.24561745692733 172.2622565029429 180.3023072273293
141.6335450966345 107.0273977177755 191.3857485914035
117.7667529507275 174.6055210393067 139.1804759021761
163.4783109352337 130.5634442591324 22.95395276904448
156.3778301248524 54.05959114936656 30.74650313613504
105.9472018078807 142.8041638611703 7.190252663862439
41.06201982811277 151.1760398109286 88.68441271728958
66.2319818818068 126.3539393621534 103.9705600872532
30.89008637457179 42.86203929856843 194.801923664011
163.5558323705674 77.27194335310796 20.18642961238632
115.8952380728579 124.4421510557178 73.58793234512568
143.080375991967 165.848211545462 37.88243742889009
85.6256529760949 189.7917472688476 141.3728828994865
137.5159929748611 74.26883391661285 24.01840921049401
73.26980229934112 105.542947804835 32.34852331922107
124.6670153787328 125.2687749812013 0.5650099347510397
41.24023145234699 177.160258722897 117.4886673555249
154.3340252746005 143.6911210616119 137.5875631673043
164.088474238254 170.7898070536644 9.504719041049535
53.25669448533743 98.21005943176695 12.71928550420486
106.7653226486636 105.9966514806793 32.73470244105349
0.07111779992933054 32.20251921318386 101.4090668748231
190.1214503694254 114.2294569243403 45.84816916250923
193.5641301331477 33.50860231945548 75.76157857067167
50.92893224217988 153.4982092301811 140.6426884978947
46.16199081387803 151.2809620538514 114.6790658605604
81.25153697641524 13.56959916964825 152.2055177688648
113.0300980010384 150.0227261128843 67.32272257773026
129.6451858273798 143.8033065706976 171.9147929379189
13.04218095824201 8.55253739996874 135.3063345109094
187.2695324123208 159.3810529808194 128.5856802640708
3.982909951285493 186.43798847691 8.272820940287819
24.77057618219347 134.1962331594394 112.3891134376085
92.41689099918902 49.43755285760753 12.09280163972345
119.4199917767227 161.9990525878076 19.51535246768871
17.76980141203927 44.21863641521181 76.85758761902072
29.83953141216639 169.5252912971862 140.149906861552
160.9362519462901 167.1888987909784 124.263812320093
144.1263389152288 132.1514207034014 40.97136414457787
39.31455747119837 158.5099275275961 50.13506833677287
119.800238795037 98.25752986435161 74.52642778536394
145.662117971422 27.96674861099133 118.9409697259288
138.1586384558724 174.6239563923037 5.68608383942859
146.6832167022408 56.88861752481469 6.254709808698379
89.70391904166419 9.622888614418761 85.7425814464263
16.47209407335288 185.1277053608836 123.4244796118559
79.02730895426502 137.6074525291782 83.68535688364676
120.4051961833924 62.16116104373257 100.7343701374732
68.3386293974129 5.722529255686228 129.1595368808815
173.3988287119128 61.44802320258496 167.1834474778334
174.1290304143633 194.4478663807904 0.7387347349612474
196.8449990445108 90.379404109277 55.21908641980734
26.18186752522652 177.8310576870037 181.9422847009805
69.57025781048235 86.57361686128604 76.16635222893034
62.16654624487489 146.0593018040479 39.36543416206523
54.7892813914123 70.12768532028259 147.3329785793658
73.00819008871451 9.342055895003599 6.261757664056717
184.0699588301008 77.18667616298252 3.42818270511633
145.8248794767686 108.8474759462389 165.2919855191176
47.71286102321434 126.1524242085151 122.9125860322921
126.3163593830914 52.17660561320629 189.983325403863
42.85398133681267 138.4567599235666 175.3380369405297
199.2086138545362 173.3347783664054 30.79180968799916
197.9472242693043 159.7026601213972 87.4877491915701
30.49554099750162 140.1313808021816 67.04756003340999
165.0409140867798 115.4538267805311 182.2825826492233
70.81281911819384 59.87728083221034 23.32381335369703
166.6633166697923 92.83593737379637 168.5871887910072
135.7537872823348 153.3457923488799 121.3588041510733
31.36558537879735 50.45392922365588 126.1698713280608
134.5853652992488 9.876125785461509 47.52606542029919
71.67426244831039 195.9186427311674 99.4818144936436
184.4908770064568 1.086831533100115 160.6237507090463
72.71714150973685 113.0066808161075 76.14854537166222
2.385593038508043 148.5248891789818 22.06765618300794
27.21372834496604 180.9351387065108 57.37542466486367
50.14955351585359 19.79326512409015 52.76182814379338
128.3652150736598 185.4786092888729 27.90626364840198
66.84798149058356 105.9804063191934 173.9740247774884
37.22708933369288 186.1955604849155 159.3656142239279
92.72575744469292 25.92118116007145 44.66577633587162
58.38756480936118 83.06372153020598 33.83596138759984
90.55362059592294 133.966524937084 187.5228554347959
26.57540827230089 101.468901888658 183.2029715503646
115.1784780599265 187.2227993572356 1.82888425105169
178.5050070459248 55.29731087642835 75.2791339386044
124.0674149606258 117.0968058151471 49.487470500954
14.51260112047271 149.6348380656109 45.94988999494737
36.35025112926328 71.14609492561667 25.22859236724138
99.98909985784405 110.0903129624154 58.01591049229481
112.5836413827846 136.7804734701746 152.9060543274794
153.1167160904687 169.8864888803062 149.4315470396611
109.2358749555379 199.0945715639584 133.8062208015024
125.3522134100713 32.10999187178343 135.5015185074054
179.5966402337919 175.8046896018852 154.4092504781377
4.061972431703122 169.7684852499073 146.2483182017115
174.5218291120014 78.42104968652134 62.99226691427467
105.5935246121464 84.8890817173629 178.9679470841597
148.8508781080552 1.176353842623459 119.7230088902626
54.20465172589365 140.8304604911713 1.514182044814627
56.01670585642029 125.2471309765575 23.75740498108081
87.1676981994331 149.7006146011529 61.56438145804093
162.0232414801447 15.24310659629016 101.5554544093517
36.919763756835 159.7261547253411 8.288415265549125
138.2546694080467 18.89963628885349 5.924336324350936
191.4677983922857 110.1818243378193 71.99418840981144
145.5665779097685 154.1295510627118 96.77101579286301
80.44586699283042 60.48057162117326 81.58449099704987
157.7060175392052 132.6775272254353 63.70815287975596
67.09388057024276 65.07876504144662 188.3065034935465
195.1029044595284 35.58023658052304 194.0201203841771
72.5893112800367 142.7914540694333 157.1342375816701
128.6297587460141 88.7332927805456 166.4616418138725
59.80168907251755 56.194292081359 65.54667887158062
113.7494436294203 17.81593246464766 93.25273504854222
131.7150331049421 105.7030910455252 116.8878436247049
4.906433608646078 80.31366633634516 133.4993818139164
120.1448370221392 189.8678149074321 102.4735387607587
115.7637514231659 198.1058255143896 62.68794155028917
98.77870275981819 3.658357380401148 109.9024644112366
132.0457122573164 153.9432083500976 147.5747005240617
16.54954703821046 52.9356409362242 102.0435584472133
19.83833900811745 27.87223452958807 118.5023849212913
143.054349330242 165.6674764020437 178.5364002031203
7.149004376789847 46.44306499458406 158.8041653921962
35.80140279959839 103.8725338978102 114.9504408615212
73.7244235813278 166.3622614657268 144.723182571973
83.3820768481402 80.99750068463963 98.07365632819759
116.6597931939488 111.3607632631468 159.6363239774582
27.53391436740594 192.013569561973 100.3621469582869
152.0677213654474 131.3229039813926 199.060512101172
58.80985806261388 100.4024565269669 53.94004942235738
64.06284533204111 197.5838007437699 56.61424439900809
94.07952279241694 98.07154092949806 80.87334510505522
21.49452379462774 1.20366403152407 76.00446890990241
17.43438031680608 114.7476422720667 151.5471182311081
167.697938738241 32.02922637953516 81.86660025032759
85.83487970893708 48.81092085561346 126.4854516630141
122.4050778104429 37.13250389457046 109.1779670822733
102.7448818736262 83.84228566176505 60.27651247160323
154.2407947235442 19.30145193642519 62.93235778382685
188.7159070377012 146.2741125011204 50.95394871885397
146.1535593678824 191.4998146097664 186.0394757672849
60.64298203671444 95.45113505776258 138.756235612865
191.2504146654661 103.3565141580701 164.8597275413415
106.1902776501808 60.30235009815912 138.9525900001631
115.5473063026541 61.97172108714216 74.49414734922669
121.1408068107332 26.35263987192237 187.1291018987054
137.5264786811605 184.802166411434 55.53426626301748
95.44104030653831 29.93177323677731 110.5421984214164
113.5488900919259 128.9267742106623 116.1769784770161
172.5853285536046 87.01367449709102 127.1851956803672
178.6343945212076 28.52423897511243 14.58651463605285
190.7565905062604 22.52278144263816 51.81927254079706
155.7989913907122 106.7064489399629 101.1328259693035
52.50590074637142 196.5715381668235 195.3824066592702
27.97386477400772 68.72875804010796 0.2142501821412452
31.44953726256906 25.51144236356848 143.9892552565451
31.16185223289195 116.1123343926438 24.50393743152221
93.1406697673266 107.7705910066708 171.2802757361157
59.34982239735448 192.263244906327 21.21305489403277
86.36569617687661 44.43856677176187 152.608946950728
160.8546820182709 112.4581673511489 46.81099772696537
7.361026219778472 116.0725042999534 93.37169590523989
114.0614944249239 85.10836060938622 18.16576422130564
47.63786278056967 8.123790107226956 94.20551267815445
102.0275384989574 178.7360874040589 118.2762986410836
160.0701759617533 191.2279044195269 163.4977343181061
178.3214149632457 198.1504696400146 88.14367005311603
171.4176078777137 95.85099939610383 82.69136809181474
143.6192688709626 178.2489101063075 107.5406779902263
44.23923523219111 187.6341170237244 76.53549679627638
68.00316283336396 62.28740254845828 112.2693038304723
80.47883611156857 34.44202352001417 86.41710974702907
