3 1024 9.459384994336766 0.651691 1.4 3 1 200 200 200
81.50901155995147 14.87817777445803 99.11143636011134
192.4680369865682 1.980329497563429 164.4834569678372
118.0206640937345 18.89540873271109 169.7210609712077
154.51181355381 123.2958577869053 81.03218084110409
22.39075154287678 153.8950789915351 130.1389095045842
94.90726804770307 96.10318434990714 157.2027677162519
38.48931962529345 86.67704823648226 198.8743280499161
10.02083045537087 86.58066819634691 180.2319682311061
49.88614582742601 110.8752142883639 50.23145808042235
194.9340006127765 0.8809744446086909 28.49596144265876
50.20481158227404 123.4904663976308 144.5760934013958
108.5030745622526 56.0527094688408 132.0908227826831
119.9384658858809 52.37723053473498 117.4743161418835
136.1696865613545 40.39974587617519 36.11910256527666
78.67449825055562 64.10580929133251 146.5638767014761
172.9593771744787 67.0523055780768 39.53552293979642
70.50114591566701 165.2430717520722 87.1281526385588
22.6221552899091 97.92802107096662 117.0093932360897
66.21412379064036 147.1308552057313 90.51765651776533
128.6836471152071 95.42253877458026 37.35292531072804
133.8533533323902 110.3472222556951 53.87520025161744
167.4703857695636 117.1339666026424 149.6345397046163
54.93076396802728 173.9657237511219 115.2723224959579
180.1073876918819 153.372604815896 159.7989496391986
100.5342350877612 170.3294026519186 20.41501818037127
33.83078034377813 134.2346680470459 170.3315620009056
27.94304714234867 117.5418552797058 16.05477573648009
84.6203109448054 152.7005945700182 178.9391461785655
110.061345324162 179.3886860953725 36.12210259454429
0.5107985146025334 62.91699580143641 19.31904432670886
29.81585938510541 101.4426808047632 134.1504781334585
187.3515042497998 133.066521496057 28.49557060073702
177.7411550545187 88.1466099761417 32.96998957704555
92.39533711706123 2.139960288643955 12.16231477564077
47.91289964994899 69.83412749586648 37.8742690982045
100.9154753288609 81.66497806542966 187.994349921127
111.6729855995932 18.4539093519594 48.85973527476042
146.7540246321082 191.0896184583993 101.9731734995471
94.62395649495156 80.44411879966496 89.14399281383074
22.93681849773514 162.9436124378641 182.7404372054215
98.16631608008682 91.49246902071978 139.1462056529352
15.06130199342995 188.7584207469394 64.11091027751414
98.89538810455325 161.0250311012291 109.8599546356076
160.7025938083977 102.1234637756953 180.0054622370163
25.33026026605408 190.9971361986742 168.7541885826529
86.35032498647762 44.37898518846131 31.4304233901958
67.27928220216106 105.3110480330538 44.47776951388236
83.97714197744772 6.976537464145833 59.02908485404038
139.0303608933197 37.47716354602824 172.346544705123
102.8486361913094 67.19457826148444 49.22998779758525
59.7527349884724 12.13313153576096 127.5649606029825
18.10147270678691 131.4810735389681 129.2298278371691
169.164174657807 120.9494264021348 131.1820861894048
46.54220354380143 29.76231453916821 182.3571707009222
191.2111788343387 124.4856541510973 12.0824406442708
24.00506479955708 2.188293779189463 118.2718331684355
93.41969085398877 196.4748184698627 90.16995683748107
12.3116585903564 198.7931237894384 79.91166030734831
197.058170024677 40.62723057773037 116.3611322837993
125.0728163552055 32.82336747470938 79.01041218808429
67.88931316742902 171.9734698559477 156.2297232914345
17.21854797347304 179.0726183278378 43.20246802810633
156.7170655079966 193.9889520107395 58.17702559891799
142.7090549981638 38.87889215091208 75.81371284204309
70.59046302140584 7.799134452275875 20.29789539358253
22.08599394965623 76.19292578552384 195.6082263154405
138.6984516451725 50.89051796743428 119.4165552762407
167.633836148758 135.2947892573376 144.3358248721113
15.71975282154845 40.58806739529056 113.25259316342
189.3898432232151 151.8408638684117 27.36025079246994
74.1864279922637 137.1802703217079 6.626239550336023
163.081954611239 33.10362253051243 119.4927552684729
105.8326494737379 166.8629050519961 78.57612782889672
36.03375630416331 100.4404990715132 103.8803917305323
183.9996338950198 25.44613250176536 6.221798236749134
135.3443860240625 139.2387684104262 60.10375312660228
164.88642138998 139.4948264766274 54.95240556115828
191.7412635512993 54.95827218723348 127.5088364511626
165.2148939619385 89.54858769942986 53.31289974306227
134.3859698097723 181.0744898078327 83.04965659490628
188.0257453563163 35.90580890188269 56.83302869043523
112.6653993094907 139.7283659559598 64.25068442133133
155.2989938213106 63.02088752073831 193.2905791186825
173.5338135115041 3.893291549287285 195.5141320008227
181.438677714874 80.45244986373019 49.85331183417555
140.5371267362149 122.8179045089624 67.93381424914692
96.79878109164318 131.2826514013026 70.15320905404907
189.565732856914 125.8864116515637 46.01246968139892
118.2045779933454 163.6570734597924 28.82571516808051
70.37984801568153 151.052604573502 72.4847363689175
85.00301258148062 0.2150500091267867 29.92492852597148
138.7808342212373 150.6379155845104 74.80646384631349
109.7175067861466 50.87476310009259 150.4036348132106
110.7554524111223 156.7762955937626 6.271502949485596
75.92947736031043 193.2129806349593 9.4970496456073
186.6732158633492 51.5375812754742 67.40363396600935
49.98636915217637 158.7415761021776 92.54659467281235
54.85572097145246 99.86540507720738 14.3996904000774
34.57206500723471 70.15485891416994 24.46386897283357
33.66699681557693 87.16776059117072 60.9491468210698
79.2539325011417 52.34794096869597 61.82637981376062
8.202116641595655 86.43926247623884 86.4357384580837
167.303052111452 157.3577188037752 49.20815323638966
2.915564227149063 193.8065070935542 49.69299862764321
99.40391719388332 49.69708256322 171.800665973176
33.54125568874645 151.3491470994895 70.91241421914943
107.804417859788 190.0539138306478 188.6549432382792
49.23728614201142 68.39609963233642 112.1836047763456
63.83472423374268 37.54261088620574 25.84724386717407
135.9553043588001 16.17685870661423 164.3473201283966
181.2457034784408 155.4034766273449 61.84552267149886
32.04781484163266 141.2700282218712 10.2022575360567
146.5432533338087 185.7564157670295 5.893281319572069
29.86461398954195 129.9971915435092 85.02137921235901
130.7572894444737 121.69787128153 124.1332785786548
50.06411634008082 77.66180174843984 128.6573075912549
172.5322726269716 61.2137274492171 75.42391783836992
79.53820738784776 133.8396995388617 24.46211771515373
36.67426305159906 171.0857818555226 85.71711219769064
59.97226179627572 156.4508133119085 36.27255027404271
37.18601774527301 5.380197668770602 32.31968296449074
39.49185418854115 168.9066850223726 104.8756583055097
72.03949325787036 143.3871504296847 42.72562838196804
89.78442089933046 20.98329659457739 2.230563523822027
120.4995002936787 197.5872641820188 147.2099903169233
102.6539689666768 154.4489843604891 92.49410173872401
185.0313922402182 20.28804276608751 162.5549428085169
192.3880747003818 188.2392304084349 111.9739137457564
33.20920575182344 81.87593212459913 106.1822173200632
141.1520636926305 194.8139973232254 154.943180901723
114.7528983548744 159.4863508102349 148.2935314433875
167.1108377493951 26.123854549903 160.9067804172742
140.9059336330552 122.2493371149635 186.9357563782956
34.14514043295091 60.57238002695036 171.1044212284648
1.305418543086159 102.6628072732445 185.0615819224465
156.8280624577795 106.4964101980912 53.90607494747521
78.44414920659969 183.5327046258672 168.1945566232058
126.8249335106174 164.1109285074425 89.43317080520541
92.81172958507716 81.91282050104661 5.087805149043629
25.15986484353914 163.2200720030797 35.96970442006214
46.86347434969895 150.4460519650895 17.56539921258099
38.32840613976286 53.60707779948376 39.52953437159328
84.88484440692103 61.77845491956489 172.876176004823
92.49147051922321 51.22827961813223 14.89886401986073
41.38362073352304 60.49777624813034 127.4759383476805
127.2149654645153 20.02218679373135 38.18701015631428
142.7109054600228 101.0128818475605 3.448684187395004
178.4584291728309 43.9258619514821 117.4041372892444
100.1590409435914 63.37394088559208 95.1349180696906
179.0448283578419 53.8367161834674 146.5772102991099
24.16129280945161 176.8926655822997 195.4622326303281
64.5958174604433 34.17271503466502 152.1881461657075
64.42770722071835 144.9395419960411 21.93522032303704
75.64721453335852 4.552712537952969 134.4803450625312
22.32380749651671 127.0099636200077 36.21118814502679
103.2404188038328 8.148479580810154 197.8724084598524
88.4320991363185 39.35037219431278 197.9014185562818
149.155774646894 39.56140051701026 108.4348027854808
12.87442361238012 138.3645827234718 82.85930953764517
30.62889012876506 69.94050423646442 45.56657100742502
100.5744565933364 154.4828264235348 190.4915570717038
179.8068466957349 110.6944482354391 5.945372409665947
32.31495858078541 185.1765825061376 97.5646860509096
146.5344661969835 159.4930619768807 182.3660617475455
164.7659014785939 196.5925720094172 100.1818511361082
126.1499773959231 132.5604812149354 75.41792583184302
91.37937384867925 176.4055286283135 36.06537112887226
132.1987132902293 109.1656665356544 16.90026353384776
127.7915085002278 55.58843020149567 10.06226344531238
7.330494765495824 119.2932391988732 44.78862936734055
17.62362511376537 102.0416980997382 73.49476131953313
19.11169380408814 171.8167273975472 92.71291345142866
197.0234207378097 91.73026355384438 27.32583435136336
169.4207078762984 60.79828340431811 161.3024144296758
113.587940817248 123.2951944260474 9.813162898112534
91.91105792834414 173.3601620935942 125.9203684438291
97.94982977988825 84.79347245662854 54.14935879968413
62.81331392749001 39.14717169571057 184.6141660183514
120.1421586737993 72.19400827362853 14.92660081559175
104.5679290307911 42.61572258727719 26.64206175945668
106.5440972064113 138.8881959695451 181.5982803521276
148.1747803717863 9.067393580862428 96.254736880279
162.4724134240238 171.9096307484847 89.25016547407812
106.8811526805973 172.3380992630953 96.96960651212467
185.231439160406 40.22790255393072 194.4786650421791
59.49312386507819 1.309422823878758 83.95658348701684
76.95257065458408 7.878875295272907 197.5897180744803
99.24078836568067 20.5891965936982 168.1827506695781
2.176292966175781 133.3804451083303 199.3142829699484
127.8361819057049 94.06881187069112 61.40684406136322
128.4603196017729 102.9896809600633 125.7602039201987
86.36280225739104 43.69635992698413 159.4783341328993
165.0453115598418 190.5662276603752 7.298953502415271
34.39544730994404 13.06053320988068 106.7934717757381
22.24503083639476 111.6164145046056 149.4215664597417
83.2855978569655 105.8659703686269 191.1345924552009
162.3006995729571 98.37309787276062 36.83396798359882
118.2829525889226 18.36784471202282 3.088354400802811
25.5556318948148 21.35975972950142 50.49298343639969
10.44905782413494 17.52791823612622 69.18590926993708
164.0878052872939 153.0754394598632 149.73894761362
169.7660551831843 144.7504299315928 72.45918950652693
17.40669544581245 127.7831264249393 163.5090679839631
3.708435940786623 141.208874777138 136.7218289136505
109.9275183837945 158.3171968940774 61.37407760578171
115.1545420738601 111.1609945052283 110.6216858975772
145.5190139206891 51.08156809704515 5.230756372349616
28.49778605004604 9.727196869481141 196.7927673781249
34.28850397413098 152.4371545865907 115.0050330994856
46.93893562464139 102.2987902903885 88.53296343134798
143.472996772234 64.7283311361699 18.17290703036244
191.2870039607016 170.4274694430732 105.6931342926344
188.8168603258398 4.149158948309368 98.54300934190897
89.90081656433131 199.6394722270392 108.4872026237732
118.4577579648921 25.58834594619058 131.9765460912835
110.3031136716755 106.7113975491448 135.0653305400959
6.509921609251189 173.172626794403 57.63974818901923
77.41647377299215 116.4290154827527 151.4361525596896
21.68729487749389 44.76851844046099 197.9151250237721
57.59674198730198 188.8465166495574 7.834458336074772
137.1793780892221 117.3420048840581 85.72874791521912
27.37507445725025 31.76479672768891 138.3224157139829
186.9774567959779 135.8831071095401 97.39164628864621
59.26125635014441 30.87001782270681 42.94927483144957
42.27177560920989 197.3725057002752 0.7371317677374652
0.2104449666568208 107.5862042404356 114.0710785068459
166.2723376839401 104.4609149528597 17.60211394416851
17.60764080114824 195.3960830574913 2.618879180254199
7.313660309215035 25.97014483665335 122.518577716394
132.7121662729875 2.888921689498898 107.1141541365877
58.97564773986418 152.1254038861011 185.3949716885726
90.77526066460523 80.10964191659831 23.80995050893699
78.35872798379864 182.661295595398 95.24976621873195
17.24633705978868 188.823923332044 148.5904736530723
42.53280817105976 0.1905663406329671 92.2641523076588
4.150954958950513 14.18994808955151 93.69879900207512
23.01646013380896 59.70419142617544 186.3791791785017
98.16961085458759 52.11209605131106 62.07183543120601
151.0242729619901 87.0353427284203 72.63036395394845
131.6867215928607 17.50835986806032 182.7300866153177
101.828790605233 67.63191294823001 13.61235267780855
70.70858114549426 45.90019495781554 41.96329079432957
127.4039535534314 145.6574361157304 152.1606207040395
63.04065673490584 189.9982262236585 159.3149327388728
180.5077664319884 162.0714200651681 13.72687787713077
92.5650084665396 179.2904912907444 107.2804793538264
117.1038646393876 178.7916054645513 16.9859768547266
48.86811922555695 188.1505790412953 31.31312198105865
157.7833044186618 73.13029598343498 9.087656358962308
135.9085012220123 38.62445820759423 94.44515513039674
106.3536725484078 159.9625747925585 127.2140554787333
43.24062439704259 70.96441581491688 94.42513703579907
145.8507448125921 2.321295153389275 172.5949541363702
99.09670675934406 99.32127772579612 199.604655242685
163.4573914432144 43.9911997452426 154.4247265786046
133.4799218288435 94.08692307349568 79.46417320362251
71.29235347239128 20.67481138516341 55.96755179423501
34.67237610041955 176.6469602935728 177.047072250689
24.69482129074438 184.4903634731186 79.82390467819023
141.9666486720863 57.04787936390183 82.41895695841515
54.07815535254854 173.6853245657095 176.7228032124648
6.593598566977126 112.8421880415108 62.55825933084237
129.9066246283701 16.57361496251627 119.872599955843
108.4729066788391 66.34242722676916 111.8677293806558
123.1918268232654 170.5442869418731 72.01673403093174
145.6169341897065 84.35907479692732 194.9560757499099
106.2776135375556 138.7168941802684 0.6292361471221561
35.94320873063455 178.0240841955388 40.7110007720389
128.7511612626259 66.84968076029855 109.0597931823054
195.9352058001296 6.261679832855644 130.1501382995692
80.7617870220847 165.5637010545236 112.7739586040699
151.0781529534761 21.52139243566011 48.03389220738985
109.9590264943114 49.69011008008684 7.796885218019566
50.76131203555393 68.32430851155651 166.4429582527573
54.84677773760421 107.529829971989 169.637605948612
108.7231058826845 116.9661399274157 66.87199188291486
198.0664239665955 140.803814080816 118.668489248845
188.9701556822803 96.23742997584881 197.8863419622048
63.18264142994024 71.01433761366205 99.66996101858906
15.63911930775312 165.1291602882479 7.582960011648441
85.4823632239308 162.0718448232818 75.85599552047518
108.9867829743595 193.7355712031558 8.696785778797295
187.7197555468144 114.5963049635453 61.08047152828124
126.4197598479472 159.7672192365786 164.7250296134573
153.8152911658431 66.19332896545764 110.7867887612194
32.00120377068114 42.45171653949263 123.4124094570685
192.4815816691471 60.45668257537538 199.5092551016746
123.1419618973449 134.9508918757939 189.7791984871816
198.9812671007504 129.5726199076686 67.03754297499847
66.45202273497664 38.72050902131517 58.94132134922014
133.0285913437662 79.64142354503157 47.03608982829186
44.49863605332467 180.3518886777299 192.7835773293934
147.002705507312 26.77097093194031 189.352791449053
182.1275702481432 70.06209428773022 137.3493494904544
146.6777545590314 167.0064327310874 80.06285428104104
69.82797314490503 77.95253978063937 130.6246659086995
17.64391513536545 170.2760662005665 138.899872539393
152.5281765331181 20.51447469754566 172.3750498919394
64.12745945901705 13.96119884246658 185.0820587353172
44.80566051300058 71.36579063231552 75.46486045147473
47.77602671064493 121.174060046107 89.50412973418446
138.1775721246823 67.67010684315281 199.8602882037331
141.9220615676026 137.2802086445743 105.1137841184104
70.98708705428253 82.76050136989255 71.73633686139634
35.30083791895161 79.15185403302149 167.7300155404554
191.540978584363 169.726926526244 68.68408213830973
151.1372647018941 72.85130580323762 147.8080401709509
152.1065424259826 10.15464174182201 156.5505493304736
53.69346429768694 55.19615844501111 94.28633770814743
56.23850740290588 36.4585032279793 94.87154708038985
96.4875232498827 10.20822641622131 41.15712303909928
147.005062396227 29.70321433738111 156.7871897028206
4.619650669080787 2.621757211819142 110.7693174740461
26.14973516269727 82.84748606914376 12.84546510173091
193.8333133699087 116.9803738285958 194.915191203473
42.43954589972229 15.69881784506524 8.101475162798453
106.5211842544242 127.7305455232611 107.6493597583525
28.08168793088567 24.09581465783099 121.0421749481313
75.88176500573492 155.5427820095981 195.4763507024593
192.4171839268724 74.54111604270605 35.62487675321467
89.25886700867564 28.91189653909946 87.32868183199949
59.45958812108046 168.8599350892118 194.2063844703291
162.6928818752348 60.31516019467261 139.6084988246957
87.84926563195982 140.9553094672795 194.0964507451574
16.03797060430482 17.4589432882872 108.0491085415908
102.7224438896323 4.590546318504509 58.11255592308047
55.17926711031832 26.17159985976997 198.8018563522834
52.82329328065673 21.19326609284278 22.93078735324653
70.41787075564061 25.77554216866768 88.33400542588099
61.28413767916206 82.82525531978334 114.3266103222252
98.13882972004168 30.00751092961013 104.0360674515468
73.51602292357913 53.73257431492066 104.589847739862
32.19372277144219 120.169627124129 135.4021493647919
199.6760104030921 185.7159359975773 74.69177388636326
117.8094424663397 160.8925335700415 109.4606525995896
79.68679890752321 123.7390027990045 73.01549422515848
114.2619904941321 137.4308885143387 163.0018605245545
140.3966549452693 2.728539296988525 190.705904881368
21.95475948211972 147.7960077634566 162.663753903337
28.58663087733374 191.8984779055782 51.26083712963995
167.5953664680477 39.91805090045224 102.4307409945246
169.3071634596072 78.29651617571955 67.96089639278298
46.74659406786154 69.85255115758189 2.635699230570526
156.3438477984745 132.7821161455762 183.9945124331887
175.219231317513 62.07468278697482 121.6523566089626
40.76689383617008 107.7665652140594 149.2241570814164
16.38344399375774 5.655358805964773 55.70471721084594
46.74483311394629 116.5894136030059 17.926839384775
156.6483759086931 172.394097389022 152.7823726202973
158.5239136274942 22.65135481307209 104.3966606458103
45.92706445253653 69.38810780258569 56.68322249876958
10.49005798815879 52.98607137318073 78.02664583469677
52.86086375892003 105.8360710697621 32.24041195507935
99.55473245787559 149.4872512280432 74.50255697337168
157.3309843936309 10.93194779994526 188.7432280729829
31.43623294211415 111.3125357757563 82.50490300291328
70.565733325491 199.445768024279 99.18299431665409
90.27264193451958 195.0007233760426 193.7623625072758
68.75964666254561 5.248042538637223 168.9407139966951
38.53038605511023 104.609576889714 182.6128078884311
176.3546283184772 56.64875609156564 103.5614047464804
194.3301393051001 141.5639387364969 80.91178328560063
11.36096558934607 119.5412470078285 188.2711805610067
132.6599842393745 127.6668291526833 154.7358544368733
156.012489798695 0.5937055133702513 140.6996660104475
159.0493908844924 153.6660969490761 85.24916744275394
154.2998719968651 52.15416885317294 68.93332282076337
110.6656857125794 87.21555221359364 8.409762772352456
105.6427827692881 144.551331385937 116.2638206745936
166.5984481114061 26.56360706647506 183.4815640855834
92.40034390442486 52.2187532507394 141.2517444817867
179.6916054253246 35.26654490834451 150.1338939716496
120.3903153906441 176.9662276983729 159.013581467492
157.9506269081288 38.62882089076136 171.7527524613933
37.63021144374173 9.809806074433496 128.9576915339787
3.92555981665858 70.65024922959479 188.4166478217133
15.40089054955092 120.3974260219412 77.50045477845859
89.11572900129842 152.5294087335391 123.6477080127199
182.8753632371579 136.6391000447428 60.0672975475746
186.712577383634 163.6560889536104 192.5689213270696
141.5830266002542 55.34270338991498 101.2568047406419
60.13308919788653 149.5931808106721 4.107730367911226
112.4363110496921 36.28395264857939 174.6579125214702
39.75903033907147 7.138187281272242 52.18132533052417
172.5012379507713 197.5866807047801 68.3025584746778
177.608981876785 71.56669394988101 90.42266940917517
120.6986462495791 69.24331878234597 126.011107711074
72.11053821325288 123.6464871413505 193.5707036749929
65.48452407056855 68.97089800676409 5.091797203662666
73.67543125522398 27.26697902416993 194.553689087489
26.68630635122496 180.8773151037487 115.1076134810415
89.84263274967047 84.22157483225833 71.2334238937019
17.44401697209969 133.0121372669362 18.94615389684299
148.0151462224956 178.32541718781 115.880161233985
149.813277445834 157.0572618360836 161.4991279448044
108.8640353728481 122.5916667454104 190.9235068962665
9.73419451544264 43.88814433285667 130.8935052683366
87.94448835205641 97.42140340635487 14.76835142280714
37.08084400618906 132.5607483183983 46.66842414853124
198.0267587612038 103.764484111213 12.76250364375816
167.5700590617824 103.1795066030263 162.4088003520662
29.63044222701096 158.2198371098329 18.27983837677744
16.61709898343016 69.63444109657495 88.60495802119119
99.16595743098945 61.90045834345609 31.44432135116737
34.53587335128586 32.01104125943921 155.8318950026952
88.81779406834147 45.13182524507185 97.53276747448894
116.2419299767963 80.23438560323535 55.74102021511571
11.62297761841024 154.3591981024067 22.60953553746146
31.07359535501953 190.8978826383755 131.7061910091709
105.3697953417443 32.17285490640626 2.319251040348306
1.407787762429826 183.5855242812106 33.84440389120852
172.0341190076051 124.3642228523757 16.46400646750867
136.1481954539836 160.2749929099654 42.96990422215424
122.8287730457847 125.3078973976491 57.41871858252469
104.2677390276321 19.98160397595435 143.1625856204616
3.805892658423051 61.1092635556638 42.53881184236901
98.37907906617599 108.9835236901017 120.5541413779049
144.8263903172438 104.3971836492301 68.37924240114656
38.85246652856785 138.2788132558045 188.1177194847469
94.38364568093735 192.1140277562316 125.2559764605131
102.6046232807503 68.07705088534108 174.9393264153858
0.5912923169416779 174.1707393942879 89.65140074307811
78.13672952137907 86.49065148939955 54.62237839329578
180.6065791174304 186.5235679863034 158.253626377022
128.7531014891964 156.9721394586474 60.06734834569645
151.6599608976926 33.24158624858018 6.624517006418911
16.57777330485099 119.8192082128615 114.4110057300698
199.3263511906747 33.93922587762351 160.9697471272712
194.510714797735 18.61309867508491 110.69156200807
144.8059870598495 105.1151113132396 39.36367274890356
87.32196418000683 69.34253502700345 59.82377796022267
75.07009329031354 69.86892208433306 114.3429236201316
71.23370887399423 166.2580442666786 179.6283388909085
75.21967455187354 83.7389449175632 11.80377480628715
45.87359700412721 12.38000298919208 189.7954038238775
14.38783895804379 146.3442136094531 5.696969068557951
39.74082727524434 36.23942012416929 52.63368036469976
0.5420498176024117 14.89189852765404 153.1623733845767
70.79394820312886 150.8431922256302 119.2444393916647
32.47040397659394 119.412163504081 100.4837961188681
74.57112989271722 137.0008538068352 60.53062282967903
92.05441348937006 83.21272861227372 170.7532750405981
100.8545689604839 136.1661819592612 87.97514666305059
1.215531572927927 75.67244629657752 54.33385287875503
102.7499962551523 161.702909456674 39.59523861379575
15.03987196628094 156.8525758916774 53.30211743552651
91.64498058200752 143.1241541438284 12.52272884155055
19.83399693870084 199.1724690489164 100.0667125747166
155.4942232453807 37.50237356581797 38.92202566123598
59.55287462739509 108.4972761014034 151.3390664962849
150.4484470528866 149.3158862125627 18.59141217282177
17.44463614528602 143.8235460270494 114.9067158689801
16.66284099296326 38.66911774601366 88.74303970501049
8.395513475021229 178.4220182071998 106.8356809370919
81.49830091409689 178.5497778595885 20.07522156486601
3.241207039533887 185.8218551212545 165.6828913608127
105.264376475992 38.11657257218335 137.1628701720988
12.32934071514496 2.296050427467099 160.9292105177347
48.34782809454594 138.5753743383087 155.8418388322434
134.6839572772889 194.8819359566484 70.11965604662447
117.7209579455529 5.407865920975588 95.85196565767647
30.56750424131814 1.302228802121024 15.07194203567279
128.0907718620464 83.52765749393046 2.031373666209642
56.86729978801667 134.8217062199676 192.7473946803958
6.121177199805245 162.7467339907595 191.4072947466115
64.15997910617392 161.1616802783709 104.8417114972901
19.24324572743795 16.14191700040439 11.99553799064146
15.47510444194037 174.8761090638708 24.11924205748958
68.2796099100963 132.6292260940185 114.7892853592452
57.13986613587785 85.64247325320949 1.875420842750265
170.026026987017 42.6293525903539 134.2900299672445
123.2959808076255 138.2681802843744 118.8727162680294
34.24665855291046 28.3489035802884 196.6659508611523
198.3822535616163 147.4471739723249 60.86818451855729
20.15150575351943 163.9131086243805 109.8701535624413
151.4651496083831 100.9429341093021 128.3138911822758
59.3780628257777 94.4645458320454 129.1189439585058
155.0457241702528 156.250175818844 66.94037120590869
32.06292193346078 157.0255196761524 148.3088947350126
94.77140617474454 33.80523544994431 180.960827388272
17.27424976461796 24.29149191174789 156.4357973537371
188.3826932082533 107.9200712469412 128.8329420020921
41.60309543234273 21.87565140791321 40.46271292487553
11.46618586821269 177.9349691031899 181.4741199113744
180.8043171866655 49.97459535016893 10.07745634192618
163.562481456803 111.7426166458659 92.97066329787026
63.22435182910733 122.1766300072089 57.46264776485209
99.19089494983427 30.97962667211559 41.52353771575658
109.8119104911836 21.7814989755597 186.5200671699519
47.08743163089871 108.6627155861605 131.4149749638412
65.45654722423193 3.458109608307878 61.20663971922222
108.4143245742331 175.7417740974276 116.9822539953442
6.411602077534362 164.3610953708458 38.2324767381965
72.15167371438842 138.8911631252188 182.3672638330734
175.3578679494805 175.7296000495388 1.691410947858792
141.3100175894494 135.7965874098817 86.26322558268328
146.5820532091813 145.3389686241076 141.8817031467625
53.92727787796045 67.9554544020545 20.03563349908538
3.93573971306247 54.78562064479751 60.37023169427523
176.6927356315878 24.81700408280339 109.2948301627507
92.06535198773811 121.9788649690366 96.8852220656611
30.2767320029712 121.5812039051839 183.939563369173
92.66057939293751 195.4819384912429 71.29252429364779
52.28106581156059 135.929417986809 174.1570868709676
156.4883189957977 71.06048058030731 31.13560844257862
6.24885055323478 19.49931575144581 171.0438570015528
164.6118398993223 55.28900327244072 178.7506815423431
33.18303050196622 152.4601032723916 50.22797941297747
42.55861168197564 93.80547208450041 120.4162232563124
15.41831863530013 30.63055694897615 23.54408622275966
71.14443036101903 54.80071538158792 161.2142401962761
53.28417188220993 49.25229216049129 50.36176200219061
49.75739220743441 119.7972104931536 183.7123033633135
75.52617951456769 9.256059713680365 116.1559843142511
30.46071056409632 61.81859440603277 7.940918876858279
173.7562479690493 62.04438503266712 197.3273706155888
102.5250733320777 1.252016243250024 140.7910395302737
92.27269669129136 160.9489528472893 6.213825443400687
58.72747033182912 6.987739663268522 2.586855553557477
153.4865554867459 44.53409190197753 90.70244469970835
129.9014760567934 51.08908474479072 69.12069114342304
159.5624173337794 190.7246870306747 156.4451224894436
143.970651480794 57.63027591428235 35.70258720353774
35.87293361417352 19.22570336626799 66.20662949243446
116.0095145983698 56.3309556273844 57.39654167345169
182.4252174997038 93.3956364461324 15.40793639741408
34.28421339870962 112.7841130727292 118.1104307829801
38.85783807850174 97.57994560079634 165.0515946237836
15.01095125416679 113.0227355217128 131.9971571531056
128.0762670778884 35.30460251910893 117.9442097047437
161.7860474981742 138.0871807190335 8.428006391957224
187.8882588481088 189.8418238033865 60.48101129885502
155.4571435612739 69.18967858903591 77.08020272789258
170.8514505594356 123.3317654557235 47.09346023087381
134.4552716997445 75.05203399640357 182.8435001488087
190.4844730701245 85.19554096480155 92.95169238600579
16.94879784778482 87.63190626630151 52.10574997551951
52.48399483468724 155.6019783274244 119.1071556672689
23.14094787630358 53.37622784586944 50.80815934171182
69.89567644305146 99.57460522302206 2.926473182758756
198.1285798488722 167.5748617036896 21.52971821256818
132.7274883590106 76.48245230632108 28.3853637845803
127.0432772581378 110.0360969816582 71.52301742398218
181.5091123642358 132.8186275376566 123.1419445505278
78.2660593362407 173.038762195518 2.267899337085182
95.73062799702849 61.53598079832425 157.3768262972958
183.0440809483551 147.6488729913301 44.68301483395906
112.9446585174502 22.45849825676463 89.18999400065474
10.37237685785247 192.6839658372959 19.88825233340418
113.3445910468375 175.9464634032701 176.8685511470541
175.3483997089186 105.2296764474132 50.25756377578653
148.797510496289 44.27100375467661 22.57395943651953
81.30685910996775 67.7121745836634 77.68659344671498
104.2966071104967 152.0318436264217 23.40892242776804
104.3368038083675 48.94522166082786 44.46910962237216
134.0427333276056 72.27542277763828 139.074821237897
120.3436905274738 4.040169790820516 190.9067992759597
165.9637427639508 21.841838157515 1.790602219568096
154.6497551551924 138.7206067805323 157.6623585887656
28.12947041100643 34.80718422059125 37.43689489911083
50.38216256831307 2.369190007247894 18.92529581577831
33.21040164740733 21.64444132176522 23.5090066615984
162.662944832894 55.1702930510116 12.53843831916587
185.5893366095632 87.85536152802183 66.76150577990229
3.322827993424983 123.0872835771201 26.69268842878898
78.36808215129371 5.434460181070611 83.0219870298961
37.26451977323303 131.188358536656 25.33717516633057
54.19273425093284 87.3793160648361 79.12118778077735
50.91407886386202 155.5090239663208 147.8053258992026
49.54179332924451 124.1505385537127 120.8308787418445
3.705341404548403 31.76917637681228 100.6767639617549
162.3493386558604 116.5563548518637 31.61032928252996
160.2862398270733 100.2472864925772 145.0358590276914
123.032766104175 43.82649567319326 134.0643751040822
186.4368270441677 39.89561496629345 100.7223527158496
162.945526586765 53.2281260314008 31.37867374160461
127.8969955798711 166.6844367367861 7.247156920009287
42.8240997783908 188.9813073853943 76.81065809191684
106.2761359136789 191.7058792417737 103.3078154295068
38.52676765107855 52.7452643742559 61.79898025361674
104.121902478524 4.795692507918785 177.3838088472885
83.96483589003765 140.5893373982128 80.47765991154291
28.66906835492677 88.46530706262008 182.8031004918389
56.48663955278414 53.75104362466486 32.26688320668306
46.7184816942717 26.71524356456359 122.9729389798297
85.50043057832748 199.2745728271511 175.9612383997275
37.75740861965751 71.55883839461255 186.0766537819193
10.75775340582104 126.2219270377438 145.8661134244297
142.7593241702591 83.53565019495811 13.97930965921504
45.86100634934787 38.10651372367527 31.72492030220367
145.0500915470726 29.41550188231538 123.8710189295252
131.9740335664846 17.98346555324543 88.83611698788931
80.29898904148253 45.93286100627769 182.1393438233421
150.1509643825168 100.3219674707722 86.06995589248626
104.8150368765738 39.54135958647956 89.12119456090693
12.21000487236479 61.82739975486761 2.957800394440794
196.6171495632678 47.28042424010005 144.0978582797364
176.3308355126093 114.512414175844 180.9477957955895
148.3060069465734 99.98896196647325 21.49213283450069
111.9006704049809 122.8674151818491 125.1230780718185
144.4400428980379 89.40485845965279 141.559286676003
63.63846355703112 30.39931514597591 130.592730035075
92.05068577378964 179.15906242409 82.67263950178035
94.44125816570745 181.8096186854624 6.667286600943591
83.31079969948641 165.517067491421 165.084804640278
109.5542010850556 173.9531145145814 198.4335881249125
93.94119980017065 77.77461946534342 107.8610097822387
58.54146114318404 114.7037732761935 3.257073124392023
43.89712937791968 146.4853915951284 35.82555435895951
148.9639817587516 26.29834073403339 88.48355997210037
64.00738643610258 128.1463634441141 157.8251971494652
90.4964296125447 78.6746185307756 151.3113454096075
23.5581217775124 56.69551221070005 132.5637932035287
0.4664151119414944 197.2586277125974 146.3080652410325
174.9355142647633 168.5752222923014 149.7963606595697
163.8454335196922 83.82965792131959 86.16776401573503
162.2565233503472 86.44682259849566 21.75968222595978
188.3568845390006 67.93641077841825 155.0862173169549
119.0959621550148 167.1720382914659 47.39370389292586
35.88615647307456 114.0607444046257 33.70117130281766
189.1451067054478 70.73627344290499 105.3942449345983
32.60435412394738 128.7075163351057 152.279803456491
93.13703207907291 45.12498157788027 123.6863801664306
87.30019839496669 57.12070388450156 45.3826519511507
136.862701767369 21.64992365144493 4.481347834584306
141.914879877235 153.3620260497443 93.26388880466267
60.71032225241819 175.2307623084491 38.43771806781328
44.65737414013196 84.07921474343682 16.56969368811367
184.6628040918598 77.49930863079059 196.9924590846175
139.6433201271146 23.52753435101852 105.2179569275308
159.7900464559704 188.138454478761 126.9695956818309
25.63319514900067 144.9338849313798 31.14159698163649
161.0834999092262 147.8573607480829 173.59304195552
25.74407265382172 190.4032976915728 30.67845880373653
49.09050233341755 36.93333037255562 13.12079252651666
52.40973667384642 20.32366454157543 57.08258412306723
162.3942453046494 121.5498725301915 63.9225949510486
66.66766725646953 122.0181023359445 175.5251146540282
152.2495784869406 137.6430906388096 68.90952012859162
134.0158801450958 199.1776612292134 88.53215481873474
81.71169835464417 68.78069207575281 96.57082318740069
62.7439005080444 106.388661298927 186.7914103397171
151.4194088082194 93.54528007789663 160.345406187306
160.992361850302 61.76826555568612 93.6288419865829
42.41328278994843 105.0472154511011 1.123620420329711
3.012533148308516 192.1577982465946 94.99205424960087
42.04478573365569 53.05936667394175 20.06547902488167
45.9905374659745 141.6216364156267 81.31967341134259
196.9368823905561 52.66401686860689 162.2316396086744
23.43898487900245 127.4442201644547 0.5765490695959711
170.7340900445169 185.3620593898263 142.1498168168984
100.2019869857232 12.01724634670906 98.55763110441013
177.4063082270542 98.85696358454621 93.44824883376816
75.47030397272522 52.76253362967049 123.4130595595747
158.7415778704585 158.2092660593277 103.6117318662752
118.36719075941 35.5654414968729 101.7089166199827
112.6452414221352 95.47405749927276 150.6539073572267
153.2076629500606 158.2223274718284 35.05288620470331
170.7058485028869 74.19010457383445 107.8405840231559
181.9818726274006 171.3773228913398 128.5722465886847
84.50463008435727 37.29483748009527 51.64042350312937
60.03412830611755 61.77387205309106 131.1254593489911
52.70781984483871 86.95430915618226 97.97679250781972
117.312333938022 36.08411197065787 39.55515639044014
114.509896003113 18.56579030946645 109.0609645955665
145.9022745417787 171.1336953635178 98.50964731650522
196.9547179226231 156.0754455552319 6.552903366962643
187.6008580025607 62.71589375564784 52.16867853158698
84.35904773877535 34.16166199882196 15.63293099962982
56.08966172957725 57.02392065145361 67.38088171980522
154.4660613232774 34.04743561645357 61.80123517254346
9.003696950093673 118.7499151599118 9.176006627541208
112.2533145539974 45.29035539530015 72.70350944223439
147.0041212013113 48.33762421985684 51.90025553711102
43.2872539651591 164.4134218504242 29.81457707258021
159.4804943337364 51.57997875568166 121.3827588103161
125.8928803080998 91.46062307487684 19.06537077859631
93.87393860814979 52.60688626952994 80.90512001489178
68.16978885068609 24.86212085613667 12.49314503838558
90.41504007308185 111.4091577973132 137.5426716818203
151.9460761734003 9.906254167103974 7.031931852157428
165.356576054074 17.48436898764225 36.29725314550333
187.082078657177 22.34915557904901 93.67784392237049
122.0618065242833 120.3435314736868 140.8806337683589
119.9982121130598 152.3839201359201 76.25011849986966
88.42862084699985 38.03895091077246 70.13280679026202
183.5613292130417 88.9096578387035 136.5535855232374
104.2352764320423 28.16868016525275 73.39570395957924
90.49005646249034 59.24907341332073 110.8643739818407
0.1968429231450645 140.4686876512759 16.74294432064129
21.32343486402242 141.8725727960746 144.7073563492283
3.395771300990467 108.800305230252 146.3212083042888
125.1372301166839 172.148548486273 125.0663602942405
152.269809811109 44.9286272077667 188.6631008210706
98.89055714000828 188.8424788138996 23.94826937248055
145.8162631918942 91.14566069103688 54.91309715783451
147.8628593140733 64.60978050620037 128.6747858598696
173.4535136028608 161.0644251715242 31.70524220895738
111.862022857513 83.08312361786656 167.0298137292213
62.68342783252108 68.46256923082753 80.93074843650464
81.59914350769209 20.49973413703304 72.04397978175429
84.24015153008831 109.6792096124033 84.82684998206524
29.35829517509061 1.286022025536965 68.88844988884328
133.0805168622583 61.09674800426763 50.77933417206145
130.9681079879456 136.3800219915262 136.0626230887979
61.9418669365249 134.2217287719969 74.33996514310637
102.2407021943417 34.23934822448579 155.4315419450844
146.8428707362671 86.59796273278562 36.05610251888255
18.22665009157736 132.0838549640555 100.0005527251967
106.2229096760465 46.14515630661431 189.5926418610468
48.51763921323762 20.01512131404746 140.5867359698407
136.0235169224397 160.6445892734812 23.22838689598437
129.4166057346782 123.0853756863448 105.3131675279625
199.9544381704463 124.7521254294347 87.51859829613571
179.1574737414426 143.202822403392 13.9960340057212
90.19080286483141 15.71377225334216 184.0650608859889
81.00051887216398 114.6051359021932 110.3432069425005
6.235831202632042 88.09294643205845 67.69225739717187
41.94348550819965 101.3737583118022 70.30909830896135
86.89016137650995 75.69073478289222 41.79043738900924
167.1635823474969 41.73319864492961 199.8829005410669
5.093260967307782 30.38526303253254 143.3053254825708
0.9697033721965748 126.7852360516379 106.3003774414639
194.5393000237903 73.21768484630699 123.4241624940841
148.856358107809 148.6298601488374 50.76814929556414
131.2451489581501 124.2144090273396 3.082809947962246
48.1084702082391 16.51294929727285 84.49166060637678
125.7681246231155 89.2794756879923 138.5156728211135
108.5411565473744 8.194119009334644 157.3298893946951
31.607348101493 131.2833209766807 115.1892512476557
109.4580560179212 35.50243975910944 56.75666041559758
8.900439805208325 155.8651831670853 147.4993597935289
8.806673079940952 60.07460269620489 121.1437383857198
67.38404780258259 189.5847768011474 26.46218335993214
66.31858861206506 16.41723737125902 145.8877714884126
99.70778641618864 10.9073013109232 79.67791675123871
62.8299138127278 18.22813719589727 72.73340201695343
38.60801157697779 116.4790028678124 165.8780519913347
195.4674483104464 147.3843172032424 188.5067684246139
33.85038293485456 99.59883003149703 17.08954221592972
108.7808207697442 35.13057826201107 118.815168401318
105.3702065070387 48.625538277046 106.0021691690464
186.8364220782671 189.2802193630775 132.29232210692
185.0387960569944 53.00465064353995 87.1533313423797
59.06918061159384 63.96182341043283 149.8924877926051
123.5272356781655 153.0606509291709 131.1321405276926
127.4976912471727 56.55908488468663 147.3257819529963
170.3253344903652 102.360443153258 127.8623068839182
105.3517129833821 125.1995423456205 50.17576202273457
94.81561070419133 22.44774887835539 57.88476515025135
0.6931851683835792 123.1204659094604 124.8587341056103
140.1170395669725 143.7166929579676 34.72431011625213
119.3638007927602 86.53519283217089 184.0512039346426
28.46634379367481 193.3871549955429 187.2574908463568
137.8958943381386 56.52927512475188 184.5723240483877
180.9531212502797 104.0123124229031 147.6453143797742
55.18614447189576 132.2174301231258 11.41277058942861
177.8795017742845 30.55959500574248 41.78672605862161
42.05246630256005 124.059129277797 0.509964993612675
30.17278988245623 37.05370929527974 12.96164237436342
179.710101146051 150.3871381044663 178.4764053583678
47.9526300128268 165.827317781382 48.76903913995901
98.68905542849303 191.773397763321 44.79444458486891
197.1307782010782 129.9352882802986 181.3874838063939
144.903468764743 168.1778889037743 199.0942853120536
69.41728792519137 48.59641811553617 140.9351617947509
87.63190793300041 165.6391524663088 95.14684499179091
48.40422213168135 5.366616436127595 69.1750103648491
104.1504511257273 157.0752735804599 168.2228429313846
121.2378416051541 56.47249348272832 169.148012548413
193.6956364772698 24.37166454280922 26.72145024773186
28.58380155254255 151.1876760866217 93.06651107353483
69.81030344978114 124.913332048726 93.4931574702468
116.4797991724306 66.04069386309004 193.3829683011276
167.6733940476881 13.76263364942869 85.61691424101043
88.20401231446891 105.2796884263239 62.91029037279547
58.6422305769647 6.89929033782498 39.58088583325547
121.0728487242224 104.6647107832579 197.629542282641
64.11742843685396 61.78942991769475 183.5985246199519
27.9462647881716 13.19527455877163 173.2873201550871
65.14845465293168 166.8956799140818 134.2727584064339
180.6910177584663 40.35935497741365 172.2352113824006
38.79896586726691 169.5772813853949 130.6316991624495
147.8746858058466 121.5248804921135 139.0453190464423
21.77484967266101 37.01798857947724 66.49079888331273
14.52002649304411 77.94664005814995 31.71702454149118
72.30244321622204 185.6988255011208 73.58184857379601
152.2833135008044 196.229973084453 25.20024557951654
159.197871405274 139.9757816349089 123.7852521418304
53.95039636868034 166.6983796989057 71.65693526420749
81.65791799988361 122.8779600850459 44.229540926241
120.2763976998009 12.42677503127335 70.1896118751537
141.0012153662927 176.7188660808539 168.6525936431712
196.6120615156334 97.33117372991538 49.32268875706934
184.2123469157051 110.6372062990288 30.06863141773328
184.5552653260053 66.05042436164588 177.3885429892483
146.697228784823 14.13382992080017 69.44962266450139
75.79900675671907 26.93201740836859 170.5583741560924
82.55796904863995 184.7566125593833 143.1843430286398
42.92805746135677 123.8791361987195 67.49086826725708
145.9136497581288 21.93751518543674 25.45538644179571
136.44770374495 165.3895560947074 145.1486707931783
91.89846465565134 174.4876707462797 184.1719782399901
67.29595822272393 67.08736361697194 49.37018387305751
179.5098578488272 5.97572587043646 145.8195233651548
25.46925912072426 16.20759717713378 86.15801511788401
75.66046382092857 63.18609997712966 24.544068762569
137.4279115220874 141.3395122961285 172.2209260493509
83.94845972394877 31.15515449272779 140.7088723976933
61.47541518938828 168.3591286871779 16.81366443167514
81.0372194782319 93.31456426200297 118.2244566313852
101.5849175154656 130.0325261362803 28.31581790804761
95.35529986478961 175.7026353736036 60.47948201861067
2.220626582625366 42.4750586078887 9.369001362383939
118.2679299077323 188.1889297499173 55.93797855410872
107.0379805744499 69.57732986496892 73.54883028726216
55.75369407549096 181.1777718199918 93.76157430427064
186.6175013654536 50.39438306624508 32.28431803407371
103.5537873740289 101.6022011784278 177.4611363375285
2.896614244610332 151.9337461229951 99.48001251980318
187.9589546367293 125.2123591660639 143.5367297176209
139.1061652146973 83.74017060323287 120.1453606857056
179.1949273108431 152.0498698857256 111.3010601137412
129.1929445978154 182.9996683641176 191.5138066323068
28.05512725158259 59.90014470115893 109.1075491577842
145.7891996129766 127.1596909850398 20.26419731209523
6.872401255547012 68.8723729377793 141.9826475087953
77.67629534046861 84.05043092364747 188.3023893800678
169.9624248773216 176.8460666474037 110.1052604426949
17.80707200882091 46.93697014472728 152.2386647299162
87.04046970779129 136.5152968678094 155.8320890600589
101.7709528343162 20.58410053254676 21.50657201155424
30.78720110753905 86.94840027192879 84.18658610772934
107.9965270259098 105.0823414095592 22.15951417384966
131.9060037543666 32.11293656038089 56.82063409477483
41.00662873224343 140.9984896770163 133.4285769655422
111.1848015850017 89.15868289411793 120.6942175921856
111.197512073097 81.4282769322952 33.6382480186155
138.3644033109842 98.326399005773 178.5940399125244
47.41680357118032 195.3123226405089 174.9052607361795
3.995469411364167 82.42379595500562 7.827541736011441
9.952723040712122 79.44539949433316 107.9630484812937
135.2948653414695 13.92342365427156 141.7665753961572
63.12299402668888 85.62835978818109 30.92193313736522
77.27328632689949 32.65519256565525 112.5814330506624
183.7154177852742 187.526667121678 183.5194507590205
53.85013511494909 145.1981686241456 56.18934021882199
115.6571343138421 1.181445609528421 33.00563873769444
19.30885298251149 170.3176064959464 161.5775810878961
161.3277488931409 178.1436851662245 42.30574402022376
154.4915722947036 191.3370883838603 80.63134839217331
27.09071190651176 39.53687540545841 175.9151063931716
122.9203608356948 119.2123091618858 173.4191315732178
90.31946572741984 129.869048223686 124.3279953667485
126.426197887266 181.2549623397589 104.3102483289173
160.1176943065924 22.89239182330131 139.5513045188224
145.7968582570999 45.16354526986482 140.2064152802192
169.279961829449 173.9338562912097 67.21670308925452
181.1245744629384 185.7007144201711 87.77789143294476
43.76418572475941 48.85081013199469 194.5464088619309
34.73534597565645 35.26004564358249 102.0533968605134
109.1290941671899 179.5793475565906 139.3466308958799
169.6919620415504 48.76974843605154 52.59218229331916
49.56407938022625 138.9014070836318 103.5735448545512
196.3397327073162 89.18782727851502 155.3193097004409
123.9824295452698 196.9898533622696 169.6357896552407
66.83657958506926 140.9433944346968 139.2877712717792
57.0397415845794 191.9024304167885 137.5029029698203
196.5491464339665 174.9054373155585 146.9358252384013
32.45917974875825 54.15266408072336 83.63032711115892
91.68903245408988 71.90299093755888 129.6751228413317
64.13135996893156 107.2761901168252 74.56695701826173
55.75966324803809 89.8496789545048 56.46307928852427
133.0546492641292 105.0015485797292 153.4974864493531
132.9420758345785 73.57846123606247 69.74217138489493
174.6755859579343 8.262743232907082 17.76290909242094
49.06543499984721 36.2720805157626 73.33283342743005
195.6877201259533 70.15285382678367 76.76381587533284
78.98015357246494 23.16462988299641 34.75192809110614
170.7952037842875 82.29122760967242 154.121347350567
170.9519841127797 18.57083750798505 59.77791620595632
69.20945120544879 188.5020014575503 188.3298337209607
191.5248960653631 7.132440712359749 76.20087996581064
112.8605549411788 188.1980457093122 81.86623191558209
56.77862926064196 127.8012478079562 36.43362425489155
138.6745497679724 2.53326945008126 47.03121486516588
68.21815141243215 46.43602273285519 5.424303970731385
119.0404374913365 144.8831761201154 43.08016857056484
16.69471537220806 11.7474674888745 137.5224125968111
165.9254100947801 139.6500068284396 32.09835311550525
96.13065622880534 16.59302694630917 122.2410878248358
181.5668604459055 183.085810293011 22.2520238633766
150.8656900971672 7.849075786989242 119.8124994212136
178.5992664315528 71.16064489295209 17.93188035442165
139.4070099565612 157.3220479734024 115.4772335163128
47.18605590193174 42.67656951568732 140.2876449598047
72.34917376153743 112.5225264820427 21.41252188250401
195.3012069175116 165.4003554368574 171.6262339806115
85.85069338827462 8.540549524296566 154.3647272021643
52.85187586219145 87.24708091092533 179.6393475765565
26.89803626530391 107.9802758754356 53.64223920844984
151.3818507016791 118.3667418637281 167.1725296483469
20.13068724779518 52.70396849152022 25.98582943917888
148.3460624400712 126.2949801795671 46.73145333876688
44.95046252651681 194.320831806172 114.0610728006192
147.1861829416487 56.99400586636303 163.8629351993606
142.3461829391936 143.7101784444182 198.1382962439204
132.5793276949023 180.5962891855674 33.49832628937966
174.7242896206969 131.5750090360626 165.5794864927567
51.41393383169017 87.33968292521524 149.1492556430207
166.8154291595126 91.37910084983655 199.0474251620187
133.1140845377945 101.0944510377134 101.0549922078597
3.902076759688896 54.44994517385644 99.70286864342023
169.1211572976361 33.94198084089889 21.11658423082535
50.42969491565122 187.3731654265391 55.48057508795816
29.94053626921419 171.78239994304 61.69702925312327
150.080859972923 117.5950979853935 112.945300821115
5.106575428239744 92.65293447019049 130.4549087417594
142.6402990156396 76.883625730687 94.16631693119017
165.2642230156293 156.5762390096267 194.8597726703508
19.93263434466674 69.8418392364517 66.10503799546407
104.4164929044029 116.5601140379506 154.6549871846482
168.4898345620253 101.5386532397288 72.74295186807473
57.43542577702787 106.6751769032834 108.1817331828734
36.4338844928709 65.49677490829151 149.0609642830405
18.94239835819187 106.5128845931673 171.2950866469226
3.369976323725804 48.47233157958507 183.5962991369303
66.16842327162173 150.6791876249567 163.9106504931681
157.3598329019086 188.136181127555 186.0755869689353
185.7043608735756 26.5280452402746 130.0618018868314
163.4129219243999 135.4217719183166 98.03619670942476
127.2342183273351 37.83639413526528 191.8048106294448
109.6868128537102 95.87752909615558 75.22331353930169
164.0131222850279 80.56479918326197 128.5764243625342
125.1711482815948 120.2865887871238 35.4027334308787
130.4091896044652 0.8863002796733926 11.01010200450601
168.830186186472 169.1091441707945 171.6560124618305
6.99295498419976 0.1472786804659282 182.8907657520088
82.64328082032277 157.0555638443219 28.024007342485
37.44183018107661 89.97035133475178 37.3329711740729
198.8731857501291 7.438358923958957 7.024328061990652
45.44796594916037 176.1929061977349 155.4015671923689
124.0712424937179 142.0148283077245 17.23475270304689
89.56355078369475 124.0353595728945 179.0571504876726
71.77675266053048 47.74147493328918 82.76131398423036
121.0233344613846 55.4222694336565 91.02928132366914
76.30981105461059 94.92720304883788 144.2353518070924
51.01919285932592 45.62357749001301 166.3287627095913
77.03584688791084 102.729949477332 169.5357463908797
183.0141728147954 150.5147101888036 137.4654591304197
36.34674347946179 0.7531152286719233 151.4665628676004
85.09832827597053 144.4252115187349 102.8249970844871
123.9327264713247 34.62974815093754 17.88813888618141
54.81672108077548 46.4512919412526 115.2068968388944
73.72497252225715 186.594835206374 117.6295593333317
153.7964016982855 69.92950238724782 53.64958293987797
87.58258379738861 97.96590335758357 37.46144095803583
159.0427281520825 165.3644897586004 131.3289351179457
114.6934591867635 118.1855694953869 88.74138502137744
197.4962173805437 34.26547703639152 77.40057186001995
112.0086634031766 73.14204160579754 146.6190677436855
121.3374532113256 57.03053458562844 31.78018945825617
72.9904921662188 163.3157346244963 53.55846047098653
187.6603619828145 18.2292403602416 185.0105357202695
199.1268244211973 141.128964997735 161.7375000228994
90.38451647581286 61.76907158645464 194.9024769997063
22.58127902767303 89.03354373756936 151.7310589431987
8.976028728861344 187.8727298161511 127.4693917924877
180.4648770353398 116.5463529067186 107.3455443168413
178.8445161797538 125.0542739094552 79.17090742830841
181.0370377633566 159.282100267991 85.88804078050205
193.7841101412074 113.2025121312142 166.4135731721676
27.39342524447888 78.57548221010015 127.8775412495614
159.0875269273038 170.2252017388665 16.70182845898342
186.7073008919987 171.9087239996064 46.6096804931636
115.8699180003102 198.9358953315228 122.5714503998429
110.8088679170268 102.8422085203502 49.22074173861924
116.5507141127704 81.03857006790342 96.0610864098023
194.8390299536514 103.9529690460289 79.82716866711007
178.2639957115749 133.4438567746955 193.5175634324016
0.0221852724590201 181.0572503196271 3.36265517666571
16.7596760795008 141.1201197104641 183.7313859732735
5.050152258419065 141.374817441849 40.03386713078792
108.860084546012 138.8125874779306 140.9947180645727
184.4145468450571 91.21159829062616 113.9842037190313
36.81627186349497 179.4969745258263 14.12965250782221
14.97833571866948 105.3732575093661 96.97088296309961
177.2811154580542 199.2812603300596 42.7668900664525
20.01837263815371 135.8685694765982 61.27450492781131
20.05490511026596 101.6260296733226 199.1736523469969
56.81364677946257 16.38394992371601 105.4584779618923
133.5928113285048 79.48990415247387 160.5957508798255
158.7855192664349 116.6092014098928 199.7386124083446
71.3593998647105 77.39108747617657 163.4575025594462
92.05946412464958 160.0895624599548 144.8510209758788
15.72236539475298 104.3435284172651 29.90620328239262
10.76914365236508 159.7085120389412 75.41560573361392
141.5684300601113 175.8703954148932 59.79639298440078
76.3443215746489 188.9048520419088 47.60290747742466
91.38893023551837 121.5760539332004 5.38003792389316
6.948334927893071 38.72090613707266 44.60947263841813
98.60016670442489 100.1848537128154 99.62715301309342
68.51753642611084 116.0765599712809 130.324905074151
12.24215174675402 24.91342120744149 192.2611214522982
196.3380986854279 15.45818168864631 51.52235041286078
12.89818952880634 67.83473643512991 167.7534289507013
169.5488527870802 5.627072033250933 170.3588253242206
181.2863574610427 92.32929062965498 176.8842332179708
170.6437092180067 38.64840052848977 77.04979185711566
41.30582733781573 155.6348653021008 171.5795766597089
39.42855414965611 158.8008872603265 197.8088066560742
124.9292422527781 34.57635970884191 154.710023981449
121.522442770366 142.5256775504044 96.64362687892381
100.072883107197 187.8579816638002 162.8193433013768
51.67531884102056 18.98746339347597 163.0450735470073
159.258623374724 93.71635594509168 106.0830562643511
74.45631031327649 90.76467779919078 92.69584020111232
176.9733435516704 3.813915502053857 117.9084926959979
15.04080834662869 10.23575044636158 33.50969592642584
157.1215758541957 78.09584649540641 176.4137382026015
2.334528744978156 162.486964207285 123.867419521882
94.15323243053265 144.8496201402843 52.14371031453548
137.9843930888441 188.9924079854956 133.2296222935021
122.7818203133447 157.6938386731681 187.0380340151141
