3 1024 9.46812953652133 0.6535 1.4 3 1 200 200 200
168.4403357550807 138.1345996864327 41.16920324124839
149.685229245883 86.78679360568371 11.4982435015756
127.8978080312615 6.043212679187954 198.5648753465317
175.2104160324917 40.04819927306948 152.4215665177444
118.3661768383148 38.48881709376203 162.5942598313459
107.8832149817249 58.19297640334018 152.82823687478
159.2312448047689 163.5796725046299 107.1889318229771
107.0311409737124 159.5819009195034 131.5030998345947
172.1665204696076 10.03843939816459 70.66801416967134
158.788352369855 121.4413258485582 2.301994232784372
104.042903711105 103.1920186157648 139.4374420103145
67.29649891901101 136.6842762243236 132.438157371037
8.779687423051035 55.20800971802311 113.9396574288574
8.344309653457211 149.7327488424617 162.0199427905306
187.8678264090377 79.88452052465529 97.88308031409937
95.14533996682304 38.1066620812326 33.76770432222047
45.45338697556372 8.546334859899781 186.3648599069151
174.6781478307994 171.6352187651337 143.2147492228656
2.229581910538937 153.6033430795055 109.0416752646616
184.0104817545755 4.882388283578821 164.4869759756181
54.4429340045789 90.29223784761271 167.6042091146924
147.4673462573201 32.70479992561934 127.8069269925442
86.09127132024821 173.981749259134 52.5818012230499
15.60009337648712 20.37744134452738 5.298719310962128
161.2574417818286 64.23694956352716 76.2676236866227
47.7156100915281 194.6271881837143 11.78817701469801
63.81292043976691 33.82559831480141 169.2953401353467
35.18474191772725 166.9614200368266 109.064097789655
173.5117930449338 73.46880248549823 87.34058042645312
146.991600064665 147.7061771326361 107.2819957263637
69.15273346422413 131.5179795533002 43.26430348707716
170.3002390091486 139.8458230410128 6.294956962944783
190.7978332874473 119.7800188373955 72.00530777405731
150.5950364476652 134.6641964868651 131.4908449911527
141.8317121949784 29.5045535029454 32.40393417013074
177.8817371800683 162.1659754047453 110.1049129524696
108.9522006606824 52.69959719576759 83.89142620473613
14.33937193576325 11.63140346869215 101.780837866241
1.066572683626323 140.9215110688869 91.32241632516524
0.7921139421871907 196.2226053381987 163.215777763576
195.4831210898078 10.65327726121365 100.4877506414177
3.736714927934126 50.85247333041974 79.70911183872684
121.3231027978719 98.77581749207741 105.6799970387454
163.6161360662478 105.9869650186609 104.7204459360397
84.73182034588991 155.2527265145082 54.97482937092321
142.329211607653 121.0657039231945 177.1268083142315
72.48481203298218 18.34566425609445 95.38843519218314
188.6057178168991 68.33989502567233 36.2800965398574
29.8657218087469 36.32921944543084 167.3496445376682
8.604961772651446 188.6902968249985 34.88768627233959
106.5509745373934 125.9552167063132 186.8360242755423
4.460293288122294 189.9367629638946 191.6272932107168
10.6085143617945 68.55071568510834 40.15031615040026
62.01871860163932 40.79560482061301 186.7891888185192
165.7156818716401 74.97060381424646 35.32342695855105
55.14424590601457 31.90233897150231 135.823169311982
73.7554299279731 137.5573226632315 93.17055834324947
116.3374582536328 136.0697123087005 120.4787950470133
52.09615690187548 124.9935424616737 48.24471855540641
68.5202979017786 179.4325252268856 98.21784370246216
21.0000253892248 48.87355288515703 15.79617451630223
126.6028239146582 87.56899212024317 58.93666102343974
76.40235827108319 24.20626811307232 158.9475744145827
134.7183666859332 68.20610177273814 54.13194333382459
8.824603757418346 193.9375229183942 106.1414967581102
156.1633347326236 83.74803196061738 182.3948373102274
125.6746031828913 196.4490578956782 49.83669484438803
36.59322558252329 60.42280181624589 127.6428978756846
89.29416789404323 86.88090589713475 167.2359402089178
170.825920878831 171.138289837555 197.8293074892894
5.085151747708149 120.7195317240881 59.61340414090288
97.27049919967003 132.94822705654 82.65296831331933
156.7122118372114 39.79879337644697 26.84757580239906
18.28431091129372 40.19482890036043 73.96590317220044
12.51791327879126 54.69239580912529 63.26017442541921
117.5523003334187 37.82009777556797 181.4998533931662
122.7146379171244 11.87880011752983 96.10842396958765
26.99232889025128 7.151634135709692 56.01906313170371
86.48053977177734 138.4775394686025 46.38097851598282
189.6835262283977 6.849374207046315 17.77522561140403
140.4489944844227 2.798340811816116 89.05150298227211
141.990867985008 164.1750873892105 99.39309056837904
108.5668517952851 171.3707490242817 46.56607979991441
132.6217149026777 136.8414266867162 181.0506813653202
80.717092016561 38.01404620140286 187.629354382171
37.59893485144796 191.5657620969916 54.36632368221725
93.75413190827042 58.75680332970475 23.80213119820643
182.2831747940864 152.8589252235092 13.04093860461179
22.18844999477303 78.33885927296051 5.085042153856373
84.40031817698679 38.20457370724996 169.0282108441273
88.19499723314357 185.6588050236676 67.32597982391455
41.98471119503742 162.3876773416245 91.99301105570464
44.48292685735587 182.1477264515495 164.5533975298845
124.7308895502484 50.34101206254694 149.2731831058213
188.3197815014636 102.8346560889909 103.1197145572791
158.2378972617956 26.73470378845131 106.4131991608713
36.97837246076038 194.8814318180742 176.3737388740545
44.54898315030792 152.9707575772055 18.98760223633533
25.39111767789282 50.71121988301789 139.4036559234289
106.8377862614092 93.87468915199271 164.2168970802287
10.6190155611646 4.006776683709579 46.46302385174283
107.3281281300644 148.4921625100678 32.68426572908096
151.4823546159938 72.64684116418003 147.9001375800411
79.58545226616245 79.13611749749204 145.8164623523138
36.24839320781076 14.29966806621812 98.9061218197196
65.52513931618201 154.168587682776 20.77745283791286
39.7259535891247 47.01008214679868 17.86033357633774
95.33338071755516 181.4343388591659 84.33734720403753
195.7617902281428 47.53783079268106 96.55226869071642
89.83458114560517 144.7920418724896 69.90250646928722
109.206202504746 177.4201447661441 188.9134809245491
4.10976720181849 106.4310078076542 73.61150018490707
120.4777958591445 20.90340889033824 189.4878301770631
88.09715726383085 53.57087445482424 179.7768806531183
28.30899353817353 21.58209800778154 155.5959033394778
192.9047199189361 0.7004269651970485 146.614810129566
121.0024182441778 24.0588445456402 81.71774671265214
123.0018762446343 188.9652586949598 21.73195089943189
18.48450056451456 188.8665058094011 54.66819310582709
81.57983409226642 153.5318663451395 4.051994107895997
101.4458964394882 187.5634059933481 53.31982718351721
148.019576757421 130.6810073291651 149.8171652404585
151.0278809412609 98.16601334797407 171.2829456048124
126.3819209321628 190.3323820790072 188.1244651515386
36.0914439115549 62.21064945499197 149.9712476750305
198.633352632459 139.6920081355057 140.3951552732837
146.9046122140922 70.12823765858836 191.6869025564382
109.4113852520965 159.12184430287 183.9302713454954
96.65672265010113 76.46014199112898 17.74181882121751
107.6849475898629 144.6091854010264 14.12919929217009
160.6876473292326 144.6258507416306 190.7054047304886
148.9581397057385 3.463179066653257 28.37446357477041
172.9681652973235 114.7483255922586 68.08744917654874
105.1570338141165 141.1832539748172 135.5328006678828
187.9166117413367 153.4307209688317 96.64855376488926
34.60280153259804 117.2813274764812 46.01570581541672
20.82452334062218 67.3282567904842 20.42228782946565
156.6147999420202 23.2803750979432 153.693022616741
16.90718396195835 107.397831616529 153.2070750632122
60.9956176234212 100.4644819445221 77.11587838914214
21.11741391142721 162.6886012781738 188.4783400870591
141.6421035056343 52.22044732242387 157.5566359845375
1.347416466533755 67.66108071037129 71.34384396985959
95.61776318246466 139.1554710101354 178.7958800783748
91.08461676402756 9.516146617876709 188.100493860911
154.5705398304499 14.61378944245507 14.14223132786057
121.0264977012256 41.55340551294916 74.50079905041301
153.7702073074414 165.8961516624546 84.6745824453791
143.3226752912808 91.12125460283868 194.1983550677029
113.3564719273197 105.7721954468308 40.21191897027604
34.21294648421455 3.667005189904002 21.50698710160212
55.30235851988457 13.30882841768829 101.5350025749103
76.22518219885538 125.3458965879822 26.83299553845525
127.6983183777386 147.0956074282839 63.60661129130581
58.29389991025494 132.9736987949266 69.92953407462535
3.468776598122793 77.29314517850172 87.49411507477315
60.66261419238581 47.04504634435045 80.72968051119641
180.0087052188531 97.68492807695547 2.240028372988137
164.1186544734683 156.4166521079578 164.135494876958
71.63727722404356 42.4045332281483 95.42484883823839
81.91169367381082 65.10836346130814 37.14221405917944
103.9651737945837 90.04215775684811 72.70950181658391
151.8021069469033 173.0417874010296 175.7177243041807
133.72628923778 92.79843128733528 118.6646397822983
133.5810237396582 127.4643943224189 161.6145151215949
156.3316093192962 174.8397971681372 27.08678227095555
71.7836630035539 78.55256351068127 163.0565217581806
103.2472422091936 24.60679410759163 98.63721813606577
190.5027961935642 59.58328207987129 19.61630359524383
13.15029475630813 68.21867884585485 126.9825339627784
16.09089765880695 152.4000351886101 73.93668913949935
189.2257766425615 124.6525054111294 33.95480945297157
108.9513333849258 4.820157582556147 31.24975637576122
18.9264710915337 159.892989219839 8.108736124591358
90.38088656281295 127.8239317204395 61.52720088300619
191.6386718701876 110.2826327337833 174.5712067328292
95.21193394028145 125.0159438765109 28.58620791012268
15.79765202646311 130.0351289480051 134.8034385285923
92.20387985647305 103.1032592600284 96.52077134652698
141.6695938551083 120.1551482169634 123.2553448668038
4.351147148085248 12.9596340301286 137.8493489791673
56.66228281703309 154.9480686436674 174.9297825401708
19.55256607698376 87.25647380547575 47.30467764490935
137.5906940959732 90.77493997288113 160.1851073375508
177.5710661893373 91.9555994053116 87.55046229578616
110.1994813461643 122.9419858901139 135.7691840991756
180.6932884896426 110.619298846514 87.63463660583004
41.34581093969792 1.460056462102851 155.8458703263461
62.65038409454473 21.11120646861944 49.10045787341323
72.56807490072299 98.66910767410496 14.83907210648944
8.423361201154556 99.46134568568584 56.56229761773017
100.1651412170331 43.25089971604374 97.73405477274947
171.9148436806655 8.764304524401926 9.326564002617308
72.10984234845753 173.5081122020565 10.54646682026768
78.75706708490269 47.28830336747951 31.57517748132601
104.9135896255332 34.09636339234054 81.82239045879346
180.4431092592463 189.0162712704998 138.4784663722945
32.15830149273924 164.7711072390886 28.7389084817551
137.7457977926205 1.698074279191226 149.5818675148467
197.344930598152 157.2859710912245 50.90434859553633
75.64124128329452 114.2989694363377 4.614267859439283
79.67902976188439 70.47505565607791 178.466212484582
87.70432340003136 92.45678344891566 24.33580920592522
197.3330844941893 94.09655880662859 166.390471824684
70.50176922964539 74.36799024239225 196.0491928039432
104.1034432104085 188.8372778026238 21.92410363045554
161.4425653605704 156.5543664935231 5.389774031406525
50.32255481888502 176.0049087370591 102.1639773042862
41.26853869867456 181.1275970082174 145.9256872497682
172.903035633665 53.71458859263058 86.8342662475214
3.077539637536079 198.3871996103951 88.24068950519373
97.79065181390207 193.4874216526971 0.6909649852177614
101.9701984727589 112.5221213762575 53.7506396497371
163.0906727632869 46.0154876080732 71.49873337978985
6.432716093571499 172.7564919644328 44.85346239127774
64.6460004065821 42.09978772514371 46.96252968654561
188.5593396517004 146.3295190944055 121.9376104010582
95.16816715395903 89.42169142909269 148.9206073795655
157.0030800527539 173.5602794048069 157.5252783408227
15.29348830829274 132.7204715353315 171.4068498513446
22.05211742188581 112.3172390835259 59.29502185310936
16.41215774298996 90.41994936639949 83.24276068548146
23.68477897831298 188.0510438652537 23.45382504072792
3.085845996342545 73.19965194937626 23.40821989217849
86.53458730415176 115.717761131344 109.4542357648744
63.60142370019613 185.1749251755406 45.57972940686511
181.354353491964 125.4117847331202 166.2542227482544
114.4359997911116 140.8609142175483 177.6601685383108
108.6789937827783 4.779252775505265 50.18264668640795
86.90643245880496 119.5479111000139 44.68261355666367
128.3246123977154 187.6550419252964 138.4400669951246
70.26267755354158 30.31069652537376 80.8801968683199
197.2284946444421 24.41971003752435 7.33135759834531
56.95120541894985 144.1758083812812 190.485066195204
107.440448855377 76.85147267595981 155.9692137345278
44.75690529657701 11.82878325732182 62.87931924553757
152.1149326408381 64.42754449775113 95.37700497445137
21.8437470446758 24.81343683056649 113.0959765478575
197.6913851349913 190.7056915582411 50.22878403705298
35.53364734106503 38.22133407089488 149.3857804690489
54.02713994110135 48.65528317022375 98.39087379901672
91.26261738496588 33.99766367053029 151.7636748596715
63.63821760077753 187.8785769318147 19.49680746535782
139.4122490150867 109.6342481276989 159.0533219054633
103.2788743320775 151.7744330142951 166.9372539951136
71.95782598442463 150.1901702020412 41.956156834956
41.04937832087013 93.4156471495579 33.52802266911583
142.4362275045185 150.6371203212179 125.4262844351709
93.38380114846005 2.793485422340135 61.16436391303905
118.9942716727128 6.294136251438154 15.26952145069662
41.72345023060648 151.4356783380134 141.6226666762167
58.576567722731 22.18941367291313 186.1049299379331
144.0770467106759 195.1985610127826 192.7901895806762
135.5914920716903 118.7853143217793 83.35403051895589
179.7698691930575 120.5152392120271 103.7501422196425
11.75185889358333 168.3585021580968 159.7199150043741
95.43646144143491 180.7871331613122 36.69925502308495
195.7450461960486 71.10648827661542 53.59259556257343
57.75612922392906 140.1456863631046 30.84925616438059
49.35708312230629 176.7432898253771 54.74708822792611
104.7224022911069 50.06885971293471 188.1240752747184
163.2749969588038 130.9761987108256 67.34423354931717
94.13640314990229 66.78855991461268 90.55033197653023
81.68823524134996 128.4561992370088 171.7342071036491
39.23727612299606 199.2121534618736 87.86848048601446
85.78015563319273 197.4683436161904 87.49400246384242
60.13532834246588 188.3315265471177 112.656977656115
59.98890362337276 6.328229917952011 118.496613361496
187.9695871831058 79.84573830270779 76.92371127707723
74.41403650942269 198.6244734051409 67.32835420397201
24.89533720375306 75.03868453689167 158.2273264426769
94.59832183353049 160.6020563756903 39.72757208577988
7.573137804135174 36.58868451235377 117.1090539186906
2.696245579203564 80.46616599419231 154.3904623232924
20.02243308544121 87.31850102631803 123.0144766097843
2.509641913467818 124.8421725937906 20.47150569080343
151.4212917477309 98.9702072935707 76.25910632149069
183.7104372250677 163.5736185464137 128.0656280133247
177.7176674626557 80.42283284076355 194.80219543958
121.3396195892846 164.9160026752609 63.1099653422071
134.1896338602255 56.13535520220633 192.1018082824321
84.66448564134477 122.1555109705477 91.76395699525611
104.6396897286072 44.49675205974989 117.5248395911475
152.0711103921223 26.43688064476667 171.7841243327483
176.9161115297146 43.48749420107696 182.7781658615353
50.54376730926155 106.0270705045488 44.03382811382765
20.3496923266142 148.8261792412448 111.7513674864487
196.9132672386028 136.0003590881337 168.2822351879067
32.85420201424643 25.15386287961119 55.69381533586815
26.91355464198876 197.1130414995552 39.75593991928629
109.14562478395 8.571110893197735 199.25963200295
82.50645957593437 152.7784058021859 108.9977737909207
169.377400244287 45.00886097128189 2.145494444432336
45.99550961346049 75.74116772244759 141.1762175739707
136.914948057622 35.37352647209183 164.7880570241161
116.701102312458 184.4026297902335 172.9894728300343
59.35229124840249 31.80573496431622 105.187837834174
52.46050367615072 150.1402417964111 157.1484609138114
10.34860648959583 65.69911280638465 165.9313560606589
17.89621656893903 132.096205886044 28.75871740269191
23.38638332256129 159.6093793388593 89.847372593542
78.17221546192572 11.36308205364356 53.84613406234967
42.91999461760016 61.5460344463837 43.23390044360597
38.92788012442167 13.5257541241388 3.426515114325976
56.63072304995704 179.9924227663303 1.277590881287088
42.21548937483058 169.0759488381812 131.3576484085173
2.239997560691269 122.806823862564 1.664509971504801
2.042608760352395 6.724783044051605 2.625841544594679
187.6978864165235 86.92252842081375 140.6878007708052
65.63579822232458 150.5405771539249 119.6403430949768
113.3355326020071 141.2267668939748 75.46778797205864
124.3725489736643 22.64389108735092 171.0414396039488
194.8632278172669 41.87102440544649 32.58841429918251
55.45150408802431 170.0811034007085 18.83515335424936
83.48545590577446 167.8570146269098 97.58954523107199
188.077382513592 174.371553193495 49.17885554009902
189.7412250908381 111.2808096553042 193.3700039007367
28.8577619228711 72.85447339739741 37.50424476729017
52.34530202788923 163.6079913605431 116.3291313924843
68.68495688761392 146.8779025045733 77.48825300554199
113.2090651067559 174.3138756502751 77.39330671505903
192.4288094631418 137.8367039046157 7.638126383249645
184.8295848582064 24.5665991542651 180.0116501031411
5.144127260772335 20.03842743925633 189.5239250989146
173.3796889244419 144.5337013462243 104.8906024968873
103.0562667533295 129.4035875198055 45.24429809971802
170.6304063339828 121.3781753144826 32.63655030661399
120.0934230057071 2.912792277618031 170.8924123088615
138.6159511543298 170.1732728848189 160.5023763782069
7.442657448906473 60.34800962458289 9.014900849403926
109.333066601914 48.05497002414759 24.95571459431599
92.47419639443886 3.490355765476419 40.47874308881142
190.5367090235644 63.34489863716682 87.10081291580988
184.5927666946713 147.682972013987 38.63687332272576
129.3944209145461 4.213534941564961 30.9479392822235
181.1907125629127 27.36581389720408 92.77954932208878
41.81813475916081 115.724296685975 160.7858676619144
26.66098829502857 82.29541591092783 96.93532961484064
117.7110539447783 36.45289432852499 95.64426536335684
135.4413731374803 87.06510851449727 25.66103528143458
66.72024946019107 119.1500325153205 125.3453085149333
85.53400601419683 28.6891759206885 20.42517623197961
57.0086420565831 142.7942807158559 52.41844265856952
45.84295734955528 49.28811543465132 115.4436987793036
14.55164545246619 171.5067760756457 22.40292970340346
153.6361608181617 51.13175797381353 193.5855719894631
104.6797767721518 45.24189340151035 65.6929431500498
127.1507134318539 175.4672646034464 102.6676351701405
67.35599347293974 67.36437943274278 114.0440085950341
24.53622658099983 182.2397788022955 112.7261977059284
15.56676928897354 20.88684280385045 62.26746691187496
91.52667526664094 157.7205891082252 152.1311977328245
184.2093429732317 15.70215393466626 196.7260850087765
51.6367428059112 12.65509908679199 82.97718942775523
54.91829692701456 65.14427604734426 128.2710796494439
3.132651214118593 21.48385615019536 43.19554202914446
193.522378310581 174.0427043016835 166.4442230377552
178.8706840740908 130.1754736192174 120.0122842113245
100.5799988258252 127.0484200732486 115.1590064174254
172.5403170961608 153.115310198667 146.4156950009814
119.1759834912587 68.62304463170481 84.17094792912566
33.69611192704305 136.1396047843042 133.8840116760342
24.45965093614415 131.4739004637458 118.0348032107472
57.2632915190663 181.6352093371839 130.121592283381
14.88247271816793 176.4524804623936 199.8692837691351
52.82299269998101 135.9918700883789 144.6186666000114
189.1946564285017 188.3049030926841 33.50852914917912
59.23670998228108 105.1847797910599 135.6955479180743
96.5657116865188 167.7460387103739 118.0109569884135
34.85475955760897 153.7080890116834 75.99812127796365
27.83986977171438 106.3122189330348 184.2261703588663
56.82114950757005 7.641588055438442 1.481029266587446
43.19276952483019 42.57296212366307 186.1552103845708
121.1685392754182 122.9616482971347 175.1807569128534
113.4403870901023 106.4062011413144 90.26151032873443
73.99070390348959 140.5053954245149 60.46511326031295
39.15009211371189 40.79766662833453 130.9821931923128
102.4989180708175 119.9366540276733 97.71790475239885
193.9756479077494 63.88013645172656 105.9448295038823
120.9455506515921 45.63517757332922 56.01266218867045
136.9910010445212 0.1538534333091419 14.08427546673033
161.7234906611943 1.893264824766404 112.2612815560878
105.9521137525196 190.7449502633453 71.42636857377374
183.9261594485436 140.9270795984975 155.3390791669001
165.4630726474065 34.36774614485433 122.1623789733269
109.0462454224567 126.5052438051398 64.37904171740236
134.8008683667749 97.30963864692028 85.16065884588373
25.45699369657157 42.72393030968492 118.0552391384177
43.62346243155045 76.14124299093383 160.7807926491624
12.11755316903834 137.4009103149299 9.550537273635545
183.8892877523559 10.08024434526414 85.53557636695729
87.88015751188175 16.07387448507043 146.2900194000897
198.1490542662519 122.9867448098205 117.2943813410453
93.98607132076351 166.4973335488639 20.3082106811783
152.7896499267418 108.6929762795991 186.918384220719
12.65916545066416 102.5972773579671 173.5356503479358
9.01204033505442 108.6507544980123 191.0887803896115
170.906531831504 111.6743193153035 191.5345105840338
97.40766263060947 70.7757677737078 141.1327156102815
30.55683750498372 196.5075587096504 71.26359505024227
27.70567174256299 58.67994305670533 168.8490795487715
108.0061652262549 196.2590314071647 184.9198758088841
143.8991048665838 74.09850828513784 166.5554966748392
58.16232676666485 121.2191236509403 30.71816836803452
152.5559922753951 8.178296690796195 176.763001387258
79.54365446373801 133.4265205640637 117.9937304335697
158.7894001937031 21.14278813760502 31.50341702482084
86.1722987033998 110.7992901890988 19.94721673496546
43.6919041036821 88.13348541469352 183.0062753071083
17.57504274462046 131.3142678839478 50.10925185148164
100.2665052506693 73.20782911663881 119.784729736087
59.68114871737457 85.26511098668398 150.1399632081164
175.925244057565 91.49827639161602 41.6111758225294
40.8553092056442 20.82959249106981 141.444636780665
11.11164135141228 183.8942508721435 125.9724617118933
76.2733681506861 11.61712176408658 35.01142692790317
55.89574476240548 106.7228570464885 18.76061413117251
104.9138909907681 112.5781848663709 18.06060820107265
33.75253845148779 94.4898166763041 197.7802293266791
166.5915726779311 18.19840528928941 138.4268529615796
121.600839600039 183.8350698253937 63.34389567157753
7.044439436571259 142.6296842582415 123.7016059635066
194.6833437628076 4.852364039584967 185.2814459483571
148.11884030157 154.5409146525158 174.0848304697025
100.8168692394746 169.9657429990867 63.77084986524302
34.18635940003312 98.84601389090213 50.30398958103892
135.0828421962153 26.15792914714002 64.68316106577535
101.7203667300408 31.37201308787216 172.801565547648
188.0292180392289 87.33274260060011 59.53603635298797
3.316464851009661 163.9463561185847 92.72316077872364
116.2805688717128 191.2719963620897 4.095849403038397
51.12389320767502 66.36502007469102 104.4060536319649
25.48681300697172 59.29329135670799 50.26584482836792
156.0652294621661 4.354822700976855 153.4986394868209
89.19681768165697 176.6869904618421 195.838823773055
15.08830624986183 24.58789549226064 168.8042687750012
94.69560600818293 103.6946851048093 37.86870456031135
176.8998628896436 153.44675066253 194.9046948649869
184.1465130504912 187.4993426948954 156.9823140007759
56.18466064613294 63.93695307841467 73.44037931794377
167.1276466743098 139.4779942688962 172.0443813684087
54.34023067939556 103.318807998812 153.883806378953
1.180490885865647 154.1967461853937 11.38214565726789
16.03747217864818 45.62897383553373 176.2912295498979
142.8255012130056 157.5337617050756 8.67121347935405
71.7602521527475 56.86240242503755 188.9764140950098
161.5795699091233 3.557008716590333 192.7308959046302
157.4243585538711 61.62650720214151 162.0949544056906
187.9141134465363 190.0419196768826 175.6308501400846
158.9875899146046 126.9426054077511 184.2038818773482
155.3202465884275 46.96326002143135 88.72497578175638
91.41594884328029 182.4045361104829 128.8274501247827
197.6788620730667 53.3306004328565 47.39314606858629
52.46689404896521 31.00451530060134 87.57095480430843
161.0022034937829 36.15948762260094 140.5447641330393
21.38161898387297 119.682528095646 103.5485377764394
8.199418257245238 182.9051470123297 174.4510414699222
125.1748802401258 151.0170394989965 10.72789541586738
69.80450215395246 51.71343588256543 170.8672750214583
38.9927622925581 75.96882353413345 196.6911727258634
151.2120459892023 140.690247027611 6.61812928983178
24.20361200053561 94.68313555115077 65.84721427849713
165.3087266707274 171.8103860468758 55.02900892459512
61.63544234832479 133.7654389321506 111.8585880932884
91.67117544089365 28.30855235373729 69.56366178800218
173.1040428678699 52.14592029056237 19.28422158438839
155.4879874545022 89.71292741485266 29.27774001154413
117.1341438465637 117.2048968076126 119.1107165785166
197.0346315539524 142.2507206631821 25.46271765607345
185.1268973488964 14.77904671224409 136.6437505505498
167.155963911621 13.38184685342781 165.8964374670307
89.6219551713959 11.49412165005435 99.62049726682999
30.12931621851328 43.47682166264406 59.57260493656445
130.2871272039096 31.71139231035731 47.23119452699303
69.94033498667645 64.01794732898919 139.7382419303604
100.356942090915 21.41747197894261 41.09746281618824
165.9995501491678 78.46679869627174 164.3058541317755
117.5474467472923 165.1015398501097 0.6279699313865433
67.83388915632925 7.141853412422408 17.66277813319468
195.3184050631013 24.07614716335693 26.14757222896465
116.8759009242216 63.70615566449629 193.0773662698203
42.55890877047473 128.7577631109986 80.18149983811135
197.6219302070375 29.48795982413872 101.9369834090409
75.34303886302904 170.6336170168065 158.7468363450903
157.0901843282008 21.68534515403438 69.29068868289603
63.01455057715076 13.71191022941288 67.88878724387142
178.8647835414357 32.59148368898701 135.4193244455342
122.0871746169223 88.97997463178 40.60573680417249
196.5627055623154 28.41002668288218 130.1644475743856
183.0658606599339 25.12481060184103 74.0718132833215
37.17784306737614 60.49113481021864 185.2924252537792
175.2537061779049 171.5989073720223 162.1392313883362
105.6466343808496 143.6615075368386 194.1960670709244
40.94728926330217 180.4203256976774 86.32212832096992
74.28665983934188 189.5210438770032 132.6323888212361
170.0705392421512 191.6728542632539 81.09932329597825
0.6320392211539638 136.4439986710023 43.39922912028265
171.2282624114562 31.61804317913519 168.8940535116094
147.2089534935195 72.39378590157808 23.5465631785085
72.72663796315271 198.0102978983919 102.3462825058637
139.0823115472209 167.3606624816969 24.83941112402832
106.7867768980412 85.20850012528679 132.8839006150145
108.8205494322423 62.7436670622869 13.02559372423379
28.38572577273474 118.7550623335771 143.3361366771026
154.0905600057325 32.93585646214913 9.394773443100812
162.8061564489333 103.5398007632166 56.70558785388798
106.7365728544799 14.00635958978161 178.4398295816656
19.99079810082902 167.2321257028541 124.6574599055259
5.820243809685914 117.7722061192101 164.5199127658477
90.86429877489957 16.49135025251971 168.4215852973599
188.2316565995617 63.71050855447034 124.9115361731282
78.62991727211289 130.8343334766151 76.0674164424659
74.12299154638868 28.05307847265518 62.46526129669223
158.5064215356961 58.44601497020328 29.55899029611139
101.6937371430007 149.613875047588 116.165464767475
180.0560905907234 138.5422650076851 136.9569993122759
64.34478181922277 119.5751436352493 81.86092317307104
59.15003108743461 66.97415861160468 155.0085074112824
5.286761542264103 83.74783958276744 134.4328079137576
11.398392085861 10.49445026030195 156.7086216059206
9.852127418438219 33.94463447028726 19.11858421071913
145.1775716396216 113.9345851109521 141.4895797342377
156.3881923609185 173.2739665191287 138.609898798783
67.98302200002182 3.307356565214278 84.79817728527982
70.53843977045265 180.7038970332604 62.61077677860074
157.3043463506261 41.61486817501869 158.3690593185513
72.78364234857622 185.4385707667623 80.79777309192797
195.2248645099871 80.20220886501384 118.7899383877928
45.10478643506449 199.2960585781211 109.1609025716979
119.698328127515 18.0648239243875 39.47282666799256
142.4522431873666 149.6289575493359 191.470335766161
145.8532096801989 17.66708351421103 139.1806657053341
14.78536909407176 161.1110434337101 57.20287057440867
79.7657318843596 27.68255954255389 44.39324838156573
193.7607010642965 69.05591628788746 142.2114837265644
186.7977161402247 42.45213973257886 80.68646228349861
165.5184442464228 136.9758210606226 153.3444235417955
158.833602522978 43.28124732517728 177.167113676357
171.5722597270567 2.659599768134711 128.8268980254994
25.66031554372312 6.090165661033005 145.0586652641983
69.5246372591471 142.9533239228295 150.1631540048145
9.374056609370239 134.1724120513154 106.9304244784672
2.379510287399351 123.9188301063489 182.0915780414392
108.3335439374623 109.0508855310252 175.426581068058
109.0725367152037 95.02923699282358 55.18876870068667
158.5838155423532 183.3322370536308 190.0871858057824
177.7768706154777 174.8599017947072 180.6188198050009
174.4130778174161 98.83030070944395 134.3553481055159
163.027487807291 104.8333490430963 37.82164421204075
193.528675557007 41.861284428177 13.70071187826312
143.1550916458657 128.6480833683859 194.444063796579
119.1626840110646 199.3704171896021 152.3192869278049
143.8964579416777 183.8245627954085 148.5087265518172
113.2009414477515 35.83930181283475 40.11233885938538
170.9491178151377 167.2463326994985 17.7770951560995
86.44411465573475 183.6393454376777 17.59749646866659
56.95547952955111 116.6338676678108 2.665890230191639
77.40409094685965 102.4524092577857 119.4090583492097
23.76214840335173 178.4430706944994 39.76704624710111
130.6982270922372 22.2796786144131 149.5453437118509
91.16618171930867 155.1948020873025 187.8124608283045
50.28956914407666 14.18859758155416 18.55498314156853
134.2894435015243 80.12019873041082 181.7154835790307
1.973411583251733 97.76342364607751 146.7239076397812
102.603677325196 156.7255723054785 77.18062614579419
78.98821379165283 193.1004365374557 32.18802534204347
61.42299154315541 199.9251050589517 33.93206097966871
81.77584421738437 50.648684080575 49.95955327795382
90.46544369193674 151.3326412120419 90.6760357460121
41.34995315288334 135.2451972338853 61.79642824987955
4.125560815130666 86.2878411859781 69.45082017057616
5.945810699972339 164.3266392708794 177.2664418545641
75.81201446113302 22.29395212609404 178.2873459495408
9.098590649563365 60.85901413749893 94.96417814935737
116.2808179953232 91.54306546155517 147.976336582794
148.8023411061699 136.5216392854164 168.3070698785166
151.7213005755338 166.0272381651231 43.18445104561071
190.2824130767291 136.0848860311629 106.1089782776456
164.8762383939105 161.1337020240435 182.4589158914374
11.23758059158518 133.1424153125328 152.9166268328157
115.9588357885047 82.98524477121373 115.7533560578539
12.97795979894102 67.03348888399037 145.8805540090601
71.87561492236644 111.9299146906877 170.5558238731723
196.6026276581358 95.55773360113081 185.3791076325719
163.8779463195051 188.1500832583796 147.6028479761885
23.96816393237025 183.6510862569508 184.8957393042716
55.88018967467425 131.3667318933001 93.98611669867088
77.18171461488447 66.10840010644019 70.18232923576335
176.6197257958345 138.5713578846924 24.09654414629436
38.70475198670439 112.6722606828819 199.5719305280245
180.6348266693854 51.2607658060269 138.1593022150076
40.67800688096235 144.929732538856 176.4094870689187
145.9673025044385 13.83259900251038 195.5758901712817
100.3195594556339 93.21435766001414 181.9784163652014
88.32856032133759 89.09288575478233 131.2385248004681
31.70597507407118 42.97876911876642 1.203919713330567
24.354067432431 116.4439153870531 168.0667194345342
143.1701093020913 139.0874302534269 56.20582244599899
109.7413934393117 153.4421740054059 149.2170743659283
129.7042437708607 76.21695062692557 126.8575833371415
133.0094398121315 61.64371300259825 115.2326185933434
29.49857074985208 54.86989548260408 31.68589739162814
39.10471623973322 98.64058391986516 15.44604428762601
143.4671922503507 124.6192703357246 12.92167747339863
121.2758640894906 119.9888169304387 100.8529426452987
140.2258047614619 14.08324005127448 163.684421051494
103.8594673278138 125.9071665094324 168.0949556758277
115.1122489678827 167.4240995543218 164.7857902591691
112.9156950587765 131.4411552786263 26.68447721584083
50.13775512918584 142.6547245368327 127.1190111027567
178.5646560674113 158.4520396779116 52.97064835407807
79.37857680949959 138.5426730223306 188.5033699270513
165.5656378264136 52.72577105801533 126.7886073934219
159.4893399948308 150.0076642656233 93.24314292270346
195.8119092829868 180.9225821207637 88.97480745121827
108.3322695261125 40.45289940639721 146.234770278554
55.69999240388323 192.9431253999278 94.81083512152142
81.39701966723344 192.2483961847281 50.93560068326924
77.32270612737015 3.500675239626431 176.5817870365611
127.0911624434171 129.3609230840011 70.15569653639274
21.79184615630713 18.5682289494514 41.84509227226713
12.98300268722854 84.02582625564683 169.8790365176886
11.81486714308002 198.9109890485126 70.04151269436885
176.390303445584 37.33702781430456 61.23414928488191
113.2098338366469 187.8479356369692 38.48520178799362
27.68665863207018 75.90201183504595 136.365705157674
116.9335194323914 85.59966776178305 186.9280115501346
187.1925003604201 41.61312990504122 166.9872516661649
143.1805590149688 36.27704121853002 146.9417424887247
166.3644739184072 101.4290766014524 15.26225694437622
120.5600746348019 81.6528625467799 168.7700079931427
113.2556960311943 135.4693097372001 154.7386776057293
176.2420495373558 7.757221506307509 181.5102684729299
123.53607383404 149.3792429307098 191.940066617675
2.406602107045305 160.6618583541084 127.1365923603621
100.0532301149509 158.7624113711919 4.137515710539089
15.79601056887254 96.06992013020317 3.472233882832347
125.928307697954 39.09539128843682 26.47456507647481
49.84358981743412 52.45819208252153 141.3719858794648
36.50690341766059 12.78395514159067 170.2227852049272
198.4283170958384 15.71075553456108 170.2580820499288
162.6718440712072 54.35453923464191 145.4288708168291
178.9675835452036 21.53102408222341 153.5488905024041
51.6611641929915 29.60008146387894 154.2836173623464
136.3996325633026 130.9726377222058 97.82172491926579
164.5379984048881 10.1696771468466 52.19272714023923
40.82265565427398 112.0020414221133 28.92910142681171
150.5971844210098 104.6399068843326 5.27909678367276
66.13526213670801 24.03371392996917 121.0596846783115
196.2366594608297 94.72914946767001 86.22482371608352
50.73960640394099 78.47107398746353 39.93166832858073
134.7196420257141 136.1790295781754 115.9468428349958
188.4706801744956 193.7422945061149 77.14019552190899
39.13605817982918 123.5157970765859 98.04775318673207
3.52660360947201 18.1440455389808 115.8864979787165
126.1287191526954 44.27095045457119 111.0097673269122
76.80642603390169 100.5196614528769 140.9965794501703
162.4929080418582 91.60594380719617 198.4137861055201
141.174229089296 186.1318181931159 26.09518886165979
172.4162434083245 179.8509317926053 35.84549386092466
183.3102625478227 83.85718843159658 158.846156577921
43.1475447107313 153.8844176342388 58.98943501490131
194.8831633291481 177.8242596542109 133.560566045537
158.552501745962 87.27271623274356 47.80137776835207
6.999048119870196 143.6524877912847 59.81708566636972
178.267942407107 184.6776107233561 18.49627392001601
71.67588154921255 97.02180215760653 158.8844877590635
16.49344340587948 166.4398116896665 106.0885945624621
142.7600400230459 85.41701101005201 136.9848208346956
78.72470792549544 30.232337354614 133.7742881176276
133.7556963392464 97.25804047041191 9.795696514106384
127.5080268771589 115.3447591825118 134.8326230486698
169.5157340308081 40.95471902239233 100.5558413801605
46.08377039385766 28.78620520010697 173.501892288742
9.999094236442744 73.46116796252518 109.0656181544137
1.16455351827799 181.8109481285708 150.9672413023514
44.08067491265388 69.09004131379164 87.05535713399659
14.00059496869088 72.88229994879686 58.26601858866278
39.08092934487725 37.16433189349689 102.5437211013424
116.3966983500362 72.78770372867541 52.97485326551377
58.1812157997232 89.57100568263751 26.44757776720179
151.2541435786492 109.1751595305332 23.64419690727439
61.32374089598364 2.572134344812273 52.67714403906447
20.99793391080879 3.957783918316608 85.81332932331932
78.65368789255974 4.115193031432962 157.7042772284181
82.49577579307356 171.2288781150727 141.2295407084108
56.75649859376512 168.1031878048037 161.3103896292031
56.10979378206965 157.5065333151256 4.692966080054076
42.67911972531017 182.7841584847444 118.1059024379232
6.110292443418013 131.8412125938259 74.91729798690709
157.8078291288191 150.0579160370223 51.32597554250804
160.067863302717 178.44042971706 71.97019132313125
108.13886043358 78.01560330839514 1.862244067705774
90.13207772312742 136.659285065072 102.6339919516849
22.51121576657748 149.9255399919832 174.5758381365305
84.43192468488098 188.5629398082301 148.5818390404611
156.4409498285382 16.90958940552089 122.4984215467965
24.4004852498505 129.1538287603975 67.63077300651128
46.05000706719849 128.9540249912671 193.2957441714489
132.71197772167 137.5146204011167 21.65135445881748
167.3218639274504 121.6325636655081 51.38075937500874
19.82184216891786 87.19193055022329 187.2427729519892
25.9623562510454 145.934296893683 59.00124370560904
97.00826700785092 45.32236601930927 10.86083739163164
174.9138459849624 110.6616857162153 119.1672926487081
83.58085745518099 70.33826444337207 128.2386304963183
185.9105351684203 101.4912975850459 71.89442227956872
160.5168919020524 129.9538259309631 19.1267697397794
103.3911298181437 49.88848853493267 169.2370400107197
134.7539661027282 112.0718248467836 198.0531866007577
44.86660477444129 55.26729012592811 60.98939721256517
120.0155290919772 98.5281711912744 130.4004396269255
61.46146989461158 81.55260734514877 77.9439312507098
78.92580677437384 187.4449374254215 166.6792319852162
180.0715151852665 170.9880153759119 67.06829363048831
179.8660137282462 105.2211273111244 29.18345947601964
145.313996039292 89.36257376336691 61.15260545184783
10.2814117495139 195.3254679013035 141.3529785654743
47.29014308585042 118.0128205664705 142.8114728849173
121.8853834295029 86.00259610956029 77.20566034781326
143.1023564657532 78.80096582842405 40.8774630353807
31.01999627105241 75.85137136422364 176.1245731222804
76.92415283499501 105.9780426008487 85.71844453983086
194.0217682643852 125.3330179465471 151.8182430786469
1.052006299210402 33.96081300695339 177.3706023227608
132.8728908471318 99.82543104470716 144.2417163358397
198.5247599113879 52.71604077771417 177.303600522776
174.2586822994894 3.970604404649499 148.2866079305487
30.96651292877482 162.7499663014778 47.52601265870809
80.22482624809108 14.55246713142991 75.73470776102816
70.37883475853594 46.50093674856861 64.49162196998029
146.7590234394337 57.85572689732851 177.2753701681451
122.6611598664553 61.22797175510438 66.95759150370932
29.20362457219202 182.8237474469082 131.4300190003396
184.5516674894667 34.61016707989681 197.6552066944616
33.22868708185336 153.7263600562837 124.8794387939268
104.3161969860905 176.9465739724895 7.199206993732044
52.97992021072358 100.3923013380338 118.4951408774861
84.54931664073777 72.98179855539435 54.15696168623236
150.4150048651613 166.6527667953904 193.771805097525
165.2945212257272 31.39535573636996 83.32358319680672
74.32035286561707 82.04742103253078 40.88841070653816
87.66585750430423 26.90362280743991 87.99202066683426
27.41121531577047 197.9703355741414 102.5926171698727
38.39069799540428 126.1404755134294 176.2101496493852
15.82902472524396 174.2403774078251 141.7219117443845
124.1394762342581 181.452220358119 155.83429478318
0.4231725859210388 51.88455988243199 157.6455798434568
42.77530352223302 190.7711369124746 193.9221932576223
68.734401605714 122.9007491763526 189.2300126402478
177.4692089356668 74.69955218714514 50.20153255950497
26.87532575842542 145.6679789076153 18.84580798391189
89.80897415983243 191.1735278561753 183.6771635421765
67.72646765586305 163.5533288055471 55.10990129620757
171.4171932504355 160.9458403840377 35.62375763748813
134.2503780100733 10.0863838356623 181.197139200277
30.60875580972294 61.39401217678851 5.351149020482048
48.65329775496891 110.7878015307046 87.77182309351795
5.357984365231467 115.3027401790551 140.4653196689659
7.261161014241693 55.13373029745446 27.21652874762889
50.56847818510116 145.6993081563994 82.83642497596017
18.65009610816176 88.81828544716352 146.8527582530164
114.2178721087505 123.8272157249297 82.88724955442588
193.3238655527303 6.356756646965968 37.42324058963158
114.8295559201942 29.19731111312306 112.8910774085859
17.51683215529122 44.10269750317066 155.296611983729
188.9924569688573 122.1431526133544 133.8472996334087
94.6404728445554 36.0058097441172 52.56379727516455
20.16896851146839 4.502786347031561 123.0864772832277
123.1048788171329 157.164333272728 115.5044827053107
44.64907777146657 121.4111804771431 120.5013037057734
124.8044267049695 58.34404329479035 171.5296611223918
165.9194710388595 191.0831141789137 170.0369648340135
70.69747815514862 116.5646704061146 60.28092904595364
106.668215658759 149.4088347921753 55.36634376310037
101.9470713299398 0.5321185647593322 137.5566064265724
159.2854931878194 117.9389129801544 85.91349155277315
18.48970798820087 181.7442464319273 89.48284487965293
142.6036776105408 55.53308527966414 134.894383239953
108.7978424582556 19.42366017409115 154.8209168059005
82.56508541501131 7.002022022181333 120.7478739732986
94.3105976858478 171.8452978774165 172.6858081623054
108.5909801737964 25.8404255939545 20.23459035965797
55.65023950719586 90.4198492167217 2.170446093721914
74.18725919431441 171.5508716689558 118.7465974929311
145.5483131673395 139.3673362069295 78.79409143874514
103.9621538639052 175.9482437601471 146.9586835255379
43.60870926309708 22.06454364195075 118.9290753375071
175.443369941102 170.9205451592589 89.29796197133835
133.6864762226894 196.0325855584464 109.7807230727031
38.09003424445182 97.61744159759871 139.0738895142069
3.688686921292116 177.8006746308433 67.89450256866411
152.1151644966938 199.5177391593568 69.02437053873318
43.55966859637185 130.4719255472354 15.98296585273791
116.3938820543455 167.3367348997798 23.83988922490023
171.3357336192935 63.12524403308275 107.4291991360399
194.1863508558891 198.8104604930128 123.2770452530203
74.34595495896245 45.28167216149607 9.380591276219715
103.4845554531251 55.65108347881051 45.5342120870306
113.7741435670571 182.3276744405361 121.7818232140387
84.71363502310028 31.06104859507641 110.0788045841224
194.9729335861946 101.961833275971 125.3031148755674
0.3664687639204079 187.0055414288483 13.78068211668232
192.2186546067177 166.4119471607805 28.30837352353348
192.8583373737756 74.68621744745788 177.3096192672175
114.1397710704455 191.1392148867412 92.60796538574751
89.41067643915183 90.8696194015933 1.750173261104606
20.15494876930885 110.0195956032568 124.066866121971
129.0705416849784 149.6852720706046 162.690608177959
193.4913614531528 154.3184049295024 74.6419071192965
143.9394720321624 162.9480363145421 64.29227867201823
174.8956732580437 29.5657324169544 17.87472297312179
180.0670480269708 134.3447937732179 85.72889495476294
56.9839526764681 70.37302695591018 178.2304449523504
3.099960889655707 49.57741771914471 135.202734631591
63.42818466965043 157.310218926369 97.52144807007041
35.70333604728756 175.1880406724817 8.86843645848467
58.72265430509911 87.31088045883371 99.9736773555744
68.33946903690509 135.5204401620446 8.118831357332796
44.1123935976259 199.8473735141785 133.3709468664429
83.51406429616095 83.48912600169143 108.3914201572836
60.20573121590839 188.846055936089 179.473802319894
133.3545137102676 52.26060906254933 91.03340068763553
185.7418757543742 42.81915294008354 116.3577978549276
128.9290032901432 148.7899693094647 40.9917545247164
139.4413940970135 191.0782864780678 169.5764736190263
93.81195019758185 128.4571448729035 6.195930216415214
43.60964108726996 12.50326159186969 40.20244196297418
72.01617052703594 104.2876329517965 36.83565058707018
87.09416731111274 48.07151158613478 79.78611794624857
64.78251742978313 112.8376555168232 103.6234137067711
22.62447279470885 114.2729810128593 15.52736799182297
167.3645859832411 84.72726404987493 68.59052506352337
121.6263592128855 129.8292468559494 3.373926984224223
69.07469016713267 43.51594130994509 149.4800114773614
90.53811050127152 6.612587131912258 18.05545984053485
42.05569697478314 75.31772927871967 19.18228932101518
112.8307464181993 61.61969092412463 104.8284162873957
85.00286298359268 150.8644804932602 131.4969744023074
59.40276137379364 132.7355948598077 171.0068208765987
184.6763887796668 154.389669447188 173.5949222060887
158.7016002583644 94.68873642656484 150.1993266529846
164.7749245433785 25.94709410342982 190.6052284657676
52.84987852417756 58.65783576616172 1.62438484744406
150.24222171397 47.51507056365757 110.8456457399329
72.31361888639987 91.73791482908774 181.5350419954176
180.9721391385983 59.01638367029781 66.2656562669264
100.0942471690515 29.03644480435382 195.3407351479343
44.47018818462473 184.9219926967028 32.07412023587702
168.0001319903189 64.36988138744545 181.9909760027954
149.7052246152081 196.8920023917769 130.8735763967898
35.54813803580487 101.94301643107 104.0880642077534
90.45310460074884 49.85698551362837 135.2311174811375
88.3915582028452 117.8635378147046 131.981886553385
117.294439567585 113.1149421538912 154.9822233126272
166.7638380201638 120.1612863669015 138.1120425544232
102.3363140959084 71.10069202350326 177.3021513989213
15.65643020050689 40.40765159272747 42.33069469052005
23.40275091633659 187.7755562894675 158.2894403326724
126.8447004322212 113.7588790549537 23.7985374452157
198.3390339303826 88.62536787272666 39.35804901812422
58.89729956902823 11.59271647558111 166.0662248373665
127.1845464269006 165.0559453715499 140.4331560029202
51.91470955339584 160.4849713280701 39.10588914739052
24.6021048428469 111.5206797030174 81.94861801223344
64.1383080442923 29.49981458624162 28.04722816604039
61.88078168867821 161.7784275132291 140.0750340016233
175.4052924018461 94.62458947451265 177.2214495024777
130.3553083813446 168.4031676279503 181.5838058404077
169.0558817682033 180.0300913151948 121.0075735033006
129.7874460424529 102.1624039220957 178.227332654338
75.48506385117892 170.6734205859627 32.78862952455627
133.6890017903051 23.31852797876442 12.12835571717306
38.02073672474921 47.73481016485685 82.31664024697693
33.51797148576154 136.4546793886154 156.5943186127608
0.1097628296741847 29.7673451872886 152.5355086785055
176.1932644100288 191.4999238344448 58.17924799625048
75.70197324101071 20.26740754660788 0.8938532982614146
128.8280246617473 72.68209758283632 149.6107595152906
96.63467116827711 111.3053525301455 75.80128858692525
73.98317745630057 75.33750540586504 18.46816500855288
193.8793509184973 160.4873362342121 148.1932151222122
141.9161803961288 12.20964147229119 48.11811302545566
13.92928878209262 153.2646300448088 35.90681350639392
36.34261595012956 139.1098376951685 39.97578250491234
106.3529572453758 85.38483825082601 95.08064243972831
198.8351128098002 102.7186125506627 16.96386543020702
125.362238271035 35.6370657794921 131.9850192623956
20.27314093612833 28.94854897165523 135.3649136433754
135.1148036945144 178.6529621757849 5.528649351196859
55.21736966352448 166.0547260941514 73.9023238380573
61.92631990588006 188.8832745102481 151.674950109712
121.9971619078447 107.2716389379256 69.25273457847898
31.12188171574081 26.16626508215654 20.82890327149611
51.91115192864501 33.29062504707435 64.97425375903642
180.4106893257458 191.698955408242 197.0140381951386
45.18870568766216 111.7673086452175 65.35042777741742
17.20443344079502 39.72199466760065 96.64168424951724
102.2565704509369 11.31874675356641 80.26058185247658
139.6110995379628 51.22013594091706 39.88972336090841
81.68196200913395 165.3403856656956 75.09577084788765
86.18304335772768 61.56506346690986 158.603788999818
52.93153685500767 192.3016631075239 71.11714099265178
22.51618859996574 126.8622971450586 192.3113467049893
193.5834896366024 168.8340630198312 195.7740102211833
91.20019358901025 109.4535569031025 158.870614753608
142.9614476167499 28.11526597514027 85.88479761206767
141.0457105886015 101.3732168597937 42.38161870966457
86.19693696028851 145.6557441937709 24.84528732511738
23.2650440360471 136.9564525286029 88.92968520956326
153.4103660250224 149.9149562691985 27.26809587063793
126.911059719883 157.400366736726 83.82847867356276
16.18140471098486 3.85828226478375 178.0214912706685
186.4898787895013 109.4703586430164 50.63194341914456
42.08411221425771 170.0096413114809 183.6776542849074
86.3239381085405 95.40854925851301 57.29643709304435
112.8850954422079 24.78921866386856 60.08070490635254
51.43832368565644 32.41354157269195 5.033562713716051
3.83396418133943 145.3179314434955 189.4829362827548
87.29255571488839 57.33614091016389 110.0223204530637
9.402015520490046 40.87179680793891 197.4869181754667
143.1149167294708 52.35709761511033 13.66708905610768
48.10126342037007 49.55571961930125 164.5224298902538
36.12924547715139 148.766220788327 198.3244282156661
30.50279461237028 174.1667018108035 67.14132480616176
180.0481288062361 194.0316542679916 101.3771196614256
163.0053507312023 68.79663033280583 7.627385832512778
83.68244730093794 84.76058593192965 81.39675517643482
179.3532853526663 119.7325142462341 11.70829964347304
126.2297365618205 9.18749794048944 131.5190411252802
138.857227519799 34.21521908055509 188.5283525660865
157.7062518520177 191.1841365564578 11.37786824147397
60.36007832004327 90.09176384172379 56.91564715666323
68.83920651065002 120.2750936429762 149.6520141558452
90.37511180717111 64.03138363733916 199.8196510630101
114.6447594804725 59.82394543269022 131.2030997662697
5.672950842599726 20.43671686345517 82.7172226000234
149.2306171854567 126.2699289314897 38.46703412630055
121.550079954089 68.42014257439709 30.96791920240837
130.8878997041787 174.9605337514806 44.62273284361929
196.2602343199636 175.4377219663916 111.0114129246481
31.7096904150218 22.39350399973643 78.18361724677114
66.18468973367608 84.86707419220514 128.4063693864769
153.9150460170637 101.0961382059104 124.9258199049389
179.8440027019205 61.42727025403894 158.4650205910668
158.4305369146861 128.3071779844694 110.2835796631551
15.09442356894872 64.98778252318841 188.1300612240777
182.2693542400628 106.0865834830082 154.3422822386746
67.01718693778724 46.60617667014781 123.2392386568622
136.3986758747922 22.36650029247332 110.8965335871738
99.6853330471948 196.1389610198759 163.5943153400949
32.36201395632404 95.46218160763533 164.7868869033791
149.8976955784987 153.0845643077432 146.73456507803
78.56528553299758 150.8433246561276 169.4234040956732
180.2326747156634 84.21569535024743 20.52784259679827
199.0262852720044 36.44614898100479 62.5327579999578
143.3678400086359 173.5839272544102 120.0156009620109
22.81320048067048 69.09939624385571 78.84341568417989
141.1228780633081 48.00891957925318 66.13146453122506
29.0275301055701 61.51556295787002 105.8110002635001
41.42104563991692 80.83872515505598 118.9496861139797
165.1254523902875 150.8701248693034 125.0785175224383
9.845862979436216 95.66354556576475 104.3423293522745
42.92648744406642 38.98222012323424 40.75473254437964
112.0466476403153 105.811108882925 197.5818262314878
22.81854158819575 197.5309182678849 2.839080730203275
20.44596233626929 89.59960858779957 24.74328990710891
156.8491920585274 33.95221500843349 50.16732343516946
11.6952609302111 8.489219767679595 24.2256955730838
69.78662610819833 64.72549606419304 91.61381425282202
66.13361377534875 12.62845040538223 140.6824793775379
70.15234031569862 166.3141628326039 189.1557834020183
126.2121780733472 4.692107786936217 71.05878953532736
181.1674610541151 131.6528987942912 188.1010662902017
150.6122076793042 75.72809047325629 118.0134469245881
106.1091580680585 166.3541636494214 97.45075394925864
130.8549345325256 74.90066628204842 7.027739346642838
40.83923362148285 90.65244644824769 80.76380634982353
160.242015055418 117.4497944508908 163.6440781671767
90.72910635544346 135.0392553151462 151.9735191521918
170.4357362711895 73.1808696237008 135.3886563263915
107.784513611107 7.300610999560682 112.613116404256
124.8038819972093 123.6440065945396 48.29411399037969
140.2215700355603 72.70683622825524 75.68687865403757
167.217545012176 152.865540095865 71.81024379829999
75.07847152284678 193.7927129376067 0.7756697938381851
157.2273178593056 65.12529227787188 53.9365618669227
171.4850282133322 2.314103619051578 31.10083707205087
183.3834891962215 136.1912556484248 58.17720665880047
100.7880064191954 25.96847325582006 130.4407287939403
9.786814027382109 113.3234193185879 38.64816078516674
161.8742740731171 10.33461075639895 91.13952375541375
100.0096243125265 81.17736841354301 39.6846378530195
141.2157065959332 109.4158307059107 103.2604939425943
180.3997877908346 24.11563720564918 43.22351226225668
156.6595834076713 86.80819795823426 94.71495858762235
153.5301966862585 188.6076838517655 44.94102037068504
177.9852243971476 17.7194486653901 113.0987624232396
113.9544261002818 91.06873089590312 19.49307500475243
17.92080823503192 151.6315379740706 141.5037455570995
136.0280059731409 182.0829243777356 80.79550979243174
199.1516440045395 80.65110447982288 2.328980548828299
1.417235483844356 118.2652226327951 92.816447829579
63.69614078631839 64.25702534095059 52.00444357150633
131.7392036335098 79.46872999764611 99.82045167878094
112.0582669844167 140.5443121808153 98.11850710803517
194.4250455384985 10.41448327823062 61.01351769253268
129.400521082411 137.8798746386771 138.9655698025541
33.74989370194605 162.7791955206465 159.5956472073336
175.8781664157106 50.33967136802665 41.7535221961848
58.23030095399464 56.0242092579171 27.42987751426614
37.0189922470149 77.58191003242241 58.13746733161373
88.50727794118869 112.1824300769914 186.0196414052544
52.31582969349788 109.0983056336334 181.7419456439616
92.06290811651895 186.845875863048 106.5601244083549
28.34469871239116 25.4369183399829 187.2300541479081
174.5926105019548 88.501699909238 114.1601288450668
119.4480337781611 44.43081426599119 4.806280237177233
145.7865609062024 117.1511336063054 63.11919004871282
101.0137856706567 67.84047603727483 68.9335516932347
41.91277814004939 144.5597780861608 106.0617658226964
101.7450258187647 100.6374180157331 116.989254517107
188.3732667443101 56.99170005333588 197.1647312786731
155.0617748506856 184.7178633249382 98.999505243909
