3 1024 9.460800008640799 0.6519834999999997 1.4 3 1 200 200 200
28.17809160004337 120.8450242783538 170.3999446805988
167.1033469492702 125.5587300308757 142.164647902663
160.0666471098136 41.5694659897608 129.9908526500991
174.1417690822838 16.49391918641589 195.7899294298761
32.3413319713822 11.33972354655487 41.17929028712628
51.50834844009871 33.37183083149073 151.2224567658548
51.64191889070396 176.1191881721786 140.5194188367398
181.2826986904023 35.71049561840792 35.94372448772576
79.63919318991515 138.0263235952379 135.9159952670696
31.29470373826547 20.06473776828226 83.81200870324858
182.2914661130059 125.2552673405101 153.4454005506041
199.9430145719897 158.1785895063682 110.0212843049313
53.79652869410446 153.9320728350344 162.9953162868873
77.67910689386531 129.1828888607342 29.21934500587237
106.900390602679 181.7256572463723 181.3901654480514
139.4063569235803 68.27749752542269 167.6183892068054
37.0423987990082 166.5320400035214 72.22219718991487
140.0053206311122 2.450390916246565 98.67324730998517
63.50094902067232 71.6622362431704 92.10500750023124
108.2635668530929 116.3528302767652 187.6271799326996
64.23691022880259 49.13857848298166 151.5210341597831
73.34944998922751 13.73870110520479 70.61144789713734
13.18985765883578 127.4552456892079 16.41143333852402
121.7487270544366 82.41596613904804 145.931346067011
166.4796579625245 20.1381999188917 123.2809037403121
198.9379876595696 15.44705718120877 118.859016713914
37.62544428803023 98.96377078161157 62.35666262796094
138.6226061334212 198.4470504289602 164.9156300647925
18.11782050746616 79.9635085863912 182.9513784314717
1.621658710691413 132.5285277629138 38.27629340263284
122.6858214522489 172.4990816956267 186.2602012027481
114.2427863451161 70.93698817942435 120.6067913034425
58.35918629692836 44.25046764729684 189.6065945809069
169.0872807367905 26.22086851026812 141.62737022666
139.5949326474178 70.89606238910366 188.221006206046
168.2881822428509 141.8248270005371 155.2988226631802
1.762375152413976 86.17792100671331 175.7467292949717
100.99083557278 42.99507704218674 192.0458316477414
50.21304780079568 18.65486614212773 133.1738930652552
62.84581600570196 151.9684664203502 77.16529331046151
169.3421526021162 40.992181175348 153.4498052944399
175.4583217050876 117.8833339374274 86.24986192952205
144.8471964957408 96.91122600679118 83.76867758656351
35.9540453470815 86.34589780735959 100.4150032049612
68.53700634961234 32.10581781474816 159.3740359694718
46.08173053478465 70.3961330646318 99.38474043720616
116.2291121233535 10.57298855443013 5.725071050591155
179.6871387435214 179.9544091712499 122.7874154188003
182.0100152895696 65.66727349501674 95.26437928566946
101.3279596646317 30.30251845284307 20.75236037488109
149.0926386080158 113.4482912362898 27.42872153058169
75.40461574878034 84.38546808412109 48.83463094236507
13.37940358388645 74.88025913560351 53.23870400836461
155.2885637362735 82.59907908675292 74.26707831985826
151.800600674815 37.08301950371593 16.08352434356418
189.1393955879354 102.74479900433 95.55116475147382
58.17678089736854 24.30538609445306 16.48141425183969
127.5756422056514 190.0970002711955 123.908759123371
155.0228710503476 47.95916979533288 164.5060236115957
36.80453851006468 197.70831738321 178.8449562874881
158.4291603874394 63.3225938398104 57.58113146883428
150.4364293285758 181.9716900725912 23.74519099962329
93.86090612127794 162.9338530431691 79.06983544391649
13.9514615024926 115.0745026988257 196.3468617695753
187.4158243255241 176.3538170527891 196.3622819563257
109.8517308399304 3.891177547491796 187.3846089932944
92.00172313481333 61.31906672901877 31.32672750452199
140.3937429394622 146.0221895266239 76.06280162786348
153.8231209990122 116.3455786993389 80.04709791793721
42.1769870326386 9.879861951955387 72.15565544828343
149.2773800275419 151.4850927721296 162.0956231767606
62.09009459160601 39.2739220895112 27.37431391393387
21.59872471360048 169.73917242921 161.1305733513655
140.1221083881398 36.92674925526084 61.54385354307109
20.53186303822994 99.96923405860967 36.28267208672442
38.54513484478751 37.13929845881768 87.54253581630779
62.69438920567944 165.1765168699146 124.9878164297928
46.79648788645009 37.05505553657727 38.29258315913087
25.54218227465472 153.3762118667254 124.6473338908618
142.3559656710285 72.0259852337397 62.4729511732321
145.9812572769069 37.18647719291423 194.8736294330929
54.63592481462739 168.2850452519634 82.10419293563659
101.6922112418895 136.6949725915358 86.23329665965629
40.93864222980572 68.36001569194272 63.46740989201848
111.0722849385827 43.19434147103296 175.7169077204747
178.1346338291209 15.05286372521902 70.25860446890385
83.33706384392246 112.9106185687349 191.0982287496545
148.5173720027513 88.63909683830778 155.5627916123018
180.9924597238129 182.1322767198122 104.0369570822786
111.7481354951131 119.4826742439655 138.1968276601903
45.66472081045796 113.9860681538788 172.6799148478077
74.44955476278102 33.68302002759754 14.18294265505542
123.1758622896197 122.9852727401228 178.0532022188519
41.96043653031266 21.59354476422174 28.51602449907845
20.66324950669195 29.04257027631659 164.479103983203
64.55454716696791 141.3609816576081 122.6028997236583
31.59998485057281 73.45968200810579 87.26152092464905
80.7577087386218 78.45496012417648 31.68241716251838
21.05912303103401 98.60061447324355 131.9443175320024
159.2557711635956 182.9387605962851 61.74834781527711
186.8194106984945 83.96733196947409 95.32540660372635
105.1990179864503 174.4886683086766 32.19878736842427
166.8131605928176 152.8317209901151 182.1059775672271
82.054434676677 88.08051531010543 139.3907852839147
87.42479195645116 159.4583862304777 161.5419728664276
107.4787659693712 67.20643536913842 45.65553590317236
7.073549850889417 191.0242327138503 60.37309815481519
83.14014762992181 177.2537547953507 105.5693213966806
41.07917434877085 158.2754787801713 185.9151083768337
49.91780301292384 53.58413385872276 29.62811647651316
37.35855831319629 91.34827739910783 35.52952621204131
147.2246745798677 88.30352831091959 179.6429265281764
1.534472601096341 99.65969348524956 145.0782380291051
29.86338641690365 194.9435500256504 196.2289437381437
162.2746327259347 53.65995489222208 189.8700893776522
172.136822855461 9.427111719670002 52.96762873185933
195.7009617352599 11.91485343143088 82.1994153296188
47.82841564592995 84.58987376199165 70.33396072087358
93.88319257585815 120.740367465022 79.71438693084453
162.3663080075748 27.65558267252542 164.9171090514521
129.2763729718131 148.1029083306429 34.44279333134602
112.6967262426063 16.24945514341797 49.02099932364158
92.69874450354648 193.3404002017966 174.637528327274
56.06017870105367 198.7633865420958 172.9110153676334
97.46831800881237 120.420562847469 4.209405192636213
191.9212850751733 34.1058646545619 147.3538669649711
164.9142639318365 186.5555841998269 112.978592395398
42.87108972796298 56.24922399133081 160.8568687370754
177.4125505697545 60.15139853732376 49.7783448026526
79.52352098319886 134.0497253709778 47.41106640773738
131.7713791606747 40.28013037671499 10.00698387185505
13.23511251158711 150.6173961291896 138.7523228451134
127.4130685491402 167.4385238124897 66.17194191463292
146.3486830144879 69.09571433493969 44.21101329753854
151.1010561003422 33.75678222545616 45.84722839038828
6.301773516077498 111.2007048915606 130.8619118115187
178.3836844680839 140.487421468535 139.3514603925614
92.11172107173878 96.19566144824758 112.4147692275151
65.8779631363101 108.2476159048719 196.707371472409
69.88334074243481 163.8949678070602 167.0774079771898
6.517333392736149 169.9353781606553 53.08467660561926
71.37157395006039 48.92776233610197 3.405697385946314
103.9163795009182 184.7839539184859 48.0256627481636
184.4109640804496 22.10026079528972 128.9944644829635
8.710781905292876 135.9774378949535 198.1342157276721
74.0364558199484 79.5438121935935 154.2522390343682
81.88584182191035 29.44369774615495 64.40581918742539
89.43049569092764 11.93810382224229 173.4254029159235
6.642184945506461 67.19422327282528 192.2027252797163
77.55327362071286 145.253909514794 109.4156379938152
172.1871129323049 135.7532597093243 80.95916132662731
72.52525580416211 18.29248980509135 52.26451451767021
99.77788937144535 44.20578311175154 33.49293405702495
113.4773276233907 43.3302432493898 6.258553706830932
155.8053780501221 100.1506531266893 67.18104446883196
105.5858814977054 126.8543330140965 172.1167255012099
166.4606800287964 199.6862232944456 37.77150148485658
93.38328245104128 147.5575253701785 99.30972293000328
48.28702660731921 56.24205617287092 178.9868020859526
183.5562201316078 40.35568098634706 165.923043058249
94.21303136486254 189.2524917415479 193.2394037764121
65.53365041965952 35.70540001470469 57.23483070454751
22.31038103108521 92.23933922184742 149.7205704133646
159.1309854655298 70.12099787889422 120.3660241498614
18.06997549111071 93.70121720376059 3.286640068670839
27.16531379851305 14.79916567033755 101.5108348656719
18.50831168911837 124.7965611526448 41.89340103198506
39.46954181711208 119.0542605610994 155.3227385425638
182.0036847672868 163.5095900648131 107.2306516904818
183.74766724482 123.5007017061217 172.2291029537827
17.38122316388737 193.2831764955458 167.8757656503515
3.306760543223321 85.66479478847818 194.5982040364345
43.45323876051619 5.875242662450043 145.3809833090478
129.8132567090987 87.7026621540749 189.2243530176806
185.8205460571401 136.7453479344679 11.75724229973916
179.4067154573532 24.01490848676302 157.3330886094049
56.16703742484656 154.887153874725 19.20067765853487
125.2795435732552 7.844447552236892 174.4905128498996
99.62603233167928 145.0009841244686 43.25104170587118
1.766485215149124 98.40175566674517 34.43081059813693
22.03929060405129 31.91930051242716 95.29383149230084
91.17452867873435 193.8931921099753 11.44146339303865
179.0411261884421 54.07795072918027 31.93216913353254
175.7092142352075 112.2334227552781 28.50403216862054
56.54410089675036 135.3434105971807 83.6400237264601
88.65787855979008 129.5653491595214 102.7708066196633
48.37237912583789 49.11724479707238 141.208768068942
32.41922670243335 141.649191325686 195.1753909690593
52.25045658874709 145.0858549196504 63.08003243758432
173.1345701232377 76.90426321213164 183.519030009059
43.0182403212308 84.04552802086813 52.04208757794586
42.54432209704797 88.94694487074261 151.0488824554942
6.520593719539261 5.789804586853837 156.846898070076
166.7330418103408 158.928530801532 163.9194277786574
3.022958983715692 128.154268743279 114.4538442957933
38.55068720110847 189.4274502863277 12.10754386722255
56.6458131502193 16.7011588698215 113.0527353418251
84.917635884533 179.224080099605 82.6297889498893
197.0333152500229 9.674139523395391 100.940549646905
114.132781099227 80.72861508581927 88.18223093497953
62.43721406337541 60.72294022577251 166.3733165885964
8.560061426653553 96.47890331371015 117.8980163096002
171.9723021637546 151.1038993210779 65.46375005979186
29.71257588240659 51.51123984643844 15.8013920233721
44.62286495588339 132.8693725788804 101.3809120118223
71.19459926777516 82.74289641545832 174.3758454930079
23.97628568939551 45.237033642142 54.93171522990733
178.2687604806632 41.4480558044059 135.1575258225584
120.6710119461506 94.65012348040896 51.72310312764321
191.6115501090325 98.47779952728898 2.153053384329657
10.07489949194844 135.8152740572367 150.1073484914423
1.953086914103076 28.32858741596354 132.3868165620616
48.28931160688371 199.055932182337 39.89687601303871
186.0239480842034 90.64790776589562 185.2518740551462
62.81556851240818 0.5153681386024235 79.10890606567341
139.0705118887421 13.99476322707782 135.6033981177708
12.44997973117226 194.4130228010305 188.8453514518052
61.01336439626616 48.56272227716077 44.10916361002457
108.3271352051892 90.56748922792505 156.4878805558158
107.698215261855 88.69301882838413 120.0827821043076
89.73808445017653 119.1881372405627 39.83591033059968
105.8594383196955 53.13587023162543 160.4847652927327
55.35164100047292 172.8598755178656 9.70047945264359
36.98292691381737 81.42268581187074 182.8791296120733
90.44874744954075 92.71177544094151 23.88159643958119
82.41133224884668 29.44856898097336 171.9624507582828
164.6278688424934 107.9640978105908 122.5319135962903
38.24160229712726 120.4825573106351 188.8267180830936
13.23364550908997 97.24465250729065 165.5504880639263
181.2424683748781 184.9197794584942 70.16699408402808
175.7976082855674 157.1379162287786 82.98471807701462
112.8351671656061 138.2495070963979 186.1167662884331
126.5910633309181 140.5957481410493 17.26887101050275
72.25106456369429 25.03460486784619 34.5869887931221
167.9287036333772 153.3058463537641 99.7603642315832
33.52709657191168 101.8536516403119 161.5433055059175
51.37448494701244 186.0277946262343 98.21270887221898
67.86697758306116 18.01639927517046 95.89886965592918
115.5408635276605 199.9422371124869 39.85519550059163
21.14239641464642 143.4956957771749 10.25681320072427
95.60356579602723 133.8740074338183 25.38099406307774
121.9368050196608 61.79162673593614 34.71614191142034
151.1722962622993 132.722704087877 163.6477137881462
158.5905908078418 47.49028130682046 67.94151552399897
24.54483333928223 60.95115844510653 160.5986529105592
89.65286083969589 7.896636700969498 62.9894593748994
109.1178441112726 197.5975852071232 84.19010007424843
164.9108469222774 72.12316350756781 42.13564765288069
99.18458352947016 156.9158592890155 28.55863689870556
43.41091089124748 102.2651655945771 93.41510966896605
124.1714887940386 65.67411726482152 156.7028887236566
128.1267038115804 75.15003701814082 3.28182704318344
38.71371902898962 0.3792211458875113 56.16287310028109
198.9478891417813 63.43326173702452 119.5392777494154
8.526397767630256 179.4176542899642 101.7575551059694
30.01340531298612 29.26063222876258 46.78714772925818
182.2223075461039 141.311518676808 29.7636081507571
179.6669252206441 26.19196899462187 111.1369868458153
82.38880367906356 190.9167665627693 118.8976670601054
89.0691835255972 71.32771516725654 47.11445732527757
183.2332969797569 143.7357495924226 94.08501790678565
164.7746935870231 169.2862816014168 32.14087592638929
97.3235865274317 62.76463014876207 96.79887687846129
193.5824275026092 193.0271046767465 189.2251749882684
95.58785246490251 169.4007719825279 139.6982892548448
53.34400853278116 116.6798724326114 142.6780730946287
78.24684209653705 181.4302518225656 161.1561165714208
17.76866535211856 36.86909863011149 16.80543390543827
136.7027615478183 62.69349887820519 117.0660011130014
24.25346697619648 137.5897352077545 162.5108063534201
146.0895329159431 39.05955599719456 79.37268856421701
48.68908853297187 68.63426728323502 80.72666144392547
24.95489004859556 178.6657248618592 4.533506597263615
136.4290027691797 84.49225389880621 48.96203947824709
58.75689258861614 15.92625779145694 150.1561410590996
195.5639343043523 65.04601473588396 164.7033405152956
19.34580695702905 81.08489872783923 36.3255676714792
196.9334919002036 43.35875310476617 44.16431329739778
178.6922527195381 181.6503917358302 35.52571173900029
107.6994732736567 170.5850316811138 59.94646370830885
139.2762248645386 108.8558005006392 70.1867151582592
68.23184506471775 66.02215118466637 45.19537940576788
148.1768093704957 93.35327005438607 16.74468945338506
167.4698085011923 136.090717380729 173.312028745002
4.179005040137978 177.4528625106673 187.4415789821039
194.4767400252933 50.89794472145417 177.2203494246958
184.1913258786715 160.0318529379601 13.51746572321867
90.40698153664415 11.06983130666429 129.5521902249157
25.38228339156617 116.9372996979377 130.1828038886243
126.1733736321743 120.2527335038862 27.09448831035595
85.54581387535956 27.2535797832838 0.2702805547336071
127.923653650701 199.5217821871833 83.37408888825847
199.2631312855135 176.4495792295902 69.57109724812196
125.1425453844953 167.9271618398166 99.07894983409254
135.6628276295915 21.55970408490041 99.17162708973893
96.86680129950291 163.494848246241 46.14759316970714
99.4715994744476 10.33376047986848 29.59904259698177
198.3472502537435 91.17562763812023 82.1657785636561
69.54805256984771 174.4170933722583 92.5643556045203
182.8334030503835 19.80550067675795 93.60948643129367
78.84041745181055 14.27687818903187 110.8529943392744
106.6772151663914 127.6077154790668 39.38578307364732
45.62455032942415 33.4273333703558 180.1813645550917
156.5898320670828 146.9436000358903 115.1260407170597
190.444317818303 38.17742984682868 121.0477581042077
187.4257635267958 161.844536059862 67.42741705544294
185.2918704178929 1.273096981674183 38.71715259802507
109.9461457212075 107.3109037314673 122.6020897061841
39.45128247869452 90.18304946820744 132.4227788800722
110.7218317525289 196.6531969994254 169.9237533503599
124.4161864191365 82.7234935488837 109.2883405652925
164.928865099459 120.2019852654554 160.181403233377
61.02349062625306 124.3964296271209 45.78076458666705
13.22097997280233 90.91506255469444 21.3629035624945
76.36257626698172 98.31649726883647 154.702133103166
197.1770426897781 140.7355631510338 137.1666384330582
54.24982711294194 196.1919418631894 113.9114166560747
12.01079434178057 188.2286374846701 42.0398998308227
153.5290740242192 11.85207925618009 170.4105785026085
81.42860798204806 40.98467888068323 30.18309869564202
6.501671489055609 116.1939224235419 30.06710428813202
171.1905832311476 157.1754277170588 144.6235484343021
139.9063069442255 174.0956906584489 129.5345332102156
35.13746096824233 107.7919888336482 45.52672887924748
63.29828903142458 149.0262882338161 96.78763489483048
126.3865445519339 187.6653188297332 175.5683126032232
76.2921072392721 115.5819740965476 52.6510507557108
182.4965099386563 43.22937111655322 56.54766271750685
184.9646295537072 71.3351033495149 150.3461643993134
190.9339663376019 74.17947849859372 78.39737185904076
55.14240026467773 172.3154112586196 158.7211825887734
183.4753726699631 180.4352108735089 16.1297425346461
23.65145779967307 99.75906472871135 95.12331989291114
45.05781136572013 12.47977280600115 9.693682724890934
139.5496224787032 90.87276641379964 101.3513463078377
120.0696423776723 80.03409045429554 39.67586107567723
45.33555348709501 175.1249425674087 193.8078962961236
117.6693544031444 15.5091805440118 29.31168280380636
58.01395687404388 106.4488922578613 118.7926698080981
152.7701870983167 52.71349404771985 116.5521548965279
177.1832847688277 110.166358312597 108.2001914113835
97.56671353302552 26.75161132009434 182.9655260111855
80.03859483597483 194.1503666842179 72.07386198522359
53.03739868169887 101.9394793904899 75.80063464199802
99.9507950911979 102.9955758708461 11.1544434572969
168.2104302751042 198.4438616703805 67.86655772927188
146.1648561175021 56.15138404401191 149.9303646343737
146.4720042639955 55.47049272096775 179.6218969290144
53.63866165525971 117.0540813106105 87.52395511536123
15.35086183824262 113.7998590195423 114.4489780933765
81.69249874906525 127.1314959752651 120.5825980473911
30.04899760463513 194.0297684618243 139.2135041451973
98.21515138916098 2.791474934757411 46.90688578602541
49.36627635962402 135.1091333268569 153.7990807730299
123.8255798974416 172.7576831385481 117.3275805909781
149.2088509442487 122.7967287913374 147.6587633234949
185.8127270652568 70.31588963707365 24.96786196677083
116.3551984399476 29.80673558343668 163.4332269195834
134.443457617594 53.33842683288454 85.02660142892285
13.06136346709368 19.31867079191846 50.38073719184732
46.32405533161116 95.10564007855812 173.7387562596195
10.48006643109107 114.6457077238624 172.9246891733874
198.0948149073847 122.8342953634176 143.3251425050824
132.6908886402043 138.0126223000388 59.83366686601881
159.0377657176885 149.2380154032231 79.14732221142333
16.00977771773153 4.928728754490647 34.09372220753123
150.9563665971759 142.8014674284855 179.6601630273425
12.3463378233228 16.59606921524469 89.88345671865002
80.21492229252428 184.0687874487879 23.33242481465876
65.99198682224475 157.5506378103854 59.36171454652701
186.7924036443345 0.4342017430197335 60.86497698813849
92.2632547562482 45.23149946594689 175.406899433881
4.250975451800894 102.5149866473558 186.0422196157608
55.16429233060165 43.26817222138813 167.0533215752225
79.23329349139775 40.44749019326999 188.2661383842551
68.74954770746136 115.6046175555929 153.6114705669667
77.00858438538766 70.58045569908228 61.67494979604056
80.36036089670475 98.70200216204138 60.17049140165092
155.2785649643797 15.84460952471756 40.61134122681884
64.76633933272764 54.34155452900264 133.3365686071537
174.0840367228558 142.8791245167857 121.0807395510733
25.52515422905931 5.132038728338509 154.0360035896603
180.7732937034883 57.4053858859386 188.5294308730851
52.24011528885208 74.79215826731034 173.8635223158378
168.9344826284722 171.1987303945379 50.500215061847
42.65142219145114 28.13943504053691 118.6517892621848
51.01083855390831 118.3456853279668 2.625497579010164
167.7787665627806 3.879692226138728 180.8694250061144
26.85509657795052 119.4198318776788 58.09278593532019
188.4474129178569 124.4430485281525 102.9731818290328
23.71447213903331 85.18996495959989 118.8626377995124
199.1045888332843 54.03446673016173 85.3139595477318
178.2089112992624 159.7001628592646 195.5591338143334
23.10140804794407 62.04743164200219 63.57296921611821
31.09658992134305 64.09524754990369 178.0690319006156
157.0737132272351 183.4078224661359 42.17121043386938
9.250497925632795 68.00773841278871 151.9780840854783
10.10674416055848 14.17203053062274 186.9888684694116
20.25810753913503 1.923125116853301 52.28559900936632
168.9882064012048 113.6028228583984 68.99179580155607
155.133641755924 71.01379235241346 157.4600365159419
155.427293053485 109.4946061012617 10.04288407994198
64.46341440577447 30.77940566107605 177.8042638812408
129.1236127751364 154.9080160653244 52.0976403117493
146.4021308448313 11.6175144143413 152.8840990322058
153.1832002105872 63.85379345074625 75.75319746540325
184.0174386564824 108.8050176067119 144.2564306743382
196.7550632644555 194.0918060348368 75.9341153802022
68.69489256448583 135.7289469771879 62.84378844182364
71.17905809219488 161.832828573819 10.01247459548861
59.63877800606721 76.23198110522954 12.19563304215304
93.62641444092552 74.91679761674371 18.26959764196164
59.98422704276596 77.73744153742183 57.55481008864191
137.655757262569 22.3074479916374 166.4956149063109
23.29095233039671 156.2693908458891 26.03176009079868
13.54411158082224 166.4643731103063 13.41877103518583
141.0671325523735 128.5141040014235 18.85117389169121
128.0055395746049 3.511919062172634 192.706478994232
33.92182802316607 91.26427124243037 81.29231067985442
95.22938943956368 117.1620702749478 129.2652769304586
148.2186080745796 34.76764364996365 176.2411212343054
134.5394352368279 51.74638303354584 24.80189508289547
85.3603215835371 190.9741722450724 54.1960128322755
12.56906475899228 108.3192923229779 13.96734947320265
29.48271795829181 40.1242751675285 31.30405611595777
163.022961016689 70.6201281706652 198.2258513410304
106.6386809952441 72.03226254382383 159.8968529636169
15.21337047295439 40.39469797102067 138.436627192701
0.3579324565660209 195.7821843188993 28.6727506889887
53.21137264493184 170.9007372548365 63.41848923782613
56.63291021732999 123.0208420154315 185.1738026140525
35.95050244885851 109.8283816576233 77.75734177748501
14.05648623856935 6.069890944892846 112.3967087751764
82.32343035826403 93.56726377676834 185.1928908120314
76.85887711576707 63.47643359205468 144.6657865502346
186.4704536023947 51.82187693868181 151.1561841295662
59.29057216602776 167.9205942556032 45.02359997393439
181.399542768997 3.548980014452214 20.31063649721568
4.124036072342065 79.40519421220904 110.8139530836527
190.4940345767784 92.55847565159176 111.7788598363944
194.192539101582 56.70887025223588 1.851037658276446
50.99554907619375 85.51095487602424 88.96585798965287
141.7685940221937 80.08154370675516 122.5450361458512
188.7525834321669 153.9720373937448 150.8958195621015
80.32406651389121 106.8869750910215 138.2291758543107
7.140233738313973 145.1431529607798 121.6961977859025
78.37239808896835 109.2754933564056 114.8203945013
33.89081617316436 153.3416040238376 155.4432704283903
35.40314135207226 70.82067785434762 114.9992930285579
170.2476789961919 169.5422597679798 69.34687377081082
136.8313150561999 179.8605270386351 161.8563251155789
79.43507314397407 199.2132745184259 186.8816592957577
116.7319003614809 147.2053374077574 132.1563064305491
138.8788146442786 74.07960989998564 148.2726430811925
133.5926133923796 126.5103097614798 157.8253241805855
146.6805274501675 80.13933964037433 3.186476100867098
127.7659369278802 69.25877383119349 133.7368169956088
98.08939329290111 101.1353521601466 192.416764405578
139.6483985076691 90.23548928106776 66.84433143426816
66.20659928908087 181.6786217881532 75.41408589181491
73.57628089625713 84.03108084734809 198.9977608998248
90.05930121020837 95.22993510136773 43.76868827381165
111.8222460667034 100.6697315641012 140.2203104869113
97.7953346200398 26.83365006831352 161.2610270257366
107.1304462873247 20.82382343856471 127.609110051671
156.8349138616242 193.582235451755 97.37804449217749
113.9469558968665 157.1658386771927 41.02524780919339
106.6148485382176 121.176321788687 95.87515826158094
147.8895154033648 21.00514022241827 84.74156759952423
146.233329116914 65.16203389858067 133.2921617992221
104.519430644286 83.33574179535034 138.1640722246208
2.172229317538088 3.632468830568071 46.93379932869252
28.62945713918808 16.6082593094586 60.78817765421599
97.44118073790273 186.906819520848 94.55299276076384
81.19567298702788 164.6227228129754 27.32390557443702
34.97401062890771 40.25131347433771 106.3072962642746
164.8951292322269 45.96726551530348 50.16627860184211
49.79586453044676 192.9168802655032 132.0073419086949
14.52549611717472 22.38484535664283 72.00139150303696
168.3145779023644 73.3698971288744 84.66268815404239
64.79311388514728 139.6804635196192 181.4462588880382
127.9817630504435 158.572833302986 82.87827776689443
121.3061714631167 189.0750945049446 156.1916561003304
122.7543164877054 53.01726586186969 125.4228786013532
49.61383766730282 64.53088142594586 125.7937990178186
65.07532795586897 14.64088240418082 167.9452410014421
168.2766255186543 146.172200235075 4.298145537100278
11.88905754076533 64.36117491063662 174.2452538263998
196.9592601438529 175.7826688413039 116.2838744643943
92.00994041163162 155.6406558642848 194.6327774389439
44.79034996756792 41.78144537617153 56.50419730723287
128.6897790801589 53.01067665498732 143.3893988035775
39.53214975753227 49.98839316403176 73.3506926363133
199.8793177407782 123.0795774092922 186.5529873103343
81.73376878753599 68.12907682370661 5.211326387485103
140.3434091660443 14.66702634709136 183.686098560879
93.0961054889447 11.03528221364714 192.5068829047744
91.38914097326986 28.87352046999305 135.883920278206
7.829499060032011 78.60402715181013 71.11786320990055
141.7608735470457 126.2309451030821 179.4988240821616
177.0370004564171 94.79366761115286 15.58926798415937
7.646769549176516 36.23506523988178 58.14694469798692
161.0247411320184 126.5358085098644 124.2726870922869
105.0752485866665 61.02982636949966 177.7062298302789
167.2644338918047 73.97703944720757 103.7225768341344
23.36120471189216 137.5470684944833 28.76960157531401
86.26050072170182 151.4300885028247 14.74103903587931
87.19436805554604 75.62662166786919 188.7190491451267
119.676932985871 174.5433966367906 45.84333575607864
155.9907768066422 71.67882571202321 177.4517434788394
26.41708863552467 80.15772123035207 67.93756028739429
85.66191359392727 127.4344618607005 64.04191501061976
185.5641906331276 74.29048865802423 111.7275028071824
79.36217719661333 150.9449201151997 177.101069028724
122.0942829575553 68.91891305116285 175.2280940929298
46.67120063214792 54.68175087956812 109.9079085185628
49.36785533103519 66.5822387338947 46.56027575289009
90.08698880437146 116.2800744402778 21.13273908364001
172.5284395175521 37.40109733740499 194.5559940292408
186.6788482201306 109.524322929684 186.3826013975647
160.7607771393462 22.89311705860079 183.9687405339164
84.85354026854617 112.2530711122762 96.14971182167972
106.5134089126849 158.5005388516171 150.6456091516628
37.88756900795892 3.507386927930108 24.73063157756684
183.0854403889461 95.54112097128927 33.50251512804927
191.2295427199928 99.88137544394175 129.2104674999787
102.7247774474707 17.30960524591474 145.6719576513032
129.5108530505983 35.26255377213359 87.66460381577853
92.76893050480057 146.0357911399472 146.938028412944
94.31694704535799 140.7485757990156 116.9460328122661
174.351157879137 130.2464748539392 42.94073203479694
116.3873593230413 46.40611745088107 24.70028579738457
9.17032790850234 164.631256169325 174.4523753172468
150.9405742551183 87.07963236306304 37.0103697525212
118.2579894762838 107.3476334006791 13.13752232802447
93.45457134294099 86.2180275241727 3.094670644819229
16.12461419041981 84.34639917294517 87.12545192813255
190.0167964002325 124.5742838322989 25.6238654091929
193.8154836984661 181.9256118851766 90.12458407606526
20.80071786044283 11.51535944738085 171.6068213186446
107.9994064906794 38.49326888676693 148.6783916981839
14.0840971191513 152.7503122377853 157.5341190999873
49.75749908934296 105.9039765755229 33.66412474558911
37.02371617765935 75.03026183705542 162.6193508605243
142.378617795397 0.4362321624386641 71.19851080595866
44.94352049548088 37.9500564728768 19.48322606900403
30.8373023303527 70.27022058805508 47.582187263257
149.0337386453678 34.85354287509436 97.58441794317021
80.30880330459482 158.8808912355776 91.6372903739926
100.6007215436031 134.7415872935674 133.7524917531341
75.68238937919816 165.4024950522436 73.59095417201627
89.29672639493937 160.7389620197293 112.4529689267835
52.75914203403174 43.30242536302862 123.7453518484521
74.78675569299467 91.46133496286595 121.0145996562849
11.24906461391848 129.454798304361 131.444010792082
155.9206045224084 86.73027144817203 111.8894730566056
173.9802161179852 189.7108495418182 51.98330373628758
9.462033679147833 25.82310587219606 149.5729582915089
60.24601880322143 126.4135213108883 166.6070276772757
112.215931545994 199.6125879712596 20.61771582063548
159.4372110085566 26.30942641961081 2.532219813744757
71.00880657968905 162.9614461478884 108.1357931728393
95.51953782527779 98.31401557692276 130.9060069604946
168.1393689563615 90.67035983947852 44.03423356926475
58.39073766185258 87.52486525408933 161.2907384659813
153.3005489540457 81.91253438440947 138.5363103605551
156.9113845242695 8.542308657895905 196.5341987838824
100.0227379932936 0.9674849668726315 154.9009264974117
20.51468519514055 170.4762745549166 38.21710650982867
114.0627545929755 32.34870072802408 37.15067375640268
11.49111293581318 58.73420738917811 135.6376990064067
179.8633162979813 42.12902780282282 98.44605675751113
165.1926126024645 11.72588972061722 155.1047540867394
164.0555739552541 36.65708086919998 108.9474482831345
107.4296193387028 41.91865392173142 125.4565066007655
182.7173272250393 78.51054041579961 41.73965269961896
6.616547478356091 141.3193232769315 99.72445822616257
69.42519716855939 183.0046004659384 39.75216213939102
21.13655652604369 121.490110602403 76.15249814835765
0.9100297225909774 185.5709054078365 162.6559528923721
148.0518235749758 197.8100965308168 33.81916926789001
154.1391007121599 85.30007575053827 55.57456418299385
36.44281232006588 106.5283346895908 141.4675285640137
9.597930401185627 163.5379504080899 125.386367102163
40.84005869010572 149.900308222 29.11235059708557
121.3221445480514 103.910403230245 181.9099725965222
14.18048412915545 190.2199563434298 149.168833449057
162.2258504667637 30.05090840972531 30.22177326841486
121.6214093379134 168.6159090813755 161.3621578006245
70.05570597604277 142.1234907378721 17.71061551718818
111.9755122483961 142.5925906690979 29.11894171479158
23.0657642783441 22.4722671882496 29.01141237722677
21.58720349151489 129.0477080933551 186.1257716329494
93.41900068981442 139.9187817640111 165.7218474168614
157.3126750049545 4.835691665722752 81.95236982473315
124.263540665479 62.86591020562797 53.46336993269023
51.73330220950735 104.7816200979612 157.3021469462196
73.21149403915129 88.33655317632069 17.41935843658657
3.796861269102638 152.2240036916951 66.86603141723629
15.09658979129513 27.14330189947099 0.7962243742810382
48.44946214417958 29.92048442547208 1.248052507846347
3.166810573340394 8.932225471568122 65.07075743649683
36.85860035535735 52.76598051903555 43.29611691958365
123.25776758474 58.72111206735773 11.3073888692143
29.95748027622221 192.8110378891962 38.17412889396993
0.510311782541565 79.54611563945852 35.38644903371387
118.3798372734261 139.9915624814605 47.61466938442702
94.47415382793093 101.4239278243316 149.5409804788762
167.9907672405022 41.41088593166505 176.6295679046527
193.6481438794771 62.63562146854026 40.3836501692485
177.0642570877748 9.093269447337455 140.6078498672551
168.8858059846491 81.24905936151627 149.2454522297055
193.9040785744677 52.01218678784702 133.7570510286064
193.4123839739543 186.8915756075837 47.95053216909358
48.24745488535432 104.4581640561779 190.0745285837717
180.749964434432 128.7232077434706 64.1466534969326
186.9697510016032 140.3278482831055 163.8836814301167
109.7009945293001 123.4040201716372 18.33340057983527
25.6584443309575 153.6118533221243 172.4779799595986
198.8029028308965 121.6729971334956 5.56677656178802
88.1724663410386 56.88130295185716 191.1029466974512
98.01736657945339 11.52136574920496 10.77082943106827
22.06891098833606 135.7015022213305 89.77319159419253
58.36460042927513 12.59756293000735 31.34473589474064
39.96467024439607 165.6077450820089 168.5075811929293
49.07452315026326 76.28950145238365 196.4978641419994
199.5321980395765 125.5428243261583 161.9966058671487
150.0238178048419 96.52284150911464 126.9679074468687
37.58258499451073 136.3500355209485 16.31369511207462
102.8146357684988 57.3386191311202 114.0867227745461
196.8311141177818 110.3662655532761 112.6444870536865
6.459553044573719 195.8658033303376 92.08039477368688
66.46844923368772 183.111592480413 131.069194287196
17.45349628872361 67.36363688553587 119.8866126669229
160.5554743395591 186.2647860900419 80.32991143742508
71.22385925698627 126.5531614993969 196.6912923710133
102.5429236627879 132.5324669806296 57.18131837964913
187.531719049473 143.9182201920418 73.48231086066654
97.35020903805436 168.1464571814286 97.01609558361864
36.46574376753816 55.59498104500465 91.16052838770455
14.72760015078467 65.86941500593966 83.29454396032173
48.38280641837973 182.7307470891275 49.46276017392434
176.7014450151903 100.4561619704378 57.78032872554452
187.7126741144708 168.9539201650041 49.89458838176679
12.35404315425843 50.73457953150128 5.123962657688253
37.53318660061196 37.52780832985221 163.2826539021571
154.9498863986647 199.0310069771169 52.77476200090386
20.85703789048052 75.24162441202199 103.0230516724087
22.52922213984321 157.1744251346848 190.7957895421821
81.01599516523578 100.3418694052139 5.050494250409073
190.6625839495977 129.0466179103222 84.75433690254216
150.6202175983031 134.2153134648471 86.9888812328749
194.1461199522575 15.38208789407396 145.7737527306171
11.05531444251084 49.77674752857969 186.2713200263372
38.06736204231072 173.5508404179352 92.93991180754742
134.3893070878126 196.7739913365272 9.195030023682925
24.58607554377284 46.96821023201922 173.3462890421702
49.65281954499405 29.61388474072036 100.8847292883011
172.7854083322058 92.02004210186603 105.1349547308462
168.9013268958288 27.63179780365598 47.76065671499666
59.43911372889347 89.39924537967755 187.6245527593861
162.826901176109 98.40375128836216 27.60258619001783
19.3417381539135 152.7942459683945 82.12941458038183
80.84150975225776 172.8443973300624 124.2848985401041
97.30115329321016 191.4832241711192 29.19030306830524
108.0191838966537 15.24453278138191 172.1785061646006
136.8335258196174 110.948524649676 13.23393884062706
63.27038384917154 179.599322295536 112.7535478314686
97.40711464021189 75.60959895608265 80.96602476529559
91.51077896344695 74.69514952231671 148.8477647043487
123.4990374497591 40.92301156567184 70.63983765968632
7.42608240757814 46.65035908347861 121.6561830234952
157.7209344771006 11.60667730122745 137.721279961131
63.2901377472847 170.7119853646592 26.74141714678351
199.6911413529245 193.6224373802857 110.6000198985148
35.40979529969716 31.89932312163086 69.63334505592698
124.801301756775 30.34529735290849 52.60049150885299
186.1939492283103 9.08742339005261 182.2656942993711
13.13858792751625 34.75306923422519 39.43541911660324
32.50312327856651 26.58706141872781 10.87245632148827
107.6137440058725 154.463280058603 88.92558025033721
169.0208332861676 152.5021561855652 22.11398278790343
131.9261967408589 93.66501030309431 7.057258846631314
70.52924892375731 176.1118415019016 57.8541205181
89.19327362215581 87.11028824121809 162.9374777372849
128.7161150335731 46.51407526625987 43.58541744241592
36.29564481502425 89.78610122155213 0.04284645740865752
85.34829772774174 20.22453739355278 21.80605746538597
175.6769238216773 16.80916527756353 33.79684532414178
2.124796777927922 1.985265669860295 174.9141950620356
153.1302918472274 153.9994135614934 195.1240689486065
88.89907250829502 172.58394412404 60.70542039404865
1.986697525248105 84.80419826919466 156.7887593413649
158.0614793569349 167.8169320328714 83.718572568509
0.2446246346011063 70.65976160336902 94.48930065514348
118.8876884860198 27.15284282240695 14.44672210053057
186.0548037245771 81.31809166486573 166.3829415300913
191.3746246780979 71.62664645731449 181.9420152038771
104.3549681683619 27.22516267790274 2.329721581835342
194.2298258522078 107.5342330586746 18.55892271013536
20.71586262805101 160.4502893222741 64.84095675416813
141.2144941457056 102.4581122928453 52.48531714175566
68.68119068310253 75.97190709860406 130.3974615691898
61.65241243504881 133.3825286552015 139.5128874245412
100.1497769905009 81.46311430567714 35.6027034750721
18.61548478243641 79.16647145449994 164.0531248857772
54.08424173495316 167.5101350704635 101.0018431161462
145.6675957188907 51.26925022226804 50.51812372175745
76.02289718153366 146.7791691730396 199.5230526240762
179.0042745810038 26.51878157924408 180.4966447820718
20.01740877463615 183.5946312121931 24.5781290467583
96.85788936858586 114.4235822618219 110.6138541801953
124.748797449219 79.26015256710254 62.89841540284677
78.80363442778371 125.366913664839 170.1490081626203
185.464041264219 89.69818761879675 145.8102440371159
194.3928371233629 88.66665239526731 19.97804690031478
98.899533700779 153.2791582528177 130.3628279583206
83.87564780876271 146.6780435557687 32.90024894099133
104.9638208163839 78.24459773297849 104.5464039377188
186.5753326201144 183.0592934149919 174.7486900204491
155.2476952388042 84.10157792474624 93.16346108104472
152.6461488386818 191.9893338005369 7.845799589507917
139.8136192867769 50.48333171148386 102.9440794878669
11.89139394169534 109.2162629464107 50.34897139898604
68.01941016808458 185.8540199945321 179.8645655357592
95.39718283770478 62.62980445667114 64.53843163461721
31.47707709574895 94.39044096630444 17.8043930185349
93.12083125491388 44.80795284019262 70.76695905226904
73.36027602189594 116.0582992717358 12.28997651169363
29.53463211296732 117.6004664570331 97.71279251462323
27.49771732877704 125.7348145161068 4.149637153991312
87.89946433684428 178.9154744504838 39.837494498931
77.94660261961944 163.4334801300772 45.926474928402
164.4005285133553 171.8483341102171 101.0849397734329
134.1273862404485 7.257510348170626 24.94475925240181
194.0310573698877 53.91232711214887 103.9443202839242
67.76535718087923 118.3001523086374 129.8599144553591
54.95158096309881 18.02622966073437 188.0466870861832
38.31167705912013 127.6756228506475 84.31573356031548
75.69553383140999 198.7485102930722 168.3391189675335
97.37433450221239 186.9931127435328 69.56951491250176
73.41928423615339 46.07775560391993 171.1628071776711
24.30175345692238 90.28891374427454 52.09740207090043
176.2665661805988 175.655281533359 86.84656928439088
5.877766924131958 139.5684933184961 80.77768186139036
84.68376991374249 133.2940147382557 9.581224802567494
167.8153480933022 189.2583621155184 22.04096421053807
135.6522995312691 54.72759003359685 66.19484885181598
147.1133261028995 70.28217550871095 103.2074882374706
34.95561038439414 108.3617779135108 3.38568464518167
50.70803142958079 179.1927392955475 176.1269437162664
5.675218327886019 94.3544229323951 99.31870989659673
115.4277437392877 96.166996700982 198.1371915028928
124.9236438374851 86.97207361034782 127.721354895864
108.2120979439375 63.38871140427254 21.78911676003187
138.3513644006877 127.2885019486393 74.35873565453554
190.3790747950972 141.9201162221282 111.5110851085799
15.40033753249713 31.76174379400876 182.4494579946624
78.03192907822358 154.1575131786233 126.1575212311696
147.4613999477268 114.9265482807761 130.5405479601169
185.3833104366659 68.76889876232339 131.604083915599
109.5064702230427 162.7619029965452 195.7216154587919
141.7450293560517 46.94906755356291 130.8085242579384
85.86746164513048 49.39404146727677 103.7279055543281
181.1104226791426 160.0494946517409 34.56005954590159
66.95896439261757 29.29121999404701 197.3713468452435
75.92235564088594 17.74163416234493 185.3365765919166
31.06281757126613 47.73844140681384 148.7257351151204
148.5764478734403 33.66461641021718 147.908624749753
135.4245255987184 29.64815105502016 29.94369774828361
95.99529686614338 171.7057198532678 11.62804015007556
166.8298402718601 60.05256815635003 141.3689419860394
15.84306993840366 100.0794384652299 70.75629675744344
53.66273413209864 84.39768439037965 115.572496922454
50.1881309011841 56.23049960321198 7.078575837723815
103.6336382248232 24.7641169505405 68.95473543126708
58.35720399220305 49.56844429538192 91.12366528976405
84.80842556948598 65.54157423604033 168.5161579242942
159.6685815177448 10.48496128848186 18.98821280859442
139.5509306607091 192.3217602204391 143.0712326238248
78.67405760953628 3.269593093863781 35.35379240749713
74.11279956781416 182.6796741468382 1.50601975536238
19.6821854025321 7.864288247199792 11.8799555430699
32.40530178465543 16.74654576689943 190.4099947469799
123.7086043021639 11.5317304894109 152.1412779301016
0.7232089139272997 157.2079933123291 197.1245445101713
111.2000782251546 154.859668181204 111.3429506083545
129.3334825014363 19.01068974061475 71.80892340353974
132.2330759697703 114.0244820716935 91.74232413550604
176.9858775669192 115.4014891396563 6.056510298141211
21.55143860456224 160.882176283545 103.5928199840455
179.9972546346271 3.103812549069693 116.749231988811
69.40336629645472 35.3137045058828 110.5276384885803
138.8476066787723 179.706802048403 81.47876760057521
141.5378810963114 129.6306083112393 111.0192669498949
132.2396691927838 98.91359371616812 31.93180183630427
132.2173998851242 46.00397255793698 164.6971069639382
50.37063779988988 122.6164451055643 65.75385265288214
106.268297107031 67.85538807361887 199.3290489422498
68.81604790927854 31.19018532051744 136.688319413202
183.3416262895018 122.7543626394911 126.0655898483178
165.2706412088609 189.9975170473221 137.1699564081809
135.9930725371735 76.00849316737181 84.25734621950694
147.0699809904874 150.3863509526943 16.7065947537811
40.97158576703742 174.9741365856162 29.45111366282702
56.20946048776842 26.86601001451483 77.64357481490215
198.6275520655143 23.73642230261419 169.4177728957293
0.5320801134621486 20.15686026563403 27.45271743792713
28.87391050271154 72.18120043070313 141.3450472109774
106.5398795244641 156.7423220698145 173.491629265196
0.9317697982366759 57.69287975794904 61.31392002669708
89.72304244811656 123.6546017535849 150.314873646725
161.9203559231632 103.6291252224545 144.9548522563515
134.373746665812 101.0332257668795 142.8387545605369
18.42844107461751 175.4778428936382 81.70800494927487
65.53450325531419 100.5020174950806 98.21035005114493
82.55998836998074 49.46815076132423 51.21422224415499
164.2741930954963 93.25111977948656 196.8732395559732
197.4160168911287 45.77850395274095 21.49011598858118
39.87371377355571 132.322693583411 43.45291171282986
111.8611017264603 99.59743893912382 100.6065984626279
90.08643204551232 74.64946708493642 122.939307105667
163.3213364383864 150.0321937990439 44.49784073567354
112.7174209309111 175.3317833761256 81.57620473867991
167.0906027033483 175.485946487942 183.6113433696851
108.6726113880489 46.23826480329704 54.28499575252952
15.46072810405072 57.22364380540594 37.14654457870283
166.6591520173016 130.8268254387852 102.6996472562738
6.53976659390519 69.96533878052324 15.70364728798462
173.0011758744736 53.99746546652467 10.04449763847918
6.096843353514841 142.1860889084555 175.9774808675042
192.6164368497515 191.8714417089798 137.1532017112377
101.3748972573398 178.7365763974064 159.5706342773311
194.7620820253261 10.7487298739084 3.371149117035549
124.7800339666643 11.79248947285745 116.5417995796369
61.42178133723841 193.4176733229392 151.5046385103983
186.8709203195247 160.3559288923452 174.5806312386321
123.6809097753722 139.2335169826129 93.9710840498733
30.78256677192493 136.2654799387908 140.8042219633469
129.000258078614 151.2344122559243 197.3547444774941
105.5046562766389 42.81114388164429 89.69344990964676
6.428202990543616 129.1180101186643 60.62718119230799
131.5270703401409 130.3117812432465 135.5354952078782
175.390162228823 54.65829729661626 116.8872314159854
35.33587750565332 6.547918154170674 121.0228006699086
160.7089374110124 54.13397879326295 94.84367208584899
63.27224008924743 162.1615127114985 188.7302631608947
149.5065750810568 162.4965932382682 63.36996400367619
183.4616715510808 138.5318423129448 189.2449896488499
42.41570273531966 15.50989026282065 165.9152402213873
86.25402288229293 172.3331385097006 180.3573187610553
141.7163009609831 106.9123290697437 191.4297200668647
117.6942455682864 174.5511521443941 139.1163037854409
163.4065981912426 130.521140893966 23.04853588522991
156.3716155656738 53.87785590040896 30.66424584017806
105.8995495185072 142.8488543058157 7.242586893332712
41.07663495079647 151.2364473910634 88.51107739392818
66.21443297351034 126.3454122488884 103.988385872119
30.94347316160734 42.83804876976359 194.7491800834145
163.6114787129256 77.02189255204553 20.00263955552845
115.8474953678772 124.2236293703639 73.59801713043112
143.0857823227192 165.7955277289125 37.88229681798077
85.60547118755321 189.7281398877487 141.3431320868241
137.5606104533473 74.23285889466793 23.91476103164288
73.29069712722216 105.4360505782047 32.35785265442376
124.6079943649181 125.3125248748411 0.5940742786269013
41.1473209149907 177.2500187283796 117.2932351231437
154.3319297247308 143.741362636616 137.4913101355381
164.0601144291262 170.7123373555104 9.49106881860172
53.27370457989876 98.08770943154417 12.62800557795655
106.7050600787875 105.9292206983046 32.63307335677544
0.1785127632189296 32.20022489031146 101.4244051596608
190.2152054039963 114.2651201209408 45.8535467988922
193.6109936155729 33.59963284199594 75.79941556339836
50.9622662502672 153.4235321637998 140.4727272507243
45.78853501438579 151.3111925673966 114.578707409105
81.25939388041776 13.56259176184152 152.0558810054076
113.1269440551871 149.8323915365492 67.39151172628442
129.6382403217266 143.8693626113888 171.9171729287627
13.079819746792 8.584841369939612 135.2442690289184
187.4189448533085 159.5035594882476 128.9144075709029
3.942210586671182 186.3959936215946 8.310769550553966
24.75834682467397 134.3509465856922 112.2787527093892
92.35090722165674 49.27157788554669 12.08368743018737
119.370638564444 162.0666893755192 19.52818655565868
17.8061986941215 44.34170396043317 76.76487103741056
29.92398903380717 169.5141070657748 140.0071894927549
160.9135883126339 167.2698389750358 124.2752003264576
144.0522685855337 132.1826322436365 41.05899484323554
39.28426528696284 158.4521722422797 50.08860100944781
119.8094301946621 98.05236168333332 74.64628775191328
145.6136069197744 27.97537322111997 118.9514458069463
138.1395551038484 174.6533089903377 5.706647022149444
146.7809636791906 56.87598393038987 6.153808318471603
89.83549830736679 9.499354739604387 85.63795546753542
16.39126525192109 185.114062076085 123.4168743350476
79.13648751159008 137.6061548120057 83.79063978286143
120.4555445040144 62.11821885788289 100.6090171108601
68.36335145560234 5.648536848746818 129.0557513291501
173.2860086964468 61.29483043467833 167.0303258490775
174.1106006407609 194.3541948149964 0.8287194262677307
196.8456076423891 90.3338763548643 55.07663330783873
26.19158270456859 177.7331644985284 181.8804930888093
69.70511769895781 86.52340705984112 76.09849579214602
62.09531829377443 146.1294331462404 39.29336984453665
54.61832219332956 70.10047875391108 147.2295572782717
73.01798125659094 9.269338718609553 6.201440463152695
184.2063836320941 77.04630973047531 3.341966687450399
145.8747421234983 108.9571567490971 165.3479886031359
47.63264025842616 126.2240005563735 122.8829769544365
126.4737327395172 52.09176061058725 189.8303085717303
42.96557496894852 138.2636535877373 175.3544992860911
199.2305468597787 173.2036956257557 30.79391276030104
197.9039255630284 159.7501248675886 87.46185212110011
30.45522060720067 140.0506347186976 66.97523072306798
165.1171484922845 115.4049302754841 182.3739895809107
70.80997490115126 59.84078166195737 23.30919878983774
166.5903835115233 92.78414679157476 168.6678625657145
135.7019036591987 153.357719919381 121.2993781721805
31.39621925942545 50.59258636231485 126.2024040650406
134.4948429353731 9.833962993060293 47.5010127573578
71.76680282370133 195.9343187745616 99.46686824094181
184.5133979707122 1.143683185292134 160.6073704417913
72.82797572368514 113.0670961486599 76.05962191462639
2.369257131757066 148.3954262349902 22.05162998120836
27.14709309824013 180.8724342868919 57.28245420892359
49.79087104896297 19.92878262538827 52.89671904504817
128.4067935238018 185.4933361219042 27.97028479487861
66.92222796623503 106.0574837131638 174.1314778989048
37.16210296044124 186.1696221812147 159.2927824490803
92.56592919993776 25.82158661549431 44.69861289349717
58.42464966615481 83.05053309479256 33.81950365822097
90.54717384707584 134.1369538264298 187.4906721077362
26.77640463887998 101.7024070948076 183.2219246886548
115.1275518269819 187.1908198409992 1.835303020716716
178.5599976126039 55.39320795081692 75.31202602490526
124.0390333594275 116.9989663224064 49.46446428591307
14.54160140513776 149.5786630421638 45.88723992646828
36.40354715754052 71.24040463774858 25.02619167932315
99.93284353292084 109.9891865800843 57.91913440964046
112.6044981808491 136.7456281262638 152.9214887172113
153.0428265361651 169.9481484029466 149.4269310709158
109.2142050101153 199.0769634039722 133.7969531553676
125.2689089216476 32.02370915926519 135.4267826535613
179.643642509269 175.8658970759178 154.3584141989762
4.243797985331165 169.9777099597289 146.4913312982315
174.5056134998387 78.44624825361817 62.90852728339468
105.5515840886363 84.57393659749802 178.7934933674791
148.8363697078063 1.141344937364386 119.6354719957549
54.20887319855948 140.79717883573 1.50331067158266
56.01096254540487 125.3010743680728 23.65352693704794
87.26813257315257 149.9561312243074 61.64362894560578
162.046038449681 15.28521592763607 101.5472916452402
36.90464280553199 159.7077189611981 8.187947469136741
138.2368033585102 18.906537423497 5.892971955968074
191.4229585054086 110.2682043082949 72.0126410242968
145.4466339252178 154.0879265753033 96.6776135430123
80.61248088938284 60.34295016339738 81.61885589776345
157.7118319106746 132.6013362806876 63.75190863274602
67.03624845900391 65.1828542592521 188.1566798042673
195.1419124867792 35.47326103922131 193.8694731086354
72.66271888422615 142.8187533278171 156.9853947721621
128.6630151932915 88.85804744775152 166.577101657488
59.94223246648567 56.10079701287084 65.50048986013296
113.7853401631456 17.89783851777403 93.22722637058835
131.8586717653131 105.6788182163086 116.8806671879357
4.788105498666461 80.40774044300453 133.487989187053
120.2388680560371 189.8436825218424 102.4223645292016
115.7885364589066 198.2374327334342 62.49563698035408
98.87276976866833 3.635729527979249 109.8386615685404
132.0326728572175 153.926528887871 147.5279101036906
16.62294842622469 52.96332342893233 101.8794234218723
19.9464444264869 27.96609822645704 118.5425044728563
142.9652727618875 165.7737274202809 178.5744277801166
7.168777289322403 46.44759269575679 158.7886509143816
35.81111355671734 103.9587471161188 114.7441540812287
73.6822847824258 166.3305598975663 144.824472386845
83.35735176728014 80.90459165961502 98.09339114740452
116.7009846492191 111.4415732089015 159.6038967606629
27.28763608475555 192.1252834122025 100.3118667147343
152.0178995722181 131.1851350209096 199.1407061562066
58.62318653622427 100.4405319703346 53.84361562064193
63.82807654007195 197.7696429609468 56.59238187469202
94.09627979226569 98.07276837375699 81.01533200746519
21.52304229580843 1.144648285538368 75.93159606454151
17.59539696078501 114.4278643575361 151.3635448051997
167.7654429866638 32.11923156062363 81.90970791363969
85.79510853829029 48.74263118800778 126.4243640526636
122.5343367270928 37.14275257347496 109.1901139966154
102.6302912728324 83.75619575314076 60.42559306611533
154.3274423023452 19.27626600053436 63.03625720964809
188.744638179341 146.2953096636307 50.93378055037054
146.1342187873956 191.4975705044201 186.0992700944012
60.63814893714767 95.57686846530844 138.5529690836588
191.3617655326527 103.3541477609693 165.0388175789511
106.0526430086152 60.33684277848786 138.9518549923348
115.7859866058955 61.92581062824225 74.50631543909671
121.1341584392705 26.29352807962397 187.0605272284894
137.49990966206 184.763195361845 55.51053324497831
95.33033472905211 29.88077757358196 110.454371980033
113.5833870373844 128.7626664963238 116.1099147446454
172.6061620581143 87.03517021528558 127.2861556374858
178.5793980873472 28.49563259879472 14.54691852359945
190.6381965970253 22.54717284237858 51.90932520371554
155.9290123918264 106.6654247080999 101.0199633991506
52.48464150224638 196.6288989573623 195.2317615345227
27.88811767992798 68.69414064168167 0.07156961050233528
31.46582156415507 25.53821939850579 143.9774948814368
31.17390739482726 116.1189286296485 24.38768142191845
93.1982197559755 107.8435735879069 171.2830663574215
59.17857830356783 192.3291946075352 21.1423529886285
86.43127349380502 44.45970554858906 152.5583055002474
160.8136135845559 112.4415544094612 46.8494102983873
7.294232081903302 116.2038019244216 93.35708835022321
113.9095507226171 85.11613857759494 17.91425581397834
47.54854164039628 8.035296634380655 94.13977214243053
101.9293754143277 178.6982284121262 118.2356587732767
160.1109375999705 191.249657685778 163.4986869129606
178.1284845591339 198.2385899419493 88.29076590593999
171.7251775868252 95.75940232434429 82.76421684787411
143.5610832977152 178.19183301459 107.5022191183964
44.31829250804025 187.6544927140321 76.27943736792137
67.93423116139714 62.27895756995576 112.3004275915983
80.61195231859958 34.31522168903578 86.54635434386269
