3 1024 9.912946177556808 0.75 1.4 3 1 200 200 200
28.21326838953489 119.7516074297433 170.1106576642528
167.3654180109889 124.8240208263835 141.4633714422006
158.0155926328773 47.57144707526957 132.1053966900413
175.8172619596412 18.60523223127362 193.9279341797805
33.46236640994469 11.73541927440139 41.67198639151211
50.69425828956714 34.42674119869444 146.9387708403524
52.08697310522481 177.9303691188072 140.2423319108056
184.155982144456 33.47795975496881 37.44074394239338
81.59978176291722 136.1387758779761 136.1124964371742
33.26019473412744 20.60746483401838 81.87025298172742
182.0219115838224 120.5434583800875 152.6966702582297
199.0121958619171 159.0380232502997 110.4800168095923
57.04696008436871 152.9248810843223 169.262263236966
77.90270735463358 128.3346840392128 27.11279002358038
109.1946712340196 182.0388846567547 180.7292006229366
139.5525123642356 67.13322116439252 167.2012243507673
37.87465902906672 164.9850221065078 73.08941450167364
141.148493901967 1.924727111451637 94.06427717636832
63.00955688691793 76.39594504160237 94.98413714454601
108.6004144638344 118.381142917452 188.345035153508
61.95117936338925 49.95154797825846 150.6245095442505
75.04044304777518 19.18337529340569 72.38650079628508
11.78789288196698 127.9905084999175 15.20564503119899
118.4581504568928 82.82819815615736 147.2410122744698
165.6595645061146 18.33262700609482 124.8435013177394
193.1958659850056 11.03611383522689 124.0386904616669
36.80098483716268 101.9949887353412 61.67577684365856
141.2735052315689 1.948501145277096 166.469773670489
16.94912987069292 79.36738153023039 186.1187596326794
1.399397996697566 132.4427880225093 38.4669859010323
124.7168373354773 170.7271143051116 184.5172302639511
112.7085782113585 70.97092473696557 121.2794435872942
54.13448683641399 43.32983057153872 190.3714572149101
165.9466939443295 27.49873605398915 141.9776584863833
136.8024282139953 71.03030189731278 186.046364258584
170.8292772169549 150.8213071635031 157.1357832670365
2.884051919925239 86.48949819208885 176.222947472882
101.7749052859783 43.66419200886789 191.7472613360096
50.96412229273762 19.83050411082144 131.4454243794685
59.5594718441801 150.7622142992607 75.77203308345742
166.3586148094172 45.12112945086385 151.8724964257297
173.4711664005832 117.4776478815779 86.96607137095276
144.8479725025736 98.18772682512349 81.75080899502852
33.8554289504941 84.3479990769155 100.178776160743
65.64844345260018 32.8988939774637 159.2169975717431
45.50868675311521 69.03218148554096 96.99655938999469
118.3155548121698 8.554970050388292 5.830356506391424
178.5419571117037 178.3644448466578 121.1990935506595
180.3840487812293 65.63232491421864 94.23890576301244
99.75683974796685 30.90890249310881 19.02955876979689
146.6036146387708 112.998595712512 28.81546570004593
75.32215348213157 84.35527332725046 50.5146213943319
13.29230571272036 75.05670950818255 53.1566482812083
152.903099615672 82.20863104988872 73.92551966224279
150.4256553513339 37.59954114680777 15.51159042081772
188.1941383758787 104.0695890540712 93.72024879710469
57.98810300838449 22.688270635894 14.7346421475658
129.9903176592906 190.287562859846 123.2150920070741
152.1270742803142 51.43723230477536 164.1191827098418
37.95614654920739 198.0331601046315 177.1077585554501
157.5072679214426 63.80699944656237 58.38963035327136
149.9518670959775 180.2773012473099 21.70187952395005
94.67919079897052 161.2402967287678 80.60292796023674
14.16643995263832 115.366986584265 193.7425520417904
188.0378309245479 175.1253850778767 199.7721400114586
112.0301988725898 4.09340207091493 187.6617089927649
88.0384068082181 57.91419341922702 31.27136663550029
139.7392882645283 144.574515742198 76.71509182089528
154.2460002334859 115.4400999998401 82.66560004748889
45.08171533616081 8.876994854214333 71.79688611074408
151.8611380567289 150.1609471308772 161.8409477902064
62.17734795007018 38.75618870039987 25.52140123147146
17.47585497801659 174.6102824852887 160.5695971166457
137.492360076169 35.55326638169971 58.92390129037783
18.78557663769135 101.1430571122464 29.98076174659948
35.9106461585392 38.87584346627775 84.43217748803553
61.30768294582773 166.3454389713724 127.1074636972274
48.24010883131365 35.40935218718362 38.9089228096292
28.31501337894492 154.1891328180693 125.8785886953856
139.2259614294204 70.04989534542267 61.80599599108544
147.6002151655435 37.62237068161173 193.3425589189517
54.54889144871977 167.2042211079207 83.02052794442858
101.8289830993758 138.5191457298311 82.01459454661348
42.7272284066106 68.11629050580358 63.61692463592379
109.8978227470924 37.66272185087225 174.9348004910235
176.052979456811 15.8424256234947 71.73038182038523
82.15805684679346 113.692308841754 190.8061454147319
150.1952192205529 87.43156710951907 159.5634919294928
187.4125927951499 182.3737037582825 104.4634947564787
112.5911337298283 119.3477146777107 136.975159688875
45.77772020948654 111.656737437068 173.144215458727
75.17602572592551 31.16768543609242 13.92388134319222
124.0374926704363 121.3068532386527 177.2028849038776
42.66170986441563 21.24136547871436 26.98226732521767
22.95811355672254 29.65997810465413 163.2471931622491
67.82347980290639 139.2908955556676 119.8535907579521
35.09297132778222 73.34221057890714 80.75741614747305
79.27906356421394 80.20398178901794 31.6075023726392
23.28752312016182 100.2741893721525 134.3246678491169
159.4047814606992 182.2966830559957 64.75790126517279
185.1127451397164 84.71947588059936 93.65418489776397
108.4412422080884 174.0030067868177 31.11021014707815
165.790991964459 154.6542243763563 179.3922909788373
81.25106632327906 87.63415387728384 138.3616463487996
89.93556057914213 159.7321992930456 161.4802386466531
104.1812962693889 61.06961337061708 41.96294355990282
7.489918021213206 190.7857694366889 60.9800248220623
84.21274139564787 177.2999518533857 104.0802289672499
41.05601509600639 158.6241943787397 184.4814867522516
47.58876486638656 51.59982970298866 29.16473048709094
37.16112504580091 94.26031741909382 32.71565748071514
147.5380324893076 86.48001348609789 180.1237757314778
2.964232203152222 102.3614193975877 145.5595563556789
33.07195272360557 193.7080450948554 194.8956763488654
160.5591333338816 52.85776395039122 189.5095139340766
172.0387911550364 9.961186781756911 53.62761254517592
194.4329866413565 14.3374703540877 77.17390506401237
46.26839349602922 86.21589949526705 68.57364159181674
94.13701953779866 120.8004832656258 81.65585894183667
162.3891194935639 28.53644258475531 161.2979950103279
128.979720717502 150.4212220952007 33.47055442971571
112.2979595038917 12.9485216747025 46.45464257430206
94.63963125290296 194.1874434241887 175.0870057965846
56.25539704501622 198.8287962912882 170.7972560117726
96.45410041084413 118.236856159702 3.160946557248771
194.1644455367822 34.40077319314817 145.2381233506896
158.4310028817424 185.9172019714919 120.3808867371412
44.56606845485106 58.9950283267837 161.4090137168186
177.7560080445202 61.31983615236044 50.96597796394551
81.15048127752745 134.4309275255254 46.72728197174284
130.2047873736402 40.02720061482265 10.16350004454648
14.26974589886852 150.1783635135444 138.7756735619691
126.7716681009831 167.7017226359384 62.47323939655071
145.0821507863525 68.59349933158947 43.20736117276776
151.3770783641872 34.13513394505975 45.35130635824888
8.857973322259125 112.5099949859664 129.4180527545329
178.6189898562844 140.35145242267 142.9683787227278
91.05073582559709 97.64176367408945 108.9986844605845
67.00578231974137 103.6127831097939 198.4051066959507
72.10598548577092 164.470938692465 167.0728065389627
8.519389508726499 170.8897855072032 52.56531083692458
66.54424372202659 46.11952129329558 5.091286466365848
100.8823440543674 182.695424356349 48.16481484895026
182.5852796904327 25.20008425647958 132.1809683510743
7.543847439781873 133.6195523772137 197.1083223900697
74.60638587119075 78.80582116938511 154.3709314355817
87.40285979833558 32.51813443367003 66.39330189703409
91.22084070253166 12.78979920108923 172.2572084641172
6.225583112758417 65.49898586799743 193.9173444470296
79.99770567698948 144.4784075355607 105.6696149617903
171.2483516651348 135.7859150789024 81.12949120550979
74.54105280726739 14.89031982874 53.93032034182114
100.3278403327288 43.26166576433365 34.19883171501985
110.9267798869838 42.8703347483759 8.531237099101707
157.28267104563 98.70031468938697 63.32790877573066
106.5532402537799 127.130688860823 171.0831567241196
166.9850235555722 199.1269501791107 38.49077463167939
96.35816558286452 149.4508577733751 96.32760308743025
44.24484641713034 57.71143717284435 181.0973196924689
183.0765197625676 39.85311081554298 167.0966362436405
96.37449113572033 190.8780662770938 194.1862530689299
69.14840383138646 32.73559282641912 59.22766312388985
25.34347594199374 89.27558681445203 150.3058273114443
157.330112897604 75.99049041581553 122.4643903615708
16.90498811620637 93.64365562706432 0.6615344529235393
25.76785155904855 13.02980616783249 98.58395458616995
18.56705718860132 123.7231773252937 41.91820184506805
41.22597916631244 120.6605097157411 155.8787084375129
180.4467913569004 164.3022309698482 107.3755687790929
181.632142772871 122.1240626191767 172.0432731308526
19.54876968774575 193.3896258407457 166.11831004584
1.157018582626143 84.56515988522216 195.6082788375051
43.59986796331336 6.858997789304062 144.0297638990337
126.2015639440294 87.31617463673388 189.2173410074445
184.120164172533 138.8083831463805 11.56825986121542
180.427424412803 24.77115772534723 154.8542227390974
56.26360776637638 155.2903526561437 18.30731215063878
126.5647765253808 9.18184067719818 175.2556812038564
100.4620292122426 144.7436512790599 41.38872140040895
0.5220676008851262 96.92176442880429 34.31355593173158
21.00207069382812 30.74997749312757 93.30685293581992
91.52306550216373 195.1913434897663 12.67487052511745
177.3676783881862 50.63798623230889 34.77280264539459
175.3964704957347 112.7999979345896 28.43716395797025
56.86755777603039 133.9564360181038 84.01127723310255
91.89685426389737 130.5151356926349 98.76991931870054
44.26881266058624 52.06407275098294 142.9435349264105
31.00079009627635 144.3049997039829 193.0912004859781
52.2976606855913 143.3260776392065 59.55053850164652
172.0180947329584 77.13043982292513 182.9668527750962
41.18388788259136 86.1939626149324 49.96903587676502
44.48079061060727 92.11244614865359 151.1559317133095
6.959066520966828 5.725885648607129 156.0989100430558
164.5679706682718 167.3437498612002 165.0636848767999
4.537008859879321 127.0895009189341 116.1515468519492
37.59497900122114 187.7737817590683 12.36604505921864
55.9929545321851 16.11165508781907 112.5998201076085
85.0453437816314 177.9986912350918 84.31290466018258
194.3421814585784 9.62052791841187 104.4728702925585
109.5494226504583 80.02900386368957 85.19782396201943
64.20296649956354 62.39796875356026 165.0527355198848
13.12565749111829 96.17137379273663 117.8365928731152
170.5780766882486 150.8605877878893 65.99798113287964
26.49890418327634 53.06047967410201 17.10217715569113
45.86996371681025 130.7490263679498 101.3931249804561
71.17915126176372 81.80614328097172 176.7268173774723
21.74840937047161 49.12074406867723 56.97932414936556
176.3533145593307 42.77496645712958 135.4814961940505
119.1354187507952 94.53114433881382 51.21579429721825
189.201355959906 98.85156901860044 2.037428825878613
6.543172176866887 137.410938140404 151.0744125032091
1.379535012323233 27.72972995546234 128.766914831968
50.91050023037075 198.3333791011415 39.94694940042463
185.8929083796054 90.22374472151233 184.7559950158856
62.87936727368755 6.357666660112336 79.36043800850953
139.5526390720649 14.56393846099914 135.5219096808784
14.35997031514045 193.863809293655 189.7275612248651
61.92308726644907 48.66523114973533 42.01391100724187
106.1102117993304 90.92751534648444 159.6738452172547
106.2103223898839 88.95129817416951 117.8511176087528
89.7379884819223 118.7323392748084 39.43313936556622
105.9797740316213 51.66057805130213 161.6436217931094
56.45840942133174 172.8056972984387 9.7286471400786
34.10246801439416 78.01389420002415 178.9431710237731
89.16814522574369 94.5090327116705 23.11314109349875
81.38398270509761 29.62516015851209 169.9250059041143
164.1937226013536 109.5606564075848 123.3807887851729
35.9402107625539 119.4296350872959 187.6433208292306
13.13898689993097 98.47165985089215 162.0051804529903
181.4816128863683 181.9551196509026 72.71874766203469
175.9821702680852 154.3619509705152 84.81477335270428
114.0703228422746 137.7423547127407 185.4649398685386
128.5937475130966 141.4743930158365 16.44711173600701
69.559099937573 28.01884344014874 40.19405303144399
166.291151482121 152.20942416944 101.6059834512439
33.07414694172753 103.7914710844783 160.3176572514023
51.83857738986828 184.3503657585026 98.69665965769325
65.77785132046141 18.77379031014627 94.30757610389227
112.2127718047112 195.3572668606548 38.54295864108185
19.29161833848487 144.9533753932317 8.15182197419997
96.55457968463394 132.3866356937723 24.97450158518025
121.6176101590544 61.63945957799922 33.52357332641825
149.479887201642 131.4266459967529 165.2991510653432
154.3664751313633 46.41892822184615 66.57063896840515
26.08536153240441 62.1351360757789 165.1081357978545
88.15317788544658 6.728194019446358 65.27124284859191
108.5478002633783 199.4833514687845 82.77811640531756
164.1890452758882 72.62703931064459 42.43501734977293
102.3355002029648 155.9914594111762 25.75951571411982
41.6598458013282 101.5095509426402 94.90496961852713
124.0205758019665 66.27404896647522 155.3808835237755
126.2734511670798 73.24802139466804 2.29291855197813
40.5680890676878 198.9409008653763 56.15914188846001
197.7891897998183 61.97195449215773 115.8682429002679
5.721370499205087 176.1202307616424 103.0011595757243
31.17476800444256 30.52918343613896 47.38853934215415
182.4187603856365 141.8440378192056 30.89259560492733
181.9541517709753 22.27773466679789 112.8563156332486
82.17386442873106 190.5368642103224 118.3095498102878
87.87716937524981 70.53435610984523 45.63341799163828
183.9128372529908 143.6943805310911 98.44760980572981
164.4131455416579 170.5463220907154 30.54204995320992
99.09630528272568 62.64432025015684 91.2532153450431
194.9648882474953 190.6016114903437 189.7955623931404
98.38929090255445 170.3917391239619 139.0611334498955
55.85554971791861 119.9886074302146 143.0649520136834
79.08732985191979 181.816194924071 161.4809245916651
16.88424321368049 36.04383947581314 17.27617419521533
133.8148003443789 65.42351692378227 118.6104184856643
22.74522571428636 136.852598492237 162.0458846794227
142.3963827858652 36.03968184925688 77.37750438514608
54.13661139440361 69.36056570728601 79.23023155361588
24.02493288318972 178.3227721512703 1.989286703689149
133.6759964953562 82.55127325075449 47.67119349527162
59.20744469474975 17.35022248571117 149.1058071997931
194.5755045075145 65.70904130918768 164.0949291556015
17.89521955544173 82.4833999149142 27.83008994519496
199.0768230499859 42.83177697844641 46.06653859365294
179.2025650516237 181.9945772942127 36.3514076709026
106.8030622881659 168.1811329854208 59.23389595122511
141.2536274442056 109.2821506521451 66.21411853512382
69.20117840031965 66.37932020319855 45.45340814700462
147.2156961607994 94.38910782463628 15.03366678178684
167.1900536839699 137.2947206286321 170.3540447257497
7.520026366755865 175.3874864783659 190.4972230484408
192.54569504785 52.49301539487445 178.5732936923037
186.3352875488507 162.5453620745009 14.85235332833779
92.34341168257924 10.99880052378333 132.2943046179008
27.59472049953059 118.6732809662867 129.4309032431098
124.7623445485872 124.0295672715561 28.49304482944883
90.01994166135862 27.10356955023273 2.277441552286167
127.7848641628468 196.4768110561909 80.80619115636659
199.2642402628189 175.2259201997938 68.65319622262464
125.7690597896906 169.1185110845184 96.75889199268944
137.5025297920222 19.51170357373546 102.2438301846854
96.72643681258788 164.1406288511725 42.87015116247787
100.6432744251869 9.016868398691932 30.95946332707499
198.0728033119341 92.04614787895059 81.53687537065547
68.22350001946251 174.8508982611773 93.54479227921549
182.2400008093354 21.15469049513536 90.98596673692848
78.34331874348941 15.55887774631466 108.6063181985429
108.0055947929461 125.4983230881253 38.97048978329524
41.96978841159887 34.20275987914165 178.9209743933547
155.3089450725607 144.394401575295 116.0884021123103
188.1783669943196 39.14656488371042 119.7285425221521
185.4952626824162 162.2663041890084 69.65586814650386
185.4808464003104 2.35199076901715 42.26882615587946
109.3756570901312 107.3553666868822 121.7692834810023
39.17232582717882 88.68510502472962 133.2745747797744
112.7385996200384 197.5031511858136 169.2906659174678
125.1350425703184 81.05417148581625 110.0628162442794
164.6432075328599 120.5454131676968 160.7081012939917
60.50073475526944 122.9462701715464 44.96693652260662
5.129408752018823 91.75243260209254 15.93423731987131
75.54350244256958 98.26113676747549 154.1005719027684
195.7917372983878 138.4654731116161 134.6902793528125
55.56133747067629 196.3362047177967 113.3959074113167
13.38205404048343 187.1366530887018 42.48903362758911
157.3490093586379 12.23225191748308 169.9415628120274
81.59850346565877 39.30658539362422 30.23954217349091
6.387176839065749 115.8124433706489 29.32825672260333
169.5379756710292 163.6104910215066 142.807922537341
142.8172979746864 176.4530691900425 127.6843051692251
30.56695765612057 108.1506872303446 44.1448235234805
62.46723000714651 147.6761802340738 97.84286057706466
127.3515445059328 189.1632826658946 178.8601995792426
76.47482692746321 116.5595485717161 53.5720424526065
182.3726177317065 42.93427575595776 55.75530618061711
194.1423574664905 67.27166555934225 145.6101983012407
190.1301266156086 74.78201512754805 77.65841819208096
59.06942615483641 175.0468724030465 158.5352196406967
184.4005192255629 181.5742682153639 17.98999772680652
22.65281461051284 100.2808233363004 99.543494511587
44.29279545510452 10.28433370300463 8.533453640027561
134.3722035466832 92.67688658273842 97.44384190421135
115.355061873521 76.86331732569835 43.9713261064979
44.51296846432724 177.6660312677008 195.3543644287733
120.2176342287703 10.35847822538637 28.57329033056103
61.07637629152227 108.4883758155383 117.020928015777
151.9156920452021 58.33931993263816 117.0964243822127
175.8997282897243 109.0533019723632 107.6710443632251
95.5740307182692 27.5030509407136 183.5265365662092
78.48866244349142 195.1094445387435 76.96764626888253
52.58964764145193 101.8552988965807 77.38132719219195
103.467163310252 102.203949769733 12.1728572387409
170.301204716678 197.6510816659547 68.77029174147162
140.2506584716172 57.54057958608337 149.976637633102
143.5579042564774 53.10152458993502 181.6872163650577
51.72635933890618 116.4642066139097 89.32400747749531
18.40364898773494 114.0381660238888 112.6603446893151
84.00104257321196 128.7588725889997 118.0148153957512
33.4204427506946 192.2055312368164 136.5248313657336
97.08033987937932 1.911961238965278 48.89728914287521
52.45831714949225 135.7669602228466 154.2829428264617
125.4044795872889 173.5169444404042 115.5296664447672
149.6115895319587 122.9294411993969 148.063026665953
182.3361416858569 66.30942568086925 24.76779704201262
117.3633358015639 28.87507972084367 159.1990942908952
138.691916969499 52.51044375013482 87.66202031868893
15.46737185230986 19.03240178073138 48.19319656589526
44.39119215710024 92.33245560108998 170.7718090350693
10.0982689877244 113.9536828295469 173.6738687203236
198.4374634454982 121.3458473487182 143.0370893646258
132.6219475887422 134.9696962240568 61.11881398228928
157.9241612349839 149.9841413440734 81.21815224872461
17.89537651323919 3.332337774598353 33.54330848790221
151.1844511127933 143.1185572502425 180.4799597580215
8.18663008335256 12.32361832208274 90.60289765035289
79.44169230895939 183.0171573788989 22.4955638674297
67.44360085105637 155.3053986755516 58.9624663618475
189.6626782861497 199.2597593230842 62.6949568159393
92.64611946542826 44.52721402154859 174.3358696533764
1.318039477321962 102.4066863913466 187.0795175445847
55.05705474264062 45.69577893432447 169.9382978149074
80.26733378057571 38.25732284901696 189.2818528250145
71.4072697599014 117.1990548768948 153.8408646320904
78.9090596110056 69.02034698059465 62.47300146149142
81.15382444609489 99.50633294657688 61.2491291211248
156.5309803939876 15.69227087127933 41.03277642849464
64.88048708359877 56.95383189014279 132.8378121106525
172.4862922862488 140.2385257666577 124.3026767045874
26.15197372177213 6.082430921252444 152.7685899650009
178.1432641685867 59.38214410795109 189.1179303912928
52.1685059614239 74.58937669932935 173.2240722345794
170.1829762583982 168.6711511616152 55.45140885548552
42.66365880694133 29.8695476805511 117.1384050683632
45.03432223804204 120.7466994316105 3.890078187031258
170.035675113734 2.498332806551581 180.5182945506505
27.28255415718905 119.3517232772671 59.06131737614326
189.1410358262149 123.5375368670218 104.5933556052806
27.44634941966157 83.09136986445321 118.8974043983197
195.4984627012014 57.70796598133677 84.49358954590205
177.8909938729986 159.9071862373527 193.0910293365939
22.97003286085274 65.64797437299981 67.33644069259343
25.56786164948894 61.62390104501505 184.7308377806646
160.0751072544793 181.9645995129042 45.42197218391138
11.50157666530409 67.52225522179972 154.139391164189
9.372185180333757 12.7582716755974 187.071370222003
21.63150592395976 1.293960266777758 52.87004433284155
167.3020884569458 114.9030505214123 68.56204030632585
154.7267378768346 68.98209708860833 155.5219924880192
153.6047121790566 112.2300556037289 10.41416090954461
64.78650580490839 32.01164185435757 178.8083649179692
132.5192784978889 152.0080276812927 52.16253920331062
147.4381957582452 13.66484575680467 153.0136655806282
151.2116735026542 62.92658682718176 76.78375191193739
183.8691544184333 103.9269574756622 143.2308338861123
1.700653763222193 196.778029817979 78.03292201499636
69.10009615251606 134.0894474836468 62.2114260905526
72.59438299775647 162.179770303474 9.959935349918302
56.27098310222456 78.61203003367214 10.9064585632872
92.4809197452669 72.8928403825996 20.02482952631458
58.49276163363113 77.12871771317525 57.00243894173057
135.4750500790913 23.54806625781438 165.0698486290609
23.16970604257877 156.9798583570777 26.09417865614649
13.63823666668439 165.0576961562449 11.49608872589745
140.9868151689835 127.493579500054 18.48899166100255
130.9357366950162 2.653035208821477 192.2782648489836
32.38447064211408 92.23478936090174 80.53629257481394
94.76513224666942 117.6821728795201 129.3740538364071
147.175802529457 35.37194684798958 174.0334937154216
135.4775916285842 50.74783805782971 25.66234371648195
84.74375599862698 189.4758167471366 56.65611437494655
13.3170281205398 108.7423253698231 12.29457057185963
31.62727867071391 38.99341333484004 29.61412047156471
160.8271371781109 71.19817277175289 197.5199003256047
107.3041294562615 71.33434166232986 161.233028346585
12.21157379438477 39.7583652749889 139.6214533889958
199.103019282817 195.1964335169436 30.15903260648107
54.83652487536972 169.301596137257 63.83950460695966
55.67931389452723 122.5026860510745 186.3373516303432
35.02254128886906 110.6872292638988 79.26903695075087
12.62817844581568 5.863024560796811 110.846950633146
83.39336750595243 94.34327322693612 188.207933547965
80.3349172161068 65.75630896006929 141.3532522726512
185.8966455597301 50.51153039697388 151.0369323077157
59.36516822414799 166.4998892039484 44.95239808999417
182.8168270422569 3.646278723649884 23.03740749587071
1.13710813522957 81.06108366415322 114.5771099820012
187.9328312968994 94.46837579561297 110.614122325505
191.9018262566123 55.09829514131627 1.942853741711952
48.78934851545137 85.72195737288804 87.61085411308686
139.5660651882297 80.40430806914605 129.5108273175694
192.9344172816892 151.4699964749241 150.6317520250551
80.00878205634595 108.6341842946641 138.3071174346218
7.61257218987287 145.4482736433502 120.9237292410619
80.21736210589735 109.7994504705562 118.676520614646
32.61808985784872 153.0623338117986 158.4141838560593
32.1378723869983 66.3141394333485 110.4620174311225
167.7250704058049 168.1391611668257 74.55449388488634
139.2750065251862 183.2045673687267 164.7358204734944
79.80616819846408 199.7489762778754 186.3441706003455
116.455036396189 147.6054593538042 132.2307868840665
138.2845759174614 76.78454788240165 148.51168521355
132.8962667138791 126.6263277369268 156.7778475527941
144.2933731373908 81.34944353072405 0.7438608794523097
125.4912743514356 68.59533736577546 136.032951221011
100.1244456357632 101.7216491142455 193.5700089597702
137.7178039787696 89.97293562014059 65.18808708869926
67.72774977130085 179.3672036684764 74.80404875380506
69.86703898452556 84.124550935493 197.6910242457123
87.61095316914661 97.58198949576108 43.1726361498724
112.0100825792815 99.98136507934514 139.3481352653602
98.46196549617596 28.43935968401662 161.778227973479
106.0438843069063 21.98935195343535 125.807178260322
159.6229917544966 196.5029709879461 98.12262274685673
115.0190720133723 157.4892648196822 45.01645821740824
108.3810502599483 120.7988260363184 94.87209428987531
146.706223964327 18.94195955791439 85.58461064249313
149.1228999717125 64.66322286078898 135.3038730284829
103.4108115783997 83.58062088894569 135.7214903595664
3.746134391503964 3.66192301513979 46.90539382989652
30.66595195803863 15.91247391458209 60.72875431000018
97.41851850261646 188.7677817062767 94.78741755362852
85.09421769291438 164.9989346323343 26.94847082292086
33.85742090279515 41.10892338982354 103.6364933264034
164.4513107092922 47.5204139949858 50.29145893595857
51.36492672381355 194.8554641011765 131.3191768460256
14.69516132474036 23.82932595523635 76.16666683505461
165.5956705370728 73.60814579948452 85.21446941188796
65.51697344402027 138.2774395934497 179.5445180047672
129.7409304216098 160.1771972969399 80.30369321295282
122.786137901587 186.9717158733859 156.2231614248162
119.6418650955748 53.71313113573522 125.0330106156658
47.46017454562757 63.25658447766934 126.7928605569506
65.7816172689495 15.6210137573765 168.4873217257613
168.6423820882562 148.1972071906615 4.988369668262338
9.59998007921598 65.54414517998683 174.7622591129719
197.0833971576805 175.639018602865 120.4860369785903
93.36011504505505 155.8560805467582 194.6999386600495
45.15423176101409 39.2450595111492 57.83526766141602
123.1547518165416 50.83871657644925 144.0508965728239
36.33622586106421 51.53737961197313 70.12415768528034
197.1931557649714 121.5688344911276 185.6602396917824
79.61635723685188 69.80848670999306 6.144906346853073
144.0002974100886 13.83008408673362 183.2986967362395
94.53082663982472 10.45429303637484 193.0266316462776
91.92939945369534 30.17625753641589 136.1754110034212
8.542291685781347 78.43182411021887 71.72097968873287
141.3634298138356 126.2589266430532 182.1738833972568
176.4912746039648 96.74278719206174 16.97765768273424
10.19313008725924 33.83651459735918 59.77551088584912
157.8133260806812 127.6312052847278 125.1103956270351
104.7480855391941 58.84416366602996 179.5536310308212
163.293903401419 73.22108766834877 104.6055153696286
22.4010648582804 137.7295187358175 28.29590362312036
88.1659622206631 151.632630753665 13.02628581845159
85.3018347256866 75.46584586514327 189.0082680101681
119.4119946421496 176.6385925199957 46.79109056366991
154.9673177669135 68.59650124212148 179.0195073182149
27.34930986749558 84.10787595003278 63.52114437083866
87.31757377547424 128.068892243133 64.9219203785881
182.4984525906965 76.36822939904408 110.4073735233845
79.94020427356769 151.3740288044651 178.6078059557742
121.2967957964551 67.43122994218849 174.5338067294614
46.65635053919085 53.41489480261311 110.6504022133254
49.88921852717415 63.97219155637846 45.60453464870042
90.31778263722191 114.1487111487636 20.83484823237983
172.8636393114959 37.95397880120793 192.1592518485697
182.707882772843 108.8264719458482 186.3333831198291
160.0436663627631 25.2269464864904 184.1692558673832
84.95907483881295 111.315515125676 96.22627113544027
109.1726093950095 159.1580387608161 150.8996936085673
38.69083796518899 2.365275687721272 25.41972031901282
181.1756227584896 96.19572701240195 36.21485549559833
194.8871523548036 99.00884563523145 128.1037846447531
104.6615555894337 19.16756803108948 145.4580888253404
128.6037879294104 35.97815031880926 90.49113721045754
93.50046435668243 148.3964015762115 145.8822361531734
96.75920465454891 141.6914569655266 114.3100476701401
174.4919730561076 131.2253963658443 44.91718382340309
117.9149466184979 43.74321088618048 26.27430512232334
9.233691022933973 163.8881106932061 174.8335020283462
149.4388627341654 86.5286561186882 36.26601284579654
118.235964467492 105.5737188719666 199.9567715320659
91.94236297394153 85.16621516959489 4.772435329534089
15.7401350565512 87.01167729842172 87.41084604391187
190.0244774171996 125.229676042316 24.1648422962847
195.503575378711 180.9872214088611 86.75964667597502
19.19278484342257 12.12056121379451 170.1623034509286
105.8266692747053 38.86089897122191 147.0546435278897
13.20111875327676 154.5083653485412 158.0501436409608
48.44396537623423 109.8906635761302 36.65117577344648
37.30480016239304 77.1652183475646 160.3792883427689
146.474544076118 199.9666275665061 72.22405314469583
45.3471007276157 37.31320322837339 16.24864359904666
31.17751328169798 69.40514973985088 49.1789449293685
147.0449997729076 35.15295556747975 96.28673791845952
80.70917281497042 160.5187534531279 94.33179805279921
100.7901648912261 135.824113651382 132.5637228226853
75.71994805641835 162.0731964626028 75.43591470484729
90.57214710798057 160.0758354823882 111.3070375089503
51.76466594664858 43.95098760477659 126.8281718777697
74.01598735243404 91.14757291821533 117.659697752446
13.39620401883015 131.3730751929853 132.9158784829312
144.421743526767 85.16128150444264 111.5333268059116
176.6495118785401 187.0766134452857 54.46758202491528
9.878638733926103 24.01768305829463 150.2190041240015
59.66334403460775 124.242766620195 167.3326526016558
109.7482902327115 197.0184450167571 19.00848795358167
160.8846232086892 27.48002484834994 3.177769285809984
70.18851964809762 160.1846746116127 110.880950149588
93.19681783751037 98.49611191033576 128.2013530521745
165.2689787520425 91.92171547962316 45.02396083637672
60.3919137863614 88.48569526680282 161.7710050642143
155.3665509009835 82.17900514799587 140.8552099883312
158.4368992343129 9.568337088703148 195.7850987753009
100.622813143966 2.790391398388691 155.5249648201189
22.90639445758029 170.7891500787317 39.26338857680746
112.022323526405 27.28480279736626 33.67953575176829
9.570096496482325 58.64452680326814 136.9927880439723
177.145357101171 37.41022876530856 101.024918118184
166.5792703132461 11.41921748177608 153.1935077550494
168.7201442411696 35.8222435302342 118.5572000555804
105.4017471645866 41.31787817999978 127.732325003474
182.9970414727069 77.47138402315785 41.5059825028337
5.44429290377731 140.6454266822922 101.8281341546177
64.32336513169582 183.9689565014262 39.36960682755254
21.05246873929246 123.6780133532194 76.90961731868616
2.618056230319783 187.3103686051755 158.907734099766
148.6325539968747 193.8123250987039 35.63937781228085
152.0368536274827 82.27488546389054 54.6964085226302
40.14777047247625 108.2665978261393 140.5786605825922
11.72594975110447 163.3691197529733 124.3367515393781
41.16818499064902 150.5805637747551 29.16976577973539
117.590844034451 102.9295083265535 180.577713894676
17.67608742316339 189.1149634207321 147.0820059600744
162.6067284337882 31.51775598828701 29.84377460855799
125.490790655743 169.4055726663778 164.3802517342574
71.03304182420013 143.4749761921227 16.65374325200541
113.7855638586567 140.328804804477 28.34593073079401
23.31911624042545 21.15640600302221 28.14101544467437
21.25715183144499 130.7768203222979 183.822783653119
94.73395279080711 141.3349111232972 165.3704840875663
161.4731315960882 7.74153113702192 82.21209052416343
123.8381735268226 61.63288070440665 53.0214229816858
55.12017166914388 106.8132171557961 156.8459812739902
71.67453888968942 89.58559016538746 16.11224323041296
4.69382492802773 151.2902380509599 67.83251400084325
14.55225275045909 25.16777204867261 1.457359199931047
47.18605615419967 27.75193773846993 199.6701397421511
8.447168788337461 10.04449937448015 64.35943571514606
36.27132553659498 50.36810416091598 44.70563084022184
122.3485537956507 58.2229844925736 13.80189482990425
32.41920294096346 191.4844225470637 39.84878988024148
2.078410229621731 77.69666276013338 37.63751188205663
120.0937531893497 138.4048905143409 46.56076007365869
94.10636588759537 99.45569703115129 147.6917215887768
165.4173045629749 41.50346133986335 174.8091069251743
193.2461740058243 60.62275834135398 39.58233924772445
176.7919606607473 7.79867610975854 137.1527356801648
168.7531292549452 82.47232420111141 155.038843453765
191.6061567374011 53.64606251451707 132.4389976728229
194.7394353812763 186.65888922488 47.28085072381446
48.58835438298229 105.6276341458694 191.9408389848157
178.8744298758866 129.905734642946 63.85638193609728
184.7952887956804 137.744936342535 161.4378524488899
109.9442067294097 120.353989731358 16.74413091202295
24.54324628306409 152.0506842717862 176.0596439946724
198.2730198106165 118.3513781865491 4.855918531974526
87.45829095871824 56.24496801640411 188.8134819907657
99.95821540598875 12.74591050283778 11.76946466599839
21.87455576093533 135.8438597153477 91.89241560010215
59.92012658202397 13.49742709431326 31.29599762301622
43.54649644670717 166.4226050738294 166.4324535604807
46.19300033943743 73.73100327332175 192.5923621422842
198.5746709832229 123.7296628442986 162.0186940955156
151.4087293749781 95.26753835020341 126.54550348648
36.62431256617898 138.4849002642013 14.82162676355702
103.3061523215493 55.30556327244837 113.9550515952178
199.5499020632462 109.1362948040767 112.4475485886208
4.528141656419238 194.5449195203558 97.12600760926428
67.74300903405016 184.3852414031818 130.4202891307511
15.87000922224406 67.44130269687844 121.007315880332
164.2861112115394 185.0127275838176 83.33927762022263
71.23860898428508 128.6553109852427 195.871947798271
103.7420359456551 132.9299041921656 56.05455895684273
188.1113027998927 143.4693163653136 74.26595346473756
100.6209825251866 169.5802836577186 97.16804217359926
32.58303789725991 56.73802209073791 90.16262033839487
17.00397323456749 68.16318486741189 85.98220094833172
48.25740018924004 181.7223876370332 50.27977931198997
175.8430416185416 101.5502992280221 57.66366401882363
189.1284146646211 169.8119224962338 52.33656417581138
10.14128735684153 49.43818637499505 4.512328916509387
39.09825018401078 40.10631718632044 160.5950654077199
156.4341143864425 198.9239572056286 54.79621008176915
16.65153756933854 76.53429042807771 103.7900318164
20.09551389898347 160.5182129886505 192.9779974919493
84.80651386719691 102.57769078632 6.111174579366626
188.8440972275833 129.1108293125748 86.5296013827722
150.6183620390764 133.6717537676919 88.90517174113781
193.6999764063206 14.70553995229622 144.464309337075
10.64370504136373 48.95993804434513 184.7861154685872
38.07992553994684 172.1019676378546 92.51572373101264
136.7916292628868 196.159557869701 8.904514173761852
26.47906090902059 45.24206987858155 174.128673242651
47.8707798177504 28.6375374888073 98.48733254767436
170.1225980188876 90.64510405650097 105.0429420915881
169.8605420938845 29.01813188585837 49.67263351776779
55.53976831711145 88.90864577164922 186.0939600307898
160.8183195132942 99.96683001944585 27.81165901152514
18.88454108667588 152.4747404988339 82.47038679125612
80.50170617446554 171.9509210497607 122.6344312498466
96.2318332136628 188.643139696451 30.18977544643418
109.7876772475704 18.08391817888802 173.9009596745336
134.4856197802429 109.8406196556676 13.57926571010115
64.86217966033303 178.8961716979607 112.2619536190416
93.30374311657657 73.92719101405839 76.46294670828091
93.26067515824346 79.32725261379774 150.8934544594268
123.130798895825 38.41982356435265 72.21730097986476
6.196348193286697 45.55420070979242 122.495473479461
157.2933757005675 7.228571514393563 137.3488369368856
66.28482507898954 169.3273716688697 26.91448045150993
197.9117325974272 194.2214473075564 115.3795455095908
28.97349765345369 33.66844724280778 66.79126057442734
122.9986184658698 27.87130274351572 49.94546899591464
188.4248050294471 7.826060376862509 184.0080733710842
14.5990749829801 35.41825983532556 37.88812981140101
31.68516379276014 24.93095624909366 11.12874109920297
112.0485437507158 157.1262921770322 87.9559046899069
170.5370989835702 154.1554766084907 22.40847076589403
129.2471234776607 91.68591700467695 8.145773137538759
72.43487828306594 174.2533430977034 56.61404453215756
86.39333287502512 88.36211942000038 166.7129652316536
127.640498454839 45.58797358712377 43.09964215733759
38.63293920565845 90.48712627964584 198.3931166889879
85.52534107205763 19.31695935240024 24.45486686540985
175.1547230612021 16.85935393587941 35.36572659526718
3.360177905110285 199.3394842666898 174.4803296009134
154.2377000812573 156.0240528224108 195.1019702486358
89.24714058142527 173.0004650501581 65.97142702365333
1.345833974254636 83.24971148563057 157.8887923393161
159.6710996935397 167.9421108303713 91.95813409089781
198.8549089894631 71.31102738679672 97.85034966275182
117.9963454156972 25.57947545433635 14.97889665802337
183.969562127677 81.4353236706379 167.2810502950286
191.7163941939725 71.70754361304623 182.4956961634523
108.4688528032291 23.60046468960919 197.8796571630805
192.6753693971988 106.6056634555573 19.44675625604319
20.42797228037874 161.2142672745438 65.02154012774031
143.4147453332067 99.54720852536255 49.48532551327036
68.68110854087986 75.98911650642575 129.081859777909
62.2106377449049 137.8519169425492 137.9056034369789
98.11801375719521 82.92270905002107 36.0152029840036
19.05396446431777 80.56210077392529 166.6533638070244
53.79316324636176 165.5650580016485 102.0490977939945
144.4449301712177 51.43177695523485 50.72663968548288
76.06107146929385 147.4147625056235 197.9193617306817
175.4201290674043 20.08857203364992 173.4144587939431
22.69405655304629 183.8690186120444 24.61411110053358
96.92318129519752 116.0574226604302 110.2142593608438
121.6891260977179 78.57910584130974 62.44384252068889
79.04529430609223 124.6784780412403 170.3672823001251
186.0622175400605 84.89284703798424 146.6401869362072
189.3838286515508 84.28003607353421 24.22520700725119
98.96717067352245 154.9007643497175 128.2816206799586
84.0560887414304 146.2567563355652 31.31864882039056
105.7288078378902 76.12544201901986 103.8502109100965
196.599411817877 178.8061546460645 174.8677726778158
151.7297586392883 84.28096857115582 93.56280532793545
155.0734649770127 191.903448358319 7.202223529636359
139.1516323325109 48.89824997157993 107.0066702846738
11.48014291041971 106.3186143320473 47.49248912528991
69.1674402619382 185.6529783037057 177.9933254922883
97.7852971223579 63.58794856813562 60.33919754501139
29.07763486357079 93.06298979237816 15.41827626880077
92.64930345712818 49.97249104105621 72.63298342586685
73.34650577729418 117.1837108942648 11.19763693448655
31.30201080594076 117.8097701452429 98.48014527259433
26.51797232309786 127.5937190979568 2.426685559699691
83.2368198928923 178.6319529114074 40.86223344558758
77.85665829776723 160.3506385525192 43.78897031203521
168.0377814297667 180.003030065593 104.685216392737
138.8611998037123 6.418304089367493 24.82012537411164
190.6658249251743 51.33402605860561 101.7846060288984
69.83454563544002 122.0819101372877 129.4591589474653
54.27720268346454 17.8050835501392 184.4272293215414
38.08123732267983 128.8104124737382 83.99454964647525
77.4718888062785 0.005963299908906613 167.5804246854213
96.09427337243972 189.9758506269169 72.10107661857189
73.89851644779104 47.58244699909572 173.1198424564413
22.59329862807482 90.1808320453533 45.46099758379128
178.4761110703088 172.9132046404275 89.91010219868805
5.457365328989781 137.9390321153316 82.20203432358946
85.14780224183585 132.6897865784931 9.220039530316631
167.2006210121993 188.8597686282833 22.46314316713227
135.9425855931034 52.45633455432267 68.43888013571215
143.6819953982479 68.07418551708216 101.9697323624445
30.33819864241316 107.813316907934 2.343056745230722
50.62218964916647 181.0357933232214 177.0946456712774
4.024806109807162 94.45933783433264 100.3431733242352
111.1709364031937 87.96994495875212 1.268608290359095
121.5963674982817 86.56858761073936 128.6710880271484
105.4266200329355 58.35803048205493 22.83038571160482
138.9001377116333 125.4242043465961 76.06778129445247
189.9226436217978 139.6943389353867 115.8744770546657
15.8510252167002 30.57711594606015 181.7001794374521
79.88202755842397 152.7880478828882 126.1770870780397
147.0360699151711 113.5132413637181 131.1846489709048
189.1620434313797 73.15653980105101 128.2023291902428
111.5459834001806 162.829043698765 196.0993181308382
137.6447666003334 49.91909229133981 130.7829607215989
87.53493271924769 52.16703222220016 102.5005539905831
181.3429333304671 162.501003955915 35.96509357517333
65.79681253559133 28.19708207373606 197.4724581611524
77.97257197208334 18.95013183539974 185.5196003137763
26.14569001737845 48.86205365417689 149.4047650245319
145.5072289997576 35.77552216298277 147.7912682835375
135.3331904004662 28.39117826300067 30.14225592940842
97.30069808833294 173.0480421312959 10.36351195506344
171.5060044383772 65.18629416976584 140.5579506138691
15.02839593076509 102.7553863785242 70.02678555179467
52.07916725378023 82.50896957841468 114.6777843430488
47.23593472419715 57.62320147271576 7.138629832952032
106.0863027613839 20.25578745538951 68.56549918950206
54.9787206155583 49.34141155410358 90.38857094024368
86.50344996561067 65.95645841463816 168.2868476036209
160.5658383963358 10.60588008157559 19.03833110102176
141.1435714312936 192.9343361024083 143.3527667579565
78.39049029644572 1.397913791548162 36.32732145818497
75.26635216419272 183.2168508028072 0.8037464006330195
21.49560506492479 4.955935530364498 11.08189084942978
31.80891691203295 15.91774082972376 189.2381193478116
124.0987403361494 9.110987755166478 152.4767625923518
199.0157167980819 154.7472958148274 196.964172968574
113.7703982429732 155.241699319713 110.5453029639289
130.0726051989669 16.77055540189368 71.11288149332277
130.7059930156124 113.6762066302397 92.23182930616902
175.6920026755439 117.6545737736446 6.313334346601948
21.84191016342142 160.1242261637791 104.3766066319736
175.4256958145533 199.9327754476812 115.0390846795957
66.73276541288922 35.87942308477366 110.3689614667474
142.1226718897275 178.9471899861201 80.58276665421759
140.8181365686308 128.8503963367676 109.6755432724161
130.40959968634 97.46385827932866 30.94472358251105
128.6678621682035 46.64783602660611 166.05035759806
49.44250177709124 121.7386881684838 65.48888977095798
104.0737415424917 66.28660791711927 1.051587595983365
69.40077538432496 32.74000346880593 135.814519516593
184.051328114573 119.9245179165483 126.3666177474789
167.5959229048242 186.7244647641038 139.0542680286902
132.7231557929536 76.01686015854796 83.03686217543304
148.0153779329425 153.5588534272984 17.52535708819442
43.70922459609894 173.9998845707159 29.33371771872745
54.73508467930933 28.56678176201059 76.35565377195694
198.2306941740388 22.63684355945008 169.4896536615496
0.4467952835389455 18.7562794159322 29.85371670367389
29.71079565781795 69.51160270127384 140.0367428320456
108.5355508326216 157.3132278391743 174.3214805547643
198.5760904839075 59.69610464454412 61.75851382652734
92.92687189962895 122.7016683826574 151.4457306077895
161.3921852801662 103.1741672271556 146.4848145498971
135.0417231925325 98.84020515245963 143.2724526483467
17.4892765046177 175.5763828458967 82.6470572759128
65.10542520139205 99.05659590238113 97.35957201518725
83.01484481336264 48.79295866813272 51.21522129097095
163.6599542969252 94.61159680227296 198.1024299907827
196.7907274028678 45.08736723370662 22.77259042293373
39.37074331843962 132.3791905246478 43.35529583908302
111.8197020961417 98.39255207320815 99.37418324170818
89.64512825497621 73.86679027071774 121.0864926733821
162.9215358206756 150.6920909959902 43.52116567445351
113.8444180916585 177.4183859106466 79.23993948747724
174.195562787982 179.6264010570262 181.9743186404603
108.1976216933244 43.47728171084772 55.89334324756609
15.70822350644039 58.30019106208039 36.94571346613441
166.9978282647785 129.3973751885426 104.3039840509907
3.882211148893084 68.7183876294047 16.29343357394341
170.8534046254999 52.48511831035776 10.15437466105758
4.086356234867035 140.9126873607618 174.8201420656816
193.4993258793865 192.2492915405002 137.6656231259023
102.1582991756182 179.346505380203 159.2498011436474
196.6792612289848 10.81635290026073 5.448800924535797
124.0611844113098 11.38576157826477 118.4610287147429
63.71901737401109 195.4865762586278 150.2572860059367
186.9417481003921 158.0345851335494 172.3554922047331
123.2396981347654 138.6479326636474 91.96486315004658
33.83108305878678 137.8056550610466 141.2619672896779
131.5608496099067 150.8216232831057 195.4256570923883
105.8687036770744 40.1429265045318 88.14989213622879
6.124806837116493 128.9970299641588 60.95405399775145
132.7518765614246 130.7411750729309 134.5616808542308
174.692934856682 57.26191852216222 117.0221213365805
35.80023686933667 7.185848879459106 119.2922523513808
160.3907560762027 53.1725831643202 95.87520045061102
62.94345790736409 164.4947889060299 188.4544371493658
149.3478626392381 161.0823213710403 63.42823070327935
180.7229113226848 137.39646749186 188.7931311249292
42.53727626591436 17.00357559154745 164.4551507404528
88.15713727896343 172.9316226734334 181.1258485056763
140.3556229663559 104.9831457993121 192.0747953599886
121.6739145979017 173.4798519703187 137.6710130737395
163.0485192120962 131.7366995364111 24.55355828384105
155.9950144991084 54.22001632447006 30.44233356249111
107.5429231068839 142.3178035279888 6.846107102383465
40.90755507572904 149.8776495356535 90.13881633218359
68.09655826425792 125.0720793756662 102.2396505088495
29.74195201697422 42.2480064669306 196.5673270325553
163.1633970866538 77.98941395196128 19.9023415004754
116.033328006987 123.3442237482229 72.94662173825223
142.8102217942179 167.323308973405 38.6745353402095
87.04880190326955 190.5525312892898 141.0482453496548
137.918783485874 73.7207528807175 22.22265941199873
71.00040407480419 106.8925129728218 31.74865062423888
126.7490712197559 125.9485079426069 0.1464841343744907
42.30205123687031 177.053034208992 118.9303641230085
155.7708952944527 144.9225245045892 139.859248294167
166.1471651992901 171.6139080576735 7.38719301798957
51.04093636053364 101.0332187348011 14.88507223769197
107.2056328773063 104.0404160021164 33.70937978033048
199.7375475263897 31.22840013584864 100.9708658184436
190.004566900261 114.6970070670223 45.81064457728768
191.3741734421685 36.69106781735969 76.18647795837879
52.28141522040927 156.4662125267023 146.4658903212275
48.31528030923515 150.5468611948891 116.7148709571183
81.92242143633021 15.72926482865984 151.4908530338414
115.4405261960473 148.7785240194368 67.07252850930121
130.4977300430541 143.3947732103294 171.4738006928489
13.65499014278001 8.380835501209877 133.8932457761029
186.0421269291375 157.9769191913587 129.271712693422
4.75347196106556 186.4927629767384 10.02876140597625
26.39722035205662 135.2587712417164 113.5378927450815
88.37348573248075 48.84105585390407 10.35293985498536
122.0880802538951 163.410545194048 16.46952404809982
14.87882561615723 46.91229002060275 78.44803826873851
30.11227508269337 169.5426394619976 141.9436853371799
161.2924576624858 164.1891470089725 121.0783520753529
142.4891455396203 133.9026013324955 40.45362881039277
38.95836037950779 158.9601028334993 50.42812203814474
118.9707131599701 98.03858600846313 73.9957815800671
145.9936549084014 31.0811715648463 120.5462392898066
140.7937556284133 174.205313664066 1.67362014694373
144.6417157165376 57.3803577289089 5.011635201490116
90.05785515807651 12.41953031877751 88.20417241762149
16.92445064234617 184.8854916700658 123.9817119975728
78.9485966373153 140.3220769312331 82.70921534258355
120.7438819603109 60.03264713568379 100.1616251811735
70.28958565219362 7.534008334181149 128.091464152442
173.0178199553689 61.19769185140373 166.877653613123
176.3526364271709 196.301172316587 2.015473593235384
196.2259945183302 90.38232039411137 56.11785964128838
27.94540299169343 177.1545051111296 179.6317981358954
69.66201005976386 85.96935399896405 75.06759212364095
62.09610511119178 145.1706865300898 38.52822656021792
54.92362620305161 72.41362004119588 146.3221496299951
75.32447090292571 9.503646002993833 6.617214060089549
182.4445995709825 76.45304360484815 3.600222628371029
143.7691478244745 109.0321502256075 166.2783257063337
48.68127900555869 126.0660276356197 123.0847168978778
123.2197138418593 52.59385540773039 191.5496442767287
42.16528796274768 137.3078835907496 174.605771861708
1.341148995783253 171.6745220138241 30.73478048453027
197.999653649099 158.8763774551156 88.6915352493714
30.30826121666057 141.0389554629463 66.59770533080577
162.209617640175 118.4913630086074 183.5711175027685
67.40197520654193 61.52084290652692 23.05026507559736
166.9934778852124 96.76508776515014 172.1640507944688
136.446959115117 154.8352798284863 123.6154315599975
29.13821041411269 48.59324528817884 125.5450108243914
135.2046705347632 8.712079317463187 47.12097099615411
72.02002104794957 196.4497533982895 98.41493014354023
184.5835385309318 1.716437855145015 161.7873556088919
72.22559505836391 114.6483617900859 76.74723252441282
2.220090532851525 147.6716441626666 22.28299608186112
27.81563879339384 180.8603075831361 59.57772671316505
52.23766279403371 18.30517281649087 52.27242228197601
128.3899666703403 186.0092354253685 27.28040874815468
68.06078363319043 104.9672434251201 175.3686703898826
39.91710192994339 187.8258268228253 157.5955402680229
92.36746289432865 24.66267656785668 45.44182348251226
57.92138606594655 83.89970581131132 34.47399000216023
91.67507592056063 134.1150517801511 186.9925271878437
25.89712110918888 99.59403575423639 181.2369088881727
117.8936192731732 185.6696037648863 1.172331804894815
174.4847189810357 56.34965967598934 73.33592847281375
126.2171057669262 115.7673195894878 49.94571492746872
14.61948558160193 149.656640537505 46.20457530193337
37.31291564488103 71.50299001136788 27.40691512879367
100.5807056725825 110.6573124566727 57.93071642156984
113.118845699489 136.938254992229 152.1449516263622
149.1080249751826 169.7084716462079 148.9261923364249
110.8392264177401 197.1676255103163 135.0766777135754
123.747218299218 30.24168469196997 136.6127068767661
182.9505367396787 176.243084045811 156.2103465385231
4.046467676735117 170.162609255529 143.5155710275424
173.310372640981 79.95455264690499 63.08380085136184
104.8026904902743 83.09442182751175 180.4118356775646
147.8136756866718 4.208511136240544 116.639455576233
53.3212084854169 142.0254382929084 199.2254014359967
55.65232092693508 127.0128407737572 22.20573099820076
89.8989297783005 150.7198616710025 60.78230746811887
162.2460153600244 19.34446822861916 102.3519024639858
36.71304394575977 160.6076796024854 8.158389052146129
139.4442122730115 19.16345991638624 5.789312596223263
190.08464630001 111.3422371966902 72.22460123221822
143.1585104810266 153.7620155046759 98.41144679230584
76.32197005136338 61.22460984435261 83.9910190822678
155.7675769498166 134.163994187031 63.66768912228225
65.82094835447987 62.87203974382828 188.5396790951038
195.1631146710408 34.16369979067709 193.1515985466293
73.840789747126 142.9470804561743 157.2563416945992
128.2585494551423 87.61237556455231 166.8365721608098
60.84648513104226 53.97886465685147 64.16912596283147
116.1102492210737 16.73134846713569 93.89895872677302
131.2394747497322 104.3050089614383 117.4530425711909
8.361498195041477 82.57752528144059 136.2161902687395
120.0134700625884 191.1516836941923 101.6834102269545
115.6875972183436 195.7859522188478 61.07252611103149
99.03231186143333 4.685531889486005 111.5601615997297
131.9104622101386 152.8137838424004 149.1652210363341
14.19363698638898 53.17224199105171 103.0905779708489
19.84398068692462 27.2649165530011 116.0916603431622
145.2192307850963 165.5972092000887 176.781290112594
6.641773428374722 46.15425983737332 161.4434238730165
38.20642582309907 103.7185298165606 116.528902665445
76.2381048867756 166.5831390192097 144.4578332547052
84.66489984250981 80.3649555801121 97.1699671036219
116.9773662992237 110.8630056780187 158.3670311665763
27.01653001853853 189.9271735176318 101.3558675483518
152.3948883249657 133.5022180153334 0.7631619573377413
59.13403092677044 100.5379754067241 54.96540809947643
63.61860499785425 195.8605419399219 59.13011551320572
93.40874043230505 97.67919868495996 80.52176723396865
24.0474722459892 0.8210292331851028 77.50400181837585
18.89323181703056 117.4370389250361 150.1863480149271
165.3114266376634 33.23029937059374 81.34058030517424
84.71852900595192 49.2562981849828 125.5797742566579
120.3960126259538 35.99133841568135 111.189697189233
99.74777234789016 85.4536290637683 58.61643491523232
154.1014027748427 20.03879877949014 63.49065065892437
188.8307468208235 147.321761357807 51.75421095899294
149.8095995234812 191.1975739808479 184.9804186160746
60.47879006937162 97.08914518376918 136.1628024438549
191.0713419489571 102.8176078281447 165.3139882596898
103.4017483808247 61.14549963967679 140.4970249226689
114.8209466197899 60.18017336239588 74.4155208377919
127.1825442124668 28.72485796120273 186.0302610839918
138.8337169938983 185.292039773138 55.47662024949933
94.01393816975001 31.13212705198705 109.1639610035613
115.298094665154 128.6552740894687 115.5706405088198
173.863543709 89.53506930669141 127.9409264402533
179.9414463141951 27.85752591500938 15.03078468864127
191.4300941209884 21.43813955394258 54.92407388409155
153.2977660366377 105.5840380626467 103.4226930517077
55.4989397781407 197.5017668729309 193.1031698232762
26.0758943068899 72.5404004991891 4.719982431796232
30.95718388457675 26.4331893002762 141.2450762818192
31.43773434718702 117.5926531059061 22.92097731095001
94.99290819846365 107.6086905421752 172.5298428013075
58.94975334307352 193.718068894328 19.09440427888665
84.68209217599457 45.30415885523175 152.5559520553061
160.3710356319606 114.4290873914436 46.36924583180615
7.624287622887455 116.7035757358524 92.5004971849761
113.8518244078717 80.1187753706495 21.32132721738879
46.5043814190451 6.141396615544906 94.50886886062501
102.6740220017903 178.7392002787833 118.271375914796
160.7873368701597 190.5551319459571 162.2092287411392
181.4488169747422 198.7187826140369 89.05802098240864
168.6931280959481 96.52438971260348 82.91809608817459
144.4603676269421 180.0026539834482 105.0171995637219
46.10451840027104 186.8278491605999 76.53864197380047
68.15301980216719 62.00282424860821 110.385118357559
78.94954936529741 36.43100587685559 87.14503293460008
