3 1024 9.460879817349307 0.6520000000000001 1.4 3 1 200 200 200
81.56038578276814 14.89433203693547 99.10591586911679
192.6797539000909 2.229128031697974 164.9856763684218
118.0735087720004 18.85359436508477 169.7398127155119
154.5133699027131 123.155216680924 80.97429666621397
22.58589951982923 153.9224591567042 130.2653765858663
94.86325498274151 96.12048469636414 157.2632378183476
38.41342321996547 86.82557914395097 198.9014192391918
9.914282596198806 86.60049760485336 180.0603862152134
49.93616723350358 110.9277866906865 50.2442549303006
195.0249092340916 0.9488670511752375 28.4308397028673
49.78431045128668 123.483255873788 144.9081404691529
108.5059593488624 56.04045926186789 132.1083564364118
119.9015774196714 52.41684291334941 117.4447233857938
136.1923322168451 40.46090959151415 36.11200228727338
78.71636147489122 64.24087518603235 146.5807202321784
172.9239127329977 67.04034939069126 39.53367230587556
70.57950139888052 165.2877950756064 87.049452367995
22.61668583080721 98.00111279644211 117.0347038244546
66.25560220167391 147.1882509388361 90.4737346460422
128.7191965685271 95.45864896840821 37.29176589039413
133.8470492737328 110.3313531430185 53.79800877651383
167.4773146243682 117.1393949239849 149.5890456501535
55.01301040431007 173.9887521242923 115.2408336625093
180.1614190226802 153.4324098966384 159.692094409744
100.3816071903214 170.3526908751625 20.60698317661661
34.00837186658045 134.1717158033327 170.3984916234553
27.99820787271168 117.6505170531028 16.13745223512144
84.53884021484976 152.749353900095 178.8857395548534
110.0760210179218 179.3683740351428 36.13700223116901
0.3917898204219196 63.10543101943447 19.11070740671081
29.82431347177463 101.4148554713295 134.1914569793855
187.3851247219484 133.0809752807229 28.52493155135867
177.8997017126373 88.20992100700632 32.97993363662036
92.38411434067382 2.208734529456122 12.22659512008491
47.8365018107387 69.82220142289601 37.90205734309546
100.8287379083489 81.63791383887268 187.9526179552707
111.7143010961504 18.49275574041927 48.91227354298812
146.9763076181228 191.1453981605753 102.0696024889654
94.64389490390646 80.51372096424024 89.10126487273612
22.91365128669875 162.9864526021665 182.691445436899
98.12020933677672 91.45072846747382 139.2193193409281
15.047030788243 188.7825554399869 64.08831869328219
98.90000733449857 161.1231213439543 109.7917165794676
160.6624578774233 102.1709068160889 179.9792104955499
25.28538592183303 191.0200376255287 168.7274145019669
86.43659133248326 44.34461226549826 31.48817214775701
67.32607550512269 105.3765366332606 44.52515985214475
84.00244294393791 6.960608935775812 59.09684963665956
139.1513403333092 37.43938668486694 172.2590540247824
102.8297116795292 67.30530448954291 49.2485662269168
59.73249628799833 12.22272094267723 127.5788040882755
18.10272044357921 131.4646238618384 129.2296805400497
169.1633078937484 120.9568672384854 131.1338430784585
46.48177492624133 29.90851876166056 182.2493855904509
191.0972787414697 124.6253873091001 12.01087563488399
24.0073572617044 1.954307729187333 117.9241468595618
93.47032963537443 196.4768461549354 90.19751523741211
12.34827963052304 198.8516559187192 79.87872847970871
197.0415850947494 40.7245489534748 116.3778133695904
125.045185155973 32.82649462194085 78.89510298956976
67.85466815487476 172.1228052129163 156.2716067269192
17.25238534100234 178.9316095392846 43.10042609545278
156.7122337683223 193.8858610237601 58.09885266378821
142.6983345809206 38.90461468637519 75.82213752552822
70.51452544483418 7.849460091864572 20.2301906822814
22.18282459925934 76.1369777593917 195.663361873553
138.6648076243036 50.90798319692629 119.3605733573745
167.6355493884313 135.2794076180405 144.2208976835542
15.69843361617631 40.5310990584417 113.2403035544387
189.3971454515647 151.8690623283453 27.38085032990645
74.26694136963886 137.2055541129668 6.569708236827339
163.0183283430023 33.17180427047766 119.5201042988767
105.8923744266997 166.8823896246845 78.59305800980938
36.11425694856588 100.5648929006697 103.8793580147677
183.977877431175 25.42533999742341 6.210468019525071
135.3577624524578 139.2270741549211 60.04853297060566
164.9378400729765 139.4653757680655 54.91233604144647
191.8805411375016 55.05926513734268 127.5980679491858
165.2590926624748 89.5331527686059 53.3445252033415
134.4241904869191 181.0872502399686 83.0449983448943
188.0620813759995 35.95530302238451 56.79580054570977
112.7305370249347 139.723150433339 64.31811703701692
155.3142269694512 62.94236377856149 193.3409875627393
173.526933383939 3.868532877196039 195.5298308181775
181.4618971449729 80.41067808423472 49.84439534654295
140.6514969780969 122.8789484579463 67.968815101194
96.84511589873664 131.3060983006351 70.21758811477838
189.6695696649824 125.8580869397925 46.00787821234938
118.3499176934142 163.5620120884224 28.85560493434141
70.50377472610744 151.1555505744402 72.46758920638256
84.94708772128899 0.3785395709607626 29.92081145205902
138.9305362551343 150.593844771259 74.74603474105416
109.6579758954064 50.88004466571495 150.2762990814847
110.8239174504033 156.8098697155565 6.25196399896886
75.96787876269259 193.1740658228159 9.605864467264256
186.6948806159645 51.57457294631732 67.38455999995736
50.00691898722639 158.9055727964408 92.53731113013684
54.86730856100752 99.91248760812289 14.40094747678259
34.58818406214549 70.16356785604519 24.39704525930549
33.69683846610872 87.16732106390353 60.95749851588664
79.29673810579249 52.36861753836897 61.77833160316605
8.252736589955401 86.48149943898578 86.35714408196294
167.3262595414521 157.3553091309008 49.23416912615559
2.901597080902699 193.8079979923189 49.90352569088002
99.45777128817883 49.63432815963478 171.467605318705
33.7299879187045 151.4391653077233 70.93568345938614
107.7854332815094 190.1390764548766 188.7310343731548
49.43027045889356 68.28913049218504 112.1119372863175
63.99031270598147 37.67757526553743 25.89430087125373
136.0329409824444 16.23183800929295 164.3967659421963
181.2313930442486 155.3938186535133 61.91567739871639
32.10323778220614 141.3047871341836 10.20437771499656
146.564768859919 185.7417005710933 5.870352803341676
29.85146513736608 130.0636030454619 84.97514783520406
130.7239011025233 121.6030027493747 124.1353898793117
50.12189545034798 77.72887595751848 128.5893444569944
172.5717056183355 61.24160162067458 75.45140525595816
79.57866600164577 133.879675397543 24.42286595182499
36.71231132701401 171.12252630639 85.64011650496049
59.98278468864601 156.5292404867702 36.20411919456962
37.22348546043422 5.347134770453286 32.27563633860745
39.54983247566102 168.8760396953485 105.135338921115
72.05281573164704 143.4447886643478 42.61804872658121
89.81537582787213 20.97344196912214 2.301267632641027
120.4734730170994 197.5796075046675 147.1825604093816
102.6573349265868 154.4510398732994 92.4858371006583
185.0704220281079 20.25790960158956 162.5452054979365
192.3726713609985 188.3489938658144 111.9426431546156
33.26650853216955 81.99724863413934 106.1474548250653
141.1237732751678 194.8143115191652 154.9237718099392
114.6988130617754 159.5780872766188 148.2951164867643
167.1506618030079 26.10754668797945 160.9104122470571
140.8770179557105 122.3455760759545 186.8592134940365
34.23596805855698 60.56618732361556 171.1208622744004
1.341041220862077 102.7062804730655 185.0642968806408
156.8629315466562 106.4787048311314 53.92634924072411
78.40346538660258 183.6824800305682 168.2798682333392
126.3629998659937 163.7277755224887 90.06865954452364
92.86569846553049 81.89352400787806 5.111189647749192
25.18797045634851 163.3249646236266 35.92504406427727
46.91501922203273 150.5427976421576 17.50080708206283
38.34307647822975 53.5301460972649 39.4713916590011
84.81779633357878 61.69632838519112 172.6670285036488
92.53280314308715 51.29029418667857 14.97863263086977
41.39400182398626 60.70900845526762 127.4720790026395
127.1704550518321 20.04220176190426 38.10789931584704
142.8087108731677 101.0328195700713 3.398188906249039
178.4325849607094 43.95339399411368 117.4887681806974
100.1716039763011 63.44316641873463 95.10479360181699
179.081099683392 53.92505041925622 146.5030708908757
24.15247834476805 176.9185241798882 195.4338459745649
64.57183487463561 34.31878139970206 152.3167253335183
64.44142523772237 144.9503596843236 21.91915398782469
75.64358993471735 4.671252759285862 134.4946194879874
22.37907112264388 127.0782746276851 36.21079647471498
103.1573985589841 8.294478923669795 197.9119851690601
88.44505891271976 39.31764913552738 197.8702269520954
149.1468772132389 39.61317974902758 108.379950220489
12.98226392683007 138.3870373512911 82.81929055174432
30.55912943871152 69.9933997553499 45.61507314668124
100.5716171093089 154.5858695520205 190.5056522393783
179.8154474955467 110.7428619717822 5.844339619231398
32.40683840846621 185.1917496674411 97.53543631558499
146.5216125209271 159.4980508945071 182.3747545421415
164.9870654222414 196.6491216713483 100.2581079363173
126.2263432811598 132.553698900799 75.47442429192171
91.39912786081941 176.3556123841272 36.14114929557613
132.294922940094 108.9557696019645 16.98794628782737
127.8234725237176 55.62427831687695 10.0031415909666
7.395688045297173 119.3367485240395 44.78925750182008
17.69140889457131 102.0583530862702 73.45980534117101
19.17411817242503 171.8721029346403 92.69948116485297
197.0605993352101 91.77269702457282 27.23998905534224
169.3895549862278 60.80756129371297 161.2215262869373
113.6295836177432 123.3838319461558 9.846820539287354
91.78742361768558 174.1433119749892 125.574335649021
97.89159754764098 84.92463768610629 54.06508221842651
62.81961388242311 39.13833623450793 184.6629249603726
120.2679731759713 72.27072141989673 14.88517141779364
104.6330781575396 42.57276098793636 26.62397954465712
106.4648000390139 138.9656107430097 181.6018710607188
148.1852867469706 9.13175962878106 96.32141196248223
162.4860980668991 171.8611545816887 89.17691494107378
107.1769093110327 172.2757246300685 96.94331222221307
185.1350972960628 40.23739591657882 194.4954042362235
59.52916863817902 1.322888259583017 83.92746294542727
76.91683385307515 7.89659178450832 197.7581106270285
99.3021225487568 20.63356831307527 168.1804163148411
2.082975928823626 133.5402016998489 199.2832901328611
127.8201319162696 94.10246384364906 61.4291106462162
128.2574408925338 102.9138758164007 125.7564048680454
86.15419869295147 43.73504570263584 159.3768294303644
165.0244977288943 190.5727646876801 7.286306165601794
34.46163190523127 13.07022149484606 106.7397526405494
22.26132002347966 111.8471728634731 149.4303168815813
83.35988813901332 105.8464259202805 191.1522931507728
162.3625196473305 98.29805580510897 36.8275875062432
118.3012185038869 18.38707397854727 3.08703901354319
25.56403909333382 21.38652554403489 50.42813648841884
10.40366171439132 17.5244536677192 69.241189285628
164.104989507429 153.0444382293278 149.6924156357986
169.7106376177475 144.7073288101698 72.45521195525266
17.45098131742269 127.8642415870637 163.7606940416364
3.683836302970452 141.1814667163716 136.6928291717404
110.0171657246017 158.3453028652841 61.41545529356539
115.1269154128607 111.2818482559905 110.6013485947245
145.5681215062448 51.15662173166351 5.187432348884096
28.51686694498258 9.766361539888852 196.7727267669817
34.33757049953627 152.4678196496572 115.0092152175483
46.95770053590741 102.319792679335 88.47287044703559
143.5030549886467 64.7461393199835 18.19001290245437
191.3079536675253 170.4516467111499 105.8981855058259
188.6830540778244 4.199192932515044 98.48159334913359
89.98270525124391 199.6308685662271 108.5239077556095
118.3708591131679 25.54572026523154 132.0471770804231
110.3772347234929 106.5321697998967 135.1983605419718
6.561779409291252 173.1629082718335 57.60701479730574
77.32458396171461 116.5354246471576 151.5801929166753
21.6738166316891 44.75595781310279 197.9454353317241
57.60213456317994 188.9356161242445 7.950099693826225
137.1451850363392 117.3602292578213 85.7439870237596
27.59369190801249 31.83208901010269 138.2986191242534
187.1602865277429 135.8996301721707 97.30195624050636
59.32123699425955 30.85305397584525 42.91314374100713
42.38663182419283 197.4983053305362 0.6596660603614056
0.2726053970718702 107.5559521257973 114.0633466570267
166.2652152700409 104.5804344892118 17.52365395737334
17.59169111892604 195.4661401714741 2.618080423449367
7.362330204715401 26.0113787344943 122.2941454438406
132.8166416023053 3.047414871335543 107.01407327313
58.92701164383886 152.2681275022979 185.38730826981
90.77723770368452 80.15339304886857 23.83065605084768
78.40228399443704 182.7004089519262 95.22379950418734
17.2465801469571 188.865714898229 148.5450256678256
42.56477881353175 0.2558747315902945 92.24047348439856
4.173706355165987 14.32706882447726 93.48864357972066
23.09731185841117 59.66950241803154 186.3899198602368
98.21314970905355 52.15849240747971 62.03590518050769
151.0379959364205 87.01175067051295 72.70189988347271
131.7101083300212 17.42493186319777 182.7793028829506
101.9729458573456 67.62796372522033 13.57041581572986
70.72686530147793 45.91735611068469 41.9156657238165
127.485999106249 145.7669897067153 152.0585501748351
63.05256981027996 190.1682869424274 159.3255481620311
180.5342011165091 162.0645645288953 13.7661197609418
92.58105234262916 179.3451882548434 107.2938170630406
116.8896453542478 178.986677148808 17.29512677358162
48.89282155937204 188.2248001597014 31.22545662624781
157.7547004186831 73.19767935127425 9.053311533334124
135.9540639938074 38.64002155700643 94.46319632879961
106.221316229268 160.1241489653952 127.2108611428046
43.17221964893258 70.90606302852858 94.44869382836885
145.8209285301628 2.233084207670845 172.5365535117219
99.19043844426535 99.46137516022968 199.6517138411892
163.4154730664991 44.19099727847923 154.4003010977201
133.6062729098929 94.06619158277817 79.44300136691105
71.36427543770976 20.68240518555792 55.93546428688038
34.64850043913373 176.6787483717101 176.9635671896094
24.72157347337007 184.5374792593589 79.7847181940032
141.9250849896841 57.03465240202251 82.37317638528479
54.0250375250175 173.7108379650238 176.6871998391323
6.592839026677277 112.7904313313431 62.52279329777355
129.99427461531 16.61306135336189 119.8996490126035
108.3356685280067 66.33750876263744 111.9262706307323
123.2328322245339 170.576788744742 71.98625258096584
145.6524232438266 84.39066758327152 194.8593237244594
106.0267154466855 139.0127967766877 0.5596259722360446
36.00034085021899 178.1051205639637 40.68010884139081
128.7574129181264 66.88788737494467 109.0669031926834
196.0660930403286 6.316269376605126 130.2459479415061
80.76699387165586 165.6189902401757 112.7728079135259
151.0802009935073 21.59498425867631 48.04863935722604
109.9767493357492 49.73197374754661 7.817047291845432
50.7818128728737 68.41828482435736 166.3752780305961
54.72009961874561 107.5405901792455 169.6429988809887
108.7458915038961 116.9894905998849 66.85190759055703
198.1017686355997 140.7723079142601 118.6186564640359
188.9762671131767 96.24836142274978 197.8451039101488
63.36891659003054 71.02505033383315 99.61273276459512
15.64556764088595 165.1448496510202 7.558632902204594
85.49733802909368 162.2050967597229 75.81461626277525
108.9608198262889 193.8229898018505 8.632212994091658
187.8022400560694 114.55506176669 61.06448958743851
126.356302770523 159.8314833630841 164.6634504608241
153.8167955755051 66.31314697705716 110.7147087899951
32.19494915811608 42.55693144907423 123.4047302215333
192.5204203822967 60.52827916491784 199.5956780156252
123.1487561050705 135.0494113582259 189.618588604491
199.0858156488981 129.5942220244608 66.90790103492658
66.5057737407022 38.72661100320161 58.90067597017955
132.9919413738401 79.69554091927428 47.10895625416885
44.3670856161767 180.4192376208043 192.7612649304221
146.9251509619496 26.72968060282928 189.2309199921431
182.2650022376033 70.19560428970412 137.3851592180899
146.715407478842 167.0524332770104 79.89483273380327
69.48223877854312 78.23318332896896 130.6282981136611
17.72696799782328 170.2975531710352 138.8721520918079
152.6685320863487 20.61191884867835 172.27486561346
64.16119072519628 13.98862271820474 185.1804214783681
44.88620365518648 71.29949217670918 75.52049897315864
47.82520185280146 121.1933040724927 89.50419614409915
138.1924482517183 67.7296781033769 199.8160187980921
141.9249989730639 137.2379077217895 105.1042987870733
71.01116507718322 82.88798291034986 71.77197343583167
35.29200346071169 79.17582679830507 167.878099464089
191.5808917713043 169.7333479425358 68.64431780214215
151.210935124134 72.82656499562255 147.8526405157085
152.1241921404752 10.12412637036956 156.5376332165964
53.8358388744354 55.27736459517094 94.33769475834413
56.23772358911417 36.51691222902542 94.87017820244129
96.56958879627111 10.22914371207755 41.14172890039259
146.8770101658055 29.72892722689512 156.7403862072432
4.730210739415031 2.624753531479103 110.7185885652304
26.15176618889382 83.07064357251745 12.8148841018963
193.9002163003453 117.0530846312251 194.8995345044244
42.46881333751659 15.8451467660502 8.01656787001251
106.5742184994587 127.8941457826918 107.6178378228037
27.91136204647233 24.29119554209554 120.9487384425493
76.0056706234618 155.6098759647546 195.5290768404403
192.440364798973 74.55396340832787 35.58971467077373
89.14993360234082 29.12898530429284 87.30585143082628
59.38370531199786 168.9996864763589 194.2120037438866
162.6950155715411 60.30737964730375 139.5217521860409
87.90173855617199 140.9754057502142 194.0038351322606
16.09371816239159 17.47713347417087 107.8390564600545
102.7498363216366 4.601593664215764 58.1156829994738
55.26774087359171 26.30159082223551 198.6146277666648
52.72456244616923 21.2519268700734 22.97018851214182
70.38731435136405 25.76154294866506 88.38129425222974
61.29453732589641 82.87790723344263 114.2144369466856
98.21484347512248 30.03405523355402 104.0144188137875
73.47324405986548 53.68206212653325 104.51365470564
32.20056844195169 120.1432566832335 135.4604105428216
199.8192304482945 185.5943679089304 74.85253494467513
117.8114344236187 161.0287099853545 109.2861563991481
79.70768998608696 123.7870172343175 72.99776522615039
114.4094846368165 137.6018051579501 163.0293211032202
140.4923145211278 2.64769450079521 190.6866745369026
21.88061854421205 147.8296981998164 162.6669871344724
28.56274910296701 191.9341475402843 51.22923854825235
167.5589956774513 40.07444429358404 102.4977115038642
169.2950324319465 78.35044067448153 68.06420747574369
46.65146540210591 69.94370521620137 2.799460806315061
156.3121599688555 132.8722774429303 183.86581506571
175.3409124063591 62.13095094547231 121.7315128824776
40.65706875052055 107.4344247892872 149.0505253287615
16.40471387119353 5.707256140001735 55.74330616757788
46.79626419021152 116.6496455450326 18.03143421522098
156.622645108811 172.4049497895278 152.7036379700515
158.5912010947886 22.72440813255134 104.3828675223235
45.86992109531335 69.4600798768107 56.71682851689972
10.44367610633408 52.99256862870665 77.97785780596485
52.91185197731816 105.8034538602535 32.27528640410178
99.53792187417505 149.5422060815962 74.48039920436999
157.3714852988876 10.96280498350222 188.6982660241852
31.46650189723085 111.378241694952 82.47991601138683
70.59111857948152 199.4771674213924 99.16626663878772
90.2590944315838 195.0443984501352 193.9075534315969
68.85174274736364 5.35120604087207 169.0130934504976
38.5051031077827 104.6119575148857 182.6268430611464
176.5627402364202 56.67888525835563 103.61212739566
194.4440900638812 141.5827150681392 80.78966624575031
11.42720674271407 119.5439844767122 188.2209203352665
132.6400369420717 127.7473489495588 154.655096752202
156.0727383749471 0.6137479657271349 140.6662758599383
159.0088013431064 153.6887117236822 85.21462442217734
154.3442247024444 52.14580736269538 68.96216113936529
110.714298628123 87.24857956018629 8.373874355909093
105.5874058711792 144.668889754957 116.314361567054
166.6297410234883 26.6357929638074 183.5343281131105
92.20255087661386 52.23444866962365 140.9248272262858
179.6209825877606 35.35613818394976 150.0956977776838
120.2783715894157 177.2258707994201 158.8451456635108
158.1134299628475 38.72476850041865 171.7311896318195
37.97887549846722 10.23303177579618 128.6320251227951
3.782884009637334 70.71356007428729 188.3077393262079
15.43788202148361 120.4249738571543 77.40434376794205
89.20592474756344 152.637118333011 123.6485988683269
182.9360383680668 136.6450551957066 60.01879877470331
186.7079318234548 163.6786973909305 192.5878101196562
141.6007503133185 55.41942482523992 101.2216984346311
60.22006026175208 149.6353303580307 4.079580504333293
112.4879359542488 36.27194601751486 174.5728665469219
39.7422220024916 7.170392226654044 52.12530954620878
172.4566169486607 197.5515583262284 68.17012460573331
177.7125219576427 71.54139978875359 90.46790780949185
120.6435993202918 69.28166582743727 125.99119203856
72.14786094704822 123.6416432856923 193.5486406389354
65.41962531032253 69.03565936940127 5.024683933839891
73.73314683923321 27.3098719786085 194.6099921546939
26.73813387643514 180.9659958537753 115.0863377436155
89.87011111571718 84.30059561980474 71.18942053597294
17.46753222359624 133.1132265940378 18.9629869843862
148.008454011187 178.2596405212053 115.886831412891
149.7802100687825 157.0499096731133 161.3849221164616
108.90981187102 122.6522603594111 190.8663668406732
9.697080669504972 44.00320137803696 130.8439614610938
87.9737704628312 97.42148848205102 14.75147880126151
37.14860824498705 132.6030079450518 46.66869962568342
198.0350562440201 103.7811446279881 12.65072193034254
167.5596972795701 103.2101926534869 162.390258972732
29.65212815601313 158.2537015554035 18.25084534079362
16.67513807939602 69.69008012582641 88.61784640124098
99.19800277691714 62.05294254246287 31.43708204496899
34.65592074035192 32.14375398124916 155.8496658881697
88.79532534952816 45.08905357404806 97.48580615985669
116.1676028610739 80.3223818642263 55.74266627385853
11.64724269918516 154.4138440275645 22.62040025615571
31.05077225428723 191.0182152842997 131.6649267347385
105.4036495215375 32.21022845412145 2.330861265567831
1.426134514404855 183.7741413024086 33.92934071244319
171.9698971697612 124.3304206193025 16.41931075242475
136.1521999014776 160.1848229668429 42.91680829468873
122.8354602808286 125.3034701050532 57.34749663965391
104.139354850383 20.00446607368922 143.2177159094922
3.853179979977191 61.12121998879417 42.46997946029433
98.80302304510002 109.2889607674056 120.4856137681089
145.0770669977796 104.4935191698372 68.59441104202173
38.87193182923907 138.2267435001621 188.2292065937478
94.26011570224279 192.9024637290659 125.6836889176461
102.5170667965905 67.97167584242086 174.9795383627262
0.6000627519470403 174.0326193652919 89.81050183827446
78.18819171517841 86.65656299487513 54.6771203769988
181.7536128516637 187.4225451188329 158.8484392227593
128.8419122154881 156.990369885906 60.07259662390918
151.6233244978662 33.29309788786055 6.661410961642902
16.68344666434874 119.7984880830054 114.4046938186268
199.2155482274243 33.89041294010386 160.6640722706803
194.4278312803131 18.4949645488401 110.7082132246047
144.8796692299293 105.0777733197914 39.35121378702511
87.26720802397523 69.41540921848707 59.80178967074865
74.77862869255189 69.61144649723488 114.6397219635019
71.20322471441551 166.3626673303508 179.6749507389439
75.22718393314831 83.77702887032805 11.69393261843208
45.84582905118177 12.52734643299172 189.6972338860763
14.42480453440619 146.3515295096682 5.730335856875551
39.71598218253815 36.1803673319275 52.64528195876479
0.5245443283316676 14.89837038129063 153.036128300767
70.86078900189499 150.9038337383316 119.3508597120701
32.48029109878996 119.4857803663918 100.4407500462395
74.60722913656561 137.0663881638499 60.52421389366178
92.09617639767387 83.20014424168224 170.804535544478
100.7483283914827 136.1472193436113 88.08818695219425
1.226166071626893 75.63924790257688 54.31566736959312
102.8323305547994 161.6859504218226 39.60084539024409
15.12966447655449 156.8455676683539 53.32525387657871
91.75945418896463 143.2004152733141 12.39380682636783
19.71083562714915 199.0480587563254 99.72786563481718
155.4742826619389 37.55869355596346 38.89132089034275
59.40894213124314 108.514899062498 151.3375316188446
150.4492470900681 149.2900113906044 18.57568137515834
17.44119960537624 143.9514255583976 115.0295552551234
16.51149882199457 38.85449460154775 88.99258533368129
8.376076824062395 178.5762125851428 106.7146980708385
81.51361676688549 178.4766668668753 20.15097762450533
3.195966726195322 185.8895357042502 165.5944202393927
105.1186063333213 38.06365541125592 137.117381940692
12.36476932954382 2.381067525370173 160.8535159005405
48.14873937792932 138.6479003559319 156.105868246489
134.7578912018558 194.8647973811282 70.08198070654814
117.7788485260538 5.462855350463999 95.7934215522051
30.6469381683511 1.327458202429779 14.9959970241529
128.1284246675972 83.61012845262432 1.939644010677595
56.95377035769135 134.8850887979013 192.6901470246464
6.109623465313394 162.8115325879095 191.3835794890662
64.18437821756024 161.0901222309069 104.8713439296496
19.16852995408546 16.06191019565614 11.96985952471548
15.8385390341285 175.1584135441773 24.01763421858247
68.44907281716857 132.7130973619134 114.7412238666956
57.04840928501083 85.73226129631823 1.99516468415181
169.8968597770476 42.72685458211235 134.3307103536994
123.1573013440105 138.1231903269521 118.8577924413307
34.2215242787863 28.46960427487808 196.5884625833087
198.4011867464565 147.5127811269751 60.86823983687737
20.23448716222445 163.9839326632042 109.8645643766744
151.5417061940696 100.9342034253546 128.3448321758813
59.41342180842628 94.43218548545617 129.0788173705386
155.1756131992197 156.2513460799195 66.86533867480544
31.93162398900657 157.0820766524376 148.1685719765469
94.81330037138189 33.90183189227179 180.8974305076813
17.2849892094697 24.69294602016269 156.7267042275208
188.4536405845151 107.960317320203 128.8341182686816
41.59240818720054 21.89278802227544 40.38550441787935
11.46054916424378 177.9950919661395 181.4417628456663
180.7939536019464 50.02685017085383 10.09454274317433
163.6108783750387 111.7431253929352 93.0152035271867
63.28857053246121 122.2121280171632 57.48351992470206
99.19250085757565 31.03025349415593 41.52790295849752
109.8451290650915 21.83648654109042 186.5154235181108
47.08054297198378 108.6094675093934 131.2923759529803
65.4764313577781 3.485682248173104 61.1904371578
108.5073112855249 175.8052902247726 116.8734714380801
6.427314113556159 164.1994631382944 38.22052502133819
72.21334682942523 138.7825859498389 182.2033214312495
175.3014397930778 175.6920687887979 1.727069879950623
141.4437739786977 135.7803178643049 86.24594666776015
146.5000661093071 145.4112149462829 141.6928801377543
54.04516985343866 68.07703537974582 20.11461543555852
3.945421360385483 54.77900038219666 60.29695073949876
176.7102931661242 24.993486820553 109.3398380967456
92.07406224778411 121.9100573736395 97.03732889489304
30.19101185648413 121.5542524295269 183.9700423602452
92.74342811582693 195.4598010807827 71.31789003665229
52.41224443486539 136.0747380087599 174.3603081763969
156.5331107097637 71.12917673816206 31.01034341529319
6.021222840377821 19.6196128155004 171.0592949493578
164.4518081907434 55.30366297207392 178.6378881141246
33.28405355371293 152.6174037545533 50.08815115897853
42.66354910928636 93.80538832618748 120.2948079846857
15.49530564760891 30.63594113933697 23.46435314164583
71.00731066465011 54.93442410935169 161.1407032772883
53.25453506222632 49.19933673999868 50.3717318818177
49.56762404055341 119.9161418522686 183.782686333852
75.5656947564654 9.232914287739408 116.134692390402
30.34723739439415 61.72638088152344 7.76617511183275
173.8062346012739 62.02653590053685 197.2412129251421
102.5260018051929 1.315113152525265 140.7405675111644
92.29337726312784 161.0822929242614 6.231155684306576
58.62564419715959 7.033699629005103 2.523850420199707
153.5109219708772 44.57586789429035 90.65015167272685
129.9420293164462 51.09483315719378 68.98968035799989
159.5364421705522 190.7237987847492 156.4190471249671
144.1370625338659 57.62875417403536 35.71033544517631
35.9171463095612 19.3046908154304 66.12834716432326
116.0339428923797 56.41802840071566 57.31832912391648
182.4263739333525 93.43830391730611 15.37011145331355
34.22155539050053 112.9078163114833 118.0951091294097
38.89076379256156 97.540309092641 165.0814865741563
15.02790502243287 112.9993480588868 131.9841508344538
128.0122627973836 35.3312580032373 117.9853128827713
161.826222896147 138.1303161809244 8.375747040296449
187.931214302789 189.6327018830772 60.69633677919281
155.4743010919145 69.16492988060307 77.15252992932652
170.9484422202099 123.3320369787763 47.0628443796539
134.4606285017553 75.07293061405873 182.782623768616
190.5570885543393 85.21480679001775 92.93436976446277
17.03957813370907 87.71924122778304 52.00037811719601
52.54105128141723 155.6280287416908 119.0875291735331
23.1610705643091 53.3586808506155 50.76281578768772
69.86160650745529 99.62783404006704 2.863631707384195
198.1325550592701 167.6114919152922 21.56182182003553
132.7582536971827 76.44446484666067 28.47129362042304
127.0135929139345 110.2308046416683 71.44205232741857
181.5309862477984 132.8379227661048 123.142402049713
78.24938575062309 173.1363227780328 2.295458204366069
95.54897767116601 61.49158657077699 157.0844781587271
182.9827045047165 147.747029912976 44.69725506645729
112.9417634489414 22.49832526568087 89.1351642077591
10.3386035164073 192.8003320136521 19.88987989416913
113.3184180277617 176.0101946225284 176.8563012644456
175.3829300776989 105.2187433516962 50.26662193308704
148.7835853913913 44.25202857080886 22.50696036035285
81.44871929995722 67.6313809468938 77.7178633035707
104.356613851427 152.0634011798169 23.38375049525992
104.3460343469376 49.00522197363843 44.41627118236859
134.0415938305525 72.26182822347022 139.0135001695999
120.3738871571506 4.104650681577017 190.8523006418879
165.9156212187629 21.87499744500331 1.831095319827399
154.5382431906406 138.6813804533805 157.4441734151542
28.27508134017451 35.04369142511788 37.61717136839243
50.32558066902375 2.526379057365987 18.91952651075178
33.15429815675515 21.58414060689194 23.45413671934404
162.5261442340027 55.22101627160367 12.53173479529542
185.5655981413239 87.91285799315743 66.71976075163056
3.373934961387781 123.1320756045482 26.69463697110119
78.43577850105025 5.442720957915174 83.01501280054097
37.31563049433763 131.2798232917728 25.38158084332602
54.13576048203017 87.42694000300631 79.0276333508919
50.78342212135968 155.4894331045806 147.8937028677407
49.46399922570502 124.1578995633554 120.7772323128549
3.451507136633283 31.79572236367104 100.7242550846197
162.3149848944988 116.5038902850668 31.67375397712793
160.1853078091971 100.2496508599841 145.1628685288281
122.8962822088746 43.80193473593026 134.1117108038896
186.3994961872769 39.99700539958277 100.749745381119
162.8888260735314 53.24695181894253 31.34657090720671
127.2994979013209 166.7577404194948 7.289245158918638
42.85116194651156 189.0657839155646 76.81940047085384
106.343381580272 191.696791489499 103.294338872442
38.5469193441409 52.75791509588598 61.75915091716476
104.0779019794227 4.768927164929734 177.3192443904619
83.99017411837902 140.610480983661 80.52089555355714
28.5258806861946 88.53953529023192 182.8602580632913
56.46740272501923 53.81192635184234 32.3053043693966
46.57514392234295 26.72339565086913 122.8824011783118
85.66483256705821 199.3261756962733 176.0585308195878
37.85295550322905 71.51058818788626 186.1234079293181
10.51813543253838 126.3326948425934 146.222090566674
142.6974278346039 83.52702077347644 14.01217330114918
45.96438489238682 38.08765212957049 31.63152475400291
144.9920253718031 29.40772686679642 123.8661813807889
132.0244691205268 17.99838844740039 88.82389588045208
80.28662983702731 45.96010675080291 182.1438400663066
150.2446837519764 100.1697955827034 86.27573727190928
104.8378870036289 39.59578952503861 89.09081265584248
12.09401735527414 61.80077538376065 2.782334481389442
196.5444705622095 47.05823265764663 144.0972052910612
176.2192672783738 114.1330344618304 181.571393700907
148.3396878875917 99.9791808708332 21.46206083617972
111.8784394401724 122.9878208770975 125.1053412797632
144.5254853607994 89.38147738415222 141.5862771561707
63.47484033468501 30.54097314836512 130.4864407438128
92.09788362846034 179.179997100966 82.65213868227553
94.46081654282321 181.8115795097756 6.762576277847363
83.2839864717328 165.6788437219641 165.1283127418521
109.5474359958602 173.9941247927074 198.4386481731828
93.97003274584226 77.951402684038 107.8353101423266
58.58776592578909 114.8152175068539 3.351635108459424
43.9694107686088 146.4612120851221 35.73905028848734
149.0106413457606 26.32731494915455 88.46990968851615
63.81401828555666 128.1857282670694 157.8859293138044
90.44631329015961 78.74265184311126 151.220331790555
23.58914127225163 56.74146787329698 132.4996928381685
0.4308589518118905 197.2327626416287 146.2603358927439
174.9006387524438 168.5824397574889 149.6510028970189
163.9284307722178 83.7699065928162 86.16852570431475
162.2441244508214 86.56296144636399 21.6724094699138
188.3994779158487 67.9422382808628 155.1423168776293
119.1622821026273 167.1861599846346 47.40894441973813
35.96380605451548 114.1474613162668 33.36514456839189
189.2364899359802 70.75575809172965 105.4547799137993
32.53856353127049 128.6294847107017 152.3675542960332
93.12426765851687 45.02165217353079 123.3126582725886
87.31736228814968 57.20010245336817 45.34029344945798
136.893039904732 21.63027907470947 4.438080685587773
141.8725421021666 153.360272981916 93.23075473760943
60.69254602645648 175.3057718043979 38.42795111429633
44.67025266129775 84.12119508200739 16.55250598664788
184.6458181320036 77.53371464069129 196.9964655087708
139.7061268898116 23.5250618402428 105.2078324586246
159.8102462767523 188.2186929857082 126.8707347448275
25.6672488881247 145.0177792030787 31.17153026000925
161.1196064968248 147.9359781690422 173.4807010087756
25.70389062996578 190.4240389208327 30.67029972565764
49.14306462113707 36.93860121692209 13.01476717775927
52.4787615286164 20.27511886984632 57.02990902384512
162.4731182331274 121.557044962098 63.88500654238165
66.48511815347382 122.0040181013562 175.5686673104472
152.4299604460963 137.6517765309394 68.99389768261909
134.0932196688173 199.1924246611902 88.53324110400452
81.90040469088619 68.66457276617263 96.60577075424779
62.59943530359323 106.5382551286201 186.8166474845562
151.3628595717477 93.60909331350946 160.5283302448696
161.1466670979053 61.74017621726745 93.63989734982974
42.46109344244772 105.1757173093783 1.119770485616187
2.798735067692593 192.1567630133136 94.77826993766801
42.14050604242114 53.16121214098775 19.94651591064793
46.00041973949708 141.6021364211377 81.45631430807951
196.9978170414299 52.62477271727493 162.1744800391864
23.44473050789493 127.4767150462063 0.6242616148385641
170.6939893251522 185.4093744600408 142.0909670871384
100.2537129587642 12.02548914073249 98.57869092025133
177.4584973159554 98.8574172404611 93.48421887220812
75.52158987052829 52.71618540554793 123.5664592659187
158.6861664308843 158.1226336442712 103.6046379619934
118.3086407579457 35.54368761973993 101.7447908317793
112.6011391464373 95.49079031931495 150.7082597357922
153.2322108115228 158.2085742047061 35.02605203024145
170.7867152113643 74.18420147889871 107.8762654171957
182.123593594342 171.3736266699251 128.4236832496589
84.45658539077704 37.25313490917637 51.63438698488324
60.06622281372134 61.8280878351559 131.0927083872892
52.64133858030578 86.9210314601584 97.88257015896029
117.2998747013822 36.12505737227553 39.48424682051854
114.5709956573107 18.51934771272984 109.1071356294884
145.9609179614583 171.1079508072644 98.36264596917563
196.9953447189575 156.1354444492093 6.561413679792635
187.6333377401336 62.66705287709124 52.08605438028768
84.40489989502932 34.21619789400709 15.6353732947184
56.10349349236024 57.08368819938922 67.3342930065843
154.5107798957051 34.07096161396072 61.85347818053297
8.886236370145095 118.8690281146456 9.104671301863638
112.2956816140289 45.3513277405243 72.6818166418156
147.0142302668813 48.33574741839816 51.93951847818987
43.28097433583866 164.4221549550162 29.83493678513872
159.5666415605182 51.69261213134094 121.25763108882
125.7889807089847 91.30957611035366 19.06471302225735
93.86502279319359 52.65288603986399 80.89975581605948
68.04815642793965 24.94246087571681 12.50127352114065
90.53583496823902 111.3432967147275 137.3812461964074
151.5343967913487 9.452786654053179 6.649568055208881
165.3691783418167 17.47366518722543 36.35028793683441
187.0825449404627 22.44187352891437 93.72302077301893
121.9943991180023 120.34662126594 140.8748402133248
120.155094381185 152.3994915515582 76.24271259631971
88.48392513190217 38.07741895971892 70.10355744539243
183.5317767084584 89.05466157294751 136.5284130780923
104.2601895204776 28.13360569549289 73.29720661921635
90.42676470453569 59.27826164836389 110.7799973771727
0.2001905712961008 140.5281517830251 16.7654769563998
21.30357914329124 141.8075583020936 144.742885894399
3.399615771245499 108.8030864298038 146.3083192065615
125.169447678913 172.1831754348644 125.0756032854377
152.2119258140372 44.88497632490629 188.6191502350489
98.78593413020013 188.8904722631378 24.04417713647662
145.8394995739924 91.13753389273583 54.98299160137054
147.8638155024435 64.62289278239361 128.5948517557754
173.4378532919928 161.0633558679651 31.71485086631376
111.5759519095208 82.84721925758977 167.16983554515
62.81109808346068 68.4710835404119 80.87451577790122
81.68447061779256 20.53270623189145 72.07423008212113
84.31553897282855 109.7383850121404 84.80330235618568
29.45269138055063 1.383402099081904 68.97613196782706
133.1225306979123 61.11779840726428 50.69462754148033
130.9037256322922 136.3197820016022 136.0257946083245
61.9676726180635 134.3596453317072 74.34192689284897
102.0820736305074 34.32127828547737 155.4162248984957
146.8115215180726 86.53094740786163 36.13949388602079
18.17049590854241 132.2784524727141 100.1553105589564
106.2700995771747 46.18507890276781 189.6043344299856
48.62818369628447 20.31699733735348 140.586196165676
136.1198861255727 160.845882520412 22.95059269668901
129.3750133861761 123.0798927281391 105.3218993320356
0.03719837237133468 124.7944670193401 87.49045710794672
179.2186578366958 143.1902618823121 13.99867461517359
90.29426310635687 15.81130088740441 184.1061757233581
80.8516458556726 114.7223715176198 110.4694827505974
6.34341224906052 88.0991357686506 67.60309567179605
41.93925304229576 101.4397390401245 70.25062453836856
86.76949924399206 75.77531448962785 41.79472212719939
167.0831424969073 41.86998243406066 199.9218573216643
5.245573610554978 30.28798822085494 143.0942820000333
1.063643342227331 126.7327834929285 106.2839420253262
194.6360416016859 73.30456097295669 123.4096195264079
148.9027564283289 148.60147219147 50.73949997794035
131.2430347996775 124.4139344541225 3.01211931765312
48.20112127183187 16.56892573649034 84.47212894176484
125.8291119110214 89.30476806568241 138.6758249656203
108.5208402115618 8.17842247549688 157.3228356487658
31.60734159229245 131.4082948589568 115.1070676474482
109.5084302984378 35.58758805512683 56.71803204811913
8.906802546619268 155.8411153096459 147.4547131081677
8.889794162422492 60.20216633493973 121.0988330563322
67.11108136476744 189.8718837490457 26.13162395706972
66.40662984763509 16.61341813597018 145.8998879417722
99.76019757734825 10.90567102887882 79.69681464695584
62.90737814865633 18.28710085915013 72.69182647578963
38.53922956102243 116.45287366979 165.5490150539798
195.4765513683329 147.4670084138276 188.3114870729213
33.99877570334044 99.73504680829883 17.14354015734726
108.8591594960519 35.14069161748767 118.8009825947409
105.3150800716689 48.62163237385633 106.006387369508
186.8350420105131 189.2882952873317 132.2777303938797
185.1124398690646 53.06355742482548 87.12512261031428
59.0143080483001 64.22416494268768 149.8321138859248
123.3938325920218 153.1903811087586 131.086952803385
127.4533473750755 56.58021771738097 147.3001365475922
170.4052885522709 102.3529919542572 127.9172557364095
105.3404944878307 125.1809460711195 50.14088567510534
94.76734033491364 22.53062217192358 57.88934341468229
0.7049636754327734 123.0965949254272 124.8489333131351
140.1433168821334 143.6433353287462 34.64685611315573
119.4779932039057 86.57123027533379 183.9545324981384
28.41343980460793 193.4278463677882 187.2316783594952
137.8784460656431 56.54793741844814 184.5559902080826
181.0297375840993 104.0630143159466 147.7746975723375
55.46117904354141 132.0840572710684 11.34369176361661
177.9167747543523 30.56001402921422 41.76382504524505
42.06039016971213 124.0872151201872 0.6431677535866545
30.2223321011146 37.05747396687316 12.96729701116317
179.6549588528314 150.3956854792112 178.3585169682128
47.96146667953679 165.8892382458755 48.78488136199973
98.72211668141965 191.7876358218876 44.78926950052429
197.1944987273263 129.9537727055798 181.359465214619
144.6220292029071 167.7858900572791 199.3197960912759
69.40827059051327 48.72553107153204 141.0446556348516
87.6705542015947 165.68733828508 95.15580445951295
48.4322049499595 5.445576657067557 69.16759019214814
104.0938777984076 157.1497210632812 168.2217477695762
121.2185864566196 56.51034191373492 169.1304696440565
193.7075974509833 24.31974035370566 26.69265887314424
28.64543165528678 151.2398986112449 93.06414210515607
69.86383067579781 124.9689241297956 93.4457791052392
116.4842125050609 66.10934818799413 193.3613529917618
167.7203116111345 13.78328850407828 85.62053961186673
88.33253385261798 105.3772691289522 62.88680604403286
58.65858619411788 6.945416799076591 39.57230500317005
121.170270349074 104.7871281701105 197.6382961948567
64.10422989200329 61.82313531557329 183.5365879692996
27.95402765027897 13.2623857830369 173.2674690824059
64.99894347386578 166.9018765558313 134.3593570546892
180.7563700003392 40.34097783033236 172.2168721258444
38.88028957252162 169.7300603633793 130.6390672325571
147.8762554643962 121.5357255778736 139.010526588228
21.71028374832611 37.00807846508904 66.44867027953761
14.53832565461904 77.97327504123508 31.64749494501611
72.35394114816604 185.7227099974666 73.5485226015432
152.2582885885104 196.2078738433231 25.19444727435253
159.1796893229321 139.9354785660506 123.6716519995581
54.00285918354709 166.7232932778651 71.60151248645859
81.69546945664558 122.9529077211836 44.21302487344671
120.3263894240027 12.39324484055573 70.19009926999662
141.0205747321315 176.7059352955288 168.6215057787191
196.6345149223286 97.29204206975614 49.25461510474399
184.195334850451 110.6548862440467 30.06027084781771
184.4140090342498 66.05226448325064 177.4136889863991
146.7478601592234 14.13336584695243 69.45178531205001
75.81322473394665 26.92841369355097 170.6080387792627
82.35325500253893 184.826231868372 143.2493304185565
42.98491849708984 123.9525516966123 67.49354302472932
145.9415335704471 21.92159176014614 25.47415218403928
136.3920747754202 165.4564340337326 145.0896124424401
91.87743997412873 174.5870009610757 184.1921052444241
67.22562278109812 67.06888457114889 49.39153548280862
179.4980275136783 6.01260724922622 145.7667317933148
25.55720852770882 16.238383956486 86.09665265956127
75.7479713241389 63.15863949488559 24.62081228360804
137.486197672813 141.3233751173012 172.1965229153758
83.77844304963018 31.15159803848383 140.6289391879488
61.44891846952277 168.3910485259124 16.81404030051824
81.00242245091802 93.39743781797182 118.2636365776551
101.6245097911243 130.0683681504756 28.28364435000902
95.40571257407984 175.6970495316853 60.46118820821501
2.18927139387215 42.46287975403463 9.371332871293191
118.3068524275863 188.2099286290109 55.92209716626135
107.0897691982497 69.5858834348651 73.56955064783612
55.79877512206305 181.1799505441261 93.72071246652307
186.6080845373812 50.44236277590149 32.26646056183048
103.6174799238287 101.5876435197143 177.484873613763
2.968939737517336 152.0445338760962 99.52034518336974
187.9968758141415 125.2539785605291 143.5404404207581
139.1269789254279 83.79059514703059 120.1272258660936
179.1897549028175 151.9955156319456 111.1893107780525
129.2188025723551 182.9553748018043 191.4931697800762
28.13518321036004 59.95692536487948 109.0560834453622
145.8602817909983 127.1115066509015 20.17510667417541
6.889901074145775 68.84337849985414 141.9970262559373
77.70989169881057 84.03538585347003 188.3493882125984
169.9048255516824 176.7746809611219 110.0651716132986
17.77901705880737 46.92450552855986 152.1321624531109
87.03130604750818 136.608389047303 155.8701884936911
101.8714951876265 20.61810400944846 21.53192016430202
30.84241196873569 86.92990140165412 84.11815350328611
108.0248205551451 105.1185180693242 22.11481919270622
131.9370841449492 32.06160597476602 56.77207067861811
40.9749101240941 140.9866282615933 133.4375178699363
110.9663514732583 89.11395917790911 120.6455547041018
111.2208035420615 81.47015300117681 33.61281907220583
138.3300366260248 98.33922682608387 178.5154700145978
47.39639661903983 195.3552215609279 174.9258320345521
4.026892253681845 82.43491262826957 7.752222508532437
10.00118390246812 79.60313780251555 107.9244827355486
135.2669852173443 13.94773710923505 141.8199799582775
63.37917183746411 85.70319326917743 30.96586231048397
77.33570197249161 32.63998545654856 112.6260304569917
183.7421020177987 187.5232771730278 183.5308059263978
53.88933747970231 145.2385700699759 56.12369923671879
115.6980657480386 1.137008040395146 32.9625326523819
19.24542520773142 170.3507649629636 161.529498141437
161.3850185314052 178.1245109361189 42.24583627410668
154.5377622282701 191.3496593615177 80.66055313331108
26.96517512406135 39.59582686022045 175.8709002306152
122.9142119845131 119.2397101777037 173.3239807314748
90.28623145369004 129.970081367218 124.3990449123158
126.6146085246823 181.3689706108682 104.361235654323
160.0864059308855 22.93329201120193 139.5686653685515
145.7561227128973 45.20015371980664 140.1605969095687
169.3277556069634 174.0007117415135 67.16981931868047
181.1766877294935 185.6178243596565 87.807200906159
43.71964468475472 48.99215137947093 194.5532966268166
34.73905312167408 35.28122694896966 102.0493907297123
109.0662359224179 179.6238598532945 139.246392634082
169.705421821218 48.74701090269849 52.59256131933121
49.66564295381061 139.1529939528197 103.7297217711408
196.4142837016163 89.18264632104287 155.3471782383284
123.94047221024 196.9219438031405 169.6122909566168
66.79332275251988 140.9504396872906 139.3454894458294
57.06164076772946 191.9776709432806 137.5050572604152
196.5402011641083 174.872612217378 146.8896549844875
32.41856282670905 54.12513222042443 83.57955435477322
91.69702421805694 71.91037866774674 129.6037283686189
64.2012268609668 107.2806841852138 74.56267191612451
55.7837269602944 89.8853809889771 56.45432990522222
133.0436490066861 104.9887524087388 153.4244684948317
132.9808991667707 73.58562403294478 69.66388165754613
174.632137237589 8.26752526083059 17.7766424834195
49.12483424985292 36.31949854101911 73.30934904912893
195.7091191100883 70.21610841140469 76.6876806638459
79.03222761412633 23.12980148660019 34.7047038867415
170.858922507936 82.32366219504033 154.1234580474208
171.0014813711884 18.6010583283621 59.7818229168407
69.17671612788786 188.6490475017078 188.4196219224759
191.4979979953337 7.019598793622686 76.12930787755245
112.9051950246108 188.231237026401 81.84168271150313
56.83404421947612 127.7714543845941 36.43744169278128
138.6732752930498 2.609035384543072 47.01224853111763
68.27934514774432 46.51509589997582 5.424532032484484
119.1280791617507 144.8845424406945 43.15372136254907
16.98854130001049 11.78988585686961 137.1466055378392
165.9435659722958 139.6336574965335 32.07213003997016
96.14082224970518 16.64726741825162 122.2352133337644
181.5463949843338 183.0963457792777 22.26285194846013
150.9541092436206 7.885589851297081 119.7764394871071
178.5551376821243 71.21490218389391 17.93742572137373
139.3367384162461 157.2797377816038 115.4499065399139
47.26292880438911 42.97995205384564 140.3836429629246
72.3948789967472 112.5613018248154 21.34887815380535
195.2437342379937 165.4954789521439 171.6284587057449
85.8928570831078 8.602788607070446 154.3658655155882
52.88031621123891 87.28112387543888 179.7287260366794
26.94329480330151 108.0865564341172 53.62051630574669
151.3454505257782 118.3868314541081 167.1035965534127
20.13031679200258 52.72477975776513 25.93585309367362
148.384648444248 126.2655386052663 46.71427392403005
45.04404733368712 194.351979794954 114.0249953199778
147.1660964607848 56.98148068405219 163.8415616776975
142.342214302305 143.6876726938684 198.1261227495273
132.6028230663797 180.5841590483053 33.60781684352835
174.7062443531884 131.5561083323346 165.5713000925723
51.40792211694563 87.35351764315519 149.1126856144764
166.8172264150748 91.437332560307 199.0171162773209
133.0080736889648 101.0844451340968 101.0251268903211
3.971205964859612 54.47183933001899 99.68853841797163
169.1257138410825 33.9638250877472 21.10878307253923
50.45933623319867 187.4377324971147 55.48921201526786
29.97298027660042 171.8413959130444 61.70715899912267
150.0380312709128 117.5249481186213 112.9163728607847
5.11975718920961 92.62654621842324 130.4698238828592
142.5633770265748 76.96536070012741 94.12184377006146
165.2753167712422 156.525001162803 194.824735736924
19.97808427006995 69.81588941436478 66.07844777038613
104.3305999691509 116.5879206744401 154.6368465496854
168.4715872794291 101.5585963056938 72.80869134876653
57.5991597891412 106.5981886068071 108.0664999016829
36.36059705915703 65.55339222202944 149.0750151763375
18.95158703647578 106.4806115389385 171.2428457436792
3.259464820905661 48.50593446550599 183.6061063138385
66.17196285712352 150.8095949949434 163.9184948519823
157.3792087099375 188.116741937349 186.0505144755234
185.7842692415493 26.55835507811729 130.0940435174362
163.3835306411627 135.3880243964805 97.92094901231012
127.2648178670858 37.80713423848382 191.7433533621698
109.8088629276639 95.8849785281989 75.14919929593859
164.0196638847204 80.57526488555328 128.5951760879486
125.2239114817144 120.3251888817386 35.3243265814204
130.4188479841788 0.872271145844411 10.95613736283227
168.8808643133889 169.1798798262006 171.5358840492561
6.978567921123053 0.2101364789403464 182.8034161541089
82.67966699843969 157.0802230323722 27.90014888918722
37.4318651983881 89.9959554900078 37.3612699085954
198.7816893707306 7.429612675328935 6.930840309122322
45.53736800816228 176.2533920012528 155.4350417503755
124.1273888109385 142.0896250208357 17.29176869859699
89.58799366832015 124.0005965680609 179.0196499552498
71.78220237011301 47.69368926360935 82.67885847780303
121.0191751153068 55.40040625454035 91.07547561176656
76.28042048004214 95.06593312461895 144.2648341435751
50.95316320607449 45.71638183772119 166.4642705861949
76.91118560162994 102.7346473533023 169.6061250003275
182.9984679013511 150.5196040854227 137.357786554292
36.35114321592944 0.7776318540668997 151.4690041916019
85.09081918485214 144.4870322198609 102.8624877373177
124.0176329840024 34.66476159707399 17.8444462427517
54.81228013732876 46.45230576732585 115.2351510650449
73.73464079685736 186.6504308337126 117.6332621412912
153.8288015033776 69.92000803661506 53.73697126072761
87.61441837172329 98.04207566849105 37.44463087311187
158.9945834150649 165.3011157762319 131.2802553262116
114.6547167313793 118.2106039873118 88.73766060340351
197.5079107158606 34.3221153980241 77.42516541910841
111.9648782290289 73.16755335662981 146.6083110441463
121.3484161516821 57.0706414394282 31.71436419669123
73.03304584722444 163.3537215279656 53.48577714519124
187.6550813173073 18.19417028036327 185.007756085905
199.1123212638374 141.08451469524 161.662235286834
90.40788682057828 61.7461270578622 194.9379248063812
22.6502848165079 88.93738535000656 151.7478602381829
8.969466668253075 187.8496802866117 127.4295651577814
180.5780470062826 116.6056913586376 107.2971428354013
178.9291419646395 125.0607509427584 79.12977001698638
181.0266269076817 159.2069931180695 85.76957906421985
193.7965611235307 113.2127621579207 166.4044722757651
27.44821001013898 78.6234802110807 127.8319689948997
159.1037717605461 170.1928766338002 16.65869035539021
186.7650540450076 171.9003358188369 46.56245491436376
115.9018067912207 199.0113658832797 122.5414728491501
110.8596883483631 102.9063277633318 49.17048206066647
116.4576957161194 81.01242016197214 96.03355085534692
194.8802144223337 103.9279456607419 79.83715568044488
178.3275580032027 133.5131185736706 193.4790647704531
0.03172232896083286 181.0939934835239 3.394771655590612
16.80302113903384 141.1464606735539 183.7589109562743
5.08294895968697 141.4197605573607 40.04241584216828
108.8649500003656 138.8689886370921 141.0481892568183
184.4584762168554 91.26285372312513 113.9508300235588
36.76787025294741 179.4791976180748 14.13721172197159
15.03521107710227 105.3798299970992 96.94983611631928
177.3153290593657 199.2756663226613 42.80270366975752
20.07959077694604 136.1126050931731 61.22444727524623
20.09309002386795 101.7257500251896 199.3063402770632
56.87652110497617 16.44440616836791 105.453410385323
133.5898144596817 79.48088180972715 160.5317790898587
158.814807797223 116.673087820574 199.570899910979
71.37428839790635 77.51532200593053 163.4744942094635
91.9599393572427 160.197285284029 144.8766145677072
15.75877164998392 104.374293713628 29.89861246073115
10.81152827579225 159.7441912787459 75.42284073879252
141.5261899034046 175.8789341221347 59.62855197714092
76.36782671601355 188.9532494213974 47.56781818533089
91.44687137500549 121.6221391116459 5.336482569623326
6.961880533118424 38.7285885501567 44.52107446675987
98.58632382648287 100.2174333269652 99.67188374288894
68.47440745723482 116.1343671219653 130.2525344468728
12.22052775936128 24.91360655841922 192.2529463738902
196.356232060474 15.49014610998553 51.51906410717518
12.96863782689463 67.76841086864927 167.7537256022201
169.5811349046833 5.591017580474244 170.3242412106442
181.2765593910075 92.341866351731 176.8487465696136
170.7212724912251 38.66967153515192 77.06951153641201
41.26813547586953 155.652347222165 171.5216189999985
39.39180816516942 158.8341309674759 197.7492381322185
124.7769790147798 34.54433932670528 154.7592633562321
121.5323453821329 142.5387640604053 96.64573788597527
100.0278232424778 187.8320337745289 162.7493160120229
51.70766796419746 18.98897671211943 163.0419840814024
159.2847479482691 93.67394447862758 106.0657943088831
74.39093059133383 90.92084322173196 92.73577490965364
177.0902871687028 4.009283787925357 118.0014518403676
15.10554500327344 10.29721882083583 33.54868388127151
157.2735134062545 77.9769791706388 176.4403447617861
2.495498972218331 162.4036119285546 123.9425806495261
94.23193313415425 144.8757106262522 52.20229886354493
138.0176753334344 189.0574011185092 133.1824378330916
122.7903360297603 157.6602699453385 186.980095220402
