3 1024 9.46812953652133 0.6535 1.4 3 1 200 200 200
81.38518073918928 14.71610433808351 99.27365825751468
192.6134579736495 2.130462491786391 165.1154691141674
118.0247146570561 18.93447635114404 169.6553538630693
154.4482990807421 123.3806340455481 80.79768460032194
22.92124407984389 154.2363018558103 130.4009160125089
95.05914537670127 95.99501143626395 157.3112411240353
38.65140055743535 86.65084187670503 199.0724021215518
9.895186216025987 86.71533261422496 180.1897128048544
49.95224459535574 110.804573631813 50.35584112384303
194.8173403966533 1.091479019241453 28.4591102635776
49.85139504126089 123.7091272028582 145.5116959711149
108.4115421789792 56.14101762760033 131.9557567809871
119.9206454555431 52.38570246973703 117.3972467963321
136.3915399353187 40.20371279538877 36.11356431987923
79.2242001452525 63.98588654710895 147.106538735311
172.7247742563116 67.20142966408987 39.60107412006293
70.57589582285685 165.1103620876131 86.79737573958761
22.52086530218081 98.08481918845824 116.9600471203054
66.14576814951285 147.0147522313814 90.1755226329424
128.9959417581461 95.46890348024914 37.25040819734522
134.1052596535932 110.4286395558519 53.71421568576021
167.4543608142653 117.424428031914 149.8881645669778
55.02565960308361 173.8526526765305 115.046913412794
180.1666087859381 153.6176788409539 159.5417742312706
100.1119581457981 170.1860554761442 20.41153358320145
33.90852216606819 134.1863767243444 170.5765552834632
28.00565282063819 117.7757200353907 15.90919537164257
84.59560809513975 152.3030566634791 178.5115890204894
109.9122279297779 179.3549745200407 36.12674214180633
0.3374334768330348 63.22101902034728 19.2707768506271
30.28255676675007 100.5783470799917 134.0413874816023
187.4589483838751 133.1675728407487 28.43400225979726
178.1584747508412 88.28914101679428 33.05132977448551
92.25068535564054 2.112791556871686 12.21643731481235
47.87790472489237 69.98009972484007 37.71643391922856
101.0161018463347 81.50310914362144 187.8888196497473
111.8668127763731 18.45743721589518 49.04064616476999
146.61795119103 191.0399785738812 101.8225066217267
94.72048815690462 80.3489585558729 89.21568023658307
22.93523382531513 163.0873845336547 182.5558683011894
98.21608572159262 91.30876126078957 139.2436446025849
14.91509990554422 188.8419364948986 63.99350462170535
98.63039578220685 160.9690833351141 109.8109707701327
160.9164586590925 103.0131193467237 180.4383985479244
25.55505767378406 191.1495794094661 168.7457198753764
86.44764031964502 44.36805174738636 31.44759173293597
67.47376602233668 105.1956890212815 44.53268488872374
84.09711207738229 6.710892676117212 59.29102243199356
139.098138039128 37.53940345419136 172.4049866433226
102.8919213690769 67.3077716004381 49.15791589312911
59.49410508853725 11.98897523957448 127.5800025276695
17.96588586873819 131.1722484776695 129.4525392109325
169.3028814143899 120.8935440525692 131.20987195837
46.40154995532384 29.9617214505766 182.3923890856251
190.9866262196717 124.8751413718829 11.78776365189476
23.94521897799862 1.605880346597015 117.2277503507814
93.02090062651627 196.1879791157085 90.28127323705594
12.4689709601317 199.2645523910585 79.60521939486085
197.1956136258046 41.20483209051392 116.6539783965153
125.0480360015032 32.80229051624388 79.20504926908438
68.05510168722631 172.2372499676265 155.9918130715035
16.94462094886868 179.1715603054645 42.91165983825422
156.8605782310935 193.7260503219607 57.98435065586492
142.6590484588357 39.00111227604862 76.0534029645807
70.83190552389287 7.869541252255347 20.3124210874302
22.71811486894265 75.99752916062029 196.2133759008526
138.6781724847429 50.71497933469298 119.3531694207035
167.5922242043195 135.4973123497705 144.3116306851134
15.86737765128306 41.07515630530508 113.5427157248001
189.375270562231 151.9925288148748 27.39960837264405
73.90064946970413 136.9213091524563 6.720835588953483
163.0902714622239 33.3814425934678 119.6141433480278
105.9906211193774 166.6751277394159 78.4543198212257
36.1446279288968 100.6685958405677 103.9432230287193
183.8858363012449 25.24022802626778 6.279399608149504
135.1065445626328 139.1071302529139 59.95867991373859
165.0845696312368 139.7048347544716 54.73851999258216
192.2628209451979 55.33518364045799 128.2483100421609
165.235236209794 89.68562808410883 53.42580038306825
134.551185259085 181.1779261398799 83.21236652402952
188.054483317193 35.97771889483533 56.93493452352561
112.6453629157002 139.5789821073326 64.1769250799663
155.2428502185232 62.56191147532994 193.3435727415211
173.5198385308974 3.980046190344301 195.8938621272766
181.3961583761946 80.4520330398739 49.96541572814028
140.7164675417323 122.7816697276759 67.73316354818151
96.69224633453938 131.1561816306015 69.90304191825366
189.8869332813905 125.8034812296781 46.05781971310135
118.1761806616634 163.6111041315641 28.77956019572115
70.66714527217265 151.351537205965 72.3075085598097
85.29052771472142 0.2994997572901856 29.90781185721878
139.0668123371669 150.4432548598026 74.5947836141594
109.5941237119063 50.88867001247501 150.110487414669
110.3010668701453 156.3293131174691 6.031872853894309
75.78313142713766 193.1891432624543 9.437718422645107
186.7249219856796 51.7001645459378 67.40293560339559
50.1328877489461 158.4207114884561 92.01250072148316
55.13780593626205 99.89675613042046 14.48668551252698
34.45955874620498 70.35378554994855 24.36645550156808
33.71314887393982 87.37663733860055 61.09490071538968
79.36948068101107 52.62994232418831 61.98254452186063
8.53860605773381 86.50205951973555 86.33342240612104
167.8882713754562 157.6830831777679 49.52602572859821
3.214285560507892 193.9859875567157 49.15379489940422
99.18158596525441 49.55921918516243 171.8335573751764
33.32963752027636 151.4391155746391 70.85395413248087
107.6897774678847 189.8200785394821 188.7297968545163
49.74939795556191 68.28267126792592 112.3034808559925
64.09966533384242 37.84043572555721 26.08842121390446
135.9954750813563 16.3595266452887 164.3255846534368
181.5197570661971 155.3797720767818 62.46157179581927
32.0741201618215 141.5112872868407 10.40946629312464
146.4339100696029 185.6163162216973 5.818181790698988
29.84026519751872 129.991722242255 84.94188846110711
130.8508622064844 121.8132407408391 124.0569101294209
50.30320232786769 77.93835686273988 128.5813242845061
172.5940693846086 61.23791595575802 75.62737877253596
79.70219885585036 133.9617124083709 24.4998900239884
37.05495978784437 170.9403353996732 85.75972558265981
59.81177301023569 156.4922917845535 36.07865328890304
37.19283169813599 5.388685647495802 32.19980545223805
39.53151749687642 168.6174865375895 105.2792944282816
72.18602042297169 143.3419365532451 42.47559319733772
89.83630957736963 20.96523190613477 2.333076529252389
120.3627194402356 197.5331200116455 147.1351176591909
102.5683939877302 154.4283188459389 92.48388701938296
185.5168336550955 20.56425542225384 162.4915281969098
192.1390190938753 188.4990595723557 111.716994926315
32.65672757329217 82.16726168493508 105.9245214442059
141.0512096794335 194.8777688673906 154.7660052197954
114.5974164764915 159.4228802375378 147.90878642399
167.4455223793217 26.04937333576321 160.781037471436
140.9947186635032 123.3535973057071 186.9401128837031
34.17863108744119 60.57840874890215 171.0440449635543
1.221610651199429 102.8317320716292 184.9876497721178
156.8537211824041 106.6531790267183 53.84008639293
78.30477539437649 183.4962147707849 168.1029033479432
126.0392317464198 163.6631764906749 89.99564564385913
92.97590907409862 81.91922422483114 5.010817403205801
25.02378731886109 163.1850691311716 36.09971202909815
46.98206083970082 150.7705421054719 17.50116445437323
38.35921616377017 53.70888159463265 39.49006873201662
84.74712969699898 61.76772610086568 172.9102631514779
92.5839256961128 51.05002497124709 14.83203569247187
41.51423507318556 60.54075930766633 127.491534844175
127.3714929553438 19.89645674598096 38.27091593746583
142.9094338208519 100.8767139230479 3.31258549565166
178.5205862636461 44.14614914023947 117.5467763684672
100.2306241912398 63.33953581783252 95.43438033980829
179.018440927653 54.16017213449419 146.6617247642619
24.3288918257213 177.0413726527856 195.2716595156407
64.48069195829103 34.43497097802682 152.4350619075146
64.38564831285495 144.7817476444046 21.92139293120594
75.33891631479696 4.461645891320236 134.7084943703107
22.5768338245721 127.1446315007055 36.47793745996128
103.1413387126048 8.218321893365802 197.980323413035
88.37161470647565 39.33752675717606 198.0130946845259
149.2345913352098 39.5527856024345 108.2872839146687
12.99400735885938 138.3507682502186 82.76000004618662
30.58496059238062 69.92156221143131 45.43014422499707
100.3147767770595 154.0272927237191 190.1122652890537
179.8002872291738 110.8225228110001 5.804895172030767
32.26899132521973 185.0620285072386 97.42397576481827
146.212800658855 159.6575822365439 182.5013657273978
164.6265008677535 196.6620393978162 100.3177240394235
126.2006898597921 132.3468732647966 75.23882525094993
91.21721969975093 176.4600597116662 35.90347702624919
132.3996363489772 108.8221420183963 16.90860598877419
127.9684762855511 55.33337275254176 10.0813246219987
7.584367667535727 119.1851396974412 44.85876927692133
17.86668777018206 102.0072954469565 73.39995659148882
19.4520560506725 171.9019503137793 92.65696747834259
197.0945460350854 92.03316620490183 27.20046500511243
169.4214347359808 61.21088114932787 161.3703282664924
113.6705515033335 123.5057518296513 10.06354634788257
91.53415014204924 173.9973410206824 125.641268628722
97.33491436098559 85.45897532375214 53.88693879392399
62.84663700111132 39.04466437858954 184.6939276584767
120.7179816271659 72.12876892765146 14.97201283200397
104.6350891639312 42.44560373709965 26.62459145840153
106.854965954463 138.6973204391639 181.1305481542867
148.2259303446189 9.112519412808815 96.42539705664531
162.3317105578709 171.8243409371474 89.30851962118842
106.7283916965893 172.334459153722 97.02146117204774
185.1747955638536 40.06106028994396 194.5774369593284
59.68767798465593 1.360931194655532 83.77800818467422
76.91333237838812 7.951970341508718 197.6405665800701
99.21460259704291 20.47531148353422 168.3318222413162
1.995292067538423 133.6639134187766 199.1330290208183
128.1412712653149 94.09480768783743 61.15840759778193
128.5507182457546 103.1459208135951 126.1923142957573
86.21577441802503 43.67678374000209 159.3553541576368
164.9890143487084 190.8412309980156 7.223428265840533
34.59920519656512 13.01823825878306 106.5455125923578
22.31144270040373 112.0430669138265 149.357602623792
83.77848653608514 105.6601139960337 191.1694122237321
162.2643460959984 97.92335516108602 36.63807023114589
118.3529902600803 18.30231205255607 3.009468702372738
25.62014181444 21.46175907569967 50.42711003705297
10.27294011560366 17.64074574387556 69.28632994571686
164.0855769146161 153.3429763470191 149.5604846650789
169.4990253925351 144.7027079913158 72.45630767606026
17.39815514306906 127.9600741175464 163.7181510468034
3.697284376682523 141.3437913081376 136.6272920231775
110.0556082316607 158.1226838906399 61.40200630477718
115.2861675719719 110.9474473639771 110.5898566476149
145.6646492821082 50.91339635637882 4.997059106992695
28.39457418989157 10.01483033727697 196.8724526474308
34.06644953334644 152.08447195847 115.1376819911701
47.06360154967867 102.2017583340271 88.5537633447201
143.5464482472078 64.47905419013942 18.03316471511395
191.4257015494456 170.4586401434626 106.020249590573
188.4849562928316 4.275385179463439 98.46672702908769
89.84318709923915 199.5966393124896 108.6266021825079
118.2566607559546 25.5803695981643 132.2906639610988
110.3204005845346 106.6805690063157 135.2505770811439
6.627353673143663 173.081505191891 57.57011832776548
76.89839502574132 116.5405179329776 151.7199725566544
21.49437585591412 44.87405899211123 197.8691736033481
57.42521930511228 188.9048718594408 7.648742843080642
137.1988029295969 117.2252542178203 85.58370207844031
27.24959034802204 31.78848679016318 138.4205413296601
187.2483438693075 135.7741107867779 97.43892408194334
59.17537157909162 30.70239568431334 42.97552341785183
42.07125003574463 197.4670218443982 0.6174450478345453
199.9643585901046 108.2908892344138 113.5272362622932
166.372741412125 104.5117967866918 17.55872270148309
17.3598290660181 195.7009917044971 2.513480737565595
7.553358814695534 26.28623034174421 121.9845259588189
132.6301834615568 2.897320056043279 107.054594616134
59.14234980254633 152.1885420769801 185.2755239783856
91.13196054448312 80.12675534859775 23.74089276883059
78.46514041982897 182.596474318541 95.1130312092827
17.34001051613688 188.9118472538196 148.1561916546891
42.66236223881325 199.9054146045217 91.93725776945236
4.182946193546498 14.36803958031186 93.40060368695048
23.11136178911623 59.82611932952194 186.3831212278002
98.27666944658067 51.97737817625113 62.08111315033162
151.2934439364385 86.895521959199 71.72115435495273
131.6238387263056 17.29629822145035 182.725036978373
102.3890182699978 67.63763449060909 13.34862702744543
70.78451130118376 45.62919872603695 41.9987392490474
127.2439494247071 145.5692629624004 152.2554454859446
62.98792559642702 190.1953981461303 159.2483143624873
180.0481249367952 161.8754375264354 13.59206817590081
92.4530162457003 179.2180955706924 107.4024078843129
116.7071590179443 178.7973069005446 17.41642706150598
48.74829968975813 188.283140234476 31.39120131553158
157.7563179807637 73.04232006725795 8.908542615964146
135.815731659899 38.49543572131416 94.69180966332608
106.1595795916917 159.7083841151278 127.1366605878202
42.96982196477205 70.83140419561666 94.8122172643298
145.7999262064523 2.460513867402483 172.6431675460916
99.38847877354904 99.08540613992642 199.6318979698709
163.7009298800934 44.48239741198805 154.347444498799
133.2888230980281 94.15118302123564 79.37086375870487
71.65154054875489 20.64161826804042 56.23774443323234
34.77779535720187 176.7058647703277 176.8442134632675
24.60720231930257 184.7380925404027 79.73378558173421
141.9684841796899 57.08812620323977 82.37637122644755
53.81590268716316 173.8672023317655 176.7990623243486
6.591966714733365 112.738413020535 62.62541104973914
129.6883226954076 16.48093811653015 119.913991691195
108.7316743593314 66.67296423485838 112.0197866716912
123.5102673753145 170.3531674754286 72.28924828334895
145.7691351964949 84.1683165904647 194.901744840185
105.7607236329304 138.8212637991905 0.2496934906697414
35.71240824436192 178.1336061093523 40.63630277390731
128.8585971676946 66.9417539998912 109.1698565549805
195.9630044427977 6.364013524150567 129.9598514751882
80.51692767945849 165.5476180716823 112.7738655067592
150.7485449337608 21.77033896928929 48.20238668567286
110.1337836129115 49.36353340947312 7.940163783511645
50.71757466641041 68.55426195454744 166.4868053557016
54.70909326323187 107.8161197826127 169.7285064262917
108.6258310292323 116.7937934917984 66.84883991812008
198.2298315138785 140.4455719364609 118.5213368880035
188.9704422316327 96.311164493924 197.839088419541
63.38030076372624 71.20449632216557 99.49017207180992
15.84914275892875 165.1973761736673 7.358462598299498
85.80237381493147 162.1363951846879 75.93975815479963
108.7991846593391 193.3696974732713 8.271900925719899
187.7564465394333 114.5499899773707 61.12844302825123
126.4176593466018 159.8142072939969 164.6905454040254
153.9705700455345 66.10468497305393 110.5632585238184
31.90576680641613 42.67057583128955 123.6445704171751
192.5996850275807 60.69837316717582 199.6888330724354
123.3239246046875 135.0439091776957 189.7075917670607
198.9823045894424 129.4561576002849 67.19633910223919
66.85869790275071 38.71153923113481 59.17422007254443
132.4087374959181 79.77716662571038 47.28323870452886
44.58261932464159 180.5047669290864 192.5891266792048
146.8179662406613 26.42794849687708 189.380692782398
182.5413903876669 70.37426963432249 137.5436617497631
146.6125440267255 166.9583434117556 79.94797683665759
69.89051642247868 78.04976844443762 130.8032359873399
17.8241173335995 170.5548613639153 138.7612211356585
152.6173858362675 20.46774577237989 172.3878869489011
64.04765954649191 14.03144349580683 185.1555915469798
45.15745871361568 70.951641793991 75.35319361738605
47.57508659756642 121.1044045171025 89.53819726847263
138.2407248429404 67.58484703032715 199.9812922225941
141.8475108034347 137.3213578030521 105.1505357630087
71.12221293930295 83.34616225102261 71.81382539616463
35.18509997540085 79.24182432567829 168.0766186244187
191.7168461511866 170.006631452003 68.82125256103325
151.1535060754086 72.81550704390446 148.0181892252347
152.0908536290276 10.15140024406708 156.5301395869524
54.01150384918658 55.45590454777896 94.72877810003141
56.23971305234669 36.66265807942777 95.11702318820001
96.62885050254296 10.31304630971748 41.29447755986502
147.1569814737229 29.91368651565976 156.9168426805805
4.745940114979669 2.550711183772218 110.2673362363928
26.43920781328015 83.40229848774682 13.23190503419968
193.7102656361037 117.2363711572232 194.6827904539163
42.46269457041833 15.87168900880357 8.106173660374568
106.4851568879035 127.4552405807696 107.6681317909224
27.70990049133153 24.39973320264356 120.9955710495012
75.65398207441058 155.7203296073874 194.8394199571974
192.3373754205736 74.40256403349744 35.74759396615158
89.07104047721378 29.00726438204669 87.44456306155303
59.45509139770834 168.8964589328259 194.1790075102488
162.6812416186569 60.46188156409306 139.4742094794184
87.29475679683638 140.8187653112914 193.9163217378344
16.2159567127123 17.3928683769356 107.6902656838824
102.8718552192209 4.544148238845628 58.20498011903476
55.17238711442147 26.35199995945929 198.7752953264363
52.43204513844111 21.60525779520779 23.14727207724776
70.35362185761203 25.8315169905181 88.6438887587765
61.55815193452559 82.95827535664228 114.2173693170855
98.07261538383636 29.84436784329593 104.0853077604246
73.37804793668364 53.6662307006468 104.6390234145027
32.76522508038509 120.0103244519274 135.7311004449637
199.8452139500215 185.9229027881001 75.04831938248374
117.5407283868782 160.8956797202461 109.3528931186497
79.59643484583644 123.608096639171 72.89169357693774
114.1126741337736 137.1245943355191 162.9713921139777
140.3970718181699 2.585802855266458 190.7883836265176
21.91848140828427 148.067428019283 162.5407906997975
28.4952674053721 192.0574274830035 51.21025261928177
167.5936888971866 40.19893859390123 102.5328587968644
169.4161850964969 78.23319983491319 67.91054950486999
46.79663836800221 69.94578978543298 2.696629539081312
156.9420458789468 133.0788297424842 183.8499274392771
176.0234675690557 62.46597776387553 121.6236070743527
40.69319411630375 107.5143949268683 149.0376524153122
16.3835551418987 5.84477648404263 55.82503372782572
46.75462311272132 116.4802562793722 18.12014368746385
156.5662848253462 172.3993489789937 152.5621997145044
158.6335893496177 22.85968680770468 104.5338615731542
45.90256868535334 69.21307036710458 56.52598979867051
10.63194542791103 53.10977032382474 78.03426470269956
52.9702550026576 105.7035377609891 32.37582668317323
99.63518295086031 149.2849651931067 74.49997529682283
157.3632296029898 10.72142765971352 188.6898949919937
31.66444231359156 111.3244922053931 82.40568645436672
70.45289062450192 199.2558672090195 99.20780725025479
90.21611527560722 195.027713171188 193.8287557859253
68.79225344213857 5.331348979784001 169.025874385797
38.27768218214203 104.6552818626843 182.5956112982884
176.6691008524919 56.78198981385295 103.5735848526029
194.4456278556093 141.6559462802492 80.94224188047986
11.27398113572302 119.6759025250736 188.0409266286941
132.7918660268134 127.6390207280063 154.7428386623575
155.9199639521579 0.6360247635099053 140.6237077103524
158.895827981397 153.6077926087859 85.36303744060109
154.3968956324609 52.07942140093198 69.00785834334424
110.8543153613668 86.97347096319636 8.593083207531034
105.6446832599995 144.4751228034964 115.9099223901812
166.4958430275718 26.77746233948752 183.6097432842847
92.68606716869358 51.8677447043141 141.5930514611888
179.8855521954061 35.57476912327779 150.1555446532875
120.5110374138445 177.2935369474793 158.7153065484753
158.064066696561 38.570751140529 171.4338684094039
38.20776700751537 10.39593220183365 128.2214024499816
4.166696984603389 70.72053475399711 188.5428116138796
15.3298434778543 120.2803193988719 77.63007869543409
88.81743712611792 152.3566970089438 123.5196672042723
183.0092174725893 136.6241612007384 59.99013880431177
186.7363058762725 163.9097145776036 192.5127720802738
141.5209772425468 55.33006973196861 101.2157667699361
60.22383454737648 149.7343941783621 4.020036924331406
112.3767935582527 36.28670480300727 174.6839316590235
39.70782748711336 7.281138164534581 52.01040157672499
172.6262683999254 197.2175545547744 67.92961052103486
177.5812519756245 72.22056373198167 90.22019670702338
120.9875564573921 69.0912708661897 126.2443794850195
72.27538804954038 123.52771665309 193.4353940713804
65.57477404642181 69.04424140286841 4.94434930364874
73.65562969978852 27.21385898765963 194.7662531285904
26.81496807574479 181.0016061569385 115.092776662843
90.02423457616928 84.26768916114916 71.30760783655711
17.29304546625075 133.1195382846303 18.75569773967912
148.0826085144362 178.3048523479451 115.7525735023442
149.736548155245 157.0737935222723 161.3248830799073
109.0622614367367 122.6622275827818 190.932663559258
9.196729734073122 44.59999225415083 130.9025712968183
88.12171381091825 97.41601171675147 14.74419422491928
37.37582114173323 132.5666232093678 46.9737518356572
197.8498246449448 104.1024650189819 12.63469599865024
167.4310102681002 103.4734721509075 162.665970153835
29.734514307086 158.5350465955024 18.35882433909322
16.92059535584906 69.67336576769212 88.52461135849008
98.76575833933479 62.61487870920428 31.27821983817965
34.32688134651772 31.86099874140454 155.9797672053812
88.68227388312768 44.97677484132399 97.66432882345381
115.6019414320795 80.91656211427754 55.92303776000371
11.67961940765763 154.545501917695 22.441905783894
30.84708072213093 191.3190127811289 131.5471828044626
105.2596749916871 31.95234672657449 2.320672165915408
1.112126220465068 183.5498522209076 33.49382913567752
171.5096797297339 123.9223593547267 16.66655371615911
135.8885101892544 160.0243129789601 42.70180236701467
122.6714885583976 125.0940356790713 57.24883758284292
103.9080358838288 20.21482581040101 143.4191107922774
3.956204710938526 61.07792118861524 42.52828486151212
98.40106060517574 108.7037563961042 120.6769193133255
144.6991233023974 104.2801971749586 68.1608283620013
38.62825933922021 138.2120091812395 188.4678674839057
94.10635766038193 192.7573803771715 125.7597519439266
102.5395066286725 67.95597196085927 174.7647609216289
0.4266925789055116 174.0200851880559 89.75788924038328
78.21366906004006 86.41458086954192 54.53454072837629
181.6590282192156 187.5171780827317 158.9430238552075
128.9007377079391 156.9863245288843 60.02409104447527
151.7095782263051 33.04546798361498 6.558164714938173
16.83625982580046 119.9814046746052 114.2409919996933
198.8107040252917 33.92435767036278 159.9940501657773
194.4663883031754 18.44516825957391 110.7674186099908
145.0291330141483 105.3529772232816 39.11208168720601
87.26070867976877 69.66990512214458 59.57538786494563
75.2831919236303 69.91974340995503 114.1573627638448
71.02077387809605 166.3990895807059 179.3989729938531
75.31716822814781 83.84774106327608 11.5784703092779
45.7512547204063 12.53605867752396 189.7605421103604
14.43628366402232 146.4040634714374 5.569314407699401
39.8474809997602 35.95477375429628 52.85146854882406
0.9314258806070045 15.03628552661382 152.9908850191662
70.50745936537702 150.7389740214302 118.9727388595368
32.34474981828958 119.8269750490469 100.7108627272974
74.58857370537369 137.0432420853698 60.54186701583402
92.04057451576213 83.23294090470763 170.9567447679066
100.8804588367416 136.1016621289934 88.03348022728541
1.314916704014313 75.66431205382781 54.30076843467676
102.643678826113 161.8156752832619 39.48398922823177
15.24299626294855 156.7406466957307 53.43277724318887
91.71817834586032 143.2981873384817 12.17407503011461
19.54227557255692 198.9910357255667 99.00003406874991
155.4993199018789 37.57686631490569 38.93323314714877
59.59349286353367 108.596195387726 151.4498646207672
150.2677684196343 149.2278270733742 18.67341813554346
16.93344263085385 144.0428120643693 115.611250660876
16.57585672566029 38.85883664625837 89.22525925185334
8.328751815834547 178.9803184341282 106.2358651679018
81.40770254118863 178.4171736649334 19.84463413875037
3.157460326718784 186.0906911300851 165.5638250038779
104.8682519791135 38.13935265744675 136.9342064156598
12.23040150347326 2.022435984361871 160.8278346243709
47.9958653548008 139.2252373130322 156.2069863494115
134.824457357146 194.8614358260918 70.12947855976341
117.6330160303786 5.323757493193176 95.7810723073537
30.39304796169407 1.488562539249726 14.96770819769136
128.1871665313275 83.52191366255528 1.834322981908709
56.78628375314334 134.9400108722101 192.7254332469419
6.138367013408377 162.8513304311705 191.2762142368653
64.12932431102507 161.0730040735382 104.451874257982
18.80499742236173 16.16162175090368 11.98777424482269
16.04932792544463 175.2945091300667 24.0587852964807
68.45886471066314 132.4350352664985 114.6384721078492
57.35281378322408 85.83384969363426 1.930067699449779
170.274693365013 42.58199781442401 134.5171784795684
123.3249659233186 138.421401975466 118.9552474202369
34.03874045629455 28.3699638531714 196.6444436752599
198.5925184842623 147.3322003451537 60.96635545974343
20.35041415525497 164.0092420866028 109.8411244906359
151.7723984191582 100.9925838257717 128.2179853151681
59.62269611603791 94.47060402828224 129.118193906129
155.3695874457108 156.3172873755316 66.96731259681714
31.84556609092555 157.2391037424717 148.044488763372
94.76858402310256 33.67003159471579 181.1326578647144
16.82578197761544 24.68398160342425 156.8494757894912
188.6631035818399 108.0987474494918 128.7183007779212
41.55741222079084 21.97414026574933 40.22053492492644
11.47067299025128 178.1100297272747 181.4137623587184
180.7227453321932 50.13920139231786 9.97683151248426
163.2705079176572 111.4189484312054 92.51863220040146
63.37605399074187 122.0992547534386 57.48327028530888
99.36698675334409 30.75525815779917 41.71446381436452
109.7788428242399 21.70564456394752 186.4738247452543
47.20400232044881 108.5910753055551 131.2953026778059
65.39666529405991 3.471499446901099 61.17446054982916
108.3257379201589 175.5652739238448 117.0320147419941
6.27245812210784 164.161084555938 38.51488046625447
71.98134936021268 138.6480956348071 182.0589133966426
175.3443365499369 176.097324250797 1.442340020520397
141.1893562983393 135.7201532417604 86.30171452600588
146.6314277727663 145.4118875200878 141.8934816128175
54.16512216266857 67.7990471333148 19.99675488098523
4.030392187263871 54.7898465740292 60.37797215378709
176.7745926771731 25.15317214812957 109.4417368156874
91.93100268835823 121.9558709381305 96.88241971763995
29.85709821181005 121.5430155938215 184.0654221488226
93.01451708364033 195.1904267959482 71.38138206265157
52.47201144137837 135.9882628795662 174.3178578376312
156.3422738992752 71.1190254307991 30.95091294963988
5.428026696730234 19.72525973781351 171.1346270003358
164.4748009098851 55.09778708314169 178.5929543621656
33.42170499719802 152.8850119412758 49.89104855833999
42.90482295090695 93.82221855246942 120.2513494405909
15.46364258016915 30.75011685601529 23.58301205829587
71.14367056443402 54.8891782767117 161.6779881124473
53.41575596931017 48.96159183946995 50.64738492980472
49.33305445189858 119.9571310073962 183.8836443767267
75.50334891787107 9.194520252415289 116.3965009934777
30.5137842045931 61.82019788846359 7.929534232041572
173.6984096352853 62.58795443455161 197.5625558343703
102.4759047568881 1.431169206156403 140.6304284904226
91.99331971894534 161.1547039154846 5.882316301676172
58.63781155305669 7.094011446175239 2.52366884511038
153.5969584552726 44.60585938036707 90.57215727138014
129.908413019685 51.12071970530137 69.0607854158682
159.4493580435231 190.7082760311863 156.3476033536232
144.0252724957198 57.52423675102288 35.63794377185556
36.05054732302061 19.38781821372071 66.08953185650159
116.0517253246559 56.39544052138629 57.29184995161449
182.4173303820656 93.48139509765718 15.36203406389091
34.20182134930304 112.9291599378207 118.2376240419637
38.76408707630091 97.58581447069547 165.0426646054613
15.77512886895218 112.4936775758669 131.5971456328149
127.87105224784 35.22610827200099 118.1366788937725
162.0828132629381 138.3497544583474 8.649889070279576
188.5266623203217 190.141107005499 60.47018990677093
155.4794949521176 69.20655549171678 77.00114719750758
171.1228381462212 123.5149328964384 46.99866925319529
134.4605552266261 74.87699179932615 182.9227713039225
190.8162912056555 85.49132228144251 92.91398847988576
17.10601892204827 87.90458795646445 52.02384819166352
52.21254066502986 155.5991466317617 119.2218266504675
23.17085350220071 53.34970534972596 50.78994844419021
70.08072721895617 99.82319475672111 2.865670631483126
198.177934396092 167.786533770238 21.8002443804887
133.1088962912537 76.10789883766184 28.72340174450662
126.9902102174071 110.2271086212237 71.25589001727414
181.4730242607666 132.8588270160282 123.0144375518743
77.80844888675954 173.0911151691087 2.040425116704972
95.83062190305297 61.5433372119603 157.5622334392648
183.6808437827352 148.2417759741004 45.0581139267245
112.8086345030478 22.41927124770395 89.25225450183609
10.17771280498914 193.0260119756659 19.83776302977025
113.2520278314853 175.6933824154387 176.8436064099726
175.3759498515966 105.3370855974425 50.15903706720854
148.8360191881551 44.22278660834261 22.42185199885884
81.78877550427934 67.42586634370201 77.55998936241318
104.2554070516133 151.9620915495112 23.41258226389098
104.3910153166201 48.8031440727662 44.45213242996891
134.3761852990083 72.1921106302496 139.2599526759438
120.1475981312396 3.914377574653101 190.8507092297388
165.8840932397922 21.45025574492249 1.761484943161165
154.7712559367135 139.0702387547431 157.7657747826944
28.35523812584618 35.31296397027183 37.81636064427637
50.28378852477918 2.389961181948476 18.85334022827389
32.88892345860631 21.5949921208832 23.40398775113843
162.5241781866273 55.08298813148129 12.5433755333884
185.6371376137142 87.92873714628256 66.81283680338728
3.396370270342351 123.0972682629908 26.8168154113734
78.16874542779949 5.458832736388408 83.07393825574373
37.37530330596894 131.2222394664309 25.39167610179549
54.06474489950406 87.22764276174307 79.0613298246918
50.73856054717919 156.0089781164221 147.8848671884491
49.64631479818303 124.2638774237726 120.9617560566647
3.69566395132373 31.99408521446196 101.2898435943979
162.3825631761436 116.2445261258503 31.86600953623922
159.9319841735202 100.6660623959526 145.2995559425057
122.6884546675644 43.89660672402533 134.1464879647438
186.5986711027348 40.12560242557465 100.8986097119652
162.8024399173637 53.32955591755663 31.39351240761488
127.1537356382564 166.7187260414399 7.242572283290609
42.83098245031678 188.796513990117 76.60333231183824
106.1102595424675 191.6147301154133 103.1708862181385
38.55191731373569 52.5843776288975 61.80598154828687
104.1590006404554 4.725749824518379 177.6031090210238
83.92035400972719 140.4736603757236 80.30628357966468
28.50370478352637 88.45808395637765 183.1910447749745
56.57349638555988 53.93892659541757 32.65601496647565
46.42629033052896 26.57786292409218 122.8255989270215
85.27946580803528 199.2023670296411 176.0325906754529
38.01021795189718 71.5062420886547 186.0073293658868
10.44050111843889 126.4472165685941 146.1738673287257
142.6659562522453 83.26318363621137 14.02902693012526
46.0102851657787 38.26116430601387 31.65914540398549
145.0239736918882 29.57858728227129 123.8205132570587
131.9295138824459 18.15370243767736 89.03107566160125
80.32805836241961 45.86845750207812 182.17633270343
150.2661214867843 99.30491712709916 85.98562875069599
104.773331848866 39.55978532921258 89.28035039153664
12.14508093592406 62.00014571832808 3.336450675005771
196.1793081050284 46.48081786602746 144.515603121604
176.3554960342425 114.0386000182262 181.8118970160148
148.4579653929498 99.72385035026294 21.37208578680696
111.9653211713849 122.5975855708457 125.1266780317959
144.8905845287041 89.49030956144388 141.5933866001018
63.23562003297805 30.52319067221014 130.5902023959723
92.14684370774032 178.9260335121194 82.5482087359167
94.29278129169289 181.3702802146964 6.288960274640701
83.30281158567638 165.51584656267 165.0154687502104
109.5972475888956 173.5954649588561 198.3011352641581
93.84759235765497 77.62374019508832 107.92665838861
58.79501991678108 115.0031219982569 3.601541794702629
43.90690750905576 146.2347635796733 35.61131081911582
148.997857011329 26.34346495366615 88.6198714340605
63.47042947832897 128.429447272179 157.7923992682052
90.46719639765918 78.6134644674308 151.3723573834831
23.39936639860096 57.00271746831886 132.6018587455478
0.5777492186461334 197.4397290197862 146.0109222289059
174.8930806926105 168.8728365011583 149.3670944708572
163.3691955317215 84.00441441048299 86.01574082299489
162.0233257850483 86.51521591710771 21.51086690260061
188.1212746318184 68.19526824944961 155.5053083701511
118.9989416559454 167.1276934206789 47.36684248335018
36.10237635390407 114.2105611406256 33.61017777765439
189.2698480741223 71.05767071644281 105.0729173824259
32.5879767298298 128.8821440541604 152.4514578081062
93.0437519546213 45.21253544746366 123.8584387971979
87.39992250858533 57.07895522117295 45.43380988690078
136.9662328861587 21.32415929635467 4.699947056681459
141.6265598060605 153.3779845457017 93.12529698472183
60.50775274831465 175.259509939768 38.49652200817938
45.03712708530052 84.05231505505603 16.70634000149818
184.9347189196572 77.82371985481701 197.2275748544255
139.7336208606729 23.42352634801817 105.4550102781924
159.7682592749016 188.3398841754377 126.7633726361086
25.6271667133021 144.9855652173641 30.92763010607679
161.2259219162313 148.3631698245775 173.5781602041491
25.62376095767787 190.5069662581552 30.47686774053145
48.82999598778089 37.15574705274248 12.9726347515228
52.7553000572937 19.98359556845068 57.20193501195846
162.5767447292322 121.7091095364032 63.78923143371923
66.13175123905083 121.9278518946003 175.3754626419904
152.3352845337989 137.7022451218953 68.59407911789526
134.0643228186603 199.3479712061279 88.5102351816868
81.87155487273576 68.47981719784713 96.46307538985529
62.54374999010719 106.7402849051457 186.9334881746915
151.6421629251791 93.23244510738728 160.6142666939657
161.1162949806426 61.72451829734089 93.5781952406677
42.95632981587948 104.9966449805645 0.9270831830747374
2.505710561218574 192.3214301244651 94.12917803687385
42.11188225809893 53.20173511158155 20.45362357934201
45.80703684163504 141.8315613827438 81.36845616665329
196.8790330642126 52.85684234328853 162.3219046826578
23.28283601309273 127.895199697514 0.6361260882904051
170.7493713244512 185.7950961884595 141.9703845617469
100.080539895967 11.87078070899538 98.48614596028922
177.3029610107994 98.74039938386575 93.43455416232162
75.53274097411092 52.86721694421274 123.4967758293704
158.6157191833935 158.317900839632 103.6883813035755
118.4543514507151 35.49521304912836 101.7214250113596
112.7524441879266 95.58630667911636 150.5964321363571
153.1049390255118 158.1348308514735 35.11830370269231
170.8129266338988 74.28185171593952 107.7785600177853
182.3807724949242 171.5188417479011 128.362006194148
84.74339046621165 37.36521784771134 51.76142013470664
59.99961573248797 61.91944797043647 131.3529269427707
52.69400917396997 86.75879867054317 97.93552583787663
117.4586661420143 35.95658656791777 39.69167173304943
114.3719663484088 18.49771820411279 108.981064074107
145.7299797388341 171.1365707452879 98.38953712014015
197.0004253720243 156.5452629934749 6.612100418959043
187.6814066207645 62.72222658844899 52.04461733037785
84.20568466436619 34.09512162899075 15.70211233748798
56.01974232425 57.13430339150675 67.52750228948173
154.4194221196715 34.17204497527209 62.0223806998244
8.828044485022954 119.1170328624244 9.131491464221385
112.3053815964323 45.29794362587511 72.88522064233264
147.0453918716286 48.40121699374397 51.95341886495139
43.3292280514336 164.3463605250618 30.17755943364177
160.2465783711267 51.99815191027734 121.5119291369034
126.0859483402023 91.09990652839821 19.05847385752331
93.82077448144301 52.68775979396549 81.15662281746251
67.88727290461578 24.96188772219271 12.73401899066045
90.53685762575286 111.5097455184546 137.6721461093391
151.6791433758411 9.553811107671907 6.788094213654555
165.2362190293608 17.39017402874175 36.8287581126507
187.1261175812384 22.57485927805897 93.80812370226691
122.2413816632539 120.283365370644 140.851083978811
120.2715652251959 152.1023293986105 76.15515905252173
88.28450036645206 38.17599484302536 70.34178944246329
183.4436661739092 89.25466931830849 136.4778228101084
104.0927061709249 28.25069669528883 73.49310083531255
90.40026352006059 58.95897628297089 111.0124435448674
0.1090922973069817 140.757089522458 16.582094878574
21.26086056677381 141.907142258118 144.6721618437212
3.351046748201578 108.8953883531775 146.0313347483756
124.9328892096774 171.9990164375465 125.3956696922652
152.223864949955 44.53402659204191 188.4234931434506
99.02762847814897 188.7770705219528 23.82629975560928
145.5758409819355 91.4542388863789 54.25778260095428
147.8718087736955 64.55145223234663 128.4163854142872
173.4657346308954 161.2721982852609 31.79020415725038
111.7179532686032 82.74910573680286 167.314835873452
63.16262274867665 68.67106970673228 80.73261040009361
81.92157314617357 20.44417429922963 72.14136503200079
84.25847014485419 109.6105221707088 84.75174489199001
29.31773031513751 1.450470528941328 69.44411517944091
133.1434503902901 61.17001023886966 50.6987261104566
131.0146166101189 136.3871273244659 136.1369560034221
61.9065563118463 134.6998522160944 74.40400727600314
102.3374796726833 34.38344879448039 155.8763043217638
146.966992595019 86.78561907025905 35.96072402527771
17.32273417227733 132.8392896588916 100.35019780833
106.2101382258413 46.04609810595692 189.71700289416
48.56019748805352 20.16740680484243 140.6983763577163
135.982705884284 160.8894533262063 22.94541850834905
129.4671814467137 123.0004666982802 105.2188860624545
199.9757560595714 124.8603405514155 87.71565879705734
179.7028902621607 142.7100744238794 14.03456803261883
90.11235453362609 15.57837600151284 184.1936238395076
80.76732816171851 114.4986126514116 110.2345771733127
6.362978575641883 88.14441622191056 67.6075867413817
42.35056119797947 101.5293207987702 70.23051225552301
86.83385044138619 75.60289952911219 41.60249027188818
167.0787636096214 41.81102266712585 199.8322432393324
5.597594139333406 30.17631921085141 142.6269228667022
0.5535037366368208 125.908927041353 106.6106511725443
194.6171792052918 73.45309962981227 123.2878605240701
148.6733770531539 148.7762522385327 50.96104708598848
131.2731810304032 124.3380553203385 3.152358398860297
48.21615724247805 16.40680539025564 84.50060624752338
126.0781907397021 89.20185748529231 138.7583489139521
108.4300214918305 8.15838199923269 157.296778529167
31.48498051764069 131.9334186030125 115.2438377852583
109.589010433825 35.52815903136991 56.90715212628949
8.985984152911211 156.0740315094282 147.2839022305473
8.904443499620436 60.74383544148137 121.0109587142318
67.14091908496522 189.9428926503688 26.48710064959526
66.39535078059988 16.71778249922419 146.0357520785794
99.70705931945936 10.87639485382691 79.5878002708109
63.11244759630228 18.12163698158416 72.94449800512773
38.42217793449859 116.5084779281437 165.5419391719056
195.3424648340751 147.6109698732616 188.2050771419007
34.54616202303831 100.0554374165819 17.14881417238445
108.9470284690085 34.94081318762809 118.7230227485221
105.3322242086497 48.46525516191201 105.9803822832551
186.7639352163087 189.5119528199073 132.2681965597534
185.2169711569248 53.02960141644676 87.10877864354731
59.08492344002856 63.8599191773417 150.1630814346684
123.4009007951999 152.9670226930114 131.0775580851411
127.4478577979729 56.56420411997393 147.3844228621628
170.6673806343593 102.2168519758298 128.4169450548421
105.0805825600415 125.1472649647614 50.24183704837032
94.76187567513024 22.41483611417889 58.0796857006122
1.37037291938225 123.0492887950167 125.3081094426494
139.9502610887944 143.5613746769892 34.29971378634249
119.485500960845 86.39572934510964 184.1966130824052
28.42753389183509 193.7007651262404 187.2799720212313
137.9121614579386 56.35614140471473 184.7401197058544
180.8341732520684 104.2122881380165 147.7800108433932
55.26172296301144 131.9862153875617 11.36443754039077
177.914029837575 30.50087328319303 41.91029974362487
41.79027458377477 123.8960467858055 0.7996402614891022
29.89713874494738 37.082378884175 12.93738899944879
179.5580578996771 150.629294149471 178.2090775378132
47.64752865322822 165.8815841800705 48.75402360747311
98.63031917416833 191.819986470109 44.83915017605961
197.0303172398638 130.1076860095934 181.19877145231
144.3701730054268 167.90385543799 199.4475058463095
69.4821926841359 48.85230086707161 141.232357807686
87.53520084789959 165.6126405786621 95.1894009136296
48.32846837228641 5.312556602002825 69.156522857276
104.1255490554602 156.9297179113523 167.8998575361951
121.3050677351337 56.44662515583022 169.2447350621715
193.6764839608621 24.38474352526003 26.7479480718843
28.66896362868139 151.1393361798069 93.09202764184501
69.67500351639599 124.7874775901181 93.29517885964157
116.5227028370533 65.89551695323817 193.5401092452475
167.7476624436903 13.82929155217746 85.80380859529515
88.56646198100526 105.3048839596106 62.87228214094963
58.63526030625902 7.067097920264253 39.45654504878434
121.2932515268263 104.7171305241517 197.5157958318777
64.10707127688524 61.69937877818957 183.5075238706551
27.81135639422491 13.39059449356188 173.2217638678406
65.19605491262156 166.8316045432801 134.1023829452862
180.6830024584987 40.46163706058777 172.3195592547603
39.10961080829897 170.1663518575324 130.8286643375386
147.9660848480544 121.5304309476986 138.9847069074893
21.74913481004049 37.01920021255481 66.51875081649382
14.39819951052329 78.06237956643072 31.7374570744279
72.48204626205302 185.7001121561999 73.42380320263948
152.0721656792581 196.1383268844206 25.12593335631603
159.174735099228 140.0641253037901 123.7242022835022
54.06285141542926 166.8011588999125 71.29273207576249
81.7834032954657 122.8293312365345 44.19657710629407
120.3943348136823 12.41384749805499 70.3182927975476
141.0181063083726 176.7800250883563 168.4970996373744
196.6097195235511 97.31497766290235 49.27143519551269
184.3436255136303 110.7306680282153 29.99343396585636
184.3219151432971 66.1172278900725 177.7926160754864
146.8217967386415 14.14463057892221 69.58596339760392
75.84031271836254 26.87667976363175 170.5968569725712
82.34791240608095 184.7021087588936 143.4517446556119
43.07055945321359 124.0651926389604 67.46833671584319
146.0531857535073 21.88623636115006 25.51783704839105
136.3081236918181 165.4041602121717 145.0226861504522
91.80001272314405 174.2377663023373 184.1904285554765
67.26036775496023 66.9008499381705 49.15380726336447
179.677859976073 6.327896224766936 145.7861602111338
25.55608478657937 16.65305229182215 86.03827667919603
75.97836456203156 63.2352969508544 24.40511698810897
137.4186482170423 141.4107160796525 172.2046549498513
83.60068670641525 31.06750947177951 140.6404490946639
61.2103827060058 168.4724546510225 16.82498479003264
81.29936809199181 93.34117691790536 118.471645658972
101.733903206948 129.9559816275408 28.30330656695533
95.50017644930637 175.5109973449611 60.33765344039362
2.127197499170158 42.56145269001767 9.485854729865629
118.3945015322293 188.112259754184 55.9691520702565
107.1052217942023 69.45833421737375 73.59050237964053
55.8598376386778 181.0588742224282 93.52672352812924
186.6845301366172 50.48692048684315 32.27376673750445
103.8729632076954 101.486042897861 177.5003447887282
2.991613952702024 152.0091498201425 99.5524726960868
187.909053842751 125.3638987777241 143.4615296163711
139.0706885371617 83.87308791349258 120.358679077204
179.1439891422954 152.0318918674262 111.0743358824659
129.1503975440863 182.853921843524 191.3686087782851
28.22306226391876 60.10509695783887 109.0748137705738
146.143341493389 126.936994346569 20.12751334007435
6.447734175733224 68.75139381989766 142.1054542244804
77.58935949262113 83.97206089160777 188.4631489130275
170.0320591918081 176.8888356984124 110.0712875246868
17.52717363290249 46.9344435075902 152.2808448944586
87.05937596860667 136.4353878069429 155.8622745650812
101.7896787119144 20.47065138821603 21.61270175035952
31.13252000271871 86.73894400028986 83.72402345008116
108.2107983349699 105.0316401018127 22.10215798220483
132.0364244126882 32.07181762684035 56.87277222424864
41.11870109503263 141.0405263782281 133.6926383229527
111.5109724965461 89.05469638102083 120.9698306869586
111.5530965152933 81.39164616405191 33.58059205298981
138.7538474679402 98.34042360022424 178.6169205313312
47.29866611342397 195.5387566170408 174.7676479069515
4.40459763386196 82.90800907250326 7.719112161853447
10.17916554123841 79.49000817232871 107.8764043598839
135.2380957552125 13.84380320060166 141.7679468074799
63.31204800743647 85.58071083766427 30.78799730327666
77.2631906774505 32.4843665339866 112.8232204529362
183.6897540196797 187.6859265038483 183.7690118106201
53.93624426538968 145.2737324616808 55.95311706715841
115.704530883929 1.1120188820428 33.0990758615495
19.2485759799058 170.5895103743698 161.4334266920982
161.2875976211084 178.0991541907696 42.09147863771702
154.6889745087941 191.3601497394214 80.5876837382058
26.90835561417653 39.67803994542777 175.9779086144076
123.1795130047608 119.1396205741591 173.4874664866075
90.42410839202644 129.7083861656008 124.0679052611386
126.2904624407502 181.2540141240503 104.3716028353798
160.0315490701647 22.94678719228756 139.5395875906136
145.8011298241755 45.26879545337474 140.2285345841426
169.4618599705089 174.1138293059574 66.93315736387059
181.0309582870117 185.6838528813292 87.73649638057471
43.5332429727768 49.05715827830063 194.3682263036994
34.77297998123656 35.32744190074868 102.3601944295575
108.7335505065437 179.6278925767546 139.372022032291
169.7485662911752 48.80238496048501 52.59606160157765
49.69490046203959 138.8610474466782 103.5576449649663
196.3055039494386 89.37460809337927 155.267712242473
123.9599433551857 197.0099453481828 169.5635226116738
67.03220170901737 140.8936671136748 139.1311427555347
56.74682060452555 191.7225866003453 137.4821004214211
196.5796676152301 175.0871043035975 146.8145300944169
32.60723983563547 53.9781482293462 83.68700167675171
91.68975999181488 71.72150090006166 129.7594090545324
64.18927760557236 107.0130285617263 74.43860863132755
55.79447693278294 89.66472397725069 56.28917610307047
133.2400421776137 104.9557952016929 153.4843379432774
132.9736126838307 73.6181171419652 69.66665410871937
174.4910960178357 8.319014338354155 18.16829544807087
49.39339632343712 36.22583367488657 73.46453273929022
195.8152988995605 70.26755262548107 76.81196402070174
79.0564745753199 23.20138622111798 34.9291469091528
170.691250168718 82.69416106024639 154.1010747468621
171.125055432254 18.42774461226884 59.91801112733088
69.11344061248357 188.8270372684972 188.1702689774457
191.4132589542848 7.036920948493266 76.11386388046441
112.9370307856416 188.0416842658019 81.83512762381554
56.90196816850942 127.6680336058336 36.43688260012812
138.8599325749524 2.450843858557989 47.19887602875598
68.13735134946161 46.48169947373748 5.46986083548029
119.002883279194 144.8303715730137 43.00835172847315
17.06755762833945 11.57997597701793 136.4432522350764
166.06932332934 139.7912636950786 31.97653779773162
96.14573516960886 16.5309126414417 122.392289269325
181.4039962420078 183.0707937398203 22.19525043429636
150.7358003510356 7.972488370261463 119.759325864972
178.4972942251325 71.2666522262578 18.00614167298273
139.1566602507057 157.4207016955544 115.3465554540844
46.98382072379145 42.82916235536226 140.6256555226934
72.62229932064504 112.5863403021971 21.46911136173674
195.2532008496424 165.6408035593692 171.5320246342388
85.87311118933528 8.535214545556208 154.3937889447493
52.85905011079565 87.49266860122798 179.7171865350264
26.94584356074162 108.3238266504751 53.5553692079671
151.234338833033 118.7303223078351 167.1963348128162
20.08268874252923 52.85276715824863 26.01505243681637
148.4888311489546 126.495598035515 46.63025456873363
45.18008641941012 194.2886230074756 113.8094972348658
147.242659294916 57.05670669519041 163.9150615514511
142.6408473997691 143.5105671990805 198.0848162300458
132.4514368370381 180.580097221061 33.70053100951276
174.7978991137612 131.9189134972427 165.765518108554
51.45772875600443 87.50464461878983 149.1454277122009
166.8329904686498 91.37706537606884 199.02995264825
133.3140716272744 101.0095399446828 101.0115182711667
4.041878151575859 54.65871713429134 99.69331856337809
169.1328423803484 34.09313198873821 21.10342917896594
50.38976580331986 187.4900178038419 55.2198278688071
29.92326474900053 171.9614079270534 61.71512385538586
150.1810445371025 117.6601002596157 112.8619533730416
5.087797914351411 92.49029109212111 130.4102194454736
142.6410266010326 76.87799267979779 94.09532261311705
165.2201261346973 156.9299278432535 194.6499113616077
20.01067831444623 69.9361079687295 65.99259770687817
104.4984391733531 116.5074170487288 154.8878776230931
168.5279477770742 101.6651287120677 72.68067375571555
57.71669049239147 106.4018411166979 108.168734787888
36.46330194814788 65.65523867241188 149.040258608463
18.78791334204115 106.523938827307 171.1040071898167
3.216086355349715 48.54151074087923 183.7034518245266
66.152575668122 150.7009343133019 163.7126460668656
157.2863036894982 188.1540196457233 186.0363690988858
185.9901236988269 26.767261896491 130.1375257537455
163.3110561068048 135.2630120440276 98.01152321854057
127.2026085928432 37.62568732589571 191.8510869094647
109.9578494640815 95.73735416602796 75.23574986792431
164.0473913213518 80.48367374365408 128.5589291478334
125.4116834459235 120.327148451304 35.20792815987848
130.1611387164665 0.6040034736881471 10.96692345859505
169.0343762879627 169.5406218709541 171.3050741914507
6.934319890929526 0.3187555797317113 182.8592943399398
82.55625236234344 157.1295867346178 27.69879782712261
37.2881831719757 90.07352721624044 37.3628591733337
198.4315383843774 7.518773224181082 6.875549173392979
45.1482459651745 176.5482210339386 155.834059762016
124.2812934409558 142.2952981712978 17.16088207237423
89.78550084488721 123.8745360770128 178.9884517362077
71.72428646926178 47.73335133350138 82.77649692486304
121.1042684345508 55.43592827989365 91.18968017843736
76.41166698388622 95.03600322003325 144.4064934317435
50.90475041569668 45.84635119449366 166.6336922743633
76.84171228239924 102.7010055008574 169.7425952579865
182.9659342272527 150.6219419782219 137.2287412225215
36.24299214683532 1.086349455101812 151.3388097547198
84.94457145446263 144.3117858904071 102.6500847751869
124.0089603890337 34.41937302061984 17.96503881728763
54.86947142542443 46.39304910975385 115.5944911983015
73.64241518667927 186.5901885934129 117.7833853177378
153.8781288185423 70.01352646903649 53.51334781387311
87.79515463228647 97.91362076784856 37.4493676613231
158.8512391168147 165.4774704714592 131.1042040476415
114.7094003517552 118.0852148208495 88.67922490441538
197.5611440473993 34.53467687354315 77.57007578053559
112.0112938984675 73.21601123253198 146.6897366856146
121.4085128776123 56.8716283221455 31.76625236991501
73.1016480958254 163.3472191823322 53.17800466884924
187.4894560749422 18.20564073523165 184.9993215123278
199.2004321342622 141.3861912650832 161.5919400972488
90.40895516995158 61.73501736722361 194.9140807998467
22.54063765726588 88.75973068604901 151.8132495204867
8.82668883439286 187.8723813704438 127.125726579684
179.8091821183862 116.652120982168 107.1869158320672
178.9281473167429 125.1580246806033 79.16778421956842
180.9016447231297 159.2614005521615 85.65697111402719
193.636292252641 113.3023120838143 166.3153192814291
27.62382351816992 78.8031896919945 127.8144084165974
158.9370759660007 170.1363414501479 16.74385432745407
186.6620742593053 172.105897875384 46.77581248676547
115.7714996736025 198.7322033342578 122.4232355589876
111.0650242911013 102.8990242009555 49.05860908336069
116.5668408146847 81.02294146619154 96.24237341837838
194.8134910704018 103.9842060248631 79.95855641304603
178.1123088985158 133.6829276180485 193.2498925046074
0.0436139290881486 181.0280251755392 3.455482151217261
16.65919396789726 141.2868244654102 183.5481405432641
5.11390573669837 141.516225535481 39.99844047386622
108.8221625988404 138.6088227751834 140.9235938002824
184.4030359968779 91.43037440032109 113.8808432285369
36.93563258889781 179.753256926134 13.97231850869957
15.12571470982878 105.5248444651125 96.8320604112064
177.3383201209127 199.1345268825147 42.86146454468121
19.96097091715574 135.8027328321714 61.20549495322648
20.46662950535906 102.2470431523803 199.3499842603227
57.01026205816942 16.47195294405332 105.4445158634862
133.5498360008181 79.49889334854662 160.733596261166
158.808047254629 116.5870527852683 199.3151811126752
71.34034799430484 77.52645945147 163.5522787590081
91.75502328170514 159.9823278847869 144.6862132260528
15.96456690218738 104.4165346031422 29.76348523050078
10.85815643749371 159.7657917764839 75.48784067597997
141.5830993758527 175.8352263946645 59.65539245599378
76.24094622413314 189.0074045501497 47.4240932197601
91.53742931300242 121.6367259692921 5.325012954182657
6.957578898540357 38.6891946004029 44.61922089929425
98.57761071655189 100.1649958734421 99.62148325619293
68.64103082475471 115.9982131429671 130.296521469453
12.00248803156899 25.02923328668176 192.2296152202597
196.2611634295797 15.4875589146046 51.53976842581358
12.94831037739745 67.95545945742634 167.7688412451263
169.5705774976072 5.518494575123453 170.24932732794
181.2560088340038 92.39306158954859 176.8498323617461
170.8455465598822 38.63127456875117 77.05247269779504
41.34802838222186 155.6065587971374 171.566358908197
39.30340712130162 158.9401172458199 197.7546606300342
125.0277789654332 34.57987403078388 154.7383473190026
121.4041929441732 142.4450998594146 96.67885837363222
99.99609729077562 187.8401292586795 162.9788148810817
51.66208298834236 19.06116096861441 163.1751785644242
159.1620628817175 93.70058690329961 106.1294420162448
74.49379460444138 90.82432813919141 92.99158622685259
176.8429489938329 4.093929624495106 117.9599968819458
15.08794160269342 10.38298644476111 33.6244001199517
157.7244421363008 77.79362419402189 176.673774623241
2.677399792387187 162.2935027585984 123.9816520089754
94.09157823128906 144.950142293693 52.04154011598312
137.9555344917157 188.9623540461601 133.0630485071292
122.5331638776583 157.5865625971041 186.9574793112096
