3 1024 9.687573422293813 0.7 1.4 3 1 200 200 200
89.80609995843388 167.7300023705666 71.98921781252571
154.8394044290318 73.58198370301677 171.9717117389402
51.59112185013269 72.45401447509084 131.4951701091616
129.4253367036493 108.9609149232999 66.55251548906001
57.30373326838902 130.2304310512509 185.0651494443812
34.94769434624756 124.9125579376563 107.4833455629484
1.887287776383413 92.97901473720084 28.46068409801636
27.3415701389921 184.9601882491101 79.34680054346941
164.8089051250866 40.33019160810363 187.8629762562763
41.18276677411327 103.548705420161 158.1105820413842
195.6682894852324 19.17388140199887 124.0892731385084
77.40435905817574 33.8624680243439 106.11900952738
140.4332778385256 175.0926463801562 6.684287992681258
175.8058231668372 42.65921181746448 117.0534776908719
1.957972689198868 165.3203374016072 85.55602064805205
194.0060298196134 120.5983648143791 163.374011614517
16.85845232839632 110.0152940935536 138.2323316582272
69.47874836043214 190.7392913382207 116.9880079500401
109.9079962769703 176.992219000656 194.2151107142669
41.74091574583981 6.253302443479012 15.94872810313472
176.4081339435878 65.83448321653493 24.01352732311278
133.4983132137778 183.9812719308592 138.5769139592491
156.4286695477842 138.2055109112273 53.36270800221212
83.99779028139393 59.05102731184698 130.6187792602565
81.42196522611241 34.28692682098531 57.42169041945039
19.46099257252937 28.16942916429407 146.7620179814498
107.6532795713162 110.5666268338545 159.6852806629597
175.3092472812191 65.38636997486539 174.2993695825001
130.108352432064 12.95150722185341 189.7140945204088
87.89365293929069 159.9226553758958 101.329001456158
148.1081744426428 54.25001293679227 38.43967859107299
47.02491089298478 115.965143719566 171.546855313896
193.0804695221108 12.26195707520864 64.64449680510651
22.65391293823447 173.64612840533 142.02374412608
62.30221551105526 198.2354837278419 199.7623338476315
64.64319709091856 77.13781603153566 93.0154496278172
107.3603588193009 126.1379049652547 170.5632632660846
56.46002280868641 104.3246611217451 59.008811005826
192.8366027278075 187.2503808565779 62.7974060180138
184.2411357751379 97.02357317482772 175.670437395851
52.18736618878258 145.5103255961415 108.6738278287793
110.4443174450795 110.9796999781012 5.505254719923748
1.193026033293267 103.2768794450094 105.2222368491194
99.62434722365462 91.44826028117028 92.36692168109411
99.12539121953557 52.45957050442883 109.7299437585074
85.84193626365544 131.0634600060455 50.37806795929843
61.69623268581713 34.28570601024123 117.2019146851709
0.432736704629418 182.936142835489 120.7269905448513
6.737277308934155 180.3411172448296 74.35756123929235
107.2491587732989 165.9882435341119 49.06079737097486
198.6593437654446 143.1441011467819 122.8850005853012
83.63326564260477 162.2672968206249 172.3599337477106
43.5173185991553 34.11417332246572 123.3179645447668
58.22699098654731 35.03855576665981 139.1014784041178
7.481770741972918 61.40109825524578 56.80421336322862
115.3045217465987 194.3142639240561 77.57622164947303
186.5579692303159 82.51295583594289 79.00566550580729
34.57225554059041 142.3501080238296 115.4577843327517
181.2780343879851 120.9763304019527 149.0265740652535
166.2788440808631 165.2760150324605 67.40027190800572
20.65942670115353 188.8227409286783 187.9328190745923
50.58029364139337 181.6153510809989 167.4456681256605
44.07324073484468 148.0300274439385 163.6159971246212
68.26385709933182 183.4703627550488 37.72812168397374
158.2190385611928 156.9886940176426 51.8713226005145
58.02936852217788 76.29282005709682 29.74747857822134
104.4751064391936 41.60305753181834 171.9997710361021
11.84223488454037 143.9189323474424 18.69752945742799
72.40725345671164 117.1793955925149 49.26870341451298
77.96291904733172 17.15251330943383 21.08415972696648
34.7619402427978 40.46319783777154 81.24608193570371
19.89529627287742 24.78129424305635 86.20167117009201
134.8933762374135 111.3229754894191 137.6987316197909
73.48942807838462 177.4175358891048 73.87417618113071
52.58632930630822 63.51637520949867 180.8994582523954
5.300493660867828 167.7987351417628 131.7311511848467
111.5192647204554 153.4220309483864 162.3761078610213
26.25357859592666 9.241680288673056 76.81142936397333
53.04148445022634 199.4101083927948 126.7016306590949
169.9694117730959 160.5717748383428 139.7452168882623
17.81932360835188 25.5745942956675 49.04372340482531
105.4401413826524 58.90182608058418 190.989351007669
54.06696929377727 17.26945450145257 83.79049057244596
125.7190313227945 120.3115738410395 81.62328327218971
157.8680936901769 1.403863882979123 192.4427308895243
179.6331011580887 81.52298360304981 50.66147811651972
61.0361239335063 71.57755926695299 165.6380684827851
154.5672835725166 160.6994449662719 99.92291887318765
159.025761561232 102.0817673321461 84.07071529748367
23.91917732100415 141.4430392487523 35.78681482759476
118.3403232003652 129.2349447493012 65.64974579261074
77.20305483207696 102.233117409615 60.48595090282443
171.7360784745325 94.2042293417292 161.3112011103662
187.2971817148331 76.95741046302587 183.7875628438273
58.82278225731483 165.2351098790347 78.50616971433159
35.97241073146797 55.1840707687485 177.2594744405241
71.6425706345111 189.6204395169381 55.51942047477026
164.4146259336898 79.80449551768501 120.0925434336417
169.2798533169256 9.408365046886255 179.0229869129555
15.62428686883111 130.0411608620352 48.76036032450788
19.40267857804465 0.1168178280587577 28.66582341545253
49.7354468424315 93.0866077148289 117.9800986644984
129.7224671866322 27.36325419181714 53.28153756644937
51.01905732067659 41.12695193900463 176.0543270792687
195.3011315942026 41.78185620276318 48.66826571413685
59.44833323406561 98.06439761297928 8.911273512142158
13.63685631145433 19.19818613631426 130.346619422321
20.78162587718489 93.37491096817939 25.18847834357187
82.89026726876314 77.69594136459263 125.9933518362577
72.45876488102354 22.54053534352069 136.863922599169
195.5218712147267 137.1667868191119 154.2179874685236
155.4733566431925 109.7696841812028 12.19342279945209
188.6806559954887 179.3464364040433 45.64863306045041
62.68394058474015 3.732715733175451 97.67236872554534
123.1885233583521 68.08153157559626 11.74862330261731
195.2088662478134 74.6551479777894 63.56615225883314
32.5217749042668 142.7544825267508 134.3294358407696
114.7800221425797 99.96497853830023 125.118930190837
35.75602531400482 89.23579194250333 130.4404162870799
177.7060977111609 135.9293556219303 160.6571288106069
142.875178643544 120.8526859352078 198.7691738547217
23.05174297061057 165.2883995428832 124.7415321599833
151.4086438667353 141.5156273364668 9.93134934442941
175.8598564144751 46.42174662112409 171.6217017628878
137.4868530634062 37.94007092879507 37.12444783621188
185.9211955755589 34.2167602707117 130.7480072047724
98.6434315921954 183.5636586173206 153.3619298130536
108.9948030709283 114.8144731822178 57.26242364281717
186.0712449574074 136.8047429356045 37.63592049180515
88.95230071252446 13.9113812374033 131.8925175650006
165.78625829846 103.0862295193227 26.90764211478094
107.2143120474041 56.60636721478915 160.6893188302772
191.3372727219734 51.82264078251897 104.4913083764786
169.5659611045686 162.1302326167956 173.1388561053496
194.9634609311472 105.4945388507175 41.02227956978805
198.3976584367051 83.37672722058799 46.62876843233726
165.4466709737837 176.2246589192725 96.90812372765576
47.70448547605041 99.86995664672212 42.59369140909353
5.487027884927213 85.38772146932989 100.3493737469906
29.03062130103169 155.7544721530039 102.7949645109539
129.066041993985 19.2046942999828 91.82749337387155
76.37458544373314 162.4896415500136 86.08350690200078
140.1145100290251 183.06322158976 56.90347769364441
78.43927822098098 148.8247476154639 51.72219372583329
51.1345481030227 2.138377938461422 169.8061378936358
28.0573306844795 119.1627573735555 151.6671459177473
37.06804940329084 178.3705426614143 185.1891855961478
189.0830111728254 75.70135047336269 98.99994492372537
100.9686453578194 16.67621965003397 147.1164891459949
181.6738102179027 146.4515667308434 144.9100258712376
125.5984374832446 110.1637565894807 193.7715133051409
36.66030542901343 161.0508789420119 137.7960851243021
76.1770478121862 32.55744081849267 156.693596199387
57.11098815723623 20.33287178901579 33.57618637931034
116.4761789043263 125.7477504240416 187.4734765821735
121.885643433774 18.21497787107527 10.43056441331457
17.08241714123155 114.1053542547456 69.42554139208495
162.8022515897873 199.7169653427316 14.20759804164597
62.4058574837992 25.41687030930893 98.71446455733222
180.0698103565189 116.9402425977637 15.09562698769848
20.04600110430982 65.28550909000073 11.55240582563604
184.9951283945186 159.7670202913985 185.9508122094487
168.0049481303234 131.2971910383016 39.98616839804553
188.4444471326101 103.2180330714989 158.0025900725823
180.4783649387565 180.0086652029256 108.4078693997975
16.86624010892398 130.1539013274338 162.9357464463856
69.7946103352368 159.1113382477022 184.9499708645887
77.82158196639176 14.59402492509046 94.34497070378275
1.029563431229652 198.7376675263875 75.87508833024779
164.9925341492036 17.87581826567133 8.451989861200293
3.480189208675418 30.11500951562333 191.714812046022
57.46965492673814 175.6501470819579 115.8684983457724
12.20564854385433 166.562622306324 164.2506989876866
154.9046936403577 15.96191708938146 112.9221972038349
102.2049731058211 136.5454590348036 58.41683774107837
143.801107738739 113.9297406431324 82.72731879648705
63.59692455408291 177.3563073847861 146.4618546546096
41.42630236258746 43.96119199734905 192.068293537211
136.1409946006136 82.4530475412449 88.22558581651784
114.7387641053433 195.1483244855889 110.7641454927788
105.6463509601609 146.4972574218044 74.51696381054144
33.58679214636582 124.5904544199864 198.9574957032009
99.60241790566131 160.3918635777785 86.26697731527966
44.78186407037968 171.3675132568389 151.8629207888056
177.2882235916609 51.07651555282407 134.4200183514331
9.312293670510428 51.87659864333679 40.34592755284657
20.93271968968054 78.19681289122748 194.3511265749036
76.1729499868069 107.6021709651905 9.512869850553352
132.2543979759613 135.3166718665468 27.10925430920412
104.2028341753851 145.360070662067 146.4012784369336
193.625987953484 108.4092483783426 4.966908289630887
38.94690441483735 135.0985440334655 183.8765430902853
4.82811860114609 186.739122731586 16.28818315797238
114.5614980161359 18.54034287216693 46.32256823014756
140.5234823933548 149.2657130105675 53.41441646828453
24.4959104363566 70.90252396875189 175.0166014291244
115.9684272622913 119.7619076828563 21.73783203040047
157.573126458291 47.59469485895348 71.10744654741946
98.41373160489326 94.67113479765084 164.3965293083167
144.4021327506994 185.8854027852 154.0053140294725
44.90168694865388 91.45382803360087 198.6361971573179
114.1241017941586 139.0251734824433 21.80184561893186
53.94754767524581 148.7880822298322 180.7699840098006
149.3619590423957 70.73015970363092 153.7140379425909
5.666786214423142 60.10461123849449 199.8790221192306
150.0076953769193 116.2452581951778 35.06081719921434
59.78469176494058 106.8032004519033 154.5502378697952
22.19104607168939 0.1802501543735619 47.78019184787395
0.5710868898310268 146.4934923386172 89.81596934869781
141.5862456364254 166.484263579596 44.66368709606895
70.98853451718117 95.77865944086219 143.8056227741011
84.50811339247608 32.61253041148468 174.1485996828069
168.3967996120824 55.28697876585691 37.83631299218714
10.14183702407345 177.8746606395599 199.9450150626273
90.58848543338242 53.32953739357504 58.62374842559326
100.0427063163902 18.79738160721022 58.74423448454306
10.81752205607014 23.45650534822779 104.2561567164209
24.49367497975775 123.004325920124 123.2898428324457
87.68253254153879 84.19295953945829 39.21989257630053
84.18648585537913 133.6251435864116 152.918103757552
101.3985435792765 111.2246968582818 117.2088209722941
91.10787333566223 163.7802202784748 141.8157198352217
86.60690531912719 63.08863586676707 192.1971435596139
195.7058252057224 133.8082398359248 21.30993128079462
172.6137219365315 150.069047956458 41.10829232653809
68.8923761159713 62.75331225321182 104.5623301235593
185.7305782149996 83.39716196798013 32.47402700354335
42.33796214312321 74.07272586705641 168.4815212133026
190.3285175548265 93.66896374757489 193.0693731898746
38.45379520958803 124.7133500033001 136.4035773034232
86.96282259529667 145.3340016182017 137.8001251111477
40.24523329924647 165.7480166225702 170.107508832516
44.409754459413 26.13961323689957 54.01975490500455
112.7906036101159 85.1985406986861 155.584361734047
48.3482964839829 140.5928756928087 199.6655886498103
129.9470743863554 60.67968564561015 114.7968693831662
128.6447111342525 128.0043401747238 9.760191777347528
90.34125623698027 116.195699493369 61.68146522191999
76.529435118664 39.18122796265278 128.4159090321293
133.5209953406568 42.93706706101093 159.768992989363
159.5875414984996 42.83550358980715 49.51997967838915
8.431951331234057 63.6295221570319 76.40444157891771
177.5962482426951 104.4768459112397 79.44269793587226
17.77274073434188 46.91948710591735 74.66598574346719
192.4773649162078 20.62339805418917 100.0455879399354
153.7345215572054 113.0511075028983 156.8999199948394
2.854798798866201 30.12266543658898 67.51474291115206
38.13183067315031 27.53258952738248 1.178983502896426
88.64192774019487 175.3365452586718 187.6937039740132
60.25739213618689 93.45956670478651 101.759330699176
186.4075786694886 69.7932540204561 116.5653019742985
20.29577796331359 51.38577260765943 24.88590612228392
75.36027528044286 157.9620726012493 14.72612500372412
97.81997490317251 59.93799127703634 74.86570894197013
96.90826892816395 72.17088117559263 60.21006618520435
125.3319566813701 60.32816134809796 155.1213110002978
19.95656894705571 170.9015180385194 181.3782475535437
53.68387087889968 36.40304942246689 67.43830196102729
170.270756044107 153.0843190483843 107.5145625678637
117.2246823590407 53.24186356129889 102.8727314551671
100.5384988396348 155.0918883261901 178.0497904310998
48.80231236227142 87.04052709375794 62.98817863882834
175.0107836291782 100.1045038663932 7.187580299086719
112.0906986649979 108.1074957373538 36.65688157095064
109.4396679790107 57.43366305339153 59.58285336879172
159.0008907745297 56.02095574786261 178.6055821965748
96.20369980621395 154.6409347896771 59.94084107321557
179.5304155229719 195.8209071552785 169.2754514316522
170.3114461511183 83.75758001865734 177.5276981252435
58.36631943106097 177.3634104957921 62.25981204225879
196.5448530298552 45.15990424760964 7.680832828549123
186.8314078468941 164.600945843492 98.75917388463127
156.2391970107696 185.4232419779452 3.182191340006501
32.0584070104327 72.03395071134999 138.3757472998416
8.805273327517593 96.23492951931192 198.0865065543488
185.6298886381584 197.4095117800459 151.0028036970689
179.3001234947162 53.34937129259025 9.752918506617167
183.2556489459739 131.5708219199313 112.4707250868541
156.8765293295601 13.13535370157198 164.9402605965109
22.96118621261172 109.0108986499383 195.7224732112485
172.1248711207327 35.44190349894012 9.51976050595739
155.6882555295389 114.5815892090632 185.0054767135223
9.648912464343811 111.5161236166857 51.90320215225302
28.67788889323456 161.5010889266962 155.4109221720567
80.79936286774959 27.81471561063771 4.783136001580262
124.3917756730957 178.4260621423778 114.80428417022
75.62669173082639 140.9642242380995 26.22829224666445
42.27840410726274 81.7235485611758 99.98982251142806
177.4144118465904 145.3230330581722 196.4468957211573
174.1685401733636 193.3696290574189 94.89079387167777
133.4723786978917 152.2892099862808 71.64466884015422
199.6213246959564 123.9447310956172 41.00703951494496
49.52050918649361 55.72628656556675 163.5754946397997
22.16591567864583 29.5606646811346 67.61140240739705
35.75701418666765 130.1003730586736 165.6610684285913
177.4959861607958 82.83203969353323 15.31871040651707
177.3365558564154 98.2373797773034 41.67533010740099
86.53717143673127 182.0969242372129 138.9321648319704
57.1914396951693 2.616334315344543 26.17225610037798
23.97936082136997 81.20070193387467 106.1807813537471
98.43943393286095 169.5132336220992 32.21086281516588
87.86128573651044 48.06259255498295 162.9994281214961
2.336792544954086 99.69141686843142 130.7994767934208
56.6139586670764 114.653054990339 137.1379127413119
175.7833382437772 85.18840149950587 144.6569883612732
179.0275221850476 110.2399953045656 191.3485462223941
48.53477745818267 181.4695456655002 77.99228065235
139.5895509298402 58.78555058650638 87.99353557500098
29.95322213354959 83.60122600053926 68.5358886959114
54.87829421116468 165.8971851656678 133.7092425712096
117.9832621065724 163.6008804773421 90.12369762828465
164.1196682728976 169.0200510980466 116.185776165876
113.268590823959 20.06145579209015 27.26908179733072
101.5821886451806 184.2944123686927 46.7392569279897
168.6412491912295 88.09055247737543 74.83715131659471
7.7328755354971 47.64054321981828 184.8804233494795
149.0518782814906 94.16394489876343 123.8719133149696
173.3102596234835 43.73247844946394 152.681969419145
158.9126650091212 102.1052922208158 44.86461681003395
148.0257215158313 18.2718709341614 94.73770370197684
45.91551912540631 106.7426596191091 78.33820155454839
100.3349871861307 192.4768150065514 89.51929596872843
199.6697619537518 151.4404733165627 140.3148162361289
168.4553470482285 75.6976851059638 159.5648061677391
10.14561362273976 113.4903280401554 155.9964376473252
55.89029196270198 88.03323872174812 154.2744985975227
79.22029637102936 69.59921901737222 77.99124421548728
174.4306852271202 24.30803601736358 192.0148625341255
57.17311506874915 78.37478894843269 191.7088021760173
38.36697944687444 24.84508539022294 91.74548624216349
195.7239348975557 140.4446536684886 53.54341681827994
149.3049260734123 87.96878028125514 75.25171846136375
20.65409470134177 132.9125997094904 66.8686767220064
113.5965770528701 83.17532214672784 134.2471058639015
79.36980470260697 19.75536028487453 187.4317342682692
130.0958819953439 93.07298738794601 135.724684977479
167.3833996554122 9.42969926095015 126.1389806533122
16.18117585181893 167.6705165155257 14.96220603112237
80.87610267388733 159.3329517944411 125.9651233817237
197.8952128434771 115.0310944001622 141.4996950293278
88.68472008812799 182.0906457087154 169.7184972253223
186.0391251432365 69.20970348883213 1.491091672335999
3.845996281851354 33.70915370380381 137.1475750245022
184.5727184806827 100.4083425214901 23.90832259806141
55.49205076862864 160.2995605064968 97.04747456502336
111.90326184797 100.4526110840975 143.8801970666046
160.1227951612157 72.14821795620952 190.1321475666686
118.5975562240791 118.3513659105993 146.184095839358
156.2023579680156 15.02685262623958 25.45253311729822
148.6253967112306 66.1266334925876 4.361572774401593
80.47138340357482 50.85073770853327 113.8435729518541
35.95720996314607 76.14107510190091 6.239292294650327
15.55898019920631 114.4487940400492 99.53806897883881
168.8192016104082 106.5731809517414 147.0268998253301
73.28516812298982 159.3693157927432 67.27001225007646
52.05220396910592 175.8625882491994 44.44991109190561
66.43455425857131 135.0576851373716 115.7230425245055
61.09665749183251 15.10508553225301 12.16914272144332
101.4870509369448 50.94049287748871 128.757073594201
12.18772966066627 82.76429583750972 11.54280025309879
73.20011852707202 73.79202269972014 0.9287493058842968
107.2187436411591 52.24495501374981 21.8636446837209
9.445337594798993 104.4771573371932 14.9228139910045
20.04960501616446 96.39085458368267 94.92024732749518
62.83227000800743 31.39617579265623 51.44415072764066
144.2647479502355 160.1455019985467 195.1925359365494
148.9326198822756 1.450974398678672 129.6757900807918
163.9044962585091 101.5534226873762 113.7242104747384
29.85766219192687 119.6427945939166 56.24442149311631
198.2241506256919 198.2305516671054 165.094777905446
158.1349637253003 40.35186359604251 167.3609478288229
20.53280509087995 129.5307854100402 185.2689123617837
61.54423175890062 58.29475951650458 24.69310706063938
162.1102083844053 183.1086764987539 23.83769296691812
83.69703101185488 80.57021926741989 93.02996879079711
164.564006734006 27.19480133047704 155.17559742095
124.3170655813963 168.615326124907 132.4384971075727
153.4305547647989 32.98770327907312 5.174189044273681
4.627150800688166 142.0897758633777 36.57922494589455
17.98564174284817 198.4894957676955 147.4573872991646
139.6872779867181 172.8183176480347 25.9021029556942
197.8719740871421 65.96290739929388 144.9237379225689
135.4781330679536 144.3946959595732 108.1170435240876
77.98395435511708 125.9829683650403 14.54552528854292
190.2309211638494 131.7734042432138 135.9194363718554
43.62791331426438 110.9082292149449 189.6818099934951
140.5112112154271 186.4561119523636 120.9417169744206
118.6514760942025 135.638484661996 137.8427743246386
34.31080351738181 138.0968629639675 51.6746885729374
48.16698141949113 129.5956837994036 120.5370072974591
75.23750347213446 170.1638261922955 111.0330908184537
101.8340396169214 126.60634826391 150.5988727168443
48.88260744999336 53.19270958206805 75.67122750233199
99.8248205280873 69.8946718179084 130.5567912518422
17.46330643282765 147.1077346680293 123.1713823456947
56.64304677983158 38.63749468028526 157.9128180855112
67.88115784347028 143.5862110438993 150.9783201582723
66.97164771439334 124.5948974683854 153.6717444591836
64.65737832488593 52.65670647932955 135.5955613956604
176.5906160596683 144.7539125059517 177.448481772753
153.6872409794128 149.1070694441633 68.94890637828964
176.4011662720503 72.11728618600235 66.84902417451256
148.6779269860035 49.28160774204529 193.4026085155139
180.8635006368192 23.70259406407042 145.9133952311646
57.68698575895183 18.08660801735146 65.1927964304903
52.1153299460849 192.7787815423837 109.2404922831486
63.10806059229446 157.6338660609723 118.4365160479173
121.4997363177496 187.4594035398623 94.47723966253457
101.022356487986 23.01001191437199 175.3459306079574
160.3208786199524 50.67137398607422 8.409143096183984
182.5796078190471 41.49482715797078 195.1598157610502
26.89227852946707 92.9799879228193 5.334948406584104
72.12282897224448 160.6166929449817 142.9364117060611
92.37477264844154 143.6448529692907 92.11392869553289
159.5152453172565 119.426580900414 52.57577745821704
197.1855200368035 169.2313043356801 13.09371185829075
185.3356696894552 100.7347503222627 139.3419135891808
30.12202088763303 34.85399537739685 23.30910823447421
35.81241255900782 167.8799149895036 81.87620327869435
111.0361674045964 97.83657501172343 191.365195986728
143.0795659713895 65.15639614081276 184.1961742927827
55.16226705925206 133.5747830146651 140.5329713186194
53.7437910890564 17.72904063386521 132.3143794311443
21.39239359881947 23.3971410004839 190.8668406225344
104.3936772547233 42.09121467302015 94.4889038465693
131.1019745443741 95.34109446592062 183.0143323626014
157.4353192449911 62.23887333553435 23.49382060339278
4.43332801652832 96.11373945975426 149.9452761264452
164.4407646664279 199.8493013916363 33.29521564848764
185.8838829625855 155.4444279695308 81.76316591880892
90.50521788655041 29.10425829108572 93.36235732158313
92.3382352616573 45.75324861334274 185.9876166388344
149.1168641579016 18.47719351287603 148.0248347726667
59.71748663991146 147.131274741219 17.36644179474762
179.1224068842151 61.9099085135161 151.7759370529837
122.5688449437173 36.36017766891639 96.45076820879635
77.14146044684387 9.538203935570131 3.433137223848844
12.93734717283257 127.3496893882774 27.7456139535258
110.0226771086265 33.29306595329547 8.132178137804289
63.32844557854269 45.04228589130631 99.88816084073017
174.3201133698206 83.47749273384076 196.41802437996
169.099342828148 104.3302200172234 62.08658589977639
148.928110935481 37.72388351542951 149.247120872863
117.272550898581 86.11463872311863 86.55215015653295
84.62759886031907 186.3870258213749 106.2101531571747
198.7770661234724 23.17844482534221 50.09205285316511
187.1675545785041 33.33932723120898 161.3029094549424
30.09797135349258 6.6329493419353 193.9468534772205
48.21691912073619 11.2542501178167 198.6781087999625
2.599845450280454 193.8271321995273 35.84715242582211
52.72911733754118 95.77314632801136 136.9000820508034
22.46392639129324 59.39232240730286 190.2902874768224
115.5717902843423 5.595170484423588 93.20345267707467
121.6980996008565 160.33629770089 108.709646574998
164.440022792556 70.1368538562746 141.9401659905112
39.64654543629533 159.5250846285879 188.1571885284038
96.53503792021606 78.11047348757219 23.20410190824739
11.43013524910136 35.26032608129144 119.4700344492028
37.98872754216978 139.6072087643171 70.5158831645912
94.36295058871687 97.62761857472535 1.177706115559555
149.6884069202522 113.4284828956276 118.0570576644877
89.08021290274148 194.8448706494706 123.0476370058532
95.65997281880733 30.93913917047908 158.6544685753931
55.9507039209724 158.136283192753 197.8955111526188
24.76596919613754 115.0582645322244 19.2177678055519
108.9187045809702 157.5587590365148 21.2180118952673
196.8109375604182 115.0529085022957 24.3500029517245
135.7935543536308 158.9183684273675 95.62991418786311
89.20114379863693 30.9947773779117 140.5711091821985
153.4972197004472 164.6030085133818 159.8120811604135
106.0102855462118 89.9291987940463 34.97095670239373
167.2706034597872 158.7744308211083 85.55732097180598
4.851103309772762 159.3695954459063 180.5491623075318
91.71882010506415 63.74661749738911 147.5123219462119
39.85909418421769 23.98955771360832 72.59581514596707
44.47725388073571 192.6524587938274 195.6180744447676
11.51298067955086 159.3272016749308 31.71657849716052
99.11645577683014 46.01223881026179 147.1985005352
95.15846391761288 75.79229187390997 161.940745391453
71.6695000426712 156.9265925748386 35.6817677232504
119.4040710182361 188.6845758729903 176.2207681280473
147.4959479944905 97.74472472597742 30.11836769690802
45.88348890683422 24.88595655436997 18.51406126243136
59.74969958060009 130.2809488848062 26.49506912903414
8.359763233304795 184.5369566879111 174.0525069745077
72.09351193218212 176.6646730319185 177.7931481041702
167.6433171117123 151.9438349887888 156.8540542798253
30.71757029239324 89.17911511714587 167.3952111874046
48.23685130821987 70.91073440423794 150.4654268686181
132.2082832204445 58.32023827292596 197.7828994910648
167.6423053586241 68.34069887657994 7.271213262432614
114.9440500607587 142.343750467025 177.7673312022039
145.460575666986 2.57260132336187 35.3184842931115
61.1287434226012 9.89677806022001 184.3406914223145
160.5275001648016 152.3305156007409 125.1906788022085
95.06995441913786 80.65261456301607 77.13070945168479
28.94325554758405 122.601208696862 37.1456140511367
29.24822396514469 104.7171734452526 44.06078231460479
155.744135918917 144.7480982525639 191.386447769759
18.490031841608 53.28492158486793 169.8198790500374
81.42662686290105 196.1695481321336 90.01622834522992
33.30732473202814 64.89295833433259 102.1716476615231
86.46977829176657 68.52650004111982 109.5107028984043
120.7012242341776 37.1854322026372 23.57485345596004
44.18061236639993 51.66635195560808 93.89930114878456
137.8148544681394 28.83589447239778 20.09598976434209
169.8960573242948 183.4183404537667 41.29109729930823
91.17499916139036 79.02853224734254 4.975467798769019
84.25273492845875 152.6243971411106 155.6897008565039
93.71817480679246 120.2738693392573 5.199880610975613
62.55828787291625 161.789278842951 51.76070891397416
197.0662642213754 175.1774018998261 186.6006327822246
21.94393589503767 169.8089948800753 68.76784761951332
114.5766675767351 72.4457326231469 28.29100741208006
68.66037259240051 145.5035139744123 131.8570410747495
18.61017062982633 154.9693958401714 140.4275376664165
40.32292931477039 28.2943138244312 141.3996787682312
147.7987874571312 183.9978830443329 39.25262457811494
151.63603154769 157.6718374521635 177.7271523010494
173.6186314291863 179.7734746152138 8.669420188354669
100.2210773919981 113.7184871498341 136.2448868183455
174.0737348406819 183.5941828040429 59.96535926656141
28.99378199369472 142.5556443681712 152.980373594081
75.14758806118236 70.18562521823725 35.34729873777516
67.98984503674939 66.59271338810926 123.079177564365
40.30344267828925 111.9693198208997 122.1584265637676
17.52061898188169 195.3128392747665 66.61169562710761
130.3733654858036 100.2066470243136 83.686411061454
141.2521857159094 20.25330039407487 67.0435173839091
64.78018366023274 147.1830309486989 84.21478709284528
80.34860455098026 47.38442593321561 145.2687678384179
189.8536834546321 4.227057919887275 90.4864912977896
84.54574854870016 119.2834544696655 112.6994272552501
16.83258267491929 188.2493923844597 131.254708901105
193.2364701320627 193.4576553044619 182.6510815527753
75.06853239295165 25.71156923305398 37.95845039249838
111.3377958905907 72.42390897900127 170.3703638708172
1.443668199797316 55.26002466166358 23.10384362898323
176.2602434930804 141.580365867075 127.1004778106427
107.4399323517911 177.0542624857838 81.0009315564092
25.09229156762807 41.19317346761267 40.54815450388718
126.2291206415913 68.9980444833749 97.23564103542861
111.1723234213439 163.7027608870734 67.87494440607941
127.1838880306548 164.3855286149957 57.44148832230083
0.7515303851851982 17.24465846543659 81.52118654146243
87.5521746690909 156.5912976929258 192.1703480390268
111.4190789590665 65.87481567000987 115.8979388630787
45.1710974175434 122.3078465460434 67.56698255334446
75.00480626463124 84.09970696459905 109.7839988972004
25.98628457908628 23.17698352079012 116.2424246286336
112.3898957154823 73.3430289756038 72.89530525561914
0.09029126538810156 197.5861093628829 133.3529714351984
32.0552066245531 61.28823808330257 158.6082682745929
96.82905346646659 141.3101838746544 165.1306432348217
141.2370535731021 55.07490078729136 145.9431188242914
172.5111315510237 57.56075960784011 192.1404446856861
182.2204154800057 128.3550077553596 185.8259551721887
38.4390662729307 140.4988899640578 96.6021151546949
113.1641862876435 20.86364555732737 193.6547781774764
46.03011800902657 151.5766340524501 82.93318596732517
122.5158016784434 66.40044952104329 131.4005717347705
114.9395596890467 7.254451426111719 178.7192071936469
11.98560028601131 13.61754149000754 65.02401480389314
6.894760503831946 66.68662134116634 181.8167398446797
30.46158751461306 92.91137952469346 186.3127456712259
87.66581850190477 177.9601567869203 88.2733499900161
137.1729883848766 67.32713987491111 47.00665985420328
141.48638213347 112.8085660010106 52.07493875920683
155.483564692629 199.0665251749747 92.97253662417052
87.77000025203847 116.5120855898057 80.61444937257417
98.57655715147024 9.407809184794523 188.572705341535
132.4306583730385 105.1764184052338 119.6384480168257
159.6607195935275 51.67154820742314 141.7032127540661
191.1442876042801 57.02829663780464 187.5221359580609
60.74254232097968 72.18275778661392 72.8537241297263
189.4438823360183 93.83424075287772 93.850753423266
117.7540036354314 40.10273769062827 61.15355627399101
27.54588310743381 169.4391898558808 199.4535212605982
195.5142165074909 128.4652906265202 97.87781652591853
194.6313044638095 90.14461836472384 11.10723037683209
118.0480372130013 147.5625103526152 59.72064676798074
58.42916405545174 189.7807632419082 182.8200997773485
122.1433816315246 152.5035506446567 146.5661260029538
180.7960368773163 36.50706903492603 98.57534167200258
184.1965374432129 8.201650715436861 135.0940442807342
187.5017548314101 130.8003331889284 4.153846781509278
187.9670326402519 166.4754805967086 143.0585472883904
191.1479738465054 44.58435258353241 146.0777621241905
160.3783038000946 29.27112901260702 66.03209681886914
1.825557155136266 78.53881600070424 196.0682555039059
38.33045634110831 108.0598479149781 7.828490757128047
93.44403981951839 192.6012582162685 3.244835869561789
95.93859607728022 116.2416015810732 43.26418197315004
1.688476385905848 144.5248377320495 71.00607523109423
189.5679219694188 130.2132199686764 75.55158558904039
87.26810309868624 97.94748271492715 76.24702052233893
43.36089160457832 5.550986383801577 68.56800900242497
190.607365979944 179.9534444084385 169.1448786020263
95.15292761088743 61.31506353539068 174.9185431608303
199.4875309536961 48.64766202082714 68.50230376567994
126.3939243567207 150.3231019900279 128.1465788934813
27.95621663558476 77.55925492362685 87.70001524932975
43.3933990605153 154.9009812938005 11.56031968346267
133.9656161658193 85.03791145167521 5.932841995147191
80.51157351269381 83.70624776716194 65.06317658921627
127.6414914999772 77.28423819009765 146.1593385661253
145.2422692693707 165.2922839529195 63.41115664188344
154.0129631155588 113.2022415826431 136.7514985044001
117.1751489207785 135.8934846865199 157.1713449815074
65.09191153608873 85.34347047438703 126.3316857888392
38.68020066521237 75.39672185528599 187.2713737619042
118.7700192837201 161.6305755207247 178.1600322120669
153.5228405849832 174.6646658733486 187.3959717630976
97.54416001067307 165.8740011902393 159.9306020746684
110.504783256071 40.26609023420317 190.2146955955631
9.043973981941837 11.58807812952518 39.31535707052043
21.99274435522292 190.0550420451543 96.9998972403984
52.87253396481833 36.38978843624203 86.27187008135229
163.9211824886617 122.8862261031072 23.44974290899927
120.3819437815539 100.235688720422 51.99103156005611
174.6031884072983 166.9583087491179 50.13898623533346
166.8349252405334 95.39163049866069 131.3759531765882
104.3761182508337 65.95572663151461 8.853715865356918
157.6674839107089 175.8248854897296 53.69145112568379
127.8807809570427 170.1312721579231 192.9227665686111
10.98322846462309 4.563107412841378 91.32525281078351
12.9290910274224 109.101739434012 33.20095287356916
145.0888338220035 101.981818096191 195.1841544033314
14.30373977029103 92.92832914644494 43.12208758643735
72.96030450699321 73.34063717841596 181.7618212455018
47.19974611492782 121.120778061557 152.942156268441
163.6870108292343 61.07269083073822 125.2042118086041
37.23922517907212 86.80850302582726 149.4780560608187
50.06008716032631 147.0610780990775 127.7911428371701
51.76701197131099 132.968207315745 82.27064297992182
26.28234630825187 60.08606013483209 44.36119371262453
178.1819985819931 23.50714482462496 116.5693581309571
114.8172550537696 90.97121054647512 173.7290686955175
162.0826270899257 57.61841945097692 159.7882553425461
19.26876029799912 97.41479890400861 60.73890704784611
46.19395183600583 174.3911606708756 1.806175714728895
2.910101703482352 6.85556437718331 21.65324004725043
162.4499843352156 87.49517552650542 56.83993403514953
182.0388650400217 69.83655584670709 134.7596686187576
120.1375611560234 117.9306715560578 127.2375408650539
62.70052921061611 59.19193352242753 87.0025742486764
37.60385599143192 102.7282354671087 61.37454987282388
56.86488168732594 77.23509231942847 10.68721943426547
169.4352149088897 45.4044545488106 85.86003639494103
54.55556476069533 170.83191912806 183.3709652060427
40.50372960828981 160.3869388927468 118.3909521661064
176.1542277508586 13.08585561762989 161.3087989303322
140.0397117362693 130.1899517554097 43.97013238890047
26.15150890686767 12.76206883576015 99.96044753502758
46.35362932734725 69.24677217500783 86.12255788338233
123.3749372776693 90.65456396733589 68.45395899280614
191.3137895309731 154.9177772586177 41.75505302183985
130.5624524534237 20.02038792388243 35.58810449352917
60.07026591368993 111.8312093273658 91.82089183332901
35.02662758505281 171.0202402288865 17.25605398416017
3.949674332332763 0.379627308969023 54.01051637507562
148.638487288732 162.4841802871717 81.88193649652951
97.56231368052829 47.50158567248992 4.327501265824902
156.1352662233975 14.62651382115606 77.7995328955729
144.9605647909883 189.8179402758204 18.30848353339157
29.9278733344164 14.28330198524287 58.54042621086099
0.5837562910169506 175.1731148983171 31.14681631402309
84.86863625771787 192.5907049321744 41.717115919521
95.67782451137002 28.29005288936803 193.0169250274779
130.8769874459661 112.3579382226959 36.33153951875223
141.8818346623125 41.43031576897582 177.2168422219098
129.9016319577949 0.06014467539812911 129.3801041715837
99.37323466440854 127.3007109261355 27.87783226778715
144.4918553991464 83.37210645102806 190.0253841058473
42.0522125530868 112.6968531012675 27.01331115666606
110.4132274879782 68.56985469110209 146.2928668052559
79.41547984391589 66.24964411010444 164.988240252103
108.2800493418222 31.92488496269942 138.0758851128926
26.36969847122185 37.04059206034515 131.3496158599097
101.8619907941094 190.998463993593 183.7485448995453
67.12961439000183 54.24639817307752 156.8178426909741
43.01614970119631 88.02726605583689 81.86093119979836
158.3134249311174 168.3009156847154 35.73037553575111
51.84803837342693 189.3986630942462 13.07971240468216
35.81661904087404 196.4335350596401 178.9515248268418
51.12276142774602 151.6653179694666 146.2367195538263
71.15355610537635 150.5815142676602 102.4643190599262
191.4446078230686 184.1272676294042 2.619488537814049
143.6333395580886 27.15571049718568 164.2493218139382
113.3575473413689 183.2560153743251 61.85522530610115
145.6842630244962 125.1134534559782 18.18645592440329
116.3356487078656 172.1549452436029 162.1475398143466
82.43259513122075 15.10989212659903 151.4892893244925
17.97124080792031 90.73909164905203 137.2195980949997
143.9909909872998 57.46300394802725 166.5767684702035
82.44858386719349 102.5317451145692 41.97995683894656
191.3826361217868 16.86768166087558 33.4167413151491
30.23185878344776 59.12886320032019 82.80681952708841
131.4990436742401 39.15209364247859 141.0823680291586
19.25699266416798 171.9152703567224 90.86363052753526
109.7865548393662 167.2878534532754 145.1070184156478
9.325571281038084 131.1113644299995 82.24280403668729
25.23823106575465 40.09292702602106 182.2961112204069
54.82237962900992 132.6004350671592 166.1716344536815
193.4092091255059 34.74919644416246 112.9858995877961
195.5199407085165 152.8331912175079 23.14471977926451
14.16035622755439 79.31681669806719 56.69638547963412
108.8859279380273 23.57183159589369 92.42914322687412
111.7845471478439 199.9594201380236 42.59131258745239
18.44246079986226 181.0462200631306 28.64243870617026
190.8326334565186 147.2074163081586 105.782331893927
136.8212572505667 28.48556709746441 106.6097360461401
42.61458448231084 69.30098274235735 67.30450618353754
150.5652329326002 105.2007561956032 66.99913283133375
104.1046937894207 173.633845209547 176.3998082913078
119.2502866189497 20.80670708461098 108.2597575574658
81.18267738502792 123.5397415736988 33.27351842500971
89.93732916435464 175.6635444569424 121.4310758324023
163.8175759989333 98.6335248513814 191.5600143552831
116.1281590717319 109.6829951885657 176.9237831110812
114.9099899645042 39.52372331892253 156.0094769968987
47.26031836929867 36.00606671555811 104.5344739567702
38.45504369921346 75.33882936788673 117.624093609629
136.9994575200522 47.3079975165161 103.0266662293495
33.2628016944434 196.0933948039273 111.1696364104412
174.444375772173 20.46951820489755 25.15294494294416
27.50926714568118 153.8621161274 21.69171882766935
100.4016569721131 132.5880544195442 132.3592507495572
27.75002244419538 100.3934728801317 77.82048973969437
79.75856393477382 172.0782312835964 27.23125215400828
79.30261192329523 68.2935762796736 53.75304010357195
194.2601796393191 83.96185835489909 139.0665042753374
191.5823686857813 38.54011786739709 179.2599053880822
35.67500783109239 105.9431548694474 139.8659165851971
110.2473579852208 130.2414708371067 5.079666792893244
71.38349086647834 175.7883369458075 129.0448570083412
124.88784326122 94.09674555358832 34.22030625232389
116.2879075247149 51.23845075657404 5.068731894242313
12.949114467622 42.4416293936714 56.54002638569986
116.4600699981793 51.01985784171397 140.7828900035543
57.21049736864695 76.77723294918967 110.8971651216142
94.95864516154506 199.0353474642472 142.4728992984773
180.3876697899352 162.1622498829564 5.242240461979482
138.9199937052097 2.389689557789126 146.1419321531548
24.03126202959729 65.51107506139905 65.62477385277704
72.76112521728555 6.658966941928504 36.34808986214298
52.55111047988338 127.9860137956765 100.7065838416079
109.5225479185065 2.231000559238497 61.20238323447379
10.12052381667643 149.1067127986794 156.440412026362
78.93047647543847 45.93784197001196 199.8003932828126
193.817621159064 72.44985685218623 18.79656907220987
44.25118125464373 43.51010035391095 14.05685208449901
68.80543962924396 134.9260182709638 42.78421955969079
105.5901603671873 152.4036726792947 102.5237117133395
156.7964972091229 117.1505777524843 96.37979281920484
77.67659613951871 119.6727354358768 194.6322007805231
102.4322200736818 127.5852921173436 75.4130070850979
171.5710517210948 27.6727159469119 173.1873530902862
65.6327992162157 29.15525927379976 172.4048390293572
19.91156467842476 180.8746357065343 113.771152585624
23.12552404994057 99.57351477066156 153.1818492327632
80.43390555879429 173.1874973983199 154.8934560013588
178.4835096594716 115.8148544324436 33.9388963426027
76.55167316972381 13.49827046731538 169.6930228444289
166.4378712433042 160.4122414718821 191.9478183469353
3.373796532858874 125.7675917484048 63.12638409835933
35.71792765539025 57.38753249937648 4.043912810053638
131.1646574854847 169.101185931617 150.3875954416652
16.11837891942291 7.40560261658852 175.4460147788895
32.0781930907188 6.807468731849617 131.3582868179319
39.18270231470226 64.17348840466813 25.76438181101793
71.25936020701531 50.54058025409913 179.0178610685501
170.5161130886483 60.21448138552562 103.5926202558649
96.387439821448 8.015918522395832 105.7140445776014
42.63607795801272 90.72081492964368 22.24975454594362
179.3172312860302 2.98049655313912 198.5128507750636
108.7545268119535 105.8356220139322 77.79986708088427
70.63457674002238 72.96099560737485 144.7892133788319
20.68008267341459 101.0495686207969 117.3508910106799
175.6674877019658 144.9024164402119 64.21525427660988
123.5821880237387 180.3234464274635 41.22208747550015
83.14973396623505 60.60493538279666 16.54056644500111
98.1911099855494 13.91154033169101 10.99490831231807
64.4250695823048 108.123371174829 29.13107188333579
18.93124725707825 41.68395177188455 4.365235406434874
163.0808293492741 81.46345782911966 34.69185013242838
122.0654817956372 141.3554543968926 89.45022999081917
51.51105081434902 93.89141573377084 176.1465656859878
73.51867713654555 94.5893692999548 191.3300144814894
7.256284917318633 78.02141348784806 121.644727347926
191.0866785666931 97.69349942061525 62.2449914289051
182.2915485284923 121.5690597839462 55.42552614013193
181.3108833444241 28.39177831989761 75.72742334635731
64.6997326592075 180.9267708360578 94.53152177302552
115.4500113570078 198.5462055501062 0.1824573473276285
41.15735629298246 20.67055603270739 179.4378451082473
117.1369896124386 103.1013515407606 102.3616579330769
67.29350299150377 119.3196230609076 71.65611901941365
1.920001241295007 120.482182759463 119.5308314551144
178.8758210816142 112.7850693805662 100.6936485271242
189.8207434820904 63.05532027395311 42.01031377584774
49.90497932615195 55.46560983151775 115.6057122558417
143.3407675538924 10.37016813980429 7.82080851259199
118.9211812485978 193.3372033084751 153.4940446403066
118.82154263251 19.96285410680949 71.90948104404625
25.48842178949931 146.3258848860016 0.1784258828198223
116.9785158113423 129.4702588534577 42.65595994928236
158.1973681423237 37.53083070616587 27.12077965900848
137.8190485831008 191.1449058791053 190.7776731923119
185.2946785694733 161.9724286358928 121.733167918394
123.63443173729 19.29635648683729 149.6277098106598
123.0862791174849 28.36287398987684 174.3605639700979
189.7859904393113 157.5798684217286 163.4782389663914
21.30444328654405 150.7464120138024 81.48586017155485
94.46572759156533 11.79684275183982 79.30432156037401
70.25060031283567 192.7438403322181 162.0746103404917
181.5127260007144 177.5695483471565 80.58572585838978
74.71716501194607 48.26961217541674 40.79465294068462
138.1170606388936 128.5300354513236 152.0446399110284
136.7279526846805 174.2735211321165 171.9038407235387
135.5402914355942 4.369471793487035 107.6815570052094
75.97704188102887 192.9600507743419 18.47294764318574
101.2818980649621 37.50536316676569 46.26757073501746
71.56244964275672 141.4314861540958 198.8793149706194
33.01091062198501 12.76191561912108 156.6104016620428
95.41246705820195 82.69161877679014 183.4220476864297
123.622980162511 153.8216969233855 38.13771245821497
165.3309443132403 126.3932718952568 0.7456546535732534
157.0570108123091 191.3803149567649 171.8310201074785
115.1681037946605 135.9386928638255 114.8736367844607
8.108432030444471 32.01664446963014 28.95913887161571
66.21784843669884 87.22894001875952 47.61236626690577
156.5298148439393 136.4417231242022 169.8986698676671
172.5538112108965 115.4342822502005 169.6523937351211
62.17655115230834 161.9863624204026 163.5372749656404
175.5637447375051 137.957997714249 91.63216001161264
57.32655961101872 120.3805672487052 5.845487817478772
78.36760171897055 11.59222620906914 58.00141138475244
30.75351530476587 123.0403809696888 84.92329667252903
160.3171244857265 133.0788529083421 112.6120709712996
186.9616462644576 60.01283950668877 83.34678866772637
0.4691020326680346 112.2247682447942 183.5722843940719
91.59382576561632 189.5681214645864 66.80940982950455
119.6196499648139 176.5766632926302 14.8931346406036
46.46234705904862 14.73294613017941 110.859339079446
170.6060061805061 15.85494282658816 96.09531555562093
100.5947403588071 85.99946311742285 114.3142195518159
128.9936315064185 102.157683962375 158.7826156685228
144.8534035295723 152.7205942796841 142.1957417360418
172.469222028376 176.9129470006598 156.0509539968845
50.16437432324395 122.4383213513942 45.91198158875956
191.6136499054173 23.0236403746541 10.00008492209155
0.07264124996784034 185.0521341625456 97.6447511691229
155.9550184615805 183.4124432158331 76.09733614268163
176.2162309157309 26.69755219769706 49.25294012075788
74.97711114595867 140.3797867312306 172.6996345548443
125.5761301825559 0.6605975286105696 24.56267551618147
158.3374170371946 163.1765659736064 13.06388459573308
180.4092292197926 185.5260416310481 132.2283744743023
16.2844015217915 152.1242396944873 54.93047545598049
150.4779840224596 92.64989033884713 146.7745367237685
54.01735081040432 63.62920632624247 48.44021766146709
26.643326584328 190.3326689456097 9.464102241475523
93.840185699815 109.4962293274911 181.4579227343996
80.64763810608402 102.9631103979991 97.70113843930694
121.1879578047238 53.40899301233191 39.74789763498256
88.59799362875025 141.1769191584047 114.581576040669
11.70899903110035 2.718215271810628 114.3057524741906
194.0173299549905 164.2218935168787 62.28301910481228
155.3313875823863 177.4925957961505 135.8938683465256
69.19810015845955 114.1780722074652 174.0876426150105
74.73152101409661 129.2488528812406 94.89626393275337
174.6354643834191 143.0548762435274 19.12472763743625
133.1103125770975 154.148860784733 14.13292359697667
112.7431772082192 89.3842781575219 12.79613562885146
111.1101343909943 11.5675396619617 127.3935920795724
198.4863865058729 53.0584703815553 126.0265894887261
80.03296260041671 196.7089540712744 185.3663859646213
63.98384547733078 198.3779006183594 75.20837582637353
149.0598123558578 140.8247424698942 89.75865205325984
133.6637325904609 149.253015984295 166.2740295557637
12.87141572191528 132.542574314484 140.4261380760983
39.22318429216252 175.8709982984774 101.9744210152127
76.04902618853627 89.13044300263884 165.4311147794781
0.6058073444028997 137.6537357428415 176.9640706940825
120.5465676274862 40.11961608444609 120.7767028166879
9.678853651991222 125.3139658312184 5.061333901373093
24.23419738186625 149.4779212318638 174.2743843288409
69.31502626868165 176.2230505858426 0.2650862222869897
119.1325879243279 52.42913604724799 80.07776162196859
77.12523908851821 124.796756512976 133.1985502522732
1.943835318109952 38.75613613732712 89.24401381934594
11.97352203693679 179.400232933905 50.73496173234581
83.72723494183525 139.6279043774273 71.85397389628041
61.8799911281609 112.4765106340745 114.6343406648007
161.5076512700503 191.5207095425668 113.7675581817285
199.4486378818141 150.0302435417787 0.6795842287402324
98.43578533136416 94.80247890340364 56.28216954873715
59.54015659380146 16.51404865805828 154.4653694355691
141.8600573519766 163.6557457414299 118.4309252458785
5.42750549936347 2.279886555095529 199.1883794377267
48.0631220492169 193.7467544470551 148.2652912234756
191.2006379629725 15.88497496618138 178.347723481064
12.7616760913957 72.99434858196666 32.02021243040088
136.0791861567635 120.2358308030083 176.3084495818964
135.0505778232081 122.2701227068084 102.5233876830114
140.6119763357296 89.74512961701676 50.72666104768686
95.52734831773175 135.2208332518613 188.0005251716838
25.01968160261199 110.8488150421679 173.0260883917189
151.5779446229812 96.35281285465084 172.4874228150538
27.78558258910482 183.5057298202427 162.071603591378
97.35458900721873 147.4558463282758 38.57886524996324
184.015910353923 41.19794630325576 28.41384085713605
104.5378486667557 175.4450461200784 103.9966890103833
58.55965374084864 56.26048104171583 1.850269507247194
83.49875533505416 170.8672899291178 49.83338091033941
93.14478570203403 87.54538482641102 143.4968483464664
196.3269302385135 55.31614293024355 165.2031139229751
42.19953850983187 51.38926189989233 140.3246075951415
123.2652621626715 54.34527751327336 177.1040634456891
184.9811040037634 92.70684019489103 117.6284294555986
60.27480491140325 30.61779261134236 194.4821307276188
93.25570857096797 143.4326635036992 12.87292940490641
96.77528159008121 62.97578508503142 39.40108873576763
117.0522554427657 77.32265598830244 50.59249510674007
95.85734306187425 31.33245825654216 118.4698741811395
65.61992157297024 36.58873385526139 19.04747770461499
47.5730101843797 40.9851813451846 36.8352023765682
91.28135497998986 36.07828153033667 23.10854647988915
34.07562600195339 38.58905385206413 161.2238514961672
25.2395916807737 41.08321825624902 101.8533374573032
64.80649716493208 93.99649423621521 78.05550985557311
163.4087740723083 30.72814506090756 132.6574057715938
135.1471765808701 70.89737992394541 69.13868026376564
101.0017601485315 123.1606628404998 97.51665246518981
179.4253426107405 168.1238625704948 27.57655676368199
144.6082321643773 72.616599715685 131.2708999097405
54.40001170185975 3.169716018691804 48.87064271780635
15.99630902392875 136.7449185521164 103.3976135918248
133.0381236257996 77.83433809409763 168.0617256162145
38.29152476502516 133.7681079703081 19.38840353123832
57.12990430091919 169.413361390108 23.08132490956647
9.562552840355872 32.03456486147539 167.271391377831
174.8507545738733 2.274290400285861 73.55857259112076
138.7216817996972 131.44811336059 126.8855199601115
141.0799477021856 36.66248638540142 82.83371389701102
111.7516812276193 154.3145235765321 198.2870339908497
199.4492296086759 110.9383998357625 83.45686165979265
34.41095164793769 16.04147858635276 36.13941552648133
185.7117367946973 2.100501959861829 112.8153203665502
100.8032944015242 191.1219711266401 24.90284957045102
31.88113381040998 166.4419689599696 39.47826145227425
190.532067545495 80.53200784141701 161.305841143585
105.1983819410371 158.6823522136619 124.6789751421713
157.8602691677852 65.5482977180483 55.39725782510121
40.49125958806776 104.2698875114794 100.3780708024107
7.869433925919134 161.9595846239661 108.0958137778204
94.35480100280982 105.6211923612081 22.78528842300684
94.18375392977701 13.39619452781102 37.22047689046759
136.9832489655134 1.70181633916612 79.78934055518799
15.95853091041787 76.51862379657682 154.3926410110046
168.5448374391054 86.20852073003321 97.72658475309396
163.3550119912882 0.3913949155046772 147.0897960411641
155.8368415785784 87.44229446678615 9.799998406223917
138.0286873150704 76.97696690099934 26.77713317404376
138.9781907518656 47.19984063025332 58.3564082190937
93.91973244287993 170.443225169222 9.487891634582295
21.77393801701699 16.58337087303576 12.81733935326267
177.9288284605346 49.94973549527013 61.13167450092793
147.6496007854708 71.60768012555633 105.0829575752168
142.8361702505933 180.5858761704892 98.70598832522832
119.9815991895418 76.58597390483165 190.8979881468204
10.52314211403112 63.15895973129687 99.29265812554934
126.7860031733886 83.15794197500614 115.3480818903424
85.56704907114623 110.7571097221044 153.8020156827845
135.7466791093426 5.862708340763468 168.8230020872499
151.4652212608018 146.4744427421768 32.50224219339679
50.38371795534965 148.0134355995398 38.16657181407353
2.822856072801054 181.8633685303182 149.8834343915294
157.7749101351511 37.14247575537723 103.8257396316578
175.0422545395326 116.5274356156239 127.1598338788177
59.27809457829526 141.6924377675406 62.37165355922806
41.99649024601525 160.3919423872603 61.96686068176196
1.378510025331142 14.25095315883969 149.2482414989013
150.619527982917 21.90244832761961 46.54314812882586
75.81037618757571 86.70860420397061 19.67556596644789
72.274838346252 199.5372768869181 137.9494331149111
41.66720725250143 199.2794502748541 90.07393064237758
103.6540092941253 69.0560944329081 94.45796462035842
138.4444137514462 21.56799467818961 128.0344151954682
131.4519735285962 35.08938604745756 198.5464964058791
157.0069633863156 198.4563185861447 54.82515734132537
34.26836718901627 81.5908930150262 45.90870584819022
96.65979093512058 3.153408815767933 165.1133651501976
39.33675152609932 190.0413810967251 32.20438434742567
38.74907884003468 181.3916845570781 127.6828738666118
69.78015569385651 52.12087313810107 66.59125605925308
108.6505689482055 185.0329306480107 130.4104095171254
175.2205858076186 180.3645243287624 186.0607353954642
82.18659503138332 100.5250228366528 124.5297508008077
183.930888793481 194.1070788547876 22.71684111518603
36.81031365230618 185.9065249257224 58.52407902836918
35.29123392657738 46.60422319711479 59.55701357669366
83.72513083838761 51.0979761891484 90.97217412232372
151.005949896984 22.0255409098694 185.2353158399371
9.920266292116471 88.78057148533695 176.8618631768936
159.1465917035764 68.02173480113602 81.24518719303374
163.8777229069594 122.4875875186762 74.895433907795
140.2469041838674 130.4518296710881 66.97705409065152
131.2588134883868 4.275602790805571 53.61158422770477
133.1118290868485 106.0861634452096 14.6487225130013
137.5806357672133 51.67731889783636 18.5346865483484
24.11773565966654 57.90697030060188 122.0839097561053
72.34138596748457 13.72308344331914 116.0312359457674
144.8075189268255 98.02414946672056 101.643417727149
73.12948971348131 29.00979846326129 78.09346644118858
15.43392623091319 50.95861320812789 146.6419102649587
133.3549006075275 140.7341848654988 191.5016465817366
162.6778029748661 133.3783315312488 143.6618291875338
145.3116372591817 47.29847723101294 124.5385832457361
129.9764553536258 176.4668456508487 76.20725384185755
182.3237421483359 1.357683136147015 47.79188440332061
9.071063962611817 86.35767172991956 77.90691723396851
98.2036988391786 37.10434970003508 72.96696168444906
