3 1024 9.464989355053303 0.65285 1.4 3 1 200 200 200
166.4486573534464 134.557575895594 74.08176195967451
171.3012487652263 137.4440800978956 123.4516000115818
190.6115292515456 177.2024237779917 185.8805016360738
57.26367699673924 151.3553992283409 109.7959519858822
91.24070246458236 34.23190702033445 117.5154589810404
82.4559290134592 57.98734585399026 19.92402554782972
83.64428401901598 85.90617145355885 53.15020795042206
13.46624416955503 36.96000233496122 133.5200592550193
178.3527276106478 176.0735018724612 117.8373590027629
185.664294622279 37.69322760517798 185.0890819006985
29.19405063114774 65.93256084426319 125.0581351004418
90.26146689449875 56.67849722695079 138.6262571020613
192.4851580751769 186.4325383314417 110.6750599512101
0.485623287291395 171.888892170859 170.6328382539792
115.5666847347416 27.33808816307488 69.30838542368834
178.8148966226792 83.14936089214984 107.212908874274
141.76513267217 21.04428795946166 2.373673637076973
189.0277870061547 3.900760484742637 140.1420495928298
191.8017158088529 28.95332679478022 10.84841193558744
95.24062138985578 117.1765968952359 108.2388541649003
120.0232147341354 97.02647879982844 113.9661571295503
169.4222257144293 130.3776405679821 140.9113356139073
27.22663729558913 163.4012282785851 166.179609654349
13.67924865683172 164.4692935957066 108.6618281797342
127.6694680673311 9.900171057412788 102.0638279934332
96.56296852611429 14.30061929311792 44.73107712707267
199.0506111976906 36.44145002292994 108.3402266831839
165.6516720367435 46.97744465629789 190.9959403552223
121.0650356857861 5.454746153477918 122.1907646896111
120.7919588590035 53.62130977699816 68.82998773588439
129.6490804388023 135.3078289506892 49.87498457107488
1.01308670456161 176.7081921485266 138.3528997450576
110.4592824518171 3.482981118522491 106.6379767763815
67.81464289595682 176.4215959692125 65.90318307229023
181.3438872495051 76.29647062048078 158.9374184475082
80.36856759858397 30.91353567543718 179.5897333447793
6.731636694641655 9.681860561396633 143.5314881637183
165.9306234974525 95.39217259788033 113.7276019260743
122.3342159903159 185.5121064463263 194.1828600664963
156.2228596793549 144.3542661473471 24.16601681857303
100.2839532174301 120.5480650202436 3.613130723902249
129.9975993580011 138.8663530759565 176.1046219989897
145.8446505291065 168.895727079216 170.3328009220757
28.26950820168274 150.6111152278681 82.12040513217356
173.3286083568395 66.68029854236484 114.7587031218364
193.0757642972813 147.5189026921946 76.50716186690073
173.2334980579144 183.5282375758772 189.9192028727992
47.33793409675796 9.496999437888185 96.72638899637182
24.70480624584668 14.03220513582033 20.21668566475683
51.3574561160991 182.4035117792175 122.7843981643586
180.2942472062281 138.4935196999588 154.1105505940832
33.06454419920379 91.91954844454104 168.5064039061714
197.9037408272606 49.81968580790532 165.4586628512246
68.51528534693048 115.7762513107158 78.4075343824919
19.53559786424644 176.8287568746413 121.7479012509807
181.8082622313693 26.86169915021543 79.64582076398118
43.7390795157654 98.43315821446789 4.266021684614052
28.71874172117264 40.59764165274144 149.0957521933034
23.70271763148357 1.680959641759127 139.6741126155223
174.5589234272751 151.4356446143726 76.85002736661021
54.86001371767513 185.3341467848791 7.576667460822065
131.1555768852307 185.4832333186963 38.26329104859136
198.8538037236852 160.1692793575849 185.4081456623822
183.1944894260332 179.2139605175396 7.032174457562072
109.264666979009 90.17718364565249 27.24858813273458
153.7447291213133 133.829863837093 117.3679049861309
149.8083975471801 106.135732169765 65.33480806040991
98.72171006884263 49.03931122443427 32.49923893773295
81.39707603111285 89.89934666730507 124.310572079944
197.7256141530482 42.39374177448613 198.8981210061124
74.07568670128654 58.86145160974279 64.20647324572531
145.3159603034522 89.98466877463234 74.12529683503823
123.0991534067648 26.99178133175922 132.1112809636647
100.3098244357927 96.71795354761315 49.21867487696238
4.569588702778729 59.63807004044445 2.654352425151067
73.30212048537133 192.4398290296335 57.43873089284788
29.63059079609621 96.4781295559567 191.8015450526298
65.71578637708789 109.4540727083906 7.772897368138978
99.30883899998307 52.99139469525669 122.2581879952671
42.7040358728918 120.7550678723442 138.5920822031016
92.2957389104503 59.49780069835744 175.374842965919
54.32683641877909 135.6597863698253 143.6775132367754
58.38128533500615 117.9014452122965 148.8097791357126
109.580405782552 81.14436063688866 115.5962656106499
8.274993614000678 109.6644855181196 7.199647529060522
127.0795383013097 7.944482662603862 0.9342980454485804
148.7272405438653 58.81701997024573 180.2914016027736
104.8098350311071 59.75874341340416 60.17288285446011
17.72996710768802 24.6210746369081 147.2907085233447
20.75415476191779 136.8568674329803 37.47168965758508
166.7697813654344 147.3107989527306 60.09892218675778
152.015613981138 140.9345606386137 183.8294234413906
29.2374440068723 73.04730609607257 162.276054462274
196.7948881793349 17.40997646107678 129.3962171755464
14.30270842253742 102.2113889777655 181.4685154637943
73.16365916833882 181.0540201582581 9.803713967990701
90.37398780886052 105.9839541201468 128.6643726102719
178.0094009740936 157.265176548919 154.9698735750512
33.85852978237877 135.4114753387176 170.4659187991716
121.0658878293818 198.0340248669399 88.79423310997446
179.9907833505326 58.56545820783537 152.4503522933817
41.33032703410414 75.77614875842387 65.03379974777975
75.56535089651288 173.58404518251 45.94095013018094
36.61005323640205 193.9033233895977 96.44548927782444
152.5867492702536 33.52841557984849 43.56286745763581
101.9698597324252 139.4277144197962 78.28829869858195
129.567238399376 112.6920724877714 186.8274133311769
110.9601860262878 8.00515753486868 33.50239849366023
90.72207252653746 62.19273487636023 72.58037501816821
65.48407567978229 47.58805961944741 83.76508185844338
94.34211806479451 96.97918823094921 152.0635401932744
137.6565243419713 143.1422864512989 121.1494830624824
125.310647490633 16.91356084249387 17.50753977235926
54.19284605517907 141.1353218167713 55.01564633092173
9.429712281715943 190.6265993707181 148.2960531808762
99.95308801643384 82.21651996285337 78.93411790752405
165.7422388857053 163.1082285487336 125.1691299480342
36.58638529662691 168.1496496091447 43.48811859086024
182.9666242478816 168.8634052285223 137.5345434379409
160.2831416162744 60.49114767187418 126.996343388992
59.05189304933588 168.5802504006376 15.32749553693087
11.34700858263124 39.88112881562699 156.5808372379342
47.99935306549914 98.46899409091017 185.8260492537409
132.3537249284184 28.22331915252921 101.254869795047
89.38862041845591 2.416374211755725 57.60010642299064
156.302136196671 177.1621159622036 116.7006202123001
181.1652099766025 120.0859165746003 108.5550996776941
109.1405483009719 153.5413911503076 62.21847671226475
32.32924662311766 131.4155578069929 51.42608627892815
195.0585780664144 96.1685787632647 6.015052999328348
0.1402397767596576 5.267217103113598 88.41225121234976
164.428007891758 177.2890379629441 5.468329590199154
164.583164119865 126.6633028411758 183.1986491268935
191.4493324087211 147.7593372024492 27.53388269322988
188.8665584745937 50.94851913996322 116.6319286452407
186.7101110424238 103.3472579658681 74.47232284586705
145.4579229671625 16.27790855523353 46.75562760264679
122.5440304360693 39.52033819130366 146.5308019369034
81.38766560323904 168.1520920219774 78.15341466276806
22.40176810723356 128.9820586386089 156.8378791391516
54.39975319826827 67.10951902741246 174.9693578362573
48.96413637512557 18.86711659566226 46.36360823999649
56.46557695256183 97.26992547468835 38.28246894610972
149.6592918414735 129.8502025168508 81.45007907416783
12.03793085822365 93.4599784523719 198.1005295005031
159.9862044185684 4.21160067641432 50.00038446234373
4.705948513064995 22.70650831010184 160.9688799961012
99.66554962417858 1.152654529115002 122.011513278657
120.0951997912461 157.010895106141 21.49895793974684
9.429511790281881 143.2722703254644 23.6726965960095
117.204679103667 137.0371275096081 67.21727048050468
190.1156096280027 73.6590117796673 142.3716122945144
41.84466932181063 38.94380990790608 199.3128372587112
151.796466628279 86.23562021873437 0.7650092252916841
68.85359158961877 59.2845661101821 114.2886797789219
60.06663540053319 118.2463122515212 129.9590825805342
100.1498233397867 192.990173775206 18.83360947330791
163.4295286890828 26.95707250779216 116.3135385188248
21.50238832405628 129.491313903608 66.83157577769232
158.8882053315216 127.2933280905686 100.3635982185947
110.9221883005948 17.32603870328795 197.8991508237069
152.5496411624543 9.914746998511186 191.5047165578767
196.5654656765393 99.30137793404498 187.4070226695328
190.7234846273101 48.04352957115307 18.99707705640172
116.4540189191408 22.2576361893305 110.9990145724767
130.5272316766373 10.18669712488918 56.67097634173227
111.5322049744628 125.5003388356446 103.3795887604254
194.5956379070407 149.9924219523924 149.4662730103067
89.56769423328981 151.9289331248535 45.16629642545411
29.76994059210347 133.3552338871281 188.8340940891448
119.0408616776488 141.7741508755029 96.59565862558399
173.3638160441478 95.4451799004659 131.133213611881
160.0389423633258 25.22410547165239 199.7402868151802
150.403609747245 173.237109763025 134.256590371934
114.6089611660965 17.48073367434442 49.4782393220699
84.29960856271978 82.36231651080671 89.57569101809361
103.7804414870323 79.35663346146659 97.24968861910746
114.6701420697132 65.43933805738037 104.0309386949815
136.3615002462576 40.57884670769813 30.73281678732237
149.4763026019025 122.6703047054322 20.33764786852855
84.45127073469392 197.3216895129002 9.184042828729959
172.3503695125588 51.29745715894871 22.17923105438738
74.9406914752978 148.408019959139 103.7132961318951
9.460687275122446 121.5605377131908 122.7266921049731
179.3913709982236 168.9142207655393 173.0841691078539
64.08413480187751 95.31318748768199 20.25032767123584
96.77184735802274 77.43080200821358 182.8070026077961
75.2469643390036 104.5361458049394 92.5073589205485
91.47092396622706 103.8038788636045 3.130471078003839
102.7401786631499 70.12645196080703 129.5344753367901
111.1206041512505 90.22662091791133 184.5610224521103
15.68540674808853 18.60863225314391 129.4437998002741
4.221444051230666 190.014392053082 166.6615701753649
14.39722241795893 25.08535218561936 31.61214895176856
32.63130361923532 187.3529326901885 130.4682039800814
74.3914513510622 16.02220042263168 150.2574711277039
148.2893482983003 92.64713431692805 104.5756238935243
183.308433592732 37.97972047551087 147.5733726552871
28.74741757248109 125.5351214645411 24.57822819925281
41.86088362899817 147.3189988497741 96.01734232934994
60.81996539340911 16.54681548158873 137.0717764974302
97.35905876490122 17.55689890744419 110.9733271270105
30.44460933731984 83.59467173872001 131.7526646314014
154.2056042934722 190.899377324741 62.15296407053535
140.2287052711505 165.9396799505034 150.3453736399938
165.2229992213361 92.0839858299269 95.10284097239385
141.0474258387845 101.1137316438914 141.1000658001064
107.4339300979624 17.67879743352226 126.9967248669165
132.3607028429323 66.34334072680002 97.36338784692964
13.24399804176731 75.46756241710432 121.4574538579062
175.0296696995972 4.232479881409112 152.9113101045928
99.68196115079634 60.40271046037903 93.43030495968011
114.3562398299273 139.1053238124598 165.4453239473465
83.19718297542155 67.50702567404301 123.5041953691562
186.3266003638633 186.4814888185434 131.488155112305
134.9099767616594 163.1044743434005 42.02727910485754
11.18532885351167 127.0737223640689 14.03846037241418
77.04925793115861 45.34102376234193 6.917128078466961
121.5788015212343 60.02649306296009 15.33049521819739
92.50183042241075 153.6357684889931 137.7513850065129
84.54429688921527 59.56105875770852 156.4396859460225
37.21877920185403 153.998069494696 181.5853149704362
148.9155776575955 76.518203527682 32.20222381828236
147.2662213142393 56.57537853982046 140.1680408837254
46.81861260478356 79.98179613117601 163.3436133075598
87.41886894343399 115.3224891541704 77.57609753324681
0.2584629536167387 20.91664097614706 195.9407947004407
180.2383408278399 125.3729226533266 169.7632936486147
126.2760521651882 37.42332005652322 116.6417287242773
114.2257126621164 86.82439734500375 67.38500434955726
154.9830969446627 41.10684462378968 130.3838108108152
67.56906687517417 133.01544161896 120.7997730514419
66.48894497740022 187.4630441859532 112.597373490794
111.8969711131563 183.9201990591236 100.6522652250668
7.093133432974438 186.4678949733737 185.032297030745
185.5471868208049 126.6636144281125 187.8866766938574
88.50939861869229 177.4155534748712 20.26892698591056
85.11450193217709 125.3124898577269 171.3035071594071
176.0068418531912 176.6929715506021 154.0644547005998
147.9517649523263 8.679266120763373 63.91275487142107
90.10868719661846 160.0895617965839 116.7311248136811
141.1756907497449 82.37973244675987 15.952143560888
14.83782033982762 33.60111854021663 77.44814758739732
44.30745438745303 123.4182009113743 160.2037245594049
165.5280346083237 97.48851524042836 76.96394942683581
161.0650323658095 81.30575167040529 68.21596535383809
116.9746855243323 38.72393622830701 190.0151883954287
34.21019982026426 13.25060996583945 56.80840788422486
20.74495116830496 158.0133774185542 197.0458160732615
168.1695574029667 119.5547743355114 85.49217627076418
68.82166198493847 152.4266068385379 19.45017747384711
143.0240203812183 198.2537906417977 88.57503600775958
16.05754779056537 30.8617561827422 0.435396873677785
17.53368623264693 143.8178903049347 55.1165340379191
132.5271247666694 87.05625094494491 175.7946374755777
36.83035115981696 74.20199340427094 109.8412807936252
168.9180493554399 72.7754047529281 142.7976219626729
123.3278741610299 18.3192559642775 148.9309643891318
90.61507285611458 47.27942455258311 59.13992061142524
37.91649016794924 192.1112768708761 163.0760598708848
154.5834824237403 96.08256639549101 128.8626715292076
147.450723823798 191.5526058559757 105.7148513647218
49.41848920228114 4.808654660769499 127.5563930406041
62.85738700901867 59.62536903205006 20.19572900825598
73.55569825888561 193.1115212640264 175.1564976897847
88.96583544081756 84.63951991243619 107.7789385674926
178.1536448465966 43.0061358482851 130.0684163667412
66.58466923144196 51.57132636863204 157.881652762995
51.03016777387677 28.65653368467231 186.3480614369054
29.76216937742313 60.82591417664647 69.43243636417621
135.6780952031271 89.66055420675606 90.41366768738717
34.37629453913294 62.03182717460827 176.7871977371038
2.986329436360724 44.26505465626855 50.84394948910536
190.4222607484326 128.6598534371307 48.29906215949144
59.71603571960792 8.227550497184716 159.3205859870339
114.3156185822085 171.4147416773649 32.33523587612666
67.47755250913461 30.26238158660727 125.8514533390306
198.9421245350713 187.7389025097269 19.51329550059433
171.6213621387595 8.809293389010511 188.4424818733426
184.8629389438302 98.94942041028891 55.80822947072004
106.1218834403222 103.8976547517339 138.9595550504202
117.6396923246446 93.64548697491182 165.9001669012593
198.1816440593092 30.36567386849986 69.06284280746023
119.3371897912941 54.7049244171125 89.15657409426474
105.5378995036446 116.3505511235718 124.0980519613378
145.0808315112886 35.88047857786515 115.1211807596851
172.3376385568737 58.26042759842931 47.49533268070613
183.1589022281985 75.09709656415239 17.3092274055996
150.4290140228986 29.10621174652744 77.277323525672
28.13947314461127 160.0548384592723 120.0521121032265
59.82735992222231 90.20551630101113 198.6306646819201
187.8063415760546 93.3392186977453 143.1844911560686
48.0319141313893 43.40730571202248 174.8705197025602
55.71857638084933 132.8679974659811 106.0418232286628
150.2534121004395 77.59278315969173 90.93550722232752
26.03597212973286 18.96305969880726 73.13004288361535
30.49156606439204 69.01555617832527 143.8243037160877
101.3465480430676 197.1900266155552 91.28903460897025
80.49948034015269 161.2806967447375 31.43247356973869
36.03259150490145 95.86720507094786 78.64707860418459
137.5057643411467 178.1902481220557 114.7058694384056
58.34930315753258 18.51114383635414 62.79877012894931
141.1509965448508 144.8192276907328 38.23178878032989
42.5812314292442 56.42654575751712 134.4763456130532
49.09535335649553 63.99620822564121 32.74328597042124
130.6622939261014 134.233922025288 157.1553301612409
87.65223890076086 146.7699897459688 21.60447678938443
166.6542617138999 115.2794871362776 17.4115577086238
32.25484024933911 1.408130215724705 32.72547268942863
58.16582994496814 110.7088960228034 97.84135384433814
78.56821752915634 185.9245550811366 98.10380847734979
169.3787539370593 43.24315675883652 159.2563848765525
48.17050060828438 73.8966802068642 139.1393958355572
158.501054728982 69.70684113781934 53.4780146900371
20.54350543206098 90.72655713010026 94.50412183754052
23.34264242109668 27.9426192400578 165.0589738407071
89.05745615430216 38.62548166841268 19.91613052610946
195.5899654085596 4.396647376733937 157.8907645506825
44.86700165526911 113.7697614363316 113.1085690094729
77.49035887979126 71.19711068767408 176.8574500406028
164.4984335254881 112.958528993672 163.5022913914669
141.2978502904902 125.9242538942545 37.09674050264812
104.2984186161446 152.1550903860683 174.7665621143035
160.2519632327543 129.0407661968647 34.53718481629802
102.8265861536274 189.8260602820731 53.21635330665866
109.1189701557989 196.9747586562672 1.431263352157891
154.6289573201125 176.4176524076404 96.90594519590579
22.22510828444322 186.6172069601594 173.6621774322036
104.818245676586 184.7974230852511 186.01996445633
156.6588911712834 34.72256772731419 148.1250386467668
91.24885469087998 99.19126859566242 184.7725095056493
11.80517869071077 113.3420483961003 64.97856773816859
136.3413100104558 40.4348981600313 133.603464599879
185.1954822234274 113.0792568258326 90.63724166148154
168.23876820176 179.995361937472 133.3505291935889
39.22354777663224 191.1158124344867 197.7353557439156
117.9789401122864 182.2665503720755 172.5935413213671
183.3759370106617 138.6592743962937 62.87792612262263
34.36975251111957 40.24053691981548 105.793408435936
53.19486760958505 35.42220533535257 54.50975926050322
34.71734631792602 162.661788006486 25.46941041695213
56.01994589612878 158.5241682141526 177.0812577336829
53.86597893799073 175.5360787676885 53.13626525227006
22.07588641342957 118.5425077084135 42.07237905177312
108.7934858369727 189.28250184041 35.2610111961335
0.08900834964819171 72.68725803664726 37.41662096771535
17.61696417348029 183.9409858881061 63.98488497130958
199.3819592330874 85.22495300926755 130.5949868124136
196.3390282922404 20.68551271183366 28.02400973689902
179.7775164276312 61.7792216999852 131.8677991864724
198.8196870481019 55.34720980914431 185.138043390488
97.10150984274655 67.79298351063129 110.6659790879356
29.36229502664408 58.25257229562587 102.8211042791398
194.3402497301204 5.843464165903906 16.4496259314967
45.03620123163913 165.3546904288533 113.3689058084431
15.22754651599425 121.2961686198227 140.7768501822114
28.4193800252354 145.102397121837 22.25381324257058
2.723274502992521 141.2036468370955 41.25368051405718
135.2438149236832 142.3997416973086 69.28107674897382
64.94644482213639 72.83108360411632 191.2056429817871
140.9214402735264 16.15692006748176 177.9340614297559
182.0391522957034 79.58598384748413 125.5225698190233
160.4823791710195 78.43340826764127 107.3308350251405
149.3969021161993 23.12745466295436 128.4269109838751
19.00265873543822 74.10263087747876 103.4771562884058
80.4770623450141 41.41159163304085 74.00636521880264
143.4568319336216 53.48553251680877 121.8853967891985
102.3978430042305 143.508881446917 33.01748439189477
148.4357509443573 103.5874071316396 159.981255338926
86.02606335521331 25.65319009668768 161.6665529135904
69.74717343879672 78.17429447477164 115.089518665309
43.45018461526631 22.99103359984063 79.36226321138575
42.71733366640185 89.9753987618043 147.4992555765233
24.28212527198658 148.6164125166714 102.9183453713132
5.80675239649988 89.7592459912682 147.8126808890946
175.6668679188533 37.98234708846 6.785064210588462
92.74588658251194 133.3609837977519 47.02475626084025
57.18095151347681 34.38435484029369 73.04131517303627
60.06210878577223 140.8787118647252 73.0773850832984
85.85757709879941 43.84265545488631 166.9021632524251
142.2243467299262 197.6921250090858 48.58395777604416
185.2796347708953 35.73955589626605 166.2651474846564
137.6800767188732 98.35580420809599 120.6544937993098
86.65211170981628 182.4780928966507 196.5985241460276
159.4446830073539 146.8183077593758 42.65443975791485
40.32474482911035 124.8748032341171 98.46837128371136
97.36325331615224 124.404218974347 90.87442738369809
147.9143876975472 110.6213866941257 110.4987159398366
161.8933834921561 65.49357306769203 192.139289230409
17.87946422965238 159.4022901572428 15.71519853648544
15.11696241559156 176.3094420585296 159.4657325693953
108.8411701918173 107.9943066807266 157.2387155907718
186.0545804273664 20.40747580312397 96.92623510693026
68.79153741898753 87.92738434783988 98.89494683032453
107.878822995949 36.58710923146321 126.231285248644
184.0176761087004 177.8532733415608 25.8939505038645
187.0329484653648 48.02146785293723 41.37178883562181
172.4637087457442 12.19013998998076 108.4585703173185
145.9180845273616 153.5130671748952 55.5303481094239
170.4154690433205 64.86938551011393 67.36989930714894
160.865983206 4.865614120980248 31.10306595172982
87.64217818262443 139.1665757455957 4.270183680725202
7.900282828039717 13.54552444037765 73.26071798225895
153.4028030701345 166.5911480894267 44.07369286256143
166.595703551672 110.0674863741129 101.7950404627478
199.4067019588581 115.0816902612118 105.4462918054707
54.58641261865069 0.6264388779855392 57.87426290408482
8.119635521922357 5.353035688723437 184.2996531143105
8.834408339503325 127.218318772438 52.4512936718463
143.8776833365612 196.6244871343629 29.75661961527694
67.16492290723224 199.2461160674495 132.2186741589742
55.73745568194305 145.9834469647304 127.8785676247801
190.0145489091324 64.0829906445785 50.93555999078011
154.4191058293787 189.7424055594454 15.62019395960015
63.6381884018661 82.52906981999155 132.4673790673085
106.2969200490599 160.1444996477652 126.5429441723898
135.3690803207891 111.5494506895651 26.30157747136861
37.26986702575779 147.2499624698985 199.2712859014306
30.74999382538702 29.00394698430008 134.2709183148096
95.23248223525817 73.6618893493234 163.1668997443579
176.6779642848749 151.0154735765963 137.1521960943297
52.59453593375301 44.83782286190741 26.05284626990728
122.8536523428513 76.87087525123631 36.57441920606252
32.83504110239049 33.02558372072433 183.4860710289662
87.51958059378795 51.94614270913949 106.7474300786683
182.9439438167825 159.9844218684401 94.20406188644526
126.9541101384754 53.9747084258139 184.9022443527807
91.70777281253402 108.055552676568 167.1867204463754
99.34825920790529 158.1657966674579 77.74352201655967
167.9635470168204 187.4905647008859 28.64887951868575
80.13444220721638 68.80656155984981 102.3360974381532
60.25931853719577 144.9927766680124 92.22150553803334
138.7039072862919 186.7071478763698 3.613174025550371
27.64132826374959 185.4758729039827 148.6299350219012
94.15474010532333 85.36559691833814 199.7923629228796
178.2103572488641 195.6525486594722 14.98573687656897
183.0722100769938 101.5086805694166 105.4661409121221
134.678157468753 64.71607803252941 28.16337184648376
19.19354965011326 3.242713237216701 84.42564051808662
25.13104750172942 88.41867832033715 114.2369336289076
163.2424736685702 164.7929857246009 164.1086595536484
110.360138526353 12.40810203571808 161.3887633235084
171.955631070741 198.5463526733427 133.9629167060353
24.62254684213535 185.3437711934096 81.51425052979614
118.4497823797939 149.9554007199313 187.1435981220426
16.9486998709425 55.20771434770664 17.970550170034
80.98344438141932 48.66478688003291 124.2056820348717
15.04404171943505 94.87833514936378 163.5227885949597
167.3730164273982 165.9561745237046 106.2030615901408
37.09795625953956 30.78640282253254 63.32574705176598
155.4122378370603 191.0126901679951 189.8920139835813
146.6650951075124 177.9154227207384 30.48458146721398
35.10232388900458 149.6151692944439 47.02572589621723
71.66407973721634 1.812504827751134 90.47351773927812
197.1559407687616 170.2063007015351 101.4226120922275
199.6778791032523 29.20649094017529 143.9171856418537
166.0076644411384 50.88055648629097 142.2670618834783
59.04366412701375 11.75866865841492 80.46912677007612
137.2343501583888 166.624228187921 66.06714202595744
108.8858596858201 65.57436800394272 77.71771933574988
126.3118751273302 192.5092488766719 109.4148022310753
129.6219711170394 7.070513767872702 36.53651122655813
23.33451759881372 181.7322309581142 193.5208898664213
43.91553876196588 111.7229642525626 85.33885746762913
41.03068045562502 135.2518481155326 81.45580896405012
87.10102246541794 5.273695742574522 100.8658990004934
28.16534740244981 131.9970219134438 111.1068923921032
91.0145508147304 112.4857152723831 59.210978171464
184.454378018763 5.256544780570013 121.3814479035755
95.26367268451493 189.6111485192448 107.6720339598408
164.0620272858893 34.97244668244579 28.57593298460899
119.4829868772231 49.14674464462172 30.67780508940064
56.64268191393716 126.8731206428303 88.11087281739816
108.0311371314623 83.92581881361227 152.8033863728372
198.6226993295452 77.5894487554134 6.680916650991517
160.4603425950092 8.570386177821909 122.7521516709123
176.1149364048074 76.635865752344 53.68202536492057
50.22107310930683 103.4993954772234 136.5866655027351
48.55053546746317 55.33135370692413 189.5620511280048
166.9329822883106 73.06026396083219 36.86501552859054
8.282882047462083 55.71885666512813 34.83592313657702
10.98561508628079 85.57882830046182 45.98004926335059
157.662394660124 113.0828129770966 145.8179241993683
195.7090658949921 36.64250370162488 126.9694320102302
24.29912546812486 86.09200786248937 149.4812325088392
122.5622012213659 148.3819025569872 38.16349633170466
188.211581461268 196.4303493116972 76.66810905478489
3.651653836511079 130.078010922094 73.10814810540748
180.1504713203581 102.0198043146552 17.97871222048374
193.1062255008036 168.592163544275 153.5163157696585
95.86593210136905 171.2062217947294 36.56580059279003
75.12099906004454 98.66134965017612 35.38552648651391
116.5064047038015 87.89937220755318 86.14373171564635
47.11703714474229 129.9616311967023 122.6521173498808
180.0842237139404 178.0457923220387 99.09080497247042
186.9323009435936 2.084493881473215 101.5938782128726
139.7529065035425 144.7860550061586 87.54254622448921
147.7665116593998 173.7782560552837 193.1705651228018
189.5400537776372 13.53067286576571 68.65980496251375
0.7835357358619975 169.0960500841382 25.21526891377444
149.0653772182523 85.07618485653734 163.8765208930622
52.22579710334313 179.4914608596065 103.0398088105091
53.4025327151064 162.4258370354345 94.93899787888679
182.7209070515107 157.4714732658023 60.87655615232559
1.876521701851435 97.1574848919458 64.86695341314034
19.95663360732012 98.52614589252856 56.47621983255731
69.26485886602701 70.20511387094429 159.8388588316023
23.295623659619 147.8730259568244 156.0918017802157
168.9861641213281 20.00094553770263 39.06030815797484
72.78015327762012 154.2253738744922 121.5955785553644
196.495568843981 67.38026961926647 124.9794303838329
37.23629677710555 99.78143591876821 123.3262362783405
185.4625870299087 125.8858530140283 76.69099479123105
199.9078519936711 64.5407241461598 20.33257885939115
0.5755678041569392 172.0852398552354 120.0018614255943
82.58370228466663 177.3120402303804 114.4753731316639
167.7173883781325 21.77138705874465 156.3898555851283
137.5122700031121 91.6965185924315 32.01807446729212
163.8717290495708 1.318626825966079 4.003614829931156
199.0014717888935 158.6063024918101 133.1980992656365
175.2726891338208 34.46315728609055 103.5971724188153
99.51110077059063 88.77782543251648 129.6889533322457
199.3806466888918 147.845993240592 58.66150929049952
78.63875992256244 85.70712162783705 188.9562182277119
35.04158507299344 51.37395960308508 33.95698644440287
35.6977083538291 183.4525407275669 112.2015938536303
88.72607313083996 85.4227037532076 34.92248488116095
133.8505116015172 11.09764312456982 134.9568795941146
66.94318785155244 179.6853283432864 84.52928254023625
177.2080071370756 4.067302174975041 57.85722966450817
139.4426359034935 1.873618465928546 119.4069976717145
121.842869704224 120.4894469395888 166.7282899765038
190.985543414484 113.8891638891751 0.7528018166984414
183.485771845178 64.67947442764195 33.11076369361867
143.5735126532343 105.0137075489416 10.5461410937191
29.61419956698387 45.26380032254894 169.4083583267018
110.4772694918754 139.4382813097887 49.66515887198974
82.08488991098396 55.10325996576939 88.89131586707587
101.394742229971 159.7537748391488 22.54437697981426
81.08054302607687 97.56518860159726 75.90379426000324
191.6093829073988 155.3784042515905 168.0008601294109
144.0298069486556 187.2306350078987 174.6629294263591
188.5712748188855 163.928730811152 38.72426374725062
69.36685210278603 32.94118546212884 194.8579241695363
99.06044070645528 77.78964833804726 60.55087000950038
160.4689741739966 106.0451725405628 2.075134065932229
83.96553971628029 177.3416250730278 174.0493555926478
50.74862394437058 1.373698765676912 39.35650913951572
30.70393787366281 19.1403344481513 39.16438757542426
158.0673576268609 147.7622505299856 91.2911929986242
37.61724076583231 45.85020506369463 51.87774040649463
124.7829753069114 97.51912115709054 19.27423414119511
31.90083922182408 44.84915132268991 123.9827587529307
143.2357964081215 159.3902205531704 25.43850008351734
126.6746009746373 22.4099603321031 188.7166874054271
133.7995458760623 19.9020677916176 118.1993675030197
46.71353548891963 153.087970463043 78.65328717277967
190.7861497572053 187.7406475189481 149.8408164978793
171.3926973535549 161.0777058331616 46.14740264721338
193.2963854287771 116.3177299383243 62.36023205848664
140.2705212190834 43.45048978732947 151.8734845096036
68.15787110331264 196.1980554820673 199.6134824049032
64.4359499481448 168.6454697374602 112.6095419239159
138.5063292592318 70.32310240856843 169.2699377415213
173.4224762852555 9.979078211726254 77.92234819953275
0.6515842805250894 84.14224239924754 87.94026954878417
101.0322220544191 128.0453236503234 63.19302587684299
41.19957854295512 32.63242914246965 160.8879782620626
140.7058488234452 156.104266466794 183.3026415925608
81.75515183525886 195.1629374336054 120.7201795275179
123.4712561484983 82.15202072262117 102.7790393098983
63.40549532576872 187.5623426246685 42.05974116008801
127.0000611778602 153.0333497104818 55.96742797791842
21.66627864188467 53.59998051611589 137.2852662727393
40.04609907595857 146.0353812356453 115.5845133820063
153.8672159448822 65.88501097234465 76.50593776022583
92.27615577891855 44.49425231682527 186.9149950267954
105.0723646148612 79.58281177192879 42.46881934518056
12.80723436016135 113.4661587186942 166.3214445749086
74.232262088562 8.743780407171588 67.01103555577924
108.3745510505127 108.0700842558958 176.1623140731904
72.21849642766567 165.3269918795436 95.67641169859282
49.07466312707076 132.8737106215823 195.7660315747858
6.392530764927512 191.2119531854293 77.38135753159597
143.0373578135192 3.888806624732235 10.27188373439583
128.1658998014456 25.75683590625529 39.18266879174278
93.05226460714574 91.69679110950538 17.59627716361583
173.7066157734728 142.2067302360837 31.0956584624496
51.14666394920071 114.0777017365345 196.6059585432614
72.08505665163786 128.8922875770852 140.0044114930416
166.0748393646739 45.69236638324209 115.746263538377
107.4226693642415 10.04548354726134 15.01852250349862
80.96654858179431 106.2187832711048 18.75167041423394
7.98306702206543 19.40453296377682 13.1563587872132
26.57656643032022 112.2422918143491 77.76258184499841
63.18424891454239 57.01223600955004 1.45122567050718
7.060634951088256 39.32630148946604 15.07556337688077
71.00129072750097 32.52115743668949 60.24019060166273
93.17189862999652 138.6696861162743 182.0234754227974
37.82108673271401 64.69278498281689 50.09635410632455
53.49792360224292 194.977359001199 185.9211142409437
54.64769607684291 76.35146356909198 103.8227249825199
122.3677262202628 115.7508362313733 115.4567201045724
164.1375007003038 165.3598298965757 144.6334600982507
186.1877422020249 24.48720422762789 115.4099237952128
154.8470130401407 11.15960807574121 81.3661364691875
163.118161041102 79.42190262492598 126.0491078692732
162.519128066396 132.5260940428687 10.7957006932464
76.86160547121068 92.28464152989493 6.616207551882182
171.1276334436456 38.72819526290091 45.72729310140809
4.678612961926054 108.5340319247894 149.9524605540087
19.86287842618265 41.45408748183586 39.39253136261969
122.6800870066623 78.76957900466753 17.74190394768841
173.7908165704299 147.5793599904758 12.94476779832703
194.5442859353783 82.70759260002609 54.91096862518091
165.8876757141326 164.5526527425166 87.38444622145687
163.1967668108146 131.2388255231791 158.7664298005317
146.6686659219394 77.57988111265124 184.7301496032361
130.3244814751453 172.9144632654207 22.34485898905167
41.59565777175987 115.2053416316605 44.34737085623442
195.1599675779245 132.4440615074705 111.6784842156956
82.57897821010812 8.210697471270567 168.1626437727353
58.74686951490466 40.13262632060202 8.780423316081457
107.405255819133 158.1373681240161 43.93740616753782
194.8820402380196 187.4247184599041 91.92384514302123
59.06443826053418 85.18219950428214 178.1225163630357
107.6271589098996 49.32319297603961 140.2314959262492
145.9668834848993 162.4036448629117 83.11811064583033
92.3308259438697 144.8423371779251 62.5003275330774
15.58262901493276 111.9334006027917 24.51402583996216
152.9815396571237 147.8204367302386 73.05841858757063
101.3207069220657 99.89286053814757 114.4733095583035
81.46534399503135 119.7013841211175 5.475005028705505
82.07657132364798 117.4067780764007 43.26832071848236
39.95456108201645 173.2814514480045 156.244396199103
101.3632243510365 116.7885370279085 43.95895822318106
5.262662709808986 47.9205811852982 69.27713960870717
20.31432080199925 31.49441809087092 116.0127105098385
154.1478806891155 191.7145406700991 128.6137800060374
56.46379482155806 46.91363104095342 121.4846232360484
132.9770499085133 179.5036662008579 161.3792071305123
61.40444670505546 31.07855751948951 36.82207975209835
108.4260415245673 105.814000657549 194.9568328711707
27.16017466731948 199.9691266590094 186.140635554549
114.7791355487596 105.0952836825759 37.51017533855414
123.9891027525261 99.95627061352242 149.222668939826
91.21434052638378 190.4767095074015 136.4328349673947
0.9729582111585537 38.35868244412098 32.97252382973107
21.79995080896805 56.8359686822068 155.9354305876842
186.5206570785546 20.66359403111587 154.5108428221396
71.43522275455116 43.41964576030385 24.88996897789714
51.80535630851724 3.872260255244096 5.273461490733924
48.49632182243186 158.586579444126 59.63294580271747
110.2582526089118 61.09784665468524 42.09534275510609
69.08871119976125 116.2499846508987 29.54756456803509
89.95084414013127 117.8000795557257 187.9922043821783
22.09521920612014 17.65255766810921 180.895424754293
12.15485744056818 71.71767391014693 139.9789260650602
50.19981992407508 140.5686722058112 178.508444004544
49.23915160365794 196.6350599953568 110.4838418369726
22.95360356217679 44.11154898266756 63.72218968362037
67.72703232924387 25.58372332283528 19.75916025669641
152.6540341219304 184.4664376838485 79.88766394327925
20.31916706882764 140.547027144387 4.375831632206438
98.80660968002709 97.77262997534373 68.21292670512778
35.60213106709536 199.7851156061159 14.16677617302522
27.25482573309888 95.55096221662167 13.30567832421337
114.4324213323037 168.4521796685398 185.5261975034179
132.2536264791504 174.5612018761118 182.3501613588268
106.2116938393346 107.259328538899 19.68406939695314
54.52165268704873 122.1549991076746 179.277867471308
11.86341694698243 147.2468203862937 73.1242358563466
76.80893696510952 116.4952081234797 120.675423962919
171.9684660238181 138.8474023332234 195.6605942800394
179.1550716857015 86.75365426404673 69.38842590176424
182.9595775159336 34.03330541559306 29.08332395168485
163.9081053867162 147.6073766890866 109.2964572788609
103.7124870326822 66.12944105954364 148.0118964770129
135.8991597632705 51.59671117133914 168.3911303370132
28.25829417935461 81.91743990108337 52.80191148390281
197.899504261509 127.108626568363 90.90748657547771
38.12228717538586 143.5897765550544 64.71370640839369
167.9002686466214 21.69930023756259 91.72157776182671
118.577903155994 90.87802744529111 49.41484664576448
120.0292543846357 196.4641705498674 48.93816765863801
99.31777496006509 90.92112291869101 169.7780299533889
72.82668808415038 13.26770520650371 6.322157735930221
28.24732137061462 120.5778808637521 126.3023556415561
170.3663149437124 192.2955058346915 71.9030332850067
135.3538209788457 115.0688179210806 152.5501124592068
185.1015684945394 146.617569261788 45.55259373519514
123.2551441617156 104.9591703807812 130.9817990706084
197.2190195849691 183.9932705915202 37.98867386131233
40.56340194597762 134.2388037422107 12.61893001266219
91.86119478590524 8.872447232565252 151.6784908015053
115.057288348603 127.4494393454619 84.88450950461826
63.86898232388319 161.0673518416255 79.23044952336679
109.5466993845626 92.47515593482578 8.341948670076675
117.4989800688532 72.84079477346152 55.05633135020743
177.0967079938852 53.23382567435299 101.982380121899
116.7477181810548 122.2162034115346 54.39765196140116
8.140380338125787 158.713242209632 159.4053134431644
172.5673999320032 120.4813685012743 0.1996393877909946
2.329937243541647 24.06489567691672 87.97957668367334
70.59608030878545 40.82894196901817 110.4582104299812
141.7237513841222 179.2135755568358 52.66259547447834
60.47824062154777 84.46815639408861 151.0304403533448
132.2865944168542 104.9936133886261 169.7514609916771
14.61735608475672 40.45207548729708 97.33889380316252
11.5390950854873 139.621837154095 143.7613599892418
121.9947783680544 36.03899516903203 87.47295048710453
152.0061815398165 41.81084640438338 166.6303740825329
103.5968845420172 170.3389712938763 169.5557011455419
47.63928789178459 150.8659678095629 18.25436579681413
19.98630949923583 2.715342064382148 63.51637761194625
147.4952247419644 172.4248780729796 12.38974387295356
196.9196397222279 109.6351675969259 22.34379429106689
14.37502727844499 55.79096130701976 173.3163656860603
137.8483677368756 198.3272227550647 188.6949290572618
56.37035820010578 22.14515290807937 3.383110426446327
92.56471019574961 172.4333717208651 130.8706986934245
132.4125204291313 48.05198028346382 102.233006788213
148.8892303794583 23.58961208763565 162.1643498001979
149.1134980034635 35.70915251493816 96.62797771604579
42.0789841911254 34.19345336674535 37.64623716929123
140.2513519591793 25.82188279581408 144.9824847870121
153.7279169831142 111.4749176174444 37.21762875289598
63.37533201104643 194.6817305678937 73.5460837438834
161.3181982663029 179.5980060202724 175.746142955315
81.61022108634793 76.45133732111029 15.83696318113003
56.3059457005319 191.5139097516864 167.5251761628712
128.0020914321805 97.62128429157325 74.59390209962184
156.8130703399434 186.5698997157784 43.91452528472115
95.14141830356893 168.5376546457143 186.5347952626939
196.2267373754044 114.7154258734911 176.0944555658354
14.7784779118442 184.1454386092446 45.05450805896798
70.33926879190412 176.8890604756641 28.05028313627332
47.04784266705519 79.68415210929298 43.13741488736712
93.20563104141307 103.7101722123659 32.97230265962023
83.03705008332489 79.4101380002824 70.92010722156162
16.56151951178446 169.8668315130492 180.4200581257468
47.12004074870246 83.39514697301483 122.7994914004564
85.81353047991868 12.11422755209406 83.26351711967456
134.146447975718 142.1490615421596 194.2796726260096
61.17337438180972 121.4681508833301 45.93031882794458
100.6839396051547 151.7943618970063 193.4065911520711
74.31581633212177 112.9459918252709 161.0945371191876
158.6065531155536 162.2394704576255 182.7934420169685
181.1379189260368 23.14825784650959 196.325737224905
3.10680743189205 125.2574565453518 31.06104095729363
147.2034658591569 129.3508164228901 148.817354909773
63.66031756233795 75.49094889671862 9.903553800643863
115.963410321839 104.8587169820704 61.90502143734482
29.96576314244633 114.3475970290904 59.25878595393824
72.71443826465443 24.48726870122664 77.40917181010686
108.0416735780052 54.74469729834034 184.7435062149291
83.24409408227551 102.5950763263372 109.5533708807473
103.2208682602983 123.8082288989244 165.9928070044025
194.0775760638186 142.285855585955 181.4474445061163
133.0120692055602 139.7507318711753 139.2003923366219
183.1337922355773 91.42350356069576 88.89463370686327
51.61266390717995 65.17447911471419 120.3260141911662
172.0153114864078 133.0450877172466 48.81614539502107
130.6842388965003 82.85805336902474 157.4289087019732
185.9096955776877 161.7766872161168 16.0824907611366
54.76007712972649 193.2964498148573 90.34294806437123
168.6220789957535 192.2489873742215 116.4260955351432
106.1587045593698 113.6074855532596 75.52964265433857
14.23801942652369 60.39151792592106 86.00796281723159
52.97980137827492 101.8380388953104 163.9262805561504
182.7314544715781 114.3932311902636 150.0378319971983
134.5467803472276 107.006604255169 48.53509959325199
29.70199924508057 107.9925966655276 152.157515240083
149.9665113897977 14.03355863464805 103.363640343274
76.36532672612176 126.162733199418 99.35688023344561
12.27814585629425 64.48531590977827 55.40630009416755
166.2054965716117 28.29320519673474 178.0958483794955
12.0156528400719 144.1237344517967 121.5014983767989
39.08779202488126 169.3431825376418 4.209016410612595
8.768002918028923 169.0879524032658 81.93100528189726
21.64683415394621 110.6675647879517 106.8124471380526
18.45152803939212 79.88132659731052 181.0572479015875
110.1233281211251 180.8159172026311 78.21965075489315
87.08271826363283 14.5157469516739 24.09115949358226
3.430133878223423 71.38254137154203 160.947900491793
21.13737684761962 74.59018746343904 6.882547417573096
174.4288262274133 88.16898446539687 0.9109571942044667
165.1766875122581 165.2225477327491 24.69712875186616
2.286196330699794 148.4743853978068 97.24907499748765
46.58144307252962 25.39689523101846 118.3898344101606
85.49074601024066 190.4313702489932 76.49887124040011
102.5624247892478 26.72154348970197 177.2023156283467
192.4039964559927 95.06781232071745 165.3620943498973
67.50133773944566 10.11685530054683 111.2759770087795
42.61897030872504 77.16461020942091 191.5850277517832
78.60960392279196 155.5983590258668 177.8593575619313
72.46762018132863 132.2786814588241 188.838939597242
20.28639254239782 130.658521494988 89.47886958991401
42.03105955791052 94.94952379452832 100.537283735989
198.6200939331864 147.259425079363 4.095909296140263
46.95303102769638 134.9138125444665 34.4045414526372
106.3714985538931 174.9919460523178 6.450284292519077
88.01910285261836 64.78020777271813 44.8960699514296
34.40771472463208 17.48123183176691 199.9752019460072
110.4397166034096 39.75821783995109 50.99530316928738
9.592665648362134 2.928801426071272 33.02615073421186
157.6880101753554 62.7097193113262 159.7838503440594
146.5234016103801 123.3819726118302 197.5122279201543
62.36189705838216 171.2089862823677 159.3435978749878
94.47278788235589 169.7719671271471 96.64833959876293
44.54247172120934 97.00522524149321 57.61635270937339
183.7080337094282 88.3367278049989 35.75710878432325
69.37161154557297 106.1694653848949 185.5957845904908
153.9372912222814 152.6953152130516 3.163507414250892
65.64880748201018 70.26818126740643 84.9043752170092
131.3236509035875 55.92631537764098 48.83916114600897
159.3258974658989 94.55504016113991 23.13388506205852
192.8523936453327 68.98439163782551 72.93235453224669
139.7658697562925 120.466053346319 129.27878889832
191.0822631569035 133.743961901783 133.9865620964542
58.70507048606684 95.34953037825136 79.9444063851796
78.52979283279527 38.019264420164 144.1181898684889
7.377008462564901 89.5309929189654 23.90450269135334
75.41640432030859 193.2345180028104 152.5199901275694
14.74880936607877 199.2524120260561 5.152454716570164
58.63663574082728 29.13329765064392 95.09295461917021
68.88045408248088 50.49038310561831 180.4518229277368
130.6373960418308 162.8547205264067 129.9881400782764
181.9052997627407 59.10646608424842 1.225891301611363
26.51169087784016 163.0547743090427 63.19798417183186
84.86152541402232 32.90296299503374 94.6584445303926
109.372402110964 140.0770184929353 10.8165312382451
65.93524006633604 198.6485953276172 22.27517588131647
190.0400198994809 197.6718281364813 195.7016360223559
153.8121650380531 54.50236780106885 34.90732939229115
154.1761058173334 7.882640530469057 144.5700092580345
5.4253618798905 14.641744377541 108.4149136822231
189.5914002415259 15.93577217499585 176.5140095754448
97.17928996539477 144.0279273806681 102.3090443355204
154.404277198295 146.7140184648555 136.0637817439281
37.81025792333974 72.43610241907506 87.2188654820241
132.4363102207039 178.5583006341752 92.56655488638251
50.48870574738303 189.5348879418985 144.3341121014884
0.5533743979515313 132.1401604849036 162.1824864804325
89.66067741285647 134.4930254547527 125.8602659739412
117.0279340921145 3.307647262797776 181.100961929121
20.21037913723111 180.6982438594277 23.2690277294874
98.84410206012041 192.1537925548881 165.3759546852832
133.8103325085678 188.3940228270327 138.1696393474582
167.5427254742709 80.85567601876085 176.3929792868172
159.8894396620458 168.1988389491484 65.78247510510751
29.73233217999669 116.3071412645724 3.845955645388664
33.42289442645652 113.8887359003807 177.7172696363767
148.1445760248372 147.9809803854799 161.7804298760209
182.8917020487537 46.26001446987374 63.63658245123169
129.6370984133634 163.1805963803212 1.832424894329903
123.5673897006952 194.3005823192451 18.75284928655292
139.5484274498595 48.75234271480095 80.68121038504805
107.8608487284934 42.15984992582542 104.2154093079347
66.25253048070806 176.3857785204226 188.6767312555314
93.6842405044891 169.8972472887589 59.1363748148874
131.783963421145 120.0543719791344 71.42397745104721
124.7946071509702 159.1858871466257 167.3864302107979
104.3322100725804 48.38265188056247 6.228859638115463
126.920736295023 30.75006692631624 167.5886127015981
102.9375403218634 28.057973824217 146.6930853688667
175.0563870749886 21.02894522113456 134.9050671193758
148.7077016817757 108.1014139489431 87.937376987294
117.6082182116718 161.9469757910727 106.9295979033094
188.8933728453366 24.970282716672 49.04876903423835
184.6369717529541 154.3122628810941 116.1340279564981
183.3467918941047 174.239823250833 76.52512651830939
123.0240100343922 117.2186700540899 8.101751527776916
192.3749139923286 77.12208872144366 184.8509081468976
42.84755809190885 11.27799669607437 174.2233810768174
150.8731742685593 131.3917481882948 56.95644221717072
70.21757059660322 175.584224760035 133.4509343949791
111.7415281682749 181.9552277621644 123.2823485087879
40.92215536599819 13.97724903248421 147.9319499346573
46.97358923528257 17.12519224642684 23.44127756677807
46.87964150027605 175.4633227657053 74.75084887138497
97.6124521183318 100.5973698659405 92.0733602767003
181.8572890974434 191.3371596737763 170.4114895469667
176.8671538265116 113.8670020502926 37.6505969470815
107.7449592380893 48.4373306140788 162.9265770108363
92.64576606525272 124.8102542118061 24.57681430412465
177.6184451169193 182.1535523969266 51.89064409936632
88.05038818072275 169.8834806001167 152.9866277392302
6.23686352459118 106.0497195432323 85.75605202309974
183.2635505181024 2.598605722141429 36.01272912595751
29.34842708893694 36.1650604998513 18.07673776741014
84.97624430019393 16.43533908388805 130.1657304053501
145.7098939982652 123.2692842835903 171.024477798554
161.3054184871172 69.589319482354 14.4713782770762
63.48535441445016 30.04071526883412 164.4184595232561
23.57965751448607 51.16126676736074 193.5582616817387
146.4617146881815 21.17963973370546 24.59835097884475
48.08108420807248 111.2777377727781 22.48555990421373
194.6658958801768 67.62631493142712 102.3406693987234
51.82396200779908 55.76491338223407 67.56274705691806
51.57207670716119 54.09442596257953 100.4976859871981
17.91457048233311 83.29578162128979 73.20097035695893
90.3628462716765 26.55739771656826 0.7176198351230357
166.7583274623584 43.18241514764706 84.43233574740105
7.59846205790849 35.09838960566174 179.7849728838412
62.08821247221815 99.54284119387117 117.2290213705592
56.61736910295183 159.4196056889582 37.28449946540483
177.7716876286608 160.7920564764303 194.9016363918909
3.239912125217035 91.75116155464497 109.1834503597542
102.0615367719218 69.16502519718571 22.50889569407968
41.70062498573818 176.0809932115615 178.716672769865
91.46164067418179 143.0145763541354 158.4077996616217
172.9906221838887 17.70800272170113 16.81909489371512
171.7127843123504 146.045791258949 173.7389709035579
121.7314483640461 82.60845275614547 134.7323371517454
126.8286196566024 61.68190262661223 150.1714193603502
102.6623431894302 43.73300991659472 78.28322419621286
63.05989666526214 131.2499860830615 13.59209693116453
150.2476644449291 99.91853981089376 182.6993248173454
161.8248824894547 94.17702893483279 49.51458624743981
44.57374104312722 57.11699557520539 157.0929060264279
143.8234071916091 158.3623663622326 105.4581403409312
171.9873671534164 71.24198507113712 89.11423592729828
199.5195279384674 52.98156003960109 142.2829324092851
35.89113459313121 189.3425813996925 51.62220171215516
136.4567904601906 128.9322003606236 103.4732658873001
122.2362611232231 157.350468354146 80.38168638333441
8.414957624917484 126.0936938037509 191.5149905014245
2.735540397211768 106.6587598882099 44.0973728411558
110.1219374458242 5.318758721967457 68.12937331300529
42.07302371470565 58.34472464169478 11.12435441704847
131.8964916873529 16.43174123454766 80.72293310565857
138.9116969833709 81.11186259784729 52.06846667912492
178.520216353266 56.77294454262013 175.0461549440466
15.87718704707285 147.3449025187707 177.5539679817012
112.783081881698 127.9831023363707 186.1647030336753
134.0201634061278 2.182652168372385 160.8010283865877
119.4520413719994 174.3888419844518 54.26129369428173
156.6517341534185 48.17263261441632 60.46297071358766
129.5586706047187 92.69230114007725 197.5977145419293
39.78226550284031 0.9892069443192227 75.09886007512453
140.0326393269429 75.34609077025814 116.7555151438572
24.52914422189813 71.48402826208388 32.9754319538734
135.5787183777055 32.12572155364097 59.68834506823328
31.59660932542021 168.7558028494954 95.37552072515636
108.7680600901334 29.53715492360539 26.60555271686589
15.79651698219723 100.9243194887265 130.7430702860489
91.53279484551713 23.88704353950865 64.70043502766336
143.2272522621353 37.89013793890965 187.2056451573145
72.27406902935671 101.4405664239228 141.6145107500773
46.18157409977351 182.0611058360317 28.31121221682375
0.8937558315520091 170.4229444908894 56.66836243024242
6.687501425769163 195.0259532794226 126.1802047857945
165.4090036029791 23.17649151432816 61.26486474510227
52.18053152008837 37.081821221061 141.5070487693719
27.77924050550306 20.99928071556204 95.68586429925945
135.1682140260127 139.9650867263334 16.86395787290673
116.0282771836546 71.86254688858732 172.1262436627934
73.06040842056736 138.6374680939259 36.99588167238475
175.7982135772355 106.9328513361672 182.2595076358344
165.345409424667 115.5369087048329 124.2073205246988
67.55132573153709 77.30707086928204 33.65492803892844
107.1247654959559 19.14475863875226 90.52716260702115
34.43787498008574 43.46123315134644 83.31029941288061
116.9322087708203 123.5819204868456 142.3644999309864
121.3835984476426 58.17506217094554 124.4757633156878
85.10417113606981 64.15081797698664 197.0647444070393
19.88415002386438 164.3023788566574 140.7820554069387
167.2665066677097 93.06288341675157 152.8796839234477
117.932371029426 126.9555220809791 32.21429116463266
70.79866071639081 151.2955954929071 144.0316470696113
64.60109902195057 52.38516076855032 44.60335010360841
59.25552006898779 152.9434691615524 198.8542515207315
33.45491406371801 141.4247613050956 136.8280031558853
112.6734062541299 72.28702356861872 198.4087854108375
50.43418292467306 121.5805106193443 65.94327991442269
138.9770537996874 64.08848034485156 1.305612413058466
67.30076820506179 12.94169273859792 184.2932185091297
86.35115627249314 191.8004624211855 37.71323509444337
66.32771247065307 60.42670083939058 136.9660895578322
192.9533634609359 44.75457485486299 88.10370868952951
29.46220568994847 97.98170819788083 35.85444380010922
146.9800749600742 79.21004897674862 142.0321836865745
122.9191763444495 108.2046995691567 94.03927328374087
166.5244226690816 195.5565400154013 94.05204890879102
83.89198625883652 34.45868622669045 41.63683359787164
113.705023655463 175.775961267365 149.9529344291027
115.2812301998733 139.2568641848858 121.0616592328171
45.09665905627658 82.85288267731046 20.72952007513752
199.1541769890242 196.8597452455591 56.60703983383241
29.30569946507423 5.347671574020193 117.0122942464456
71.62968091819785 155.2163103577412 58.70630515239814
80.44573663070547 145.7572815729783 81.83639068253689
152.938099325327 57.76813026809912 101.6961076722116
170.6454647552927 114.9635201984169 63.38446271421385
128.4765567587913 37.99353043595351 9.588971655187262
84.87477537652588 78.20449550384309 143.4692570335866
110.6956014849751 0.8196913599924198 141.8615276314766
91.30511161778958 118.9747859459328 147.2731552260024
16.37557497916404 159.127362721261 38.37959873732379
4.712400943057705 173.0319516561639 3.191106590621891
15.23439073674051 188.5390452122468 101.9499655778156
19.81397874490552 5.760283631103089 161.6794974146678
70.15564173367326 103.7760088983361 56.98174475408294
113.5365990644061 149.6846871619822 145.3605974672698
178.1947470841259 137.7771208310251 94.6263678527028
12.06662764968211 53.113752387404 116.6193121852903
154.1797553166759 44.39073365769793 10.42731177499697
132.7190089673467 191.552783338875 69.47538508365865
63.27475784962235 78.34865600424695 59.77918298895265
70.50085325463574 11.81373801143027 44.81542286194045
130.2400480947222 73.07376148123926 75.77689432902218
14.86328596535007 25.08025210594334 54.32282843739083
75.85626642939019 129.2270010448785 61.64085329659706
91.55262260026805 3.084239671691201 188.3911073677418
77.02968253874484 90.8103039380797 165.413693970143
65.64849139064781 133.8290902335206 163.2814404562502
45.71704311557934 150.6106286022886 158.4509541399076
154.2788415140315 183.304851494652 154.4698989580033
185.3128465358229 128.474295999812 17.21713819086072
190.9878984257529 108.6300381774814 125.5305123674673
158.6379213888498 4.093270392258589 170.411017217516
45.95511864085896 164.7777721889365 136.0560472132408
83.61290015391114 161.5156893715115 4.804118577440304
