3 1024 9.461605289311152 0.6521500000000001 1.4 3 1 200 200 200
2.456183515350534 140.9997368548119 157.0632014895889
193.5118312252048 6.192944100449683 158.9141359172825
182.1157263747394 36.99167602936051 199.0017825798679
10.08309116929805 75.57066328733778 88.92530749946661
25.59606498143069 164.4537231000897 27.40472163591768
70.73099087264984 43.52110453853818 99.93194592666188
120.4651975450311 193.9029601699595 162.395821913422
63.05880759166875 60.80529211929372 100.6214286465043
117.5521434336118 70.50460886550454 29.20606008494313
195.9212252619624 51.84938909600634 196.9230456975484
138.1268280693356 112.5273943374554 197.0243444307798
163.9300797101721 166.7315360803973 164.8154390022368
87.61004251866306 176.5212647166079 77.79822184055234
109.8368814853703 77.73180720050397 65.98687886498915
11.00762427923506 67.45089598242966 38.91480664422898
44.00570347796668 164.9986449237088 135.9655062798547
39.76859841935774 140.1556924779755 164.7632847367889
73.23015826912743 40.35240723830955 81.44439088440123
189.3884181949742 136.5308869119146 84.72602401860338
191.2999383110281 116.6330913155768 89.9344259744195
115.2647580245793 149.427782911019 160.8059379278405
73.43823580053213 140.42729862552 155.7132664796833
118.9964247025835 56.66797507269622 127.5217930049969
142.9269907226204 168.2213581411943 115.5320510383317
163.4153352650833 162.8376908389542 61.31686331107593
68.66674986277539 188.1931736818277 191.0630332064057
133.3691181195502 32.88913973677288 195.5543975975775
102.220003418912 36.55342706147722 83.19176975989041
58.04616417424461 191.0080895800977 24.05780764188697
107.2311516800959 172.3775473902636 79.22801727691551
21.02216172766632 165.9336931262106 104.3925098704456
57.04854107977943 23.4373142624702 174.1628321760302
199.0272015812182 21.49353411368489 64.0689608859625
160.8409291707722 182.1499583137984 95.02630118806341
150.9403849902288 58.48173140335395 114.6584801560123
191.9980319762311 42.77041913346448 14.0696858756393
77.05940110302851 145.5769926059085 96.89644160643792
199.6421647834389 10.02388750121354 141.0805803880368
135.0352820730102 94.26939845913189 0.9169228282703488
65.3383691187291 199.148955185985 52.10069302644692
120.8352298019973 74.57977826198004 153.7325698525064
186.8462664071063 20.38362953292543 125.376156349125
199.3924047311582 43.35983267175449 101.1276404791912
43.99184801825303 126.8451522983413 30.22545848879087
34.43743314695928 42.20673484146015 135.1060138314544
160.576364683152 13.28250228735969 51.93236362440788
198.8111200013822 36.32351992286758 37.17073875097734
57.67269724788292 11.67632275443535 99.7412315767864
96.32067789382094 101.5997757421837 49.15704125198074
88.10280781167366 172.5591220990474 48.68391493041864
190.4618625057515 175.9376382699338 177.518642984203
182.466184009188 81.6177154902132 162.5599215585578
6.818090364003664 178.7961248360071 2.354307001945883
9.793276875506493 133.1000117899976 172.6138271838006
80.68378355019875 71.50501564101701 173.9060699349513
120.7319101146424 40.18661806977158 81.71416729704059
80.47844730606036 56.81217178882564 161.983741875373
97.25773163396882 128.8403124504544 74.56646107679974
110.5495867833404 110.3512792263613 75.44830453538545
86.42142171576509 179.0258485701105 171.7656117093043
83.20740870141472 24.47165950600214 52.46816768816349
151.4508312628586 71.82411443416134 23.27028177611165
120.7805993244991 102.169150597706 114.1497786622295
124.1729705013866 155.5978708721753 25.60437023750008
51.6693919305366 99.10356885169722 50.8394613681177
148.6147971577269 172.6280554433886 54.74759457281812
168.6727516370248 191.6820193084508 190.0005642762835
129.9326713408071 52.75875672681 112.5824776024163
142.7538392699666 171.5271662006665 96.05828333754384
188.7284497812533 77.44864654751291 63.91044202516693
189.1655710601045 198.0523796405174 97.52667735388587
46.94442565837804 93.19734207470675 132.199208911943
94.91230801139233 66.0615305374383 61.88343026731395
112.9433865196917 56.70904947493502 76.7726855865976
44.01328707931182 32.98281887411094 184.0135480921416
129.7976456001719 183.1546472836733 174.8639951314992
197.2319300515749 75.21495744825756 28.52080499406487
127.1860823560968 84.66566351369653 110.8834731926603
27.05864701419693 69.52571198692522 166.4783554771572
174.7527475542336 117.9478227915833 139.5905894361993
88.53337928008003 125.2099208712049 3.231296049358227
54.78244779968428 150.1403291354505 128.83544098212
86.84983529810383 181.6161869702649 150.4982876992971
172.9440097108163 139.8493765661824 93.48126199953307
53.09506697342211 38.33956091763746 94.23248310566716
128.1153065971012 119.0914760909604 36.6313768876153
111.3494935276749 109.2965759034785 99.37391713388064
112.5966321119025 121.1527713678575 114.0682303219748
153.9719527719269 57.59827770399698 190.077253706456
178.9562423949563 131.2486960033299 109.227947819938
24.35782242153067 62.5346144438389 183.854024209397
130.0118191221202 199.5245049157972 73.21028491212579
181.6051871619154 197.7417793897832 12.98750518466364
39.17517114007619 87.98697361690964 77.62533578004215
84.98189893095315 161.3298311545184 66.82611601263311
196.1967231791166 130.8373358991622 101.4384952999523
107.8687278953554 57.82360233132324 187.1156030246188
124.1732974870512 55.17223843816497 145.6607154222145
187.4220738496911 96.13980842270726 61.26178562464965
106.5605730089035 7.696638988179346 154.5975261742897
94.17069499900822 129.8787747476537 122.4157163874119
150.7828440777695 81.17706339398701 144.774667722969
179.1581091837669 39.25494321875875 101.113941268169
152.2585835473665 0.03185702784718417 194.3523447458734
90.06201711904195 103.4733426271831 190.2521889313571
146.7954839887015 69.21314627320589 82.71599755826826
79.8823424042196 92.12215165726886 48.83051123826749
55.66671805803047 176.5850411428131 198.4339281524305
41.9611015102608 46.09947738913598 79.27836645640693
71.33773888052654 146.5153381435446 173.5067244932409
21.35649892281719 35.53686931352814 6.333147338837834
146.0463065997944 171.2906870167506 168.9945159419921
117.4234747865016 113.9055028852903 13.10368301983137
165.3725812762719 60.60198827234505 29.46004573042646
165.722668474119 76.47999578210195 155.3957965592168
0.6829292051692878 149.3219929406392 13.70012633360593
158.5195341916934 27.3345912442055 122.120480384493
141.1642909852088 187.4888785119553 63.78620981696178
89.56322254787359 11.78464324600175 170.0872459841588
12.69973492375477 19.25637578685358 190.5107596153638
153.7316211968908 17.26806909657897 26.18340173797865
84.90315852045485 89.84259813376453 175.9049832987438
55.8615902508336 47.30860382508917 61.013324420872
84.53002271698426 104.2406113523504 34.59456938023883
181.6874132546959 172.1678840632141 161.1822473656165
197.2346877963793 99.59094269242806 192.1556026644716
67.66679595059236 26.26764829447717 92.78992145641685
57.68587562575586 139.6543116576436 184.6709097562478
24.72069018630294 1.104268071370668 29.63856304352108
45.4377628982777 104.7955904553955 160.4462144318942
130.0100261671416 17.40774515439864 8.457082198158806
157.6440434259379 119.2679788715315 27.50418583734594
173.0082053444766 132.0282571730098 76.25031798052395
11.00029331045712 124.8952980890534 151.9886859857611
131.0977178124108 136.8118253127461 74.48701037542786
114.8520139193647 9.567785015811166 137.6909230290486
82.5869140240308 84.19176264862215 193.8150765441095
29.17573774131136 21.84223748188942 30.64278067457824
109.7068018856502 40.34879713867637 66.17921206713291
98.38082560716065 128.5002109487126 103.9690005178693
169.332826762879 5.86271005996714 101.7075527989865
59.90374842029952 157.0865401581035 24.70629821413286
21.06543475583036 142.0610977494245 160.337954839931
77.44716531178875 121.3890486557076 38.31092258027888
190.754127952938 13.61464416846606 48.9836655943212
126.3368997084612 34.54418885166848 118.5070230067615
194.5024866664464 122.6867796689104 186.5793483959901
139.9903450228934 18.94115448220847 184.6136338296836
101.4005110184526 94.59155053257213 146.1782761000579
17.94602374220122 14.51055396672056 142.7908735987619
3.165365225971656 58.42876400844311 118.975065843488
70.45095557762224 49.22685588973872 199.403622919258
18.23402010404387 145.1486491709853 3.773088703296412
39.00804695850317 188.6578755729696 25.10045948935684
182.5017556949676 69.28420262991891 79.80546167108311
16.49278207808785 48.18339879753582 107.6401465099979
72.52941372839891 7.498036949792755 154.6533246928175
56.40940439669731 61.84612436807592 198.111508422365
186.4763768215547 146.1853719054354 45.06417851619366
26.98104838328808 191.508967396051 10.77187583016454
195.08366892087 131.1408219766681 3.498682337704904
22.53710867612223 137.228592713417 69.43973911929974
54.90736893098708 173.6857539694971 17.11805304463127
114.4738907702477 83.819961368634 196.734752927079
154.4754323180686 1.151180977562419 135.6248390008026
83.26701073835964 51.12349501837308 30.72415072979835
118.5078459526697 91.61276636539199 174.2488237245587
55.2267598358938 49.41829587598591 12.33222199360786
191.9238115460794 0.8078925202329869 63.47552119962566
157.572930490564 140.8516366609636 108.6604068483374
18.06319549085698 126.6633032428989 199.4759440408342
179.2058811488041 194.5599151165153 113.2314257060668
138.206690599104 143.6479341312686 29.88417820244999
8.86641079310168 96.48670140019179 172.5134424700005
192.6799359221092 137.0627211196214 26.93558678277884
130.1757781147651 77.34724624441688 169.9550204301132
164.416933349895 147.7242190681419 10.69380434364423
46.96525521055055 62.1619769762301 70.61744317664044
5.069346339447083 82.76113675675325 71.83744048633727
64.95664971264671 80.6834688328109 179.2150596034161
199.7410041218855 152.6107620690741 58.97370385103682
72.84854300672008 67.54015604325794 190.6680142835769
56.27990187821933 8.981738117476944 31.73196342005436
171.8286625567343 113.5317992701105 157.7562838882814
125.2648126654217 87.26995374394299 25.02003373380004
165.5371652786218 43.83684084661409 62.06162170827093
119.6703341755409 128.0904236171763 188.1175633267367
69.40880104926882 3.927692998358979 112.4019838389621
151.4443536510121 196.7440224213951 50.87429330432747
164.1932375165759 71.53988543114653 118.1109732567126
171.5812135286644 194.8500560686574 130.5480887831428
161.1657225004108 181.6608372819275 67.69529814929523
10.6276413112066 0.5008989486894309 153.1933504027359
167.0803584666467 74.54049700087209 136.6120215842869
48.9672034441261 44.13076020493452 169.5480720276412
109.567351702995 198.7603941407951 198.7712107413577
114.3569860966097 95.27854933351603 11.79259077327573
88.770332302234 7.679560902011858 45.74937111694863
37.96404078431437 125.2906304503985 131.9712900292593
164.4542154224504 101.9084174876311 70.83465671482413
109.9663889909028 91.96339366461264 79.87764416045421
138.6370634825096 199.9550282818425 177.421733468851
190.2687089087959 14.86265433440577 182.0807489188043
8.249543501195346 126.6269431769283 115.4053966633361
60.59267155802866 62.84361446456364 35.89523017821735
198.4455767175756 112.7800111347009 107.0270544536419
22.30955549269907 16.27210453598091 124.4635268841569
85.2702241108547 143.3734228314072 72.7888217871341
157.0980867289689 17.15391191048452 90.64515531958192
101.7981147575681 196.4074710494233 27.06648679479149
181.7961105071032 69.13077124818609 124.6238348843544
145.1006355521627 44.20237773353811 5.169957889822185
149.8508712192072 68.85032310247242 130.4490533517571
84.89349136251242 153.9463798969324 47.5514677534598
111.2492707173299 99.70841466500092 130.8518756019284
12.87210738716211 85.68730018595066 30.45437991117334
86.33309720600796 1.699445430911732 82.55653413988954
165.0478993680833 126.1076369481102 11.48935012810107
154.7237456010648 32.44854735344088 103.7344390944497
190.3343527667015 176.8351875441932 12.93189450602493
185.0185884244234 107.4334048336676 180.0173420613972
67.12218677594596 57.92834851939323 175.3419676335502
109.881230265822 97.33261266966552 61.69852401362262
80.22510553696735 80.34058495007434 64.55544883857827
171.5597438048358 110.8697479574065 193.1396934021934
57.97769371998557 135.2334466678057 166.2743664030692
42.81340179816463 59.18422498040675 29.63016523723277
17.29732418117403 146.5579142387571 116.076872960421
110.4067025554906 167.6994243982285 30.30609941291291
32.06933598718247 106.8488645578139 129.6993671614563
198.5440103060536 79.67067138237287 9.28363735434395
150.9401000378429 128.3049453188337 121.3247828267589
177.2199659081451 54.12015250114271 7.551978052540571
164.8465110773666 103.6980430516317 36.58982123096445
57.90869547905712 19.46726046474097 155.6809982640959
67.49145267482363 154.8994548319029 70.30010043256237
180.5350196778239 37.3581498221015 119.8897857646189
136.5183273992666 0.2849794884758802 106.5563966486398
143.3474030245932 178.4493391065435 9.097007259724815
9.755578288116013 132.7964480368785 15.33263368086098
114.6006890090656 185.3801631929543 35.58567352484783
107.0481598018356 61.99058087024304 150.6483518269281
86.08207172324553 130.5637947377306 89.73816920307272
147.678929490095 8.122582597078063 160.4486527390483
22.34958856526012 166.5335185452353 190.0204483964506
22.73860009618847 14.86755924875332 161.0927934225604
55.25749528298729 119.5727454017555 45.55992718509397
57.36560305803912 64.98133380009236 54.41812242582314
98.12288450047636 182.2950437128233 111.7016578713632
70.61797778829656 166.4221360491015 55.60940737278255
133.88396846572 143.7006996702712 11.46163299622322
92.37753786739545 111.7128013970662 147.6644051044389
7.57914959049735 7.66933056997514 73.88091875529442
70.37892243566635 32.30471466939587 190.9347475001092
99.76488395101985 119.6744408770062 21.64139340046921
20.29031536765983 126.0674529095326 100.8190344571672
95.75576911763483 179.4140424654167 32.79320272974521
64.78252908065329 116.1606891177538 62.16370648943906
90.31354859985684 199.521601696529 145.4528918333457
54.28893646519339 168.3192118668584 167.3152847425916
34.44456829236522 95.62027168672221 146.1978699185173
52.67325126007066 181.803317525598 180.4926758222908
7.854193904348263 4.073301015141903 93.22694032216516
149.6258103707289 57.47031297279512 145.5662323637137
191.2866328580608 10.18989616744868 83.16628319347268
192.3263806813064 37.34255698754534 183.0719646687561
57.29733926949043 79.20418539727548 98.2952647650478
124.1233548367672 151.408202461111 84.30459658584215
163.5194609401518 60.36506393463549 83.03272261809541
150.1411832919063 51.56658046122428 72.40384540652859
85.0180496127679 52.66134891539257 89.66748379010207
14.48034555517851 159.3897977905682 156.5403027198389
170.3121948109662 118.6139221092012 175.9198683130542
80.59798651039291 192.5368548757991 67.02546231943174
137.0107618889652 121.8375174457718 84.43059720674535
31.76316846001384 99.8555634398339 64.88668595652018
3.891477074306844 12.27475183142364 122.7794180131179
21.06745275748131 182.8044858395427 26.49904373501417
106.5053996519533 89.81399645251273 115.4352312185725
141.5494366017735 192.6810608897668 124.5127963430404
126.8490813006186 177.3597281689215 23.46165854416973
158.8537778957318 83.56390531157365 7.594201493988762
161.8863593859171 41.77290811776442 196.7805087298532
91.83836681496233 86.79506595351054 35.16451964055977
86.64580874695824 127.8744785266544 139.6624364426663
33.31679162881255 55.79226577457324 113.6344603748436
51.27149383513331 46.58360241613314 40.93303871459839
52.06804951629123 17.55734347096727 191.4450572157906
127.6002468415066 47.66781225498595 37.41634126423963
63.27647374978664 49.73570901431244 158.5084184738763
19.12602016246996 124.0758828411078 130.677239512024
88.2664295269238 45.3351264184488 106.8095337148752
52.45283537856245 197.9262892229797 190.3963471785059
30.74194132957635 36.36298370536935 152.7202152179043
95.99488255143615 139.6068946924345 13.02284584635662
1.174589718172312 81.02946334184853 190.5640160435023
97.38861355604996 192.7125250454203 161.6287007434774
22.12650828089918 32.04593299769953 169.0055595949621
185.663755940319 191.3894978717057 167.7077536232254
25.25092935489105 122.768068586348 182.4103087191482
88.54833688888974 67.83362762453859 1.227762334043464
85.41114130804149 126.0328614199721 158.4553056352184
37.21147416264335 173.1598853445406 97.77652613534316
48.80756281251978 134.4516753264851 119.4503483788943
50.78989346097956 193.6259914247504 41.33603574720026
94.16499135686755 97.98208537981847 19.5594770388815
155.8469535726221 86.83125156659564 127.4105559824837
183.1416157687527 124.3012432430307 16.72548345726653
139.4367621482021 186.5800748612575 190.783650089269
189.9261541972999 182.709533408928 123.366328619824
115.8003954138821 30.39593213916836 29.5787084386278
168.2619602059393 54.8072375597546 100.4885026489184
0.8826079065337409 84.97406206321126 159.7931887785944
23.13081095552307 54.20742584198015 32.90527792692304
20.05503918903893 50.55185532353005 126.0737714542738
100.0273027677144 34.36720428263469 193.1990799453542
171.070456564038 156.3011426134834 150.7333919332361
131.5202334779922 79.31478729486149 189.8677364161044
199.3638313289827 134.3522046395487 54.01886196988283
78.96874949397024 196.196719568196 168.3972232515266
52.41102154465392 130.4722741356423 62.60860402293676
98.46358861855289 51.3708973413619 164.2176118907771
51.43916376555452 100.0472022715021 69.73734068439205
96.27403976917954 183.0517152672616 62.29464222016908
116.2674146105001 40.90401025180416 186.0148669819993
53.19618785842241 146.9346812422505 53.31134230016429
191.6299611948065 89.98942975440831 176.8428812549359
86.28202900664445 64.12349255999133 104.677323552825
103.4034790370732 3.181051070064442 61.10924948033408
188.099516918395 113.6260643752531 1.908552757308777
131.7244953115556 54.52476713269483 76.01140136027884
26.94614840365616 73.03817818460936 30.38061484175121
164.4749808177062 121.2953403122206 45.03405759157228
20.10355060976838 92.66329961450842 133.3963787691779
192.3872663878892 112.3065108585909 143.4964964563026
194.2149840378835 110.9576258220456 24.30027339638784
173.6657331752413 166.8908363785869 44.90493929653752
133.699064448591 99.58103820713029 36.65568812265186
5.212255881725737 188.3634163098456 58.31554513065582
135.6521174404781 86.92160008639131 154.5800123424051
45.4838321822021 123.9120028363337 156.9169319469829
103.1260497129965 51.3159208749052 95.23047295572346
86.35015570440635 32.77907210230191 92.78266416334463
107.3633639990754 6.316030151003003 173.4531005819157
17.06175750441158 36.29902453263213 32.1710151370641
12.20126660728642 67.49585679939501 19.89569710709781
70.78785793729143 190.5981127003462 145.3832185733966
150.0903690656845 132.1676103705742 39.10692168607724
60.31765110910812 62.9436817202332 137.8332208945742
40.42512743697446 7.058981947448304 20.92093592468367
67.91036482515258 39.06618497962668 173.4340193162637
13.51603544844663 99.68769636003852 1.797631289261987
140.2899642223853 64.45415082231263 160.4743834867593
81.57432861093247 112.2553688181112 54.36175056653266
96.25798046543927 72.55329631213401 184.6033026982513
121.6822892361215 55.29300419183246 93.49687446817184
60.19833543862821 146.9333803980495 110.9329251530715
105.0217934437381 3.138319438181028 79.96290810019576
104.8230712887301 82.55027762238983 22.07017883890192
97.97162219915114 91.21546784274908 2.303367402494293
33.94822264571187 163.4677874911251 59.01576062820503
147.068377801593 128.8603910110589 0.3967320251123731
99.37842357151042 187.0676157948177 88.20667044914194
192.2516675263205 84.40805934210657 85.66016641680876
128.2490425489935 78.30595660268833 8.47873794932339
174.6862847508565 4.83393550393443 42.5722000766615
111.9163645715055 24.86426918430715 148.4365473503541
195.5624504997879 61.40984152396348 13.24886665150906
166.6256131750098 69.22497055881863 197.9994890068038
154.0015934101972 114.0371664520471 186.8366183309536
38.85794688128696 173.8042083143243 6.667752626719976
148.6136213893261 53.56682935323221 34.7235861611214
169.7300555169369 50.49711617054114 44.85360526140337
133.9028304370723 2.559921966386487 54.94217965130477
103.0704715876844 32.40659474016768 101.6349097294589
64.66106110980031 121.7033623925533 24.36577363663677
10.84524150112309 181.6464485888814 184.0860114781859
142.7116960172667 87.28584543567753 16.74064988301073
135.6580591729204 69.9583588490474 142.915758856137
136.619492818953 163.2617853868874 134.018240122769
144.8177748892738 72.4574951929264 1.453347127974788
100.1183991581493 20.31185545877379 73.71204504247129
158.3091178316006 197.8302990292908 117.3941644718487
137.4050245722211 54.62776688150629 131.4008939117735
164.67879775003 16.70581076743944 163.1241890881138
99.56062060135308 147.3345434452134 127.6597769747439
199.4997253659966 101.5536616366712 81.95454002553208
85.16292257079908 172.1747343634491 199.6379082217174
41.26085817366056 180.9204317720837 58.98117812456206
95.94094810192554 83.44680750941075 54.48375863924811
9.906698939969498 68.4282762681494 158.0933076166554
149.066870318634 36.55861674326779 183.875208111114
100.3627311685254 192.0139527777918 46.13806252675285
59.66691883437343 93.35002794706013 165.4071215130308
2.664390759656343 49.96932908074352 141.097608147696
144.8992840258524 70.58280376847013 179.7278201509411
168.2701233194261 56.67243142816157 129.0847477474858
6.260133612881907 69.63865442981756 58.25604080700062
37.0800897206946 25.7753510093408 1.231437629044068
196.3098084153454 31.6795446401096 143.5283935720942
19.4650505019119 58.44675086430416 92.02212279475856
153.4736508929541 167.0060232904061 76.8686831586212
42.67359592367865 22.67515502900806 96.25811980203339
42.16110116659739 8.357877524275374 83.89512561902946
125.8081927948065 152.7466119085724 145.4472343606165
187.6806465342851 51.87701485025617 129.6991002583592
40.51288934679593 6.919469789379895 1.998937871197327
10.69918275271391 77.76159935208064 174.5353577324531
11.63868366897681 194.4947434155262 41.60667866859533
161.9367506939689 189.7755248374698 7.580749555952986
5.488944572756608 20.49015601851093 155.7195899183336
46.77307321064936 148.9348756504199 35.62485775847108
13.29774142847957 196.4308175330612 197.2763272123109
124.602711863882 161.7441823415727 119.4797242767619
30.06571734134253 77.52708293943677 149.5961552029318
170.4634912177488 100.165929203576 97.22798598336968
151.6662124819622 97.54843842114974 154.2211753819387
130.1645382043478 21.93211721258984 144.3852849515561
135.0754288233182 104.9870678318157 148.978877282562
120.6228017802597 197.2811108263603 183.4848769767016
50.44757919687937 37.50336296333588 151.8860981731567
129.4920116756723 196.9092356280345 37.42985802784546
140.8870030443375 163.7505741542278 22.10570405381437
32.29702530499014 189.9400024185711 42.90481254352559
113.6093633701046 87.6092044396529 98.03602125595118
142.0049386196496 19.62199555920169 56.07488061602771
74.4216635152183 22.62009594776946 166.7099208164197
19.15770120883543 88.14904776717368 187.9009738571165
12.79801049977083 114.7148702267125 169.2961511904901
34.05636354647257 38.63831384919481 40.28068747402231
0.247496234046908 163.2896135996589 103.6116315091185
189.7580278045148 25.90829157357539 24.22383474590083
146.7408023258392 77.4130854271954 113.7514454804117
135.0970954985342 167.4158607185774 183.933761383122
180.1535900302085 38.3554123962475 34.75372284123471
107.3192925002251 127.2368842205179 4.258063428317461
31.82938735651451 154.3387510849211 150.7746623273089
99.30888833092611 109.8197407859649 5.493542990456985
45.02013513212203 111.4082554357905 142.7209826737289
137.1350951829871 7.220520196217906 88.96117124856463
172.0954782554059 170.1160088929144 78.14841118449473
169.6004216767562 12.01129414476218 122.8247134300844
151.9153799586534 100.8492774633674 89.11699055553319
175.0573061666483 23.54502379855927 45.37086367185221
188.789333486029 148.1577853165948 99.6439263762104
120.5101924123263 196.1041020639149 20.79418871476035
193.7948170903657 165.9260150717434 46.85891191111352
67.18793840927711 181.8904566167583 164.5738558297571
189.3455635841892 99.0436354925809 97.72319299700698
108.5049127949235 150.1156448853264 37.0340428297643
62.78368763998846 37.75353323295693 134.7790074914607
175.9099759058693 19.00657004514114 89.79049825911628
132.1326093483528 153.7482998854712 168.2148586290896
8.951649517492156 21.90215713558847 86.98653033643016
175.0066287196319 7.520301532571708 198.1916237160389
42.03667196696429 159.967940744686 19.17905572979038
84.48401338550384 38.46674128570049 164.3213832895336
123.1258146724594 196.9826736083932 124.8987447870253
1.297011695288638 53.74166695755763 30.20619553315261
12.11080194292465 69.35328900204748 1.064348882416787
74.60797797825019 49.7832731003343 143.3535374269414
114.9386486939624 126.1639975810804 66.02664137847404
182.9521294543833 54.71520408064221 25.66745444201036
132.8078148385587 65.62847106874379 40.31043299269906
47.55063036904945 190.5307330896671 8.319513068488334
30.83349717716795 96.29441480541408 8.629519792491902
47.40682453065391 153.1188920627457 176.2391890183361
140.3057387064766 94.20407423384938 53.5528805078074
174.3712996177954 3.723447724336481 176.5620015333454
52.72266503614749 164.0831455676871 61.29794420241858
6.57174257716998 31.13497897489818 17.29220514684822
51.40950726699657 117.3560920915003 77.38496559810834
147.4915435690045 155.7802061330433 6.264884056192
109.1215015473402 185.0838016978932 174.7092295193637
12.14772370002177 108.769577068226 139.3427427822613
163.5037477626362 44.35827378570481 115.5303963247699
20.62411922176092 91.71284240491873 77.83666270449416
187.3169335478327 6.806884344029227 28.62037737716619
29.10214165881446 131.7769212765012 116.5617013203215
10.53927994612409 169.7605216998492 89.11027932409696
102.9782691131921 116.6189321277509 132.7772423300282
44.77177091078207 86.49795079407878 16.86560735052971
113.1091177678988 120.4595845509324 48.0781724462473
144.1045095855831 40.97586120764164 116.8714435256005
155.6964112371234 88.80910406132693 43.95718101765925
99.78308067282578 116.1154863906989 60.79121097105742
103.753289425211 138.2554460845682 189.2927330757206
87.56972126044151 34.16397616098829 70.75977579359851
92.33794659388319 68.12507097224004 25.33431667047862
86.37437297922078 27.52128009232014 182.0275330600041
10.78152858821065 42.01263946298467 180.4086164213718
31.54413051860502 46.6565172671995 176.4836520018572
152.473897149644 199.0613485482965 96.45721278813592
133.3105837775028 68.65020797102825 102.8806357243726
190.241744555755 93.37402890326665 115.7547223921214
93.46974946480194 10.55171910671438 130.4045463190942
133.6883803061014 4.510540252447206 195.1078854291561
117.8677998040077 93.33217293669462 155.4150058922866
89.84650492105662 88.45998055452081 132.5046301126314
172.5754540574375 18.59502127858959 27.276816281246
18.67712384645485 52.74090437171326 164.0153906265998
178.8167950198571 159.7854783638085 4.970036335971926
151.9545863792985 53.71890313553159 53.34809384206829
147.6728254616066 185.0985358076429 108.2925668545076
165.8688162378129 101.3962647452565 115.5433464334919
64.09375538296118 82.62116594144516 53.13624926463327
31.52766428167395 42.38825188532223 20.74458681805831
129.7860816319457 181.7436346578027 113.4777504019594
0.5499495291248907 85.34886124270285 49.38775599029824
155.745313058604 8.040109311901588 177.565779738932
161.7763104984028 85.70195577456916 105.7952515130923
156.2710220621659 104.8226171248321 54.02311182031864
67.77110940213653 105.561761141168 43.28230339870903
137.3917304974287 35.85835442964057 133.8071697698436
18.58458945139115 151.4955527410563 57.65413929092252
66.8213276095787 153.529422590334 41.95668640120336
28.86755857938247 161.1781655067829 85.73908127273194
7.26895274816324 159.970235830759 199.5115170048452
53.29642562959908 139.0768627848834 19.18541116042395
95.98662436554885 135.3963444235927 31.47130171452276
176.5149683198824 63.7391673665101 164.298082099885
21.08378866177468 50.86585083070186 145.3405376005934
191.6646466618739 169.850991245689 195.3952123232117
158.586603975869 148.6154549858941 192.7134082782745
38.94890662741703 8.430410604678695 39.73617207535692
86.3361233435525 10.43917377347513 64.86485826252813
92.14490597901855 44.27878209580908 147.8515594953682
56.73444745607192 46.81314911510243 186.5932834970007
131.6079060297575 34.74548960593462 176.8058381188655
9.934860625617246 35.69970362588898 70.17519185335244
168.3209648114278 59.33711442158854 147.8190356781278
155.5908348745357 59.27960889223169 9.721287530087452
152.9383019979213 70.12392804412616 42.7996750432064
25.54225614175093 88.19552019698391 169.1595928032956
81.43775587545055 89.51834888058791 115.5862604225778
124.425395234568 105.7920936045658 51.93645291977519
127.9534403605426 12.52744118430842 26.62405539066981
164.931587175699 7.245545793126767 14.2068961686867
169.8101655714156 151.3119262737262 76.4373178435248
44.12852247861154 169.7893691534995 78.59506821713947
26.51678470691257 105.030201482348 160.5744008896937
14.05997065390116 29.91130772237093 103.3520824130472
128.1619630840275 112.9689488395034 69.04223868933595
6.341321214480686 165.732158484476 21.23506532753842
114.3559074985157 37.4846788077625 47.06363502729896
90.23702470751175 144.3171013964927 110.417931426881
5.70091048907851 115.5941413797946 8.570906276572414
33.31838166218048 156.3925235858956 1.745578351263455
44.03721709345025 81.68976489193179 161.6612416685255
154.1096852344399 14.31745505964985 109.1132735984427
17.02656158045961 91.02904477680967 151.9960653593941
71.32984659394147 14.02722583970861 42.05973779499904
145.2229509775026 139.8559606936474 168.6041657679146
128.4865311919401 126.8265963693609 4.813525526393402
178.404783553543 155.6741184960187 131.2610042292466
117.6454497491776 142.8162318721767 1.304785723269959
149.1474163370354 102.4185427397498 26.1028764988254
199.0564028792988 110.8879006346 125.8448594028081
175.0847795800942 150.9862440221782 113.0241477839762
96.04589978035153 118.4291659918609 40.15367231853721
77.97016149564359 140.8463468181775 33.41752681783333
16.64410740705354 109.3691814167176 119.0324047230998
1.203700336707307 127.2132711171033 135.8724970902836
94.32672725298731 3.452797536382168 108.30522020881
29.82553891992694 134.7037006286619 86.94262333284838
29.47539669315625 60.66457335155604 16.28926299738397
184.7849297304053 54.40649147256077 91.27373415543576
172.0989306590734 88.3205717090549 53.38020290284297
173.9640082650418 23.05915058888567 8.940305199080958
93.9990884096801 81.42256331736812 103.9787602075546
58.75100150795813 91.01295794024588 113.0103918221828
179.5827794647679 112.3511832481242 108.4725554940999
125.4092814148672 37.88320536985826 99.90481025590071
143.1357455042762 9.775631096853301 39.95517655104871
99.43564022221075 119.8400767029147 188.7273110522856
68.40202769648479 35.83834050280911 12.61790423372467
170.9341417982325 23.64971323244145 107.9637719469865
148.5162197520803 25.05092007061417 168.8634969701509
16.74349489180231 84.0832372833104 12.00227588088384
169.8375375689182 74.58492209918862 178.3770580937257
193.1229081530328 195.1760540155499 45.45009634745261
150.4899471800864 136.7264926921366 17.26406044261371
24.87405654702821 15.55711969273317 97.42844310237317
156.1968153558918 82.69524087935339 188.8786584590441
171.5691844151608 137.2693873393942 125.5759341187862
30.78952346305145 43.46215601653988 94.32202080595501
155.2952373785757 116.3902753914711 78.86408160307451
198.3797632031051 76.72598855528184 119.5875520862105
4.223383590404856 104.3880785853745 155.9579660066862
25.35102993853029 47.71304135272302 69.44978442317444
174.4099944951698 86.51809826925306 123.5283757720032
185.6693219029152 124.2561587557758 125.4798825299413
151.1088856665777 113.3303965260369 10.76786179201365
113.3496211145687 179.3503767275023 122.5437958327859
36.97899935976513 144.1712745552713 131.1785251585823
59.01142453112993 53.0170312830676 83.85690242649314
94.99421025922575 16.00158948654682 91.41681120905017
107.6698976120954 127.3240583600599 173.4227204548971
144.8354184945978 52.35676596978439 174.3568060711494
6.584613108044187 101.3966794592615 38.92556461316776
65.17855936950212 46.22043925267179 28.10563123341798
172.1580093699239 171.509093587666 139.5253912068896
102.2627499133098 90.48415207792857 183.8876518397651
7.544379471475073 7.258987479128408 54.96312094717103
42.79527954706334 78.59415359057864 60.98669778068692
129.3453950193081 180.6707832016331 132.5685656502444
140.5379781350855 82.02637964739382 34.88504201603801
47.9685779969657 78.04557659061003 143.4885941217916
94.98222999669747 11.80926907383963 188.2177729272275
101.6921209436957 26.56687663441172 55.92255582062023
175.5925603230898 178.0308720804216 1.127950271280283
33.67179779287754 122.3755743998442 73.11142354298372
150.3177229426658 81.43321400897018 165.2032227567805
71.46298914725777 74.04390025763138 111.2133485624601
42.63951109912168 166.7056219535169 188.9064997799174
80.7285279002373 120.1375583094693 71.54435798986641
33.71340179547393 79.70917303962341 131.1568260874086
114.7816043740648 74.13906510766796 180.4800098490865
127.757119064171 91.68023045215008 67.490095007319
80.14587457777316 19.56768925852149 80.24130718857485
16.32330646340387 4.932831841415652 110.5469462523728
182.7474024594331 127.8189742202508 47.75059344101532
49.57315566956206 68.3456732066289 14.51594819029394
68.62974716586842 15.6700289622103 60.71712093763569
50.13983630793334 50.21192309039022 128.2216304251972
77.63843627272526 10.68443053898081 96.76030568974672
82.43941708232788 127.2594848590146 21.02817766361375
54.56209766061087 3.870349961429474 145.5018133399888
160.2097492135148 0.03247227818187624 31.30166280460747
97.97316776393434 97.26030216898513 93.52265008548184
156.617910024426 27.44590095873808 65.20215244537864
60.04674381518706 135.4767477757317 36.49295409598888
167.8032459928353 119.0687473303929 122.0258658015028
112.7073903139094 109.7098906831974 147.4636993711885
153.1589667123642 99.11729704319134 198.4446735333799
24.76817109327226 104.0935954850867 179.3933077023148
95.07787533430722 51.28272882974487 73.6994940048715
192.9878933822453 97.68972617866547 10.86419071699033
182.5901145097865 142.5934367488166 11.91408391790481
92.46991599005605 164.2876751533771 182.3996277580331
181.118455153255 98.17713008164426 78.98703620138731
13.7738009098169 157.7425467022453 74.85584199401021
73.28857576541033 146.8516174506977 16.09399194107792
188.9853209769952 1.733383679431784 127.7545165209997
33.60483671598464 135.2936299307043 147.5456409782669
40.25761140063121 27.32448140491636 166.3516547249634
109.0167967374898 153.2550634275923 14.519874715873
14.8568150885999 124.2483199599844 58.0122036827177
25.52779379750108 32.94892680884079 188.0581468926951
84.85805090485505 178.8712146626719 17.33342073662242
132.3396103195783 103.0976799515428 17.43605476815714
71.51043171330716 104.893258071239 110.7756149864567
5.297980986791839 25.04135773499999 174.0856785892307
14.8552643647646 51.21220264245955 196.434631462432
28.00267917919752 110.7859857801629 196.7949229021429
10.06648999614852 101.419856551475 20.32248750595444
31.79883101560424 106.1820591286817 82.72075547850152
154.183919233128 189.1889835748718 178.0875226092976
81.56529038516229 35.31248145582022 133.0460105419361
89.53087290069647 146.3517787585585 147.7127432404004
143.3501134483338 86.95613818366168 77.114068892853
31.43811126300518 160.1438924564462 122.6786829848025
168.648568392181 197.7088247110495 59.02993466397173
186.768909136798 53.56948718719601 110.8738226563912
172.1091207235665 180.0657081090289 175.4635953897124
118.8532210568014 39.38147351280596 135.2185607159199
13.10180080955545 41.01376097050331 88.05849655784027
173.4478560871549 114.7481523021086 83.94926036760832
97.01159562943624 115.248094093837 87.72938784834844
50.63056717555958 49.49288211663263 109.3189169761429
154.150909636969 44.54727749246669 132.5046821644535
111.7578685990266 132.9184528265369 128.8639348020634
5.452599119589039 62.66331096368434 184.6639459307395
27.4504258577597 117.441339545551 146.3211355126051
30.15794038169793 92.65896372273853 27.18783884433219
186.6894515363552 100.0377460385206 161.5880871814175
187.0113390486731 165.1263876400448 117.0098377605854
163.7134151761605 182.4653266162 48.96185019233616
71.80204042918635 37.11527270628191 60.72259373089815
101.1243126356903 162.0108139353462 199.7171534129689
136.9594302790594 123.7038882390702 181.7998115868559
0.7510947063493181 62.19644302728102 99.93405522982647
3.187984140745711 170.4741829418032 64.17812518455355
29.99796349359285 154.4538975442775 42.85443813612548
118.5776992463772 179.7054609405192 190.1925613818979
6.529015280799716 138.6192115578176 190.4160334208296
199.6223146314322 178.2887768474033 33.69577349257969
143.1308371625811 188.9075262333067 162.7312464444817
86.22875424803439 81.80624356200821 13.77650763439208
59.19270960431015 181.2721953237185 52.94907998217873
75.15948703065592 68.76704988391204 88.44550781906517
43.73280523456242 113.9525811211979 59.47681035194807
186.658898459168 140.7691490361551 66.48698895926289
28.75973620652729 83.32179970903819 92.7190439531018
22.50081044589014 196.0456333798731 57.8978142638936
166.3104868888257 119.3630217920091 63.76814364644191
114.7730169827414 144.8111998675199 69.23447040489263
192.0786783168157 149.004258938624 196.8492964128569
136.665119734717 22.88618826856206 102.4500141767849
34.87032814711657 60.8338717855378 131.8071543110507
148.5051176428132 185.777901548479 81.14312005585195
18.3261443946004 33.01173556322836 138.8386857150752
11.56667126059822 49.23790245083184 14.96455554020687
188.1638925476672 69.10440690696291 197.4507866800905
0.7110541516644133 84.71690268718859 102.5836482781426
154.5239246999266 132.6403088306263 183.4198200270058
68.5691622290495 184.6864248018965 9.65760583867255
133.6304985806914 187.7562398599047 92.67191772813578
192.2835740413208 111.5679255294013 46.00430524890498
104.2985045242599 196.914911458864 122.9989294855505
180.7891436837227 105.9681506007712 126.2458208344438
161.1989266147703 87.83146247586015 25.8795601290461
4.364968444152209 140.9707327987381 73.15857895842497
102.6618932493677 72.30937217048036 40.7411487649884
27.86683007450405 124.7406403199805 163.7739845408313
174.9643332131182 107.1348965800125 52.2069415156552
170.4791427985255 76.12219768737403 39.00495789283025
110.6382882309555 43.44610324626742 151.7738697768934
80.71127696300601 160.5515723846343 85.24461380536198
123.9782436128348 136.7956721811844 171.877454864592
71.95926069186827 33.10403212573048 39.93852581563248
157.8716005852562 64.23583896166444 167.5001370119403
191.9311380919944 139.5619730452429 178.4123840206283
32.29755091046538 114.4386391434572 109.6884719275633
44.39904288057482 188.7100673523549 78.47561818248866
145.6771026982809 113.5686087545134 41.0092689803962
26.33825222429947 5.19827975794981 74.00855295761221
79.07674879090325 113.3951794644422 93.51161895446411
40.41766486673141 12.29419985799658 154.8569261947098
178.4718595676382 116.4045757323419 33.27610925503343
138.1082163162272 122.910214108149 21.01788037482483
102.3209771915163 30.42109723205421 133.1024248700313
57.87297408565883 98.27243233799935 147.2248892536954
72.19003301094371 165.4915983239942 13.0235543072089
116.9313366484835 188.49428041845 81.28836756763971
68.68766678369533 50.18455962481797 47.39733092071784
178.8545969665251 51.82313690050449 73.49061106591373
71.8035566572723 21.7587568117805 24.79481906038321
155.7327622798736 87.15810767607111 62.80744101396397
4.847662738622346 35.16549230720512 197.0920379802662
69.09178208340214 97.77102536715493 63.31284415304443
81.63479693206213 190.3349479392742 48.26019823414658
143.4753605678857 82.84645702442585 95.58499141633204
181.4704562480669 157.5185993867443 59.37291999409771
127.2959589036101 187.7051805519108 5.254346964367881
10.42259430794966 112.6091174256216 188.3242631966394
93.77784842817225 194.7634754933349 180.0896765727676
144.8368338972961 104.0238323932084 69.07989196834323
129.4010923975662 24.52667669782856 42.83281374998358
9.796691846999023 38.88562946303454 154.6756922154691
9.564695169258881 91.8719363750874 117.6996107777586
155.7298055008303 68.94486917678444 99.4135710436954
131.39213878931 69.73739682148823 121.7248264860982
68.02721922264237 108.239985485789 79.04034414404767
99.65600959104485 179.9298837469888 190.2630703818504
93.60825096237585 170.6748439958421 95.69433185791144
39.30012927307782 38.15431161308265 60.95683365847931
187.5079420899475 150.5485379119979 163.654206241838
112.5084596165885 45.44642606100697 111.5812623274864
88.06342149971213 72.74682861247381 121.4348287496551
153.5508205783062 155.2797609303587 175.7337241234112
99.83389525957969 163.4524152589635 112.0393292495373
54.07839852727813 34.11960691261675 0.3726319659058249
106.9291276468496 152.8993123752749 144.1763513129137
189.9281671006679 71.17798058036911 177.9872909117184
20.93925711136081 168.4225959823204 9.498774925687226
117.0793511013625 166.7058867579456 136.1189900908824
70.04843798689288 33.42794639909506 151.7078681351117
187.0605658040926 39.38165473685469 56.35937193258147
9.211194944162175 102.5257067549169 61.45260952124867
72.53991296994235 9.832256625247275 185.3791334334442
65.87833588772514 114.6818164627017 160.7252703860288
136.7883030802248 15.0856111127809 123.7743704947518
17.48584799923147 173.1628188845483 46.74360888105662
188.6881628568445 118.1725115338724 67.43049727431358
177.1752672126693 158.1770563522674 182.3796990585158
173.8205707804238 195.0409303061574 80.97931530718323
4.718526197208285 158.2721587616238 177.0120437117321
166.5504709146874 96.09200779442932 171.3071499519082
86.77643728066084 50.16610472029693 183.6491870178201
67.61891565693684 83.81812518503926 132.6776027156617
170.255622312372 137.927174394407 30.39919113341456
59.09367044114376 128.9246429068461 139.4455798212639
85.81666070490638 23.81818250643469 113.6402168301616
55.88864542263705 153.9488182801556 2.223179564619679
29.30986279958042 27.26002057604803 78.48123205144947
52.16110119758008 111.8768697067917 120.389633322038
166.3017775121089 140.8507688185723 56.43068891350584
176.9010205441008 17.43069688363793 67.16049527582317
32.34558836244851 12.29152713045415 181.5039596476425
46.12812384847827 66.05587485258401 178.3073358551857
53.34224979330219 189.0649441480827 99.34494589603703
162.0235797369106 159.5239170316147 96.52906852522767
133.8497786494224 124.4155060492963 106.7689329256358
133.0390777540188 89.81161752715226 132.2105383572648
126.7207628687723 15.45282862288557 165.8731841701334
199.411622397929 187.4613569432258 80.25074809229096
110.6866658337045 11.66128760774264 41.34376689770146
176.8599047240579 53.88368382381951 184.7519559063763
44.86954049603544 3.244442892061227 61.03546910878458
190.6738617834453 34.46898323942186 82.13821316320222
151.9897959494375 108.2154210202244 134.1777829441628
109.7767047088521 77.2804490062171 134.0846080053631
84.03770314140971 147.6676043411993 195.4821958910755
123.7077436108983 112.5365087987877 167.1262894509477
79.81648682940993 188.2706391544579 99.66862328182656
33.68634666926464 33.10091354666729 114.3183125777663
92.49210723381569 28.2400538846314 31.54867021265781
195.2561332691322 144.3631783861708 121.0777257153312
90.62980082508138 45.91293238340655 51.57090973337412
117.2144992558371 134.0840750614388 23.51509486514386
93.73804836738037 108.5100356132489 113.6856842630919
195.0933448763321 16.03852169935084 4.483484773412592
65.1649934581645 177.6818750452886 74.56007925953249
49.09669487183079 28.03196116828856 21.67279355975302
71.86623407424615 64.3923128241231 16.24467618258031
99.49500438090014 137.713301464478 53.78587612978094
106.1541589439661 131.1933769939161 150.800414053498
106.8290941871209 180.3679856193383 11.80363906487283
197.744652169205 91.19621768785883 137.0761337785961
90.58728079390541 46.84664906097091 9.654818279966941
106.1544678177971 50.92172495407517 30.69913255836704
143.8090431749315 100.124575329711 110.315553597636
52.27126445953076 24.96049367537682 47.79240172967687
23.08328739826164 82.78177315168178 50.52394865998037
159.2408652363606 119.5398188890623 101.0025937765184
11.56302127516725 120.7402677675282 80.54441275497723
163.0499800729342 42.15593026613014 165.4241064513416
152.8500258706458 22.37183985402427 143.5414487493155
28.60442705475861 142.2429196358862 23.76280876151917
133.795050597468 199.2695269361993 144.8131282230399
41.53139048581206 63.46401263553677 93.90428678523284
50.00364047983821 104.9844153998572 28.97008502981583
126.9178452261064 116.1432477002052 130.962582548188
133.9315913684498 40.74880784041729 58.09660724060394
9.136139297430351 191.8791606384776 131.2729040985886
137.8968435314655 150.2474215074641 102.3190130323474
6.428212406920304 179.9455625678162 161.8775343218257
15.67089792010724 101.1426405552122 97.89038730824417
79.38194163178166 126.4115263914729 180.343847935287
167.5572403301333 67.79119309986163 61.95701890730712
3.072679531756818 35.96390578416639 122.2795722620982
31.44933846352412 167.6451712091018 169.170485462088
73.08595562295352 136.0707538491203 55.07325380306605
148.4454403854548 155.5616417998088 152.5233978550658
143.3330856305915 0.3120986438535315 15.23018098457105
111.3722176538177 17.55921326694045 116.7236242725045
136.461785657997 145.2868378747688 188.8375821100151
172.6116232148765 95.14529988807318 144.4558566422059
58.92967235968483 157.9656140394487 91.11576583334735
59.89740788253491 29.27886609908536 113.9116633811292
84.55430097910266 21.31194420687645 6.010500570989694
188.1919784033514 63.67815706152164 45.86273283141107
169.7846427250339 24.61329467626487 184.1859834783372
139.7116718888083 71.14331672448863 61.22849598526397
115.1345744576196 128.904037176161 88.56642586516298
178.1050835290405 185.2397963392594 31.61767348216283
121.0362678306207 18.57667502711841 64.72429225195081
171.7912846541811 104.7102143509456 14.99376457892913
121.1219859727459 83.82097937394659 47.24707277496984
191.1997811089898 192.4373478170102 193.1014969125899
191.5986313271958 158.585315731818 79.66885574525202
162.3973076451096 169.3175202016653 17.42312466125133
112.9099929269453 145.0718410801138 109.4324777312216
27.11180561173515 145.3930762017662 182.8743239164652
193.8197477463379 19.45885038951876 103.7399413651964
77.2181995958304 164.0564920375172 110.0906274613077
182.9049191204531 180.131297470097 60.87153001654287
180.8091743189702 73.78533342368191 102.421306699454
168.0866712372062 139.1071009118851 166.3964555486603
187.1412148445744 187.5355623706141 145.3795721588298
22.93355241805103 178.3669392536991 72.14111809458942
33.81874820754485 199.1238825313189 137.5775709456522
109.8198341491737 188.1190754440178 143.1905070409501
154.74450573512 33.49917948560631 43.39850007635735
35.58895872186381 59.43568718789124 51.15595985569301
106.095354784451 162.9102504021201 58.6196456329431
7.570752536353173 15.63735115348895 33.85909788144038
156.1334913101308 153.8404335699454 127.2303477603361
117.6600920971968 169.0035545936524 99.11482349087063
50.08150225832392 70.47716172593117 117.9774444390826
80.11431630184836 93.37893108694958 153.9916152279567
144.7875365625304 125.663805216696 60.20684974872184
47.51450708896015 119.7233438435668 179.1420422710538
100.9465108108405 79.77573941362749 163.3800080861747
132.6046306611034 141.6826610886839 126.8203939877984
55.35614049176959 28.58551988275171 73.85205973883676
131.3733189904696 56.72056765969969 192.113869620669
177.2467245340828 12.08197376699552 144.206147002212
71.24301462419999 53.28943853784401 120.4244779129054
151.6773979318205 6.11674022733026 71.55600649854129
173.9744438051805 38.24133514226686 141.6091490548053
146.4300614927458 182.1258064541843 34.23868698532456
97.21911980958934 71.50313961562172 83.80846346149758
128.8688299026428 165.7190637178722 45.38169783486583
15.09752974747461 144.9622092003497 138.6214796617512
27.90954099007298 193.4244784045785 93.35886658544962
76.18643555920153 90.87261164786626 93.53707344190668
72.03005644303009 127.5734910732961 109.7890970857939
143.7763670742581 50.20581372660271 94.76525369100253
13.6746372622708 70.07270228602421 135.7610835721073
2.28113171246916 57.76235446148146 77.194524924124
194.7983395618348 162.1768103179659 145.5650666703483
56.0688371477478 191.1574490334618 125.6133996188116
164.799314672295 83.03113217876356 83.44865124685623
70.54171691420764 174.6301525626374 34.43778622701235
75.17654585264587 105.5136033375194 9.649033200949704
24.89225514844685 21.7715890197655 52.94281500476369
8.663065409020163 123.8404326024173 36.1695329923697
48.20373261842916 125.9808668038056 98.31701198040177
94.61252842313539 168.7110206005315 133.5034165715174
150.9269479187755 179.4043614041136 141.1129074545661
124.8574181874461 75.07352721012423 82.80791550215471
29.65282989865984 182.458969784369 117.4115307140819
39.53397012585906 7.316861706443942 112.6868951148971
54.41069816659036 152.0659981469287 151.4583791875185
157.6965406007566 132.5597872882741 142.9254623705498
44.60048465514726 171.3314908081488 38.67049146051831
129.2258790656438 100.8453885437956 88.21252914867036
79.20045630612057 198.616173662263 27.25857737638598
97.82910956889765 107.2881268529054 169.2584802369844
87.33831171522621 195.2985432557693 1.857093064420341
43.9801844375023 92.2310592632669 181.7841822952203
152.517037286708 138.4076527748742 83.6683113345795
25.13046583163488 174.8866485847335 143.8105194443242
117.0423791139822 105.8511578512915 191.8769744160047
90.10370367418066 158.5194542124634 25.92908911011262
108.4895546004703 14.50698027208141 15.09693133558867
189.351654179368 67.70316126657782 145.9889090055696
63.93083457259862 3.692277173958065 79.42712059306871
111.5307714357692 68.01933956677678 109.3272397897239
49.72451987675495 107.6461480393644 2.616008469902347
154.0579759329134 156.9109080701537 39.28897110377916
46.68477738168268 80.57049389043169 38.70220902005842
196.1214403525468 52.52356659120215 166.6165443175568
166.2578007999251 176.5743869813504 118.1689288757894
51.34839583550234 167.5181165725147 114.6276973040534
61.19443232708791 83.79576233109198 1.418832610338876
141.2810967276135 96.83718354627005 179.2262611193456
32.33180038754247 186.9368374930548 189.1825187040598
164.4404241458784 37.6942844409341 83.8936744151745
74.35505692323376 58.69470741648898 68.10970616058187
42.27165496079635 147.8106445040001 73.19845332598911
118.443912202829 186.3472604251811 58.65096901313753
191.9448968849099 121.9935343142205 164.0277570388465
20.64245890661382 13.31343465149712 10.9348836026641
177.68822693486 75.0165066191402 16.96493577321487
103.3408013665918 168.7375734567871 160.0471235937996
50.00238594931773 182.0314465741078 149.7320314384503
11.43000753707338 48.57551136185936 51.53166911640968
80.488872309054 69.39069532370165 44.66402512688786
156.0791232001203 171.1632108223737 191.7637483749039
96.87933219210889 51.56852400096194 126.8737998070616
39.92397486616311 132.2676369134567 1.987394837481945
150.604170445167 117.6741377478348 164.681245501196
151.8965200148612 22.52728816776483 3.614399722132487
33.9007805950164 75.61053772327378 199.7782840767005
175.3099611958802 133.2574175872595 192.5383485970289
77.60988932394382 162.5799295442837 158.7344643581001
70.11196734252582 87.74394355777626 28.62956938439954
116.5627717164076 18.58922053321812 190.1977233279326
64.44667624769117 72.40693873917175 158.0571908156217
111.7585224224276 103.8497126965726 32.65784323315347
128.7951156277665 173.4057031281197 154.3807824670322
45.88372664120713 22.59962878136185 135.3750856671737
133.6219015549331 58.61881432560956 18.43730210488448
183.5019383137223 138.2258522698682 144.8703818002473
33.98471676789102 133.1448912089718 49.61078973180766
18.44066288314118 72.51496844722159 109.8168595715105
94.49781992802177 145.4696834329938 169.852643124301
126.3942643272804 164.0188460930484 4.63040619168559
70.69570008695126 13.66198484176063 132.8753784083928
164.9718336543998 193.5241760347759 158.583163658993
143.2691912850183 152.1637652216078 63.00866389547242
9.653894371244171 166.4001970199529 124.0439248202763
105.040631180563 30.26201153326722 169.3935563423222
35.99893042120213 92.1924742689653 112.3288421917024
54.81897842005492 0.6270564314461514 167.9747448553092
3.445037559863696 194.5704897172264 18.33563578664716
137.4848070032095 32.86911195574187 23.31232128712678
132.6253119081342 131.9375257809657 151.4514504277428
163.5649991362896 40.33763741793162 19.37676552302419
115.1120744426742 58.99941661242251 54.28586908077587
7.620547262515164 150.2603594951158 37.80700847446551
51.47657035589354 100.3579935774259 92.44163092323566
184.9005935285224 93.17781445217722 34.91714026199841
185.1950108513427 159.5745272693278 26.7626736904903
109.8494632379073 65.00037158374171 8.56657360866911
68.17507711815608 102.7290053212437 184.2539992854572
86.56849351545833 69.07725646817531 143.8708273296709
75.40631381069234 109.1384849696351 132.7994714985329
131.2219555258337 171.5148248980953 76.49783915860344
25.87232518929857 70.03511989984131 73.57500467040691
125.3049252087833 139.6121074205588 48.12819933893197
114.7242305362136 195.0553656065767 102.9144393205564
6.00211431500538 185.2675992954364 105.8148371202263
66.25244872024558 129.5865276371929 3.131887498340618
139.9519064934376 28.14618781437428 80.60680830955337
138.3457012803804 40.72926773646945 155.9642101549464
101.5137337749093 151.5227393924108 86.40354618369186
89.45403083481663 21.8083640658287 149.7120142706945
120.3661347757911 55.9883236592701 168.0315164957548
8.384301276281755 2.601808330063526 175.6919779086493
82.55684508403715 191.0319135644251 125.8729755210873
76.97389354178716 145.3261854507899 128.8212486174613
114.4346126374113 158.2667849597712 181.7052646823034
68.17634049546038 169.5417021413879 134.9837024253428
65.75773058051368 134.680202441686 80.49013831321668
28.33709731162925 107.8930333535607 43.92787438440485
185.6114831233501 28.43552769882028 163.2927704691965
11.4704941539458 145.9715753098806 94.13755297198632
69.89684724891259 166.7388420761037 183.731731848454
36.08356007228765 148.9649229181484 103.4682915042454
117.5537042168905 18.53690054922825 90.98346845736459
37.41754387203293 49.40001809198585 198.2451705865696
29.80364655486412 193.3829311053846 163.1242162144716
115.9376938700264 39.2184377974851 8.65708436303135
27.190001609341 116.2567401240035 18.8183035456767
41.8745243305245 58.48418161798991 153.279261624218
61.87353391054518 8.103747262980635 9.610977004478803
89.82758286656174 99.35140502829536 72.43026269565109
182.6203643633765 176.1580786943113 97.34114412601407
177.3100054500659 88.94121390916541 194.4338121089292
60.28338723717687 79.91763280425582 75.40769316664063
