3 1024 9.687573422293813 0.7 1.4 3 1 200 200 200
167.5871076773268 134.7045124354306 74.19480996014353
170.7684480820318 137.2717277432031 124.5028821342636
191.0910743109042 177.5171700851537 185.7587709193344
56.59366112435008 146.4481177807521 109.839783827847
90.00002878315411 35.12656814888349 117.8828708912826
84.99698233868091 56.20982160712961 22.91010882707884
83.57077394908218 87.89117106432344 54.56102265777323
11.49552189525098 35.4331337878623 130.4587139316175
177.8301297544269 174.5153845723381 118.1831386521376
183.7369549125642 39.56007337380207 188.9283128117465
28.2672560801625 65.65912051869455 124.9364989727765
89.4418835877627 57.08610211346833 139.0618746033925
188.4965402582817 188.6659892442042 111.324189739921
199.5413811824579 171.8763181072943 169.6436892234336
115.0559009237497 26.08343033239462 69.78593444728942
179.5445579987943 82.53269768064337 106.872943197903
140.6129554633802 19.10551881900988 2.459555224791054
189.6014305569863 4.283921610878105 139.7379156470124
192.7986325615956 26.56353608963744 8.451783755136336
94.34339786446243 117.9790937298377 110.8813892635549
118.2285077029155 97.89481266226751 115.4451827531081
165.8442643011037 130.0450054262314 141.620520234306
26.40680164961891 163.3705078871115 166.2471091104518
12.90883819992335 164.9694512123535 107.9242583677327
125.6522967936461 9.903780979528392 103.2122697854205
96.39000613869568 15.21183908285738 45.13094241199799
196.2909103399097 37.80663609428881 108.6437080672693
164.7638235952133 46.48787512073179 193.0030029767474
121.0542324087939 5.003610766233736 122.1634054694821
121.5122859588354 53.95036317455747 67.99527868341275
128.9296718195656 132.0660675066276 52.67050127477052
3.162030286721014 178.467230919365 137.376795777694
108.1308273510625 3.585056484080029 108.0986136981358
69.40956728560961 175.6796546521764 67.30336253562338
181.4703803402637 73.74407621465575 159.5020547071717
81.51201559380941 30.06530253217929 179.946889919771
7.464609368913505 12.77722579237671 143.9072693082418
165.4478788143347 95.17049207008692 113.4734082453341
123.1699021653321 185.4531646845276 193.9151329615503
155.4771009293983 143.8936626094496 24.44107528449309
100.6712699518273 120.6765088174112 2.882575491718104
131.4640934572197 140.3086408285917 175.5897043647636
146.3428522734882 169.6239340240812 168.8431124766553
28.43501293757119 150.1628887097332 82.31336351745081
174.1394440907921 65.88709544707163 114.5310696339887
191.2695928672322 146.3366907547995 76.36130893582569
173.5435107288941 184.1352091720875 190.3485165472178
46.15926992375204 9.599769545561241 95.01578191654259
26.24161403224798 12.14934758443332 19.79264372490677
49.94435161003863 184.7163465737818 122.925971407856
179.0907635462876 138.4856207214093 152.6781190574451
31.50842678279551 92.72124862288483 169.2565292733823
196.4012156044245 52.89202098666722 165.1168136054613
68.21344116678452 115.5066369458998 78.08510808498684
16.8354548816639 177.4406113028248 121.9109930903994
180.8660361308841 27.42112782668245 78.00005438497745
42.99131750138959 98.16214131057718 3.332956769017045
30.68430356440787 42.44662815774559 150.7078587925975
23.98640666707536 0.4980700484857357 136.3591871040282
173.1549415352273 152.7710017728613 77.4520924740193
55.86517331917063 184.4894187516507 6.300879209264167
131.0346136860344 184.0209862784224 39.30692907025763
198.1902453904446 159.844680959782 184.7687981997933
184.2738641674508 180.0872232090301 6.836284477039598
108.9699711233679 90.58913487170921 29.56147625130388
153.3852395065785 133.237850088119 117.1865507106632
151.3176006698465 103.8209302594907 66.58942892369909
100.061469307324 48.46116712472525 32.16732033311009
82.31491328400242 93.20944463878942 124.9566326905756
198.7929905014014 42.8333411519767 0.0643794085043477
75.42476570539002 60.07151492119504 63.25731136577093
150.0604959912535 87.88723898951669 77.20280069407711
122.2850024333235 27.04933465380585 132.8940360980986
100.3699216953486 96.48383862225766 50.41508966856799
5.157593467061041 60.83045643392468 0.1594570489494343
73.3180479265902 191.9163664210925 57.65912224920342
28.84596002689511 96.58738802521235 190.5440823083176
66.38225953937392 107.8116087902003 7.438798327750841
97.65578671181824 52.14077882642026 122.7593483059834
43.56587709266778 120.0081155737602 139.6811920621194
92.14402236697369 59.90465628728351 175.4818052657706
53.26936401822972 136.0941789858813 144.2217213466615
59.7105912264236 119.3577664555795 150.1326429496135
108.0970088538373 81.51010664726267 115.8678158315341
7.42321046410119 109.7904021684283 7.39166375936438
126.2993518987305 6.286720470537523 1.372221500378388
146.0518686692164 58.27595070934063 181.24534003244
104.4022588820506 59.22689962634531 60.598238570521
18.38304087574511 28.13683755685702 146.8873751415354
21.48826263806257 137.5183191902138 36.96111584072278
167.5273959622728 147.1730052843436 59.82607807328856
152.6044236516554 140.7882343509836 184.0065238615859
28.27974532917438 74.38286223874701 162.1038114860067
196.9799331145028 18.27396672565058 128.9265963096181
12.82785425250274 103.8809128513281 182.6649683376166
74.14113010050761 180.3794557881391 9.772402150443341
89.89293089386118 110.5580614053275 128.295038763991
179.147076116899 157.5348480150007 154.8545926638214
32.92807622905548 136.0507855407303 168.6687793789093
121.0757031472388 197.035630330509 89.61639692901616
177.8688420162334 56.96314897830424 150.8721097419848
41.31465032063165 76.04020136729699 66.01546607607263
74.05783962997512 173.1575174297056 46.73636320517148
36.04652212924597 192.0783571405593 96.43093420180121
152.1917375519993 32.55329404640091 43.98535902338688
103.7156618936885 141.0901062177193 81.49029478319672
130.9767631288099 112.9804629023846 186.8068955023823
108.5232408087093 5.550182465464577 33.97399871542194
91.15296558551238 62.73058764640177 74.06516570234007
64.90216699790383 47.98289862216028 84.13372256551816
92.88491256050408 96.81552331819367 151.4762481492992
136.6024066885848 141.5360379647721 120.3993910225958
126.0085226245444 14.86423560778208 18.68873514933026
53.62613505648523 140.1439203115416 54.79010222532698
9.065565106646252 194.0503176923573 146.5565137454164
99.04681927550072 82.85113917994624 79.25894559704358
166.1771779546302 161.1843481690393 125.1249704209763
38.78767678891482 168.1882730170146 44.3720372903181
181.9208076840468 168.032816786924 136.7211299138207
159.0308131716104 60.87745729785971 125.1930607804938
60.38897923719385 167.8145448546991 14.89258450717788
10.2100932398045 41.23847561391903 158.278866143034
47.10790616297358 99.44257909151476 184.9097168332463
130.465912177952 28.41432739208554 100.8686082334383
89.11539514566893 2.837812491351278 57.6056350926952
158.4712504615933 176.9087659774997 117.2650700379028
181.6826219454838 120.233864749339 108.8798626722311
109.5921071120464 153.9063290940825 63.53277290384192
32.73919585366605 131.286444981884 51.21417008471045
194.1292009920252 96.37272303235841 7.556419993322562
0.7267448984699927 5.555594588303466 88.91562869193443
165.2844411671852 178.0083752929263 6.544617208517807
165.24353106562 126.4852045959969 182.6589296132299
191.7404325882748 148.1985513808359 26.33393107372808
187.8570752931978 52.56427970779517 117.4280643254613
187.1440727564079 105.4603799855857 73.97329240171227
142.1029672462636 16.13650561003222 45.75216718709994
123.2631242163947 39.41642331449194 147.7671097404774
82.25725414531027 168.3606421681717 79.72206454719593
20.73147425594407 128.2070424001062 156.0895963069109
55.08439981951709 67.19950884752757 176.1918054341131
49.94199830366891 19.09819393389054 46.17255821900058
55.18991172184361 98.80899457518962 39.44665006893063
150.9843735242891 130.0556761452575 82.65086118729454
11.4810107243962 93.1460171597775 198.6944940750812
158.1956050177753 6.1303674176398 48.99618593515775
4.811499537737761 22.82404863468959 160.7270770278012
98.66101163563634 0.2368549239654106 124.58679472791
118.1503481438338 158.9733652525185 18.71245014181325
10.49938123820207 144.6450428354881 22.83936624130996
117.5087193369823 137.236124036777 69.07384527090127
190.071027217111 74.37281009123076 142.1954224226291
43.62823409308086 39.55005368418894 199.2441302736536
152.876667093564 84.77830026111651 199.4557209308992
67.7115791439312 61.09621207664504 115.8065239230012
60.67364823418488 119.2415528988242 131.0512868841905
100.2416824087111 191.9569000347804 20.21462596474518
162.036371422045 28.18819505731537 116.7435490724625
21.65853374596089 130.0359897454142 66.83201823645064
159.6738010610412 127.9019685013481 99.78998946903823
110.0210565842712 15.85353599609559 197.9026113495974
154.145005765474 14.41695717148249 189.8841609349496
195.758644555339 97.72740790655985 188.4762690981387
194.4370032886518 49.76774852942858 18.66476397821028
114.8701426486524 23.84124830155882 111.2276914867812
128.298309353306 10.3676492618569 59.0813101644375
111.273861704179 124.6246859146304 104.4875574580969
195.4072381744373 150.0889498623127 148.613769073069
89.10042140958767 152.2593148217777 44.30947795870718
30.98099121454196 134.1633379329743 188.0705669115407
119.4070288593153 141.5701424967937 100.2511060360858
172.4463431790259 95.41925467961012 131.0720922299317
161.9817185990803 28.43658327423423 0.2135755564589226
150.4752775923801 171.674283651907 133.880938035552
115.1360164304212 17.41330897540616 47.49865859363148
83.48517293406266 83.8028266142711 90.28745846213589
103.0961343649768 80.07814239068706 97.51050549285559
115.4022194010815 66.28221665760323 101.7347584611057
137.3297619067785 41.99013311301343 29.24491678768801
145.8828505763663 123.6096563973955 20.27858215797024
85.5101126752519 196.5119476629918 9.125600539956649
175.1249231721749 51.5984737646348 22.09685112339376
74.73934379751518 146.2087451970651 104.5231617740169
10.15775258108851 122.9849425760126 120.0223055513986
180.9043687579451 167.9128878213847 172.4769879899524
64.21217591388721 96.8067644637178 22.60971638193646
94.47245542729402 78.57541444639446 182.3694361258034
75.62664185169911 103.180336300913 90.71750731253692
92.5650379520801 103.5439425365945 4.723777136583873
101.2962122291694 70.19597065837348 131.5012409646959
109.5657642517096 90.43201751435672 184.7460103888455
20.02520628461788 18.33173537300993 130.4792871451619
4.601544243957828 190.343456085054 167.4310273251972
15.14472655849055 24.61619716126568 29.49818260785397
31.861516787101 183.7255777341293 132.1025493392766
74.89978214452127 16.94870792332371 151.4837707113512
148.1038337187499 92.24187414904792 105.7077686772192
183.9123818922223 38.69069613175255 151.4035954699031
27.76223844218799 125.1722131816436 23.6701564021421
42.58204486335243 148.1288985336109 96.84058173342588
61.47146443124695 17.62898218477673 137.6145925800987
96.28392828147547 18.48317582253943 110.9056185080607
30.26279583407833 83.57759860476372 131.6977803691886
153.4928461073873 194.5798556373468 63.71577226467783
142.0330453652876 165.8091362274419 150.2557104837699
163.7652388355452 91.64987685121312 94.64945779097967
139.043039972923 100.9399037938638 141.5587027242331
106.9279158909363 17.08385440473306 126.9552145195408
134.0471433428604 66.00980091653155 96.97264990869473
12.82233840958797 75.50089954399115 119.7282191677164
175.0414371081346 4.536619219435884 152.4416267581801
99.584018761518 62.19078672318733 91.38564427950173
114.9668738296194 139.5045527886413 165.8668303349603
84.3286782260594 66.89337384144598 123.1990541471615
186.1868266365007 185.9839769307769 131.0316196480298
134.5870083071948 163.7133347082815 42.70203945699412
8.570628760945992 128.0129032769921 13.25641140515506
78.05594992180643 45.06247404869418 6.96556874342491
122.3372041246779 57.99647722050819 14.15771110838743
89.71894688046683 154.7748108762015 136.162022348243
82.49770445836042 59.77411421699992 156.6215745473383
35.60483603513366 153.8522754270549 182.9554577152633
148.8832252088473 76.37572118475042 31.54132580051746
143.7706284448054 57.48487926809098 136.2890327233697
46.03927690005623 80.58632576118897 166.3262548354124
87.44260384344203 115.8918356838322 77.32755997241502
2.937316068664421 17.74375436495915 194.5309564435406
179.2049767446437 124.0096658119937 169.9701144086243
125.7647920642529 38.23345227030879 117.5149080492261
114.2524192670932 85.49662015233369 67.7488977148804
154.1568387363091 42.3658684685912 127.4161316555242
67.19455205041953 135.2229311514979 122.6922777809873
66.08609085608701 188.311957919818 110.3227365488381
112.5465859456655 184.5496148339164 101.4040826923823
8.284227123145467 185.992542022315 185.3230327990767
183.7290209660456 126.5625966720895 188.3290783512435
89.20768415236647 176.2424580826305 20.61251959752488
84.34647324604799 126.8667818311708 170.7285299239749
176.691475501956 176.3047530540792 153.299970511058
146.5338865586038 12.38955344435843 63.87082407178315
88.10863066332323 158.6247615585316 117.438642485082
142.586544334317 84.69224883279355 15.60609592141686
17.02300703036149 34.39969419667445 76.61372029724232
43.17031459904767 123.6296853850567 158.5255934444133
166.7874085792297 98.73124531752607 77.15616125988136
165.913741902318 81.37232848469293 68.92494493582842
120.8379044990908 40.77683294740731 187.9991688685155
35.39377065335768 11.61776944688631 55.65895932545508
21.89531047809082 157.3344151451936 196.0684440791425
168.7090268358785 118.8893503216515 84.85508437267549
69.02327180514912 151.0888249212652 18.57907695367786
142.9903136387955 197.0536915682601 89.73066041514178
17.11285334732715 29.79884426127512 199.8455286858987
17.99945802426941 144.2107442797346 54.58708026177709
131.0073407929279 87.33781005839822 177.0325330800638
36.92401268088273 73.32055402125116 109.9064090265446
167.5698827032287 71.44873873309588 143.1449413361356
122.2795213650757 19.96882334421629 150.4028520984284
89.44572581862246 47.2540768232116 59.84018453270018
38.24824579915788 192.0869456466016 164.8363071352242
153.4157089400225 96.61201612896174 129.5659982691211
149.5839462115312 191.9181287404356 109.0266779698725
47.84815030923418 4.448292165225444 126.9630198142716
63.12286329554836 59.53587842446672 21.7625326520146
74.57462316814205 192.7239559243042 175.17516629406
88.74086963719462 85.34391955350927 108.7687403132965
176.2443955212809 43.56698564674353 134.7733086477286
65.69223415750005 51.1509831187733 159.4098378809349
52.836014733492 29.71324797767164 186.0337284917849
30.44626141772342 60.50754284299025 68.76404839722534
136.0900176638941 88.94913678044709 91.173322627367
34.26195863646601 63.33957438705963 176.8301422236435
3.595803045595853 42.07299482896794 50.97795620046583
190.8203113358014 128.5005182810906 42.80625154500536
57.49747534419386 10.19382738629419 155.5302183340332
116.4564238865407 169.7337380586983 33.9119995021746
67.54260314096578 32.1321796291403 126.3379338025737
199.6304667889739 187.5929411903787 18.49660329254925
170.984051467458 5.618643599828673 189.3878802420464
184.9854313980272 98.98379129333667 55.98431736640293
104.7548186504389 105.3916294159097 139.5142304991592
116.3994912700737 94.42835380353071 167.213227048776
199.9919575993327 29.41368677806224 68.86734843780744
120.3983430251921 55.3034147969699 87.23020838559427
107.6325085477965 117.0215765709796 124.4706551304194
144.1630836450213 34.25391594563535 113.0031957734685
172.9305864400809 58.68103979047861 48.36849063960648
186.3734180104665 74.91901190444574 17.4249803395262
150.5980136953932 28.50800493407142 77.64629257921359
28.38497457012642 161.5552418418187 118.6039243863808
60.1739698874444 90.42354514646814 199.5391452032545
186.8356057999041 93.13449959681776 142.8293916055567
48.16698265555964 44.74647678898643 174.7920164720707
58.30034212175173 127.341311984133 107.6364685349605
149.8589824139155 75.6122114781905 91.76423765889238
25.64236852035448 18.22350815601909 70.92153749964682
28.67828560848123 68.62442167710883 143.778023175729
101.9098462445761 197.7326004033937 90.98029704322947
81.21831047876911 161.1939465351993 29.45875034166974
34.51648800039915 93.66989951748349 79.87408097084253
139.1564846143294 177.8702063203549 117.1529114116507
58.53151877399046 18.66922152969348 63.20232541493871
140.4041529203672 145.354267607059 40.13070337134192
40.50787665063184 55.73119852461521 135.674018651097
48.60944337282167 65.09784756687024 33.2414173424791
131.3498785879677 134.6182630606791 157.1359799290499
87.04949274762301 145.2277754777776 20.4866086782217
162.587431970774 115.1401549534876 17.93715525860192
32.29162604884521 198.7684833385046 32.47158661197987
59.2247641162344 110.2289289585946 97.78224267544631
80.71846557422944 186.3519376405424 98.04314082011719
166.6678045370819 43.09368265479637 158.3465354228552
46.32812165104176 73.90379217504574 138.4480433903765
159.1784295791118 70.77156504091106 54.3819256102438
21.52775386455491 90.30686781132252 93.69861949249491
22.9173248943562 28.51140742006842 165.3808348391505
89.41222766419851 37.55884197146719 20.49940315377523
196.9265575539866 4.385925291519191 157.4946831089994
44.76201516559251 114.2286338751152 111.1534874685026
77.16114460250309 71.69627966518992 177.233796767773
163.824629200773 111.5016424534926 164.7473442705268
140.3360156911395 126.2560872966311 38.22095954765157
102.5393766381711 151.7225644557782 173.8561264085473
159.033759328129 127.8043369889966 33.81270214844783
102.3124766215875 189.2911603012332 54.3344242459033
109.5136458507186 196.7783145417381 0.7630543129771273
154.7197457748082 176.8841251241808 98.53519589053528
22.23172910642137 182.9222596846516 170.2405914246278
105.2243980176914 185.3436470423455 185.7356874247479
157.6300954565427 33.43557485960351 144.2099024387952
92.07888038439937 98.53894972197207 186.2161188598106
10.61487748370801 113.940601440451 64.54274437430649
136.1249808777041 40.15944215247266 133.4915653165548
185.4801121517394 112.5032037173638 91.71727669738837
167.7228630769692 180.095203850182 133.9212769670135
38.68370174887217 191.6624718987738 196.7598845090041
118.4507562065032 182.3096189457511 171.210511377556
183.2927859227194 136.3203422829429 61.95926274563961
35.7814783652796 38.5885639138423 103.9869836141643
53.56570660181576 36.09725514962323 53.90111310805846
37.27658118458645 161.0179052912952 26.70779975631091
57.34063099057564 157.9433662172359 176.3904867601249
55.16150102656683 174.9869301433845 53.22533800832814
22.30345794200368 118.7535132570108 40.86002132246009
108.7777141623557 186.7521662927764 36.65677094512787
1.133483511488941 71.37149199144413 36.8842391934728
16.79482465442134 183.6492661671758 64.03162924582935
199.1688988861181 86.14224837638233 129.88936424952
196.6672743463107 20.55390083670446 26.37295957437042
179.7843417242637 61.77594466306211 132.2756743813597
196.6062623554555 53.82797663188214 184.3928524755424
98.01368471740523 66.33496668654195 109.95246310305
29.55941605358887 56.8534826787367 103.6535942985491
194.4260631763719 5.637303969867294 15.54677257774494
46.52458197696109 162.6032365446007 113.0043245724483
17.20253692814358 122.7758496951148 137.9519586373411
29.72242089342039 144.2228796430738 21.01139640944135
3.403542812984241 142.9506400711728 40.62082569061157
135.6401278106513 143.2045666160331 69.47918355544469
64.66197311504114 72.4500687299609 191.891241741179
138.6995052998345 13.32827880208134 178.989077700316
181.4735610774031 79.75241511796962 125.7424301850663
160.8710239815263 77.77987702653019 107.4270122745432
147.5407395347693 24.46152385251619 129.0203371629029
19.40784265188636 73.25821566787666 102.0333122531796
80.50732497151903 41.68922800754864 75.57791419565929
139.661050670949 51.60110602030664 118.5991852666717
101.8390030224093 143.834983457676 32.55918374634511
147.3818727122849 103.5121692539378 158.8063133849452
88.16280586827642 25.75089389224251 162.4132876294478
71.95711045176976 79.81214818932285 116.1604415375019
43.62699850639244 22.23647882526431 77.37510272703206
39.8167590154662 87.74576540154081 149.7476934493204
24.44448665066599 148.1033101817586 102.7194459787971
4.745654407720636 94.99858121095713 148.3606205830277
177.045009276675 37.76915006067394 7.822413705296237
93.46061963597386 133.5743018295493 46.6937719236668
56.73426051401577 35.07065873002114 72.78180358842661
59.94989627883306 140.3037552740321 72.98671433694818
85.69172348712351 43.95857254457241 166.9905694834511
140.3482074403317 197.3557245013452 49.79483605958691
186.8665599154457 37.07031852232674 170.0432268620945
136.5756713943341 96.9016272116574 120.5527095099525
87.60219527106683 182.4823944567974 196.1411476060337
159.3903651090591 146.8685263161533 42.62195156254421
40.72467291385381 129.4169137769304 100.4109133303273
99.19853052667088 124.4692549240527 89.71427985166812
147.0567303146204 110.3844132763821 111.5429646446633
160.8377810371703 65.35322117787989 191.4900118087852
20.09566067665667 159.4785318045326 15.08683999015755
11.27895204967032 177.3581426987246 155.3646179450465
106.4429583903258 108.1897640140754 158.8831314746206
187.4991179349013 23.02477394015015 95.49307029872224
67.47364394558281 88.6196393524032 99.64398097747137
107.9516657843801 36.19046102525542 124.5634108006059
184.3277421530034 178.6664699935808 25.92227057246705
187.0712938676729 47.53103550192037 40.06754412072807
170.9350853027674 15.27766309136119 105.4559758938832
145.2434848100731 153.9023439589372 56.69374068827035
171.8635779603562 63.21947683418647 67.11463704351063
160.4947265795366 3.58038513956468 30.04756128456317
87.49721157332701 137.5575194815078 2.979518489082812
7.224249002145247 11.87917726870456 72.13340713010982
153.7929910940515 165.2739213999508 43.73122353167175
166.7488657939691 110.3666033739555 101.9206639647861
0.1415765403544288 114.6160126866112 105.8031537996194
55.45874202095287 0.3591558259431384 57.9029495471832
8.620788933809537 4.619480244449026 181.5334563830619
8.415759140323861 127.7770992816605 51.38072555215884
142.4522180637676 197.045217582683 30.66866036124175
66.06438250650373 0.1701752326779394 131.4567733467639
52.86287918021308 146.5367400651029 128.348302981657
191.137394269724 63.02103327316726 50.93297281334786
154.5118688710795 189.8043970629632 17.3849645130671
62.69201618919447 82.460525348901 132.6606278036735
105.3128559499252 159.7099401866848 126.0963016077876
133.6533428346976 111.2419230271006 28.14905113832176
37.53453001293659 146.887959727839 0.7388621381101347
30.50246653295123 34.30688516054212 133.3659570206052
91.79320751995553 74.82277963536001 163.6460141289795
175.651786201988 149.9792848583184 137.656812646711
52.04685169390057 43.901982257844 26.92559583771897
123.0932973440429 73.80788669722661 36.17721176120286
34.24445693067485 32.77730329949498 182.5739159251291
85.99527099336377 51.40315736468928 107.572392915217
183.1687492571702 159.951191152681 93.25707014258552
126.589089225791 58.76558007969836 184.2219903081214
89.59863556077455 108.7245471154475 170.0381253777797
99.21685148501606 159.2886979781762 78.53403797382923
167.2974571549088 185.6673193787481 30.9393871211023
80.384772360551 69.12772701677773 102.5151277059859
60.66724589399239 145.3815994704591 91.31522336624508
139.256001597113 185.877154887967 4.514010214627739
26.76547091439814 187.4089735814744 150.1578754972172
94.91058876309083 85.17856318322606 0.4062993700096515
173.171833600158 193.8453899804186 14.43878650845702
182.439408868923 101.0822026645694 106.4862884857172
135.9386110175558 63.23102529928683 26.38700372136654
18.92066661102816 2.114175544039833 84.0409911555369
25.31054610482049 88.19199759761571 113.5438811374646
164.1340737378365 165.2540388926829 163.5563219231953
107.9509977567827 13.43582365659656 161.6148234786126
172.058742070007 198.6385565484998 134.2766544768732
25.53135670379495 184.3627530676343 81.07537268906393
120.1158390250618 150.8525017937972 186.8120609647823
16.90827418938585 53.48122266236552 14.76899517630985
78.82965756677052 48.61813935992145 125.2559625096302
12.65644047140067 94.35924160288751 165.8445318564962
167.1938329879587 164.1813289261809 106.033866104316
36.8254284454104 30.08968991279867 61.08954534833953
156.3801010506022 192.6235704685681 188.9137044388478
147.7851568816253 178.6190061062264 31.53439480784781
36.23129571036606 149.672119007494 47.39992633658361
71.75287308933598 1.418482736108959 90.80780977295522
196.5943952614655 171.6009938184446 100.5056496968837
199.3379672754 30.18170421542782 144.0008535717269
161.2145570079343 52.30344224301206 142.267058925536
59.04523516300904 11.18584612897382 80.80732129682679
136.796002946641 166.3154172914825 68.83285415467024
110.3102672282415 67.70608729551729 76.55437356531959
128.1875498093418 192.0211948443741 110.0363481847894
127.5166113866078 7.615867784830455 36.47972941183541
24.45071947862388 179.6364959998254 192.8055942449315
42.35201535467098 113.7334177295993 89.27402281326313
41.04850737826259 135.6606824568967 82.38913570151628
87.3251352279463 4.177760375686949 101.7657495981354
25.72000967174062 131.3405603407474 112.1031109472693
90.56056095589368 110.9438456517076 58.90239577570492
183.8112674613082 5.314231980245427 120.4895596692981
95.75807627120261 188.8793721821345 109.6268891515558
165.2996790011445 35.61068585305842 26.77563265933827
119.240890589471 48.16271562484788 30.24760122930558
56.62961624238518 126.7672087994918 88.40398902083187
108.068650802694 84.98132936079472 152.5088662530271
199.7937670346744 78.71401709841996 4.205686491925742
161.5446337661744 8.856125919665422 121.0059851375679
177.5318183777079 76.36784529891065 54.40792675652206
48.00247486201644 101.2705332471575 138.7809422216011
48.75348720019669 55.84762591862533 190.3428728857349
167.0160658945404 74.34531378168164 37.16034580316165
9.873090548220212 54.79802421212599 32.60473747758828
11.47734792789986 85.01041224273786 45.57677738762404
157.9469557193195 112.9007049672317 145.8354162380838
192.4749035765136 36.7671230618107 127.3252024154729
20.93560357601512 85.52817638641592 148.3867598275419
122.572030854375 150.4491558737633 35.36741718961827
187.8201207211425 198.0357834577736 76.63037662580467
3.263236508084426 129.9168744103889 72.47633138348715
178.798690689057 105.9588959632932 13.71911330225358
194.3377728124449 168.9339731683219 151.4514000664745
97.46936304636522 171.141869669066 37.07454220395302
76.48997788042458 98.91304862252049 37.29155419022621
117.4492716934631 86.54371060119033 86.62998698833606
46.67936003517643 129.352646261796 122.6462137536466
178.5068028758852 177.6292646699868 99.08532254643239
186.3960300212929 4.789589314104512 101.3991277364018
141.483256162769 146.0253927227151 87.64900158646327
150.8701279015543 174.7981280349973 194.081154374749
188.5291043436213 14.30642077278483 66.50443649964502
2.060012996536144 169.872035698058 25.45324546967202
147.8861534078303 85.30803446688424 164.8934384351412
50.03152432610216 179.4561252980139 104.3194821004924
54.51275270551618 163.1260222159709 95.47785643338811
183.6316919677406 156.8181521371658 61.98144035805565
1.848035819817208 96.73385784073319 65.07469567354396
19.65772458153882 97.51735888865062 57.78329919210727
66.8063470971553 70.06245015539012 161.1323376066571
23.3519203650038 147.1545822042229 156.1707395465912
166.1849767305027 20.11633939782702 38.27261515325832
69.99365990815745 154.0147825739725 121.4964758260138
196.2817143613078 67.9449709007031 124.8368757658805
37.66810779240493 100.6005492935863 122.5530130824152
185.4076011628849 124.4164901809966 76.76851688059435
3.633964958017222 66.6077188128838 18.57239878629506
197.9534658685859 174.0033434353662 119.4476763017781
81.74760070135703 176.5942149135477 114.279116687715
167.6378404773818 22.14311641249063 156.2596127466441
141.3295423672258 94.03689666927669 32.34987879849704
159.3778933050268 3.24564310847719 4.62393996874855
198.7374285853217 160.4324487807555 133.0245168656651
173.4568572323514 34.18057176950553 102.3701396683035
99.68983675658386 89.1515333610723 131.358024788895
199.3980202817349 146.2899157914541 58.93903681156224
78.4871682690535 85.5540397324946 190.456188492471
35.40093751159697 51.17496365414912 33.3979641364362
33.25250792776134 182.7492520919915 113.1546824190239
89.69785441610513 85.03499142017019 36.58202185378972
132.2347909703487 11.01030977525857 136.720877920888
67.37327948529079 178.8765539166116 86.40277841193311
175.6021310840467 3.746578298946694 56.92501820992526
140.1092682190068 2.977537034785301 121.255297769428
121.6579280531753 120.858314634423 166.4002079081228
190.0202255674653 113.1594120479956 199.9230815317646
183.3060304781474 64.97154762059947 33.38159498227076
144.4072266857913 104.0352180734122 13.71591035933066
29.55593232341209 46.13500398811646 169.6238220821956
111.1537888352295 139.2702250518314 51.15028987616927
81.86301620079837 55.23012344745685 89.20476852230402
99.25587672936946 159.7428750557241 21.82239435483137
82.51726022844265 97.68515739468513 73.94487710068763
193.0446878566827 153.7741266739416 167.379572582486
144.6116611812608 188.2660317867129 173.2847427779032
188.5244443803504 163.7850742369856 37.54231272731877
69.72282375267278 32.84538800912891 194.8021012308387
97.96896628283554 77.17751196783584 61.16339013767345
160.5912411976118 103.3783933739582 2.718834603324498
84.84470632921914 176.6346893417422 173.9796270977042
50.04126011459552 1.366760595523577 39.35111277017497
30.64249310062873 17.04485374271822 37.92338492909344
159.9355320980851 150.1570737418693 91.17055517076952
37.80589365851414 46.80630275293142 51.89472815684767
125.5504143969838 95.43218992717547 21.36377534201761
33.33672606950945 47.78028545238684 120.164211866129
145.0924610052651 159.3085070622448 27.64948790098342
126.1036141845226 22.46093260356666 190.2795273007172
132.2907717888955 20.10962086801703 118.1958185015293
47.05235067306846 153.4021140331577 78.79689120808108
191.3377247236089 187.8139665809024 149.431696944591
172.1177770950526 160.4014823754371 46.87925462804551
192.9453556417048 119.7026389745193 59.75105740393062
141.2549484327263 45.56726189355712 151.2038210311245
70.02329703478539 194.8969233404367 198.1762573859386
64.31198301275086 169.3122339933993 111.8668642577635
135.5294377462227 71.09568891017497 168.1795316131135
173.0025323835214 10.00757049197013 77.07437946181432
198.3532304004455 84.81693143556916 86.4536664889758
98.78978039210195 128.330345384725 67.91423524324165
41.24601081256404 31.8439177026447 162.4230941989943
140.7162348599783 155.8077580682379 182.5215525522655
80.89886740161788 194.8108084169039 120.5306227582403
123.7163100597782 83.21483317182435 104.5880676770769
63.40454382888333 188.2847667264829 42.10995620226268
126.265084942865 151.0314537586057 54.47854491661239
21.56024187366972 52.04562305084697 136.8794254096585
38.43197350345009 145.3339130068212 115.4944443154802
154.4091276630957 66.87416569246126 74.43997015689202
91.27843451858875 44.81016303550384 187.2957683342937
106.1645088036455 78.58633341467409 44.0387209409026
11.58770366363267 113.5198268807391 165.9846130442218
73.82917035522617 8.079419163756539 68.21469250436382
107.1648013107148 108.5167229734046 178.1780794807136
73.63709435643555 163.4094563664034 96.15653166206621
48.94330180671735 132.4467668500057 194.8375228982406
5.212899537463208 190.3817944519834 77.895987790684
141.7479741976522 3.062251698715396 12.42080851532211
128.7696500302665 28.16408170087728 39.21566619107092
93.12328624941212 90.61826306300229 18.74842284008509
173.7853771337876 142.4404361961859 30.54062629359967
51.47330980659576 113.8814185095631 196.9241268258761
71.61689931491652 131.4477010455061 141.1442436962044
169.7611770786447 45.93702786995168 117.0739997313957
107.9185046551831 8.929557280507527 15.27847016017848
80.95589748784661 105.622900207997 19.88791508994944
9.365758265783793 17.55389570310679 12.55251295806292
27.60125559948612 111.4583403769026 77.22668488903926
63.47123740723438 56.94154675373061 2.849256685965007
7.981766579841174 36.42680521234011 15.31154570495177
71.37393778190625 33.6897276162979 60.60135198867998
93.15551634796093 136.6096102984093 184.5870540282709
39.41400963573417 65.5586225900655 50.11141499978338
54.13696215030252 193.9643313807988 185.9316314566334
55.74245586736184 75.72034325682672 107.0320233830554
124.390261227771 115.9714848059373 115.2185008420908
164.5962973348033 164.3065428600707 144.4147283743682
185.0866668932121 23.82748233807102 114.6879952039285
154.1813510512201 9.893055437189833 80.93918070426813
162.2356980798742 79.76093367016679 126.497568443379
164.0542067515928 133.1337898446805 11.75961408470267
76.70864752194196 90.54499347610241 8.915285737028421
170.11490848651 39.87204575896745 44.67193340086914
3.730489807074178 114.058220068207 148.3078724915262
20.8996613998935 39.97502450159142 39.82180884397143
125.2389229803188 76.70750554019264 17.23245000559121
176.7053278301663 147.5847173705566 12.19104320444081
195.9115026082777 81.09470962049078 55.75454641013391
166.7264776793844 167.8204173302793 87.26848105051393
163.7719373936773 130.1536517705588 160.5520468549576
146.2040767565669 77.32999768691244 182.9143143932888
131.8560669633602 171.8837961581686 22.98217939155089
41.70425546385183 115.1380374711398 44.29220142583927
195.94719985445 132.6156340055182 111.1425016377978
82.73534485349093 8.592325723920277 167.8450947501355
59.6513213267715 39.51250460470155 9.836525050534579
107.5099168658782 157.0853130173732 45.04097802901608
192.6446357945706 188.70676987291 92.60555654285037
59.28769882029621 85.81255120514309 179.2825956162402
107.5266907845304 50.78805045719388 140.1846919074553
148.3483226144342 163.5449906801671 83.88350310697933
92.55056276507266 145.5175130105204 61.89607325066609
15.26066634073868 110.641855411647 24.74455546928381
153.8008971702603 148.234645181065 73.12045597723248
99.40280275413286 99.92247948851865 115.4104215349671
81.72271301812691 119.19351093872 4.876959323657626
81.60503174934574 116.6663445083416 42.95915741463947
39.05188172112457 174.2993421135101 156.5816817388424
102.0859084998797 116.559873988731 44.54128320716206
5.658741219727929 47.60371812551347 68.77912926596473
23.10125275312534 30.52448046933851 115.8749046418026
154.6236411386307 192.3711380691205 127.7121998437878
55.47392794414589 46.69886146259161 122.5319644844277
133.5924616951845 180.3742566247155 159.4587498305364
62.10240042611161 30.90923296911155 36.97041878981978
110.1226560953706 105.1328860392094 196.9566514859761
27.63682928679341 197.2761506254883 181.9863285994575
116.7154423502098 105.9328748143208 37.76087119661572
121.9914191130758 101.3668491981734 150.2172684824317
93.13008768255318 189.3100427781277 139.4813169968856
1.675120964798963 37.63795934725287 32.96173764525121
20.54992675085858 57.41452167033381 156.9213473387669
186.611338320095 19.9488767254295 153.9813085651967
71.42735983526639 42.68073168212837 24.79233358345114
53.44151862064615 2.98859276110105 2.977869016671381
48.85710608116258 158.0779017369146 60.03970195688217
111.061247546916 60.15428633780186 42.69083730180918
67.262598333817 114.373063766377 30.43146397457761
89.828661852103 117.721514239007 187.1538456379872
22.24181991147697 17.8556106289122 181.4295575356719
10.73010647724869 72.69670151932067 138.1536707360189
48.73200487059701 140.9435185629311 178.0415098370158
49.52952222538106 197.7606766962828 109.1245031410301
21.07223277918849 41.38455458460297 59.16345687265628
69.06812407467807 25.10855592010575 18.39059824768982
152.3424931644267 183.2702794246237 80.46875919778347
20.14857994101087 139.4273670729641 3.166409858930967
100.9501071802326 99.10076896844991 69.52244722770725
38.684520449605 198.5443457754575 14.47234459301673
27.1120938680619 96.14842647532842 13.77347901019965
115.4706759219525 169.2838460384334 185.1221110812634
133.3221586249352 175.3767490723875 181.4202695509813
108.522205034581 107.5271194509772 20.32849309740533
54.1489142800835 121.0443481328773 176.6830702640763
11.7529868699156 147.0832535723163 73.54983171858449
75.28958371902225 118.3856801794646 118.6304834865701
171.7341567725875 139.4699827359172 195.4589371760697
184.163764734534 86.85771303142356 70.78828856952249
184.251915916267 35.04119204077046 25.55625417595544
164.4312561469603 145.9859742954826 109.1379375980206
102.7380822916984 66.49992601039887 150.3112164926378
133.7305453107915 52.30153143684267 167.6617467906526
28.16042755564159 80.77577374699753 53.23205439265864
198.3296761054064 126.5263429504797 90.83542887766184
37.71389262573687 143.1975883113 65.34318948076412
165.4422652843154 23.20076915451367 88.82739262039176
118.9739641449686 91.3810645247752 49.93719605664974
119.8329607755534 195.8248508296662 49.70237674602017
98.134035618713 91.83746258543955 169.2408214345679
74.2077095550684 11.81076109419537 5.754651873331363
31.02518636141637 118.4786643251532 125.3627481897108
170.4700757245415 191.875584833596 71.34073263721561
134.336243542971 116.0574774182776 152.5348246168649
185.2690483913861 146.607455687564 45.69328418057141
122.2693410208292 106.989763530863 131.955089943753
197.8431516666405 183.5334621967826 38.25327207877231
41.22165835660326 132.0146890557901 12.05159051534728
92.37801096086392 9.452772745805785 150.954854819949
117.5600045719382 128.8239444951262 86.67882379904975
64.54427595119503 161.1326074528802 79.32244110531393
110.2747692288299 91.15884264838213 10.34598707444845
118.9093377897725 71.06141299749349 56.40789708900547
177.7136168911376 52.87389848392721 101.1998243253608
114.0982569545924 121.4893733275386 58.55777709388723
8.993933864654363 158.9574464849195 159.0493729987798
171.6993408429049 119.1785567150008 1.500058230942552
4.644053118193219 24.13315407033063 86.69267186603004
69.22495156365224 42.11541212924572 109.9411443031682
141.7477448131579 177.5572633012285 54.06494940514421
58.57923991928955 84.06932669016398 151.197663678145
131.6761282992812 104.931462609921 169.3337132692071
12.71559504609335 38.3980188947904 98.57927705043214
10.7474697927477 139.9273806300606 143.6925692880887
122.9081520975731 36.23184415110646 85.20808921230743
150.1592363431201 42.48823055636092 167.8827331235307
103.4893461661682 170.2274610588937 168.954159824417
48.22139762844921 149.4383472153888 16.62241153063948
20.58268647932967 1.979552539571877 62.5898258930129
148.6706850820368 171.955687234827 13.6535176653182
195.7276236845624 108.0631944574284 22.68367024326646
12.75148532902221 57.33968787264379 174.5025138178811
137.7565000811166 197.0269590366356 188.9935740069391
57.72257857965344 21.49737848368146 3.263364367485447
92.0333557955142 172.8643435952322 129.8784923008329
130.9386546777683 47.70005002434429 101.7464873112913
149.5141010592366 24.13688370933944 162.7278171809268
151.8403938789828 35.0416750957648 95.64230736729091
40.44878920825097 33.51259739164332 38.3001068863142
139.7168919525274 26.67969684357394 146.5227619717885
151.9812203884828 110.0876995237337 34.10994923485677
63.12589758796065 193.0397192429669 73.97834647109045
162.035353559506 180.2709517884594 175.3111488229191
82.72762454013954 74.59239936207395 17.76328011027726
57.17858896539022 194.9954410346452 167.0816102427926
133.7883016344926 97.39117859264508 74.02852725207299
156.4220579794901 187.1317059956463 46.4313199331794
96.39710306565568 168.403976747381 186.5952427125227
194.736533065827 114.0137330972706 175.3445639577872
16.0288474719467 182.6098542799184 44.17646954492382
70.46960508735347 176.9342624560793 28.31521538673271
46.83857927694057 81.66455866297858 42.89234720314256
94.79777140459559 103.0995703664765 33.19043920640812
81.86620970165255 78.93727243084651 71.63459306627638
14.85276040925621 168.5965397106668 180.7439704935145
46.78998358238171 83.85027643362002 122.0942862685251
86.36164278294852 11.99660479727006 84.18991032439158
135.8677999716919 141.2400851168436 194.1728410386121
59.63389568850138 121.9304295024804 46.5496340234391
101.9206694875175 151.4710368713289 192.9236440076544
71.98642931224036 113.7625779842932 163.8034445770201
158.6449828063906 162.3830915051054 181.7714807608732
179.4207852606046 21.98399517402317 195.3187517785384
6.641043212056926 126.0244322326411 32.22128419154164
148.2563170804088 129.1296282376442 149.6610132039963
64.82894115313201 75.38515727310183 10.86031400749214
118.6477945181426 103.848009929945 64.38469304595579
28.57308412171481 114.3687420353257 58.36081836935122
72.10273632793643 24.66262115004288 77.704154937328
107.8253315530505 54.33667760981618 184.7797435901832
81.89841334403522 103.417332189415 108.6615729364094
102.8297252701421 124.9233546422119 167.1666553661556
193.2728162718406 141.474835285765 181.9737514102366
130.6732808234163 140.2278837528824 138.8215723918948
181.6959047546774 93.94576469056928 88.53426854201301
49.67792583555421 64.94108516803534 121.6733508846098
171.902220011022 132.7687118420449 47.0306059030572
128.1454447776825 84.20074939305377 156.2377026854314
187.6805012002447 163.1455000723174 15.04237530987064
54.6283736605314 192.6516801443514 91.19788208885954
170.1939135493203 192.2045510293825 116.2479157529424
109.2519764247561 114.7638667555727 76.75683434198655
15.51613552380548 57.62365532133952 86.09199232936888
51.82886444651103 102.5292691970261 162.9408818233935
180.76703833268 114.4736506361929 149.4247322798833
135.9950410838716 107.2381764850302 50.24704072348932
28.31746486827175 107.283146877086 151.4370656234947
148.409463898516 14.09018098189916 102.9842111306447
77.83483442908309 124.7414704796617 96.85909776166609
13.65096158489971 62.71911605503863 53.95561138446514
166.5222999382479 29.55336779966357 177.6095144954929
11.36847689691207 146.1331509039238 121.3989952114086
39.48976216645264 168.8785526790258 5.456291310280454
9.406197597886914 168.4709971901945 81.78069903001888
22.87165279828358 109.7392062459566 105.8350267867689
17.97861140012166 78.70260237294789 181.8389783555328
109.9224399640749 179.5269843598202 79.2944960972151
87.57668604400146 13.56574451802108 24.36234710162495
4.663267116447696 73.53882877918227 159.7721707102629
22.06384182694024 74.50876043591299 7.130526508169537
175.6100870314068 86.08934986461173 0.8389595125834076
167.0369517323624 163.793436563979 24.78670703508156
2.806241628933145 148.2864031359022 96.07842217061558
46.47738721542101 25.73274162150244 119.4140277654429
86.03399828682502 190.3676877104123 76.31573344103255
104.191602474232 27.35218700537712 179.0763019725487
189.5146393618864 94.60069274391631 165.2461994756054
67.64313888019088 11.40127123396133 111.1811502182128
42.53447171062918 77.95904796811676 192.2941254680098
79.94499536296044 154.4308404985563 178.5422948680523
71.07450741565398 131.2938792206335 188.5335273564144
20.48974565043582 129.7291042610106 89.44881838750399
43.16847282194743 93.78232479594018 101.1126031696526
198.1995658583879 146.4229643061658 3.585153209388785
46.6225137601965 134.971344038054 33.68334489873109
106.9644224103184 174.6899150932546 6.180368258977133
88.5140898019077 64.00365589548903 44.52743460614379
35.97105435979483 16.93904994391622 199.3875055346312
109.5941693032714 39.08743065471646 51.76571314881883
9.762354597444251 2.577250333114299 32.73385820090439
155.4266373154763 63.47145180222053 160.9549456546798
148.9271852168618 122.5383453283287 197.8532084259282
61.84419858575507 173.4332709305645 160.8114379534261
95.63754280198019 168.9502582399916 98.44787279875976
42.88236847518781 97.23521227132619 58.82370430186764
185.2986539037431 87.86707484096149 36.21603488452336
69.43026114124117 105.7737625554727 185.1223147936924
154.6652215605757 152.5545639783186 3.334421129165332
65.16554345408818 70.78162334719751 85.22059211215263
132.5887839931108 55.02259497358485 47.77645977770644
162.5469340958432 93.0434103515704 23.2450713325547
193.8697827940343 66.57274387288273 73.47245644010461
140.0628370418989 120.9939391383557 130.6268303660647
191.2740984730364 133.3212473238786 133.6643969621533
57.52237388249065 95.41877008485405 79.95072463870812
78.47759029965333 38.47802491443143 145.6480756950855
7.870279883317992 88.8161636395098 23.47515625853229
74.88160461160641 194.4954617277695 152.1477235314069
16.91889127173124 198.7973860018656 2.444947413292438
57.0670089483391 29.3817692258758 94.91681064152088
69.53717815550473 50.64454978085738 181.6521779325922
130.0514068812265 161.9873740206968 131.269366313964
182.2737408160324 59.05791006349177 1.303022650209367
26.9166425777744 163.3694291469267 63.34189708756364
83.90416325209218 31.60405129758845 96.0417828724751
108.8468383950138 140.0879044028812 10.83629003722497
66.1854065032869 198.3766145964708 21.77775093004601
191.3479771019504 197.9561301889525 195.0489703546093
155.464796538425 54.65772056771691 34.95911885325538
153.8861629669874 8.648664411234181 143.8173681482675
5.895451425771044 17.18118505978821 108.1036631462619
189.2309279723368 15.50700083433007 176.0033929332398
96.95956957686046 142.7738908709587 103.3043249837578
152.1362174269427 147.224429270728 135.9014545358792
37.76918621864755 71.83266916726586 87.46333868621072
132.752582367215 177.3749471345676 92.97492465887372
49.48784096934477 191.2302780126267 145.0842880993427
198.899254007292 131.9998810890737 161.7908227071363
89.66058553305737 133.7444182780934 127.2669329244021
117.589907821707 3.696806624222592 180.1068930022173
21.65816809369876 181.3101043825799 21.7953168742065
98.74133012486105 192.363119716508 164.633997638205
134.4906680492371 187.7815903746439 137.5171554370964
167.5568582999284 81.42834790807973 176.2550859202194
160.7593837424358 168.6481030776622 65.20864839177253
28.72216162985119 116.1332320703077 2.508273841643165
32.05884579489968 114.587269167536 176.4781984639458
149.0080586499485 147.9334012763844 162.4602823167002
183.8094524207777 44.41543480111524 62.57490952099418
131.1453185073879 164.544995431008 1.263883170142616
122.8787430852439 192.1659968773229 19.31913945450349
141.1442981553074 49.15305131145296 81.22219435015661
108.0490411419091 44.50674989049052 103.5695101246045
67.14860332688768 175.2249871579314 188.2394519988291
92.85288477922414 169.4444609650281 59.38200499403363
132.6233859788294 120.4316209748292 72.43053159998405
125.273202578114 160.1501966500956 166.3095292546943
103.7411882203073 48.19539302340718 6.453406949043083
128.1388906597669 30.63081139682868 168.6525188010381
102.6953630816904 29.14209516756332 145.4769421210859
174.926018707392 21.34918861721594 134.6192911821593
148.846034889073 107.8769038618689 88.71345157946179
118.6473523828469 162.1562974331204 108.1019557884318
187.5173078942718 24.89096202877097 46.15433155085223
185.505478519483 152.8148776287852 115.7781171401693
184.8417948903189 175.0587683948877 75.91092015195194
124.929446528983 118.4858277690489 8.460331264846642
192.1485509054252 75.71416630306254 183.0404592898102
43.35622198015966 12.33068458721285 173.9782510885406
151.1850475783358 131.55278687173 57.40107709226535
69.54873219893028 177.5982114629619 132.9434590620525
112.4213599269108 182.1256065291182 123.96671866147
38.16436897727237 15.7749502259328 144.7591964953993
48.29423057947338 17.54768768082944 23.44981094074301
47.55886783735672 175.8334016914062 74.94411353209814
97.96522032739351 101.7346035647921 92.33440319956418
181.7955877019525 190.9604081042711 169.9854103159716
175.8602197775669 112.3774740773923 36.45383492576475
108.045196757328 47.85687113326731 162.9605502148018
93.05526392067104 124.0458452259792 24.54481744330594
178.3886278811451 181.6304060028399 50.85229624225158
87.33870037693553 170.8012046410802 152.2599244838548
6.842814365498182 106.0214439708165 85.44712657035578
183.3597937744758 1.403904784965651 35.1440843244889
30.68273873724672 35.62230142275607 17.49691493656709
84.20178333171546 16.80906286165202 130.6811453603386
145.1909971844023 123.0372974726044 171.5295691402648
161.9987185194642 68.85966607625727 14.34372287814704
63.4537019768472 29.85376292312363 165.8687722082024
24.56639437821874 50.77578661004184 193.2966374605334
147.3646009889727 21.74971790651319 24.22057051669754
46.16879088640641 111.0764010965488 21.94320431784691
195.5526036515653 67.22898200263501 100.9360594643032
52.88097134946232 56.34967676996969 66.45567774894305
51.82394551790193 54.32351262340499 101.3374144783798
16.66504309762564 80.90826139675373 73.22899176011697
90.39234839980723 26.43700969576053 1.124620057523112
167.3275398933202 45.30691576862699 82.64177312275578
7.241678367195909 34.95792974050069 180.1164522951076
61.48603889273264 100.3826514568524 118.3179636927681
58.05230002922026 159.240207678655 36.55919237549158
177.5981164229043 161.8275910881301 194.5583703793265
3.138059014376006 91.91560651147866 107.8235784766883
104.1728019983467 69.24958854090072 22.94287877703752
42.28160639779139 175.2301598379808 179.3684110585191
89.41487218939076 144.2705692400503 156.57436754443
173.4197909813197 16.82526493400823 16.53103567966902
172.6754110544837 146.2160078366019 173.6577586231815
121.7816638703797 84.26254416608906 133.9118763928308
125.4614756570967 62.5177050977484 148.986497765373
103.1107264021525 43.92729811022498 77.7907782676111
63.55854394727152 129.6785904696054 13.59204706657708
149.5932881152229 99.98195535120563 182.6789480226466
162.5458011288114 93.26796153204879 49.65290107877298
44.91985784818996 59.43864238963748 157.2411036911304
144.9945548183703 157.9695760151098 107.071571400646
172.2346606883412 71.18381650939453 88.47887489185482
199.0952010822476 53.20059227102423 142.1312141105899
36.37289598023661 188.6324448597029 52.59832976298628
137.3511757509304 128.4776742330873 101.3736673844554
121.5730853613955 155.7191778551028 82.51075939148387
7.244052347373212 125.0671328852103 190.3472335362225
3.238740869258188 106.3783704037155 44.07518479923289
108.8714829742021 4.163760291120933 69.79540255871224
42.37361346250924 58.65103528558384 12.07888183673497
131.9097011252977 15.51469225510425 81.57970127784105
139.0558777914534 80.90681805304025 51.30497478795166
175.7580465542573 56.14980502140814 175.2319243979956
14.86494231188234 146.3363271704225 177.2437288747885
114.5076028329956 128.9040913873277 186.5478146248359
133.7204816226879 2.946941385758919 159.3795324423637
119.0632770162439 173.5021315258177 55.95437636278368
155.5633930596442 48.89504171043377 59.87656939018319
129.8383912997487 93.40744161401555 198.9256102709031
39.9293972230138 0.5520943405941805 75.18331070625617
140.653931631763 74.31198729830031 117.4186190688956
25.74114344067254 71.36711828149269 32.53043894310396
135.1267581389135 32.23750201119828 60.93980479710824
32.16464600960996 168.3330369076657 95.65346309977241
109.0943837948452 27.86944049411574 27.70150624923619
15.97017069042077 101.4168625196814 129.591092624084
91.6593156701641 24.12303118458204 65.51208706184615
143.6605505821063 36.90888053161222 188.7093936923124
70.74453478758453 101.7833798145692 142.4142845125154
47.07938767930099 181.6803381819651 27.71169453579075
1.468174903520479 169.1577447445123 56.01286199869905
5.123245426940597 197.0786721677314 124.2820581501895
165.705462984807 24.35674961128597 60.96859971069158
52.02431353666579 37.66754583509879 143.1198790612989
26.81223749963641 21.28767329655643 93.09901648131356
134.0224808340142 142.5805419165474 16.8850897594726
113.2460001852657 72.22066759993946 171.0844020482396
73.17879392393665 137.4966499614735 36.90028103408605
175.0315271804731 105.8889974402395 183.7433998863201
165.4778362656439 115.4077397076279 124.2464564184615
67.84426382031428 77.83486897678367 34.31104233668388
107.0126872102167 20.29896341527201 90.46225141664124
37.24212163457878 43.2817253973024 82.05754241176345
114.7211515305355 124.7163027132734 144.9162562102493
119.3046305627167 59.6670956850794 122.9992687104574
85.33049246969938 64.58014587607732 197.647083018225
20.36857413575731 163.4313639250159 139.9319701804449
166.2047335189825 92.30345554340953 152.5760770891358
118.283448856281 127.9106012403041 32.62373395863835
68.05341867059447 153.8450397239311 144.116310095794
64.93291806349426 52.93867968779356 43.81057967458158
59.59197386209247 152.4441944173059 197.8577117190006
32.37020263755798 139.9365319810895 136.7317683952573
113.4202960331474 71.97589110489024 197.9665890120741
48.92878072621807 121.1612074631667 66.91954320340653
139.1358562134336 66.54272592496548 1.680274040369251
67.41991789387131 12.43319950763252 184.3237090042138
86.04965392134338 190.804264868312 38.24017609574049
64.60617198951378 60.40835089259219 138.6733513854236
193.2754719465241 43.93495481871342 87.41180877412823
29.18805421933294 97.16873326838599 36.7943625961957
145.8652878421846 79.21233064299304 142.6945387931845
123.0149103142219 107.5544411461453 93.99895900812122
166.4411581209686 195.96871638031 93.82975603607878
84.44489751993218 34.44886578643802 41.91771082949789
113.4139687539307 176.2542770208552 149.3428308216693
114.6815128852699 138.8968090208062 122.3724780074202
45.59821954675096 83.77920966897588 20.19020028448188
199.2391901943658 196.8400797682639 56.60310120975826
28.75137616398094 5.172445270748112 114.1742353223652
71.34954309488256 154.2446558709629 58.72195914505225
81.2870132218942 145.676453884295 81.91302552857398
154.9520678457764 56.40821649062087 102.9768246706363
170.5010677798783 115.4469949500685 62.08453373432312
126.8034063165994 35.85098224582266 9.602308045347046
83.01162372108152 78.44953617349502 142.8382201835077
112.2405665190331 1.333681468102874 142.919459366965
89.04830866502144 119.2491322653075 149.4746429891745
18.08388959817307 160.2815494067022 38.12973485435712
5.338777028134406 171.9189746784617 2.86114667276357
13.89182601224607 187.0866554574709 100.9706667105885
20.37280220230492 6.078736943843554 161.895082964102
68.31568895460497 104.6356174968255 57.65418127766653
111.5424956661331 150.5875128018889 145.9873509701659
178.9722139884462 137.6310161722444 94.01427083918658
11.21965341667812 52.91418934138187 116.377104806926
151.4626388601256 45.10588232418579 11.52952150444276
132.2777206844464 190.9894374865139 70.39010969650494
62.81273881169503 79.13480731248644 59.54452824352927
71.37966315297032 11.49859223231652 45.47281759629396
132.3111440989512 73.18478479803233 75.20139076551824
13.12310221031009 21.02748056849477 51.95645596558212
76.5702543841105 128.9626385657092 61.77035919245211
91.9089750289278 3.646857549851968 188.0842755555875
75.78911715732941 90.87759199556223 165.1316708215848
65.35639721133673 136.4860504398604 163.6118542353089
45.12582396659252 152.3859020331803 158.1698332976285
155.5491780095794 184.0754676785918 153.3286201813932
185.8835008549916 127.6650513843959 17.5110186652919
191.1818653581698 108.0049279962587 125.9974407029677
159.4953192188892 4.999983319646404 169.5938261750765
45.92658030841893 166.3838348370565 135.8591862405057
84.14526805872745 160.726392072785 4.20600666304947
