3 1024 9.617876235830849 0.6849999999999999 1.4 3 1 200 200 200
28.4328715151075 121.7349536341734 171.4140286214338
167.1662099777041 125.2921027337614 141.3815364059776
162.07151081662 40.60159092409433 128.9542784439512
174.4267756057355 17.03007457608146 194.4731583564371
33.47523609061885 10.81605735985966 40.42872589571493
50.58932301525654 34.10258091026596 150.1706885706689
51.56764584564296 177.7489213732494 140.1957813908461
181.1750126584289 35.84788203012073 36.515420596169
79.98020107689403 137.8081037412573 135.3060208027599
31.66258718909912 19.8287545833825 83.04828037431524
182.0661255885662 123.817759381501 152.8774265451765
1.516331505078067 156.503573286625 109.3942141586937
54.0257541039349 155.3024197094819 163.5107147592232
77.77390119170535 128.5053088859096 28.84228472207155
108.7396848904295 179.2729479392398 180.7374599375513
139.2938953420607 68.67676729358629 167.7367040028712
37.45932671065243 165.8276798068362 72.30736139697852
140.3696315966716 0.2957315341144984 98.10830025970544
62.90403832368317 71.42757477511952 92.07318337395071
107.0265486685743 117.8094139616213 187.5638782526611
62.74511681770176 48.85363829076591 151.574012381707
74.57177242271594 16.83194579242217 73.78002910437489
12.31525833112948 127.9924105392453 16.64230308794188
120.6351146854259 83.19182408347991 145.9402466493059
166.25362608482 20.41270743448328 124.1208272650379
199.0948009932238 15.98997183307762 117.9889942520236
37.5407820995816 98.99043388874539 63.6695490428426
140.8823396858226 2.042026878927937 166.1706061101247
17.56481985525582 80.74563164342655 184.1038139535482
0.6013659014503705 132.7628744722304 38.70286168355506
124.9466432881373 170.2412881515709 185.5957154259992
113.0066696843273 70.39529846843104 120.7663963309499
58.11754547698184 43.6890611370123 189.4833358002132
167.8719402333082 25.97109458114642 142.4475466418572
140.2700349201914 71.72719999583147 188.4373772197173
169.0606068502633 145.2322705852903 156.7825865501923
1.972856297449071 87.29968595162262 175.5050604628866
103.0512775528683 44.08678893885883 190.9706453984639
50.84192233310007 18.35113423283522 132.6428921906224
61.16074632448286 150.88800632627 76.09871019309098
169.1749803735432 41.8493087369942 155.9236634183928
174.3368413122024 118.0659827054769 85.5094198377237
146.7545826204966 97.84400826067262 82.19376109703097
35.20749698746624 85.33426311025214 101.6282409422238
67.01436223900018 31.2035407020022 159.2927789029404
45.42386898679998 69.50267641566059 99.10494345285342
116.8668936259156 9.460044609695036 5.121259206753166
180.772530980485 179.0030866933625 123.2699880562425
180.6184989155595 63.89137778824978 94.80469150117986
102.0003729844769 29.89932917327361 21.60195099120684
150.2773567982548 111.8408338875406 26.3533924089846
74.7555591940793 84.49632679532257 49.83236135939443
12.9461110383113 74.35457820577591 52.12762743140449
154.4705350037094 81.78542736415021 74.04678073872603
150.7194402100898 36.93716057882383 15.20546804375184
188.8872654028142 101.9882757943147 93.74069780057
58.2776580781692 23.47898087832034 14.68855023283627
128.8314490806732 189.6726798333699 124.3582858378699
154.3105856992071 50.32355299283627 164.6977862252947
37.47644928250123 198.5194379831974 178.9972042872864
158.6792920055988 63.88199050250766 58.69277707379683
149.531262602534 181.2324390648184 22.66386820535158
94.53648351828916 161.6925495038514 78.86176041472496
14.60860903508641 113.8965711974709 196.7245328263728
187.4917373910475 175.8588980881066 196.6361043842014
111.1324803189177 4.612381701153731 187.1172825171662
90.46874235852852 61.1846816696032 31.89768578967845
140.2386426033057 145.8245632444073 75.51877719717557
154.0759612917954 115.6297390897411 80.21794961761032
44.37462902716373 10.24701147055951 72.39511024350929
150.9315242097395 150.2609688568924 160.5814840257398
62.29715928396284 38.17543245789632 26.42879274790094
18.50762422513988 175.6348137819073 160.3679707394136
139.8700206563565 36.62657726806534 61.43946785688361
19.62561284972284 100.5056094107244 35.84330883837303
38.29962101154283 37.18843861387304 86.93811403357286
62.11699237937068 166.2654503384263 124.7015349365083
46.75874288680431 35.11743374346432 37.02310292744981
28.75874247010947 154.1498616812821 126.2505509106764
141.5009952439228 71.64368293410077 62.43730186095982
146.2934345563592 37.16063401744506 194.8772392632335
54.55118273838373 167.7078582819236 81.97931781143099
101.942048431609 138.1967210240571 83.17177226296714
40.94490457710206 66.63818132808038 62.80152037174334
109.6523431560534 38.1774945126613 173.9959941684776
178.413218064531 15.69797790316703 70.25355714396359
82.26527575521662 113.351338324573 190.791059357995
149.0998605815147 88.95786766705854 156.8887825175423
183.6343574230383 181.2832582334098 104.6188086762451
111.7870727922849 119.1721451867346 137.3635243473343
45.59144591022623 113.927813483832 173.3047688404048
75.08030259575415 32.42061566899376 13.43770142604672
122.8422314032173 122.8133197425219 177.8316871275333
41.81599319050781 20.16413407329689 25.98405819632951
20.55283226277499 30.27200146660276 164.2543080116984
66.75600731052772 139.1226468581598 121.069389928754
31.18185193165097 73.10762511436111 86.74585772453598
79.57892159487626 78.11555129921028 32.26476787039074
21.92058269454545 99.25581035891477 133.2852888183723
159.4798236913325 183.5585174589727 61.76217510867085
184.9457525695862 82.50857434010325 92.79296739733699
106.2418555561166 173.882734616608 32.2875588942121
166.3465899885396 153.5084066144004 181.7218309564984
82.00992345514521 87.00723135613354 139.3664975385915
88.4727723365142 159.3713725071114 160.9495749742857
106.8382268960158 66.6428216132347 46.33507284553125
7.617510305356837 191.0760352971871 60.22628903264901
83.69912327685653 177.0616964790346 104.3172662423372
40.30852258854691 159.7364940506907 184.9934598048574
49.22356102206731 52.21161269621827 28.97363491183261
36.45760872159494 91.72532155946851 34.72192675891412
147.2514691429631 87.05053519094837 179.2497077441747
2.250968147138088 101.9075103393622 144.8976905904267
31.06493873771392 195.2542723365462 196.5327404108034
161.3207737727815 52.95460998495282 189.8718425254528
172.149098439016 9.704287460318678 52.66960709057893
194.0938457303855 12.63714074880666 80.96578689341521
46.74728735246848 83.37787904815664 69.97623326933673
93.14244567702279 120.6583182961236 81.58968667796819
159.6566652097034 27.8307913353857 164.8431245957922
130.1261713027889 148.1745910199107 33.99802189221767
112.67924828439 15.61042383889463 48.25400883011621
93.92738500743077 193.5350325828128 175.5197607736228
55.2980033769239 198.011493820412 172.1272070552894
95.89017198811901 118.6037859407856 3.200987182974778
192.9296160653732 33.14168716658313 148.46872452899
165.4883149308832 186.0194908245237 113.9334548309926
43.46007837286441 56.66571301651242 161.3689130774811
179.16810743851 60.12458688406644 51.48415788909768
78.51168153888057 133.1745172335706 47.4601505284471
131.836645945743 39.75631800359485 10.30329853185818
14.89370272091697 151.0154567847472 139.0629689140063
127.3070133111982 167.1211111070541 65.14083248699733
147.1801486161253 69.38747244308887 44.35508358667683
151.2997447717748 34.16465478712287 46.25258340623675
7.792850727795049 111.4742001822092 129.2566924574993
177.5145677909956 141.1316716285154 140.2839849683561
91.56106787106296 95.86133275469351 111.5162235333504
64.65263347973421 109.9631607456245 197.4045596709115
70.74240080174576 164.2960370511755 166.53540597399
7.730299317487636 170.9401183402232 52.83457018157565
70.85882165087325 47.85202963172375 3.097092456223548
102.9721471469447 184.9136025246352 48.13342684390691
184.5395737583127 22.08793709309327 129.2866287348623
7.28334703081171 135.3340289284224 199.6972927544467
74.76883962613999 78.77261596364987 155.0799431495742
82.17935242842516 31.38446902676977 64.29002065482709
91.6608231686718 12.21198359625561 172.5212003450687
6.220946892908946 67.79574569458897 192.6226951358734
77.96712964736838 144.7414158340339 106.5536392637641
172.3482137721778 136.6316152923134 81.75403417719309
74.35870798651398 16.42011433986719 54.78388100394076
99.03175156600291 44.3852806332914 33.86173660282941
113.2270023329003 42.23968922691657 6.837738431427961
155.148692834464 100.8088291014923 65.1896163074601
105.5592184801539 127.5670498172032 171.2877469865024
167.2005125606177 199.0346847756586 37.76752702635189
94.82994161599346 147.5626905647833 98.03837066616131
47.47720544980104 56.36937986437163 180.0764026430254
184.6374791016693 41.14104995182954 167.287539704308
94.92029328705581 191.4212500189287 194.4694227601211
66.24492520906298 35.20799997083004 54.73857135340847
24.28630374258447 91.13351355076423 150.2926626963971
159.6908019102702 70.56149709908119 122.557940650192
18.07100563490324 94.51223051152621 2.315759707676964
25.46475662104562 13.35139931086762 100.0178370023301
17.98849800410845 125.3805895842088 41.9731603694302
40.25691381405058 121.1788282782846 156.3470366594411
183.2210079431022 160.3816608887426 105.3003804156746
181.2471724796658 123.2654322902094 171.8872657827709
17.93289862151276 193.946160622013 165.9897839128706
2.563098263605776 86.45245807097665 194.6596998453842
42.97178920969184 6.621176921645751 145.4332948910018
127.6638305396874 86.11568225834237 188.6758770059318
184.0340854026631 138.7198442949058 11.83851394335107
178.5040559560913 25.27789854558696 158.4152631569902
56.06285902157929 154.9218703338212 18.51540512025758
125.6100662136333 8.787988680236063 175.2114039465636
98.62919893645228 143.963414588811 41.62484493814307
0.8985200281088652 98.53818969038942 34.2630133999191
21.71621040753931 31.27529495324799 94.67911539020689
92.12970114633198 195.500427393115 12.98225815768265
177.831736499347 54.41154353371874 33.33265776442837
175.5531960460624 113.3442113130844 28.1078370687836
56.96047183852014 133.832242567296 83.37736672975716
89.08731282673951 129.703421952434 101.7612356072205
46.90091883915264 50.58906597999913 141.1766680606366
31.25793566479344 142.3941041515995 194.3783190910628
52.16092383641205 143.6473218666259 60.84327148585276
172.6494694120016 77.38567385551688 183.0281917746799
42.33675644945565 84.71583754210113 51.50375030249202
43.19181294874667 89.59969653189037 152.9283945361529
6.559092738217357 5.622441043653337 155.9529680545789
166.1380402290458 162.299185661369 164.9254690126134
3.702369073404562 127.3130099753229 116.1211152003007
40.82310000691538 185.6872054441831 9.772944807154479
55.38509151101662 17.74309378434519 114.013478575865
86.20771892244386 178.274110350761 83.75009480564337
195.4488813514132 8.55338416452989 100.5595453792373
112.642884761277 80.59498297778309 88.23653196162903
63.12180030238983 60.93441383562129 166.3764532058085
11.66782728418351 96.40370628549961 117.3766238703092
170.4314103694807 152.5739457143592 65.0992234772029
25.93705264975039 52.56523123352383 16.30073149895841
44.17492739278336 131.5970328147522 101.5562137940691
72.2833809924103 82.81313753272056 174.9713556358795
25.28011001205108 44.00285790383398 56.21285989237032
179.6900996416874 39.38402146510378 136.1173496306822
120.4279510900437 94.76320076810326 51.73983253807144
191.0407855124148 100.2045168058379 1.547593798059465
9.170390600213778 138.1359917546796 151.9684577317251
2.168998665327802 28.41419744880985 132.279713315075
48.63483198500464 199.1968122187011 39.39498457606535
185.7157296735742 91.34830581611193 184.9183099194661
61.56435747218548 4.092099833307617 78.72407022479426
138.6835483652168 13.23963447956768 135.793147711766
13.01822421246482 195.9098214663887 190.053550709533
61.87450342420561 49.38742725059856 42.76653771548636
107.0369825752699 89.30501958888172 157.9423677342291
107.3626882139919 88.67834708746952 119.5333064834008
89.69722000963966 119.2359626212838 40.560332768428
105.1661790381969 51.69905577114623 161.3160732831565
55.60538920459656 173.0005637354828 9.133324638863671
36.69919215663176 81.21983866642157 182.4036271022262
89.63321133111995 92.85739083844355 25.32275454885625
82.30683901031234 28.66723615363769 170.2826253311453
164.3046182692856 109.3878950927553 122.7057574149048
36.88714161850585 121.1247708619611 188.6687567111017
13.21920880437812 98.45990132400713 164.0329698821286
182.4636842807331 184.8829500782219 69.56731727997784
176.0933487658736 156.2763674922789 82.96672805271955
113.4504790167448 137.6615120366892 185.6269674466063
127.162860628165 140.0793784282081 16.92321988840755
70.31091508794687 25.71152490844341 38.58411952201026
166.917577131144 152.2344216958033 99.27547502201
33.78719723917281 103.8151843928122 161.0733155123042
50.86242303992263 185.4710868389246 98.70279725825705
66.92296813583707 18.7543326926516 94.82622243385353
113.4781377702448 198.5056049658535 39.60425987835217
20.9565692071948 143.8241613927027 10.23032832085262
95.61253646080884 134.3638235189582 25.23576227910988
121.2547702286166 61.31448487801115 35.25208797643023
150.6634518895616 131.7657899846842 164.8306080145105
156.0766174400669 46.91651459750754 67.19432235010834
24.83329190341629 60.9868325373311 161.2496587632386
88.40536923634382 6.876038678152401 65.14419448871817
109.0311020141514 197.5206378246816 84.35402917147537
166.0429321096897 70.31555341211904 41.99165873427431
99.43481035114395 156.159570605133 26.84089115959454
42.41782622794051 101.391716301888 94.38912094612752
124.1805480051104 67.36714556111212 155.7192330774258
128.2907476587944 73.99975889315435 3.216974119951225
41.17703050208498 199.2164954223338 57.05746990284964
198.7914998928972 62.29459973903241 117.6876237284623
9.650729529775555 178.1247805642986 102.3114708950058
30.90559164050941 28.95331025195271 45.867318170632
181.921433022855 141.8752120741751 30.45848331898776
179.4050651807432 25.78882804295035 111.2027672657237
82.16684772690932 190.9302402587529 117.4227267366368
88.49391622462124 71.49833082468597 47.51740828106969
183.8166919152293 143.9288219533435 95.35379296073779
164.1789829521699 169.3316391660859 30.87061277413587
98.68391883245549 62.26473843689048 94.28208870536973
193.9969369204849 193.5153856949144 189.5068533585971
96.50068029888038 169.9579168792623 138.9488076304556
53.67309978992053 118.0008713750302 143.0940566240497
78.35931373958532 181.1666001512814 161.3549546656959
15.64731762538696 35.80788200042036 17.82224811292373
135.7399157915908 62.85735490230923 117.7520856986522
25.20707126149637 137.9615985067023 162.0888928274344
144.8549342567921 38.36768482780149 79.71390529216052
48.34365948286696 67.36435274504394 80.3269597975647
24.02515756030154 179.014317755214 3.996465190459383
135.9628628132691 84.13921401541427 48.33497985228547
58.63303600960309 16.68962991521488 150.0745297836258
195.7436118579046 67.61107106192121 164.5362664451572
20.29414907010083 81.44507785887437 36.09458165619727
196.8858021528411 43.20921405160684 44.66948297550615
179.050551913447 180.3937007237671 35.84558545061046
106.4529412152328 169.811376063135 59.32908477556569
138.2178245906619 109.0099838598546 69.11870590494546
69.60836187573503 66.88157923080892 44.41216768760142
148.9149472738177 95.18656718298266 16.17542064091421
167.2691585801212 136.3599605947983 173.2777248599915
3.969641639986156 177.4245840634911 187.0361049645248
193.3460216338484 54.31658767415632 178.1476535935716
184.8258235378736 160.3133584474192 13.14846715652952
91.51134948617866 10.84180146174355 131.9084633383513
25.97636043558582 117.5582111858535 129.6997337219423
124.2216256633392 120.0430073846908 27.17908840622855
89.99947255246285 27.09483715788636 2.713152529480092
128.0398809003281 199.4327516859163 83.40353898108901
199.5482837412627 176.323199264047 69.33614800045912
126.1627823595417 168.0559233161607 98.40782566131948
137.0258323641653 19.02418597002518 100.5492214632264
96.65704599800014 162.7347429698288 44.56706900523712
99.80883857016131 9.560982233831224 30.74927877768745
198.3820259414354 90.27874264645143 81.50767620873171
69.33371025878341 174.5159557218944 91.95615381430163
181.5201767722057 19.55498114555198 93.33792827417393
79.26229918272151 14.71263516235454 108.9472090121758
107.0340492572457 127.0502801049588 38.62089397265312
44.32135699378382 33.80561263426345 180.6805450041796
156.4711775193673 146.2736791129269 114.2658934530689
190.5522309733858 38.00017527488702 120.4595817610499
186.6456037186311 162.3275703025199 68.15264329755649
185.4825800306157 3.263064174673599 40.42343907059794
109.3385143199568 107.3627019884703 122.3113918866961
38.93369827352881 90.4605008482324 134.3694185959791
111.5163358552584 197.4019856000294 169.322408046429
122.5962114425069 82.49974899836079 109.3010943112514
165.2579376828056 119.9232396481475 161.0837215359252
60.91763833073055 124.0126866829582 46.27672047930139
12.38185591867183 90.33614224793132 21.2622227980649
76.44974254548151 97.80792531750413 155.6774617872915
196.0570739293144 139.0659141707773 138.3231652488888
54.82923441461281 196.5263200915659 113.7319630334229
12.66311171592417 187.8732944412571 42.12239254010094
158.2756524035846 10.55628975851928 173.0275557695869
80.94751089887816 39.26833863323029 30.33635473666949
5.815617325504012 116.4536783353942 30.34377455323169
171.8516369716419 158.9274082930836 143.8778781706671
140.1573467369893 174.3782833279067 129.6762925008952
34.35101092569811 106.7690676938294 46.41973785605703
63.66565435196355 151.0207089552079 95.37412842527313
125.6165461717788 187.8228906537338 177.920996256858
76.25028438882072 115.2005102647996 53.68074457903307
181.8692209502605 42.07308891274938 56.54722829545364
185.5854367275661 69.6230469437984 148.5204676830055
191.8505164811055 72.557831526879 77.91091898679001
56.22874163602953 173.6435024067689 158.3190566953344
183.3197154733139 178.9997961915441 17.07863473271475
23.45287453840879 99.796462655369 97.0309203339548
43.74581474837989 12.58726501124762 8.509530092370373
139.0564024546142 89.95261316601471 102.8272478961877
119.2981554041309 79.75602733862024 39.95610725830607
44.97304106051583 176.2020668392117 193.6273915950986
118.2882913868782 14.03571840393024 29.59192576738387
60.95448773428927 106.5354539610153 119.3105307848797
152.9087686075226 53.31878834854926 117.9616713546109
177.4093891605853 109.2928944898503 107.1964034572087
95.81992729496929 27.52138125070586 184.4001355145251
78.23002133688989 194.9417382297929 76.1212021525959
51.37901819972544 100.5354676064543 76.92843659895537
100.0197412745393 102.3037587439278 12.29211659502842
169.385533485163 198.7449222256531 68.05245241349726
142.9887328122925 58.68209514486524 151.7430710603457
144.8847472375592 54.95023394735628 180.6701055728518
52.0104326304983 116.1489402169632 87.76758333579474
17.01620627588523 114.1307575379202 112.7982252311088
81.81059567659959 127.3946423639108 119.3566443181898
31.57795797689139 193.577130569105 137.5116907473761
97.74950650793083 3.656854973026169 48.88995551937582
50.44166672615311 137.1517637717534 154.2938388693952
124.8922755689004 172.5944751003443 116.9183714333596
149.2916525044924 123.5860801440977 147.590554816095
184.6537791629029 70.07451390427403 24.74424522327687
117.3386354235547 30.3862417009807 158.4382294003214
137.6282417570617 54.50499384519582 86.85055081848473
13.93510381118282 19.25166614537868 51.52690997924024
47.06424065944388 94.88247116965142 173.9483874383807
10.56386278727939 115.1646249241273 172.9921131394841
197.8084429413364 120.5242669969338 142.8256228043501
131.1616453042924 136.039661377691 60.78193214877029
158.5632098714668 149.6342466220768 79.9315008222562
16.84160619591745 4.505640350831424 33.72436134305956
150.7688189835419 142.8416371146917 180.4545165449692
11.61965825845092 16.63217454450646 87.36169656058267
80.77325375715286 184.1066383945542 23.49972446862489
65.87653422423868 156.8232145697988 58.60316174608941
187.314751525723 1.361113177551479 61.04084056303723
91.79217567382058 44.13949461170214 175.6226038533532
2.687524300870746 103.4354468233434 185.9021855628745
55.4435132263912 43.43145381922509 168.4208552260822
80.65101132450093 37.86734505985918 189.9610313902188
69.12607285090481 115.3446106791362 153.8095407370378
76.54790839938644 69.79325790410286 61.94687852907054
80.95917676423612 98.38287633085342 61.43864370090944
155.6196922306701 15.52018415174411 40.40834648759171
65.11456114230602 55.83633409226353 133.8999701464875
173.1069803519843 141.6806019274062 121.7894906911084
25.59055551229454 6.619880306022821 153.6377231145122
178.8645402797021 60.06353724421938 189.0609003126574
53.51197770475444 76.77320290047032 174.3414365283047
169.6501111574258 170.5800586286923 51.9518922360778
41.63983377184203 29.54100626229909 120.2942773639326
48.70359088173271 118.9267424498293 3.319416197693394
171.8035499866742 199.043333780852 179.9605528678406
26.32073636889901 119.4218554036141 58.21995753324617
189.5472935597792 123.7707602891252 103.6439867330355
25.59309868315534 84.13390353883501 122.1685033153594
197.3727858121039 55.26266342901304 84.18826681829981
178.2844846259143 159.2342468631961 195.1202579992662
22.47308882510234 61.75641407204289 62.80742229311176
30.06162823352419 63.73687234838501 179.218344580561
158.2399956302269 182.8579781965877 42.7798729261731
10.09090576788595 68.92555607050897 152.5245232027256
8.981841403131941 14.41112063209506 186.8475578056896
21.4101200142434 1.695740983129072 52.10129825497912
168.7441167988692 114.1618038033884 67.75253188235116
155.7118397562887 71.2957528400013 158.144795156537
155.3586596852344 111.3145468155462 7.920030217425111
65.16107262393018 30.07706771168138 178.233561585022
130.9291623233125 153.2000947175952 52.52003087372322
146.3444674222341 14.85876575495705 153.1158218817343
151.2664586091936 63.04186791947518 76.38908926742768
183.9343277714464 107.3452826771531 143.2306626998378
197.6402228475766 194.7534445171449 75.84211135093619
68.31460001765062 133.8554028805801 63.75524004525986
71.27075295324347 162.0229307066642 9.479375750231359
58.66603101266145 76.62792646147788 12.67363750568074
92.73701812517491 75.10344149171475 18.86241217041521
59.13916751118111 76.40503536247145 57.330902664481
135.5492430367066 26.04808699916536 164.1395160165137
23.26878918122646 156.7588237637746 25.98455585686135
13.05996066311912 166.4343384866635 13.23854090021375
140.5137522709531 127.0768133599347 20.32304844771834
129.4857240362374 2.824496118673936 192.4497701683649
33.39263640260216 91.08140492939901 81.21018374978875
94.44546090370764 117.1501898648959 129.3896443529028
146.5290493084321 36.61371860609821 175.681528527782
134.0944528834757 51.07075246565223 25.5893983166161
86.22865100511942 190.1637719867736 55.92512814535172
11.9744902050141 107.9904433064067 14.51340654429064
29.6789775750083 39.94127776074873 30.14450929845528
162.2789236449585 70.5354538009318 197.5212149167928
106.7271391750191 70.75097229680837 162.6435690492123
14.06356505473831 41.13013785266254 140.0246393361261
199.6755396705476 195.6459271882817 29.96266048774429
53.58096912762828 170.8019613073959 63.12158480282714
56.16559203748343 123.0639560242968 186.2632354438333
34.90286316628253 109.9189285707466 79.23563756769929
13.06429786525346 4.521518448390097 111.5198152697973
81.82549282992487 94.42152929568044 186.9216469214919
79.83789979889968 64.21112491045365 142.9985399321299
185.457312818435 50.55138800894382 150.5487545041739
58.86464778610689 167.566776292688 44.32665527344951
182.2295733797109 3.813720217073507 21.60741629897796
3.982784571972533 79.74901122527136 111.960576136755
189.8095287960612 92.64952948114386 110.6974374450355
193.2765697229043 56.44127274898054 1.064127033330144
49.86114494648746 84.85730168634289 88.71110969698464
141.3369209825719 80.20654081670985 123.3070450322773
189.0998065524799 153.5886702930659 150.4181134120572
80.34536896503178 106.8004349390325 139.2534995751744
6.260579091821463 144.658383156293 123.2486265455423
80.05959239953161 108.4241369294553 120.1056490247717
33.72053659791201 153.5779574266421 155.3166939539526
35.03138709669334 69.13579941779311 115.0339749698546
169.8252687110123 170.6756625324653 71.09542953190285
138.8727345990978 182.9930371876478 164.9017947270718
79.76395272694752 0.03627478681016814 186.7505536622978
116.4568589127866 147.4360908807806 132.1913834426002
138.4833689391725 76.72025064971177 147.2478414320208
132.9462095387234 126.8701229065705 156.8899618948377
146.4716240813098 80.13054605927046 4.504772267379824
126.7653646836953 69.36017621258547 134.0936372201319
97.74411295983504 102.2679011696011 193.4284760624047
139.1391365363735 90.20909454634737 66.27570559487039
66.76401272984337 179.9593020042443 73.84514298253987
72.90740354201981 83.54436666118114 199.8337651157402
89.14463752991607 95.65253695930326 44.43190165188027
112.3881039120629 100.1168775707265 139.6241064980969
98.69352989187512 27.4809811052066 160.8055859037667
106.4673095680735 21.56131872124474 127.0379770987986
158.2095558365344 193.3174061470857 97.82274313641383
114.6576589900531 157.2919032536521 40.81102227248585
107.1704674154205 122.1359513829984 94.53912919620744
147.3326262984548 20.11546106760783 84.73936794908805
145.4777454408795 64.96739385811013 133.9778342092922
103.9848874854691 83.25740515096174 137.4507204674982
3.29737817381955 3.964663813151287 46.86210923762629
30.85922760784833 16.02447497215878 60.07309393046265
97.57303680344913 187.5575190313321 96.11236720436497
82.46932848138394 165.1886528128639 26.26029167747346
34.91792996226667 39.69738262132573 105.6040410865403
164.7541666841976 47.60685872520272 50.38409848028888
50.10231480641521 194.8837862252146 132.092848405341
16.34483005380446 23.39455044449411 70.11453213746044
167.9640428306463 73.68122323200645 84.72864845452904
65.99293824245029 138.3143899820826 180.2929067597691
127.3576841905687 158.3158333193236 82.10811981540014
122.1990916356191 187.4514319270761 156.9533779874523
120.8584580064045 53.51487781464734 125.2317836411421
48.84285308420522 63.38639874585755 127.0277990932514
65.09222480477763 13.93571029958179 167.981549781785
168.0382945755856 145.842490233345 4.212793522257493
11.68122282486837 65.26721879535395 174.4578709023334
197.4049689153421 174.0087759051634 115.8953709784418
91.97083771429234 155.9059717116075 195.44647927495
45.32829712524907 39.94989112679175 55.50083666947965
126.723205028387 52.71450747671789 143.6304795024522
38.84175045637621 50.63550873835214 73.20599071169929
0.2570030836882004 122.4296943690011 187.3013055097504
82.01764206169481 67.47768447314877 5.174016498702771
143.21357463537 13.2049923796084 184.1324557345731
94.18958552181324 10.61412119419533 193.7512788934493
91.35339613313269 29.25711793414614 136.9691038509553
8.789213414726978 77.88245484426714 70.55147769613809
141.4196394996347 126.0540222288599 180.5972878844152
177.2217813503954 96.46609263568385 14.39337813274782
8.047340671666399 36.1347338142565 58.40924895572558
159.9599588687521 127.9708109718348 124.0901680224937
105.7018009762625 58.97108751822635 179.0885182036326
167.3686943279328 72.77638987135343 105.1745830550759
23.20971887907585 137.9547531084203 28.56799654375746
86.6336637456959 151.561865474578 13.39542901460698
86.85263090312246 76.23894182237821 188.9371812143966
119.3367619720577 175.0088690543565 46.28096501238961
155.8628699232067 70.17304383611977 177.3441522310738
27.5582305473823 79.76684268843582 66.92008121459483
86.14349798646509 127.1138103573264 64.98287822500217
185.788485749394 74.1353613261935 110.1203427618769
79.66271563443892 151.2652013692356 177.2863004337102
121.4064633312304 69.12393762531556 174.6199463395526
46.21519911038276 54.32648161638617 110.4035523648369
50.56836062391194 64.75098203228627 44.89106875545198
90.62195120505218 116.1274558800529 21.6959727306083
171.6698091210423 37.49922038987144 193.9209078295345
184.8684353010634 110.5199099287282 185.7826583773194
160.063162277639 25.98586154167844 183.894146625579
83.75981004129973 112.2051737122813 96.06305625938403
106.8796973370128 158.7495583813922 150.5983935327903
38.54208596523143 1.42081544093757 23.20800617733326
182.0542286953108 96.18643745643138 33.22893172094037
192.9185752791325 99.65935515834278 128.2313109185843
103.6575167790335 17.37502787274145 145.4103898631884
128.9398206142723 34.49891750941698 89.09705726599111
92.60341860805465 146.6556838545235 146.6916792857433
94.24626710303968 141.3527962456243 116.0270672411618
173.8731622544656 130.7465402724607 43.78146290612283
115.8537722686541 45.87268329127925 25.30111047008847
9.481132232107816 164.9997503483247 173.5321864381406
150.8892479756714 87.1706296014666 36.62720578449848
118.5805383825263 106.6427987629273 14.33680865890159
92.68187138543071 86.87300929080739 3.735726226318161
16.14477896570588 84.92326747140054 86.8477994680741
189.9549665515698 125.53294280616 24.44834265087352
195.9297887506571 182.264036299473 89.96829998430947
19.3410464438381 12.37290086968581 170.8547179506799
105.4849692592819 38.46754394881838 146.0275271701196
14.78544255542037 155.5482947204366 157.6857868378183
49.6133225163837 105.7466737512079 34.97315289804926
37.57319349756263 74.97750599518119 163.9411977064931
142.9851055372839 0.6492555683368834 71.58868403127546
45.20760523711146 37.15579273379993 18.02993827799585
30.93614694693098 70.03749895223372 47.1383937829449
148.6078488729097 34.03110518072506 97.89813870303999
81.45275666232637 159.8624957059157 92.6642125044134
99.91765337658498 135.0706675637101 133.2227280022163
75.75071121776104 163.2023044386597 74.75483754556818
90.00056617366243 159.9784639354115 111.8746010386285
53.38809001873448 43.95537139414058 124.5247043217276
74.65721237724613 90.16860128902708 118.621751421112
11.79355168203318 129.6445663429725 133.4138585248871
155.464750609912 85.87481058157404 111.9227649250994
175.1632303380353 189.3360014563126 52.33746064655374
10.22027446592508 24.85415386922479 149.1686434722009
59.95128884860883 126.2804093034739 166.5695824293807
110.6671781835893 198.6212897991041 19.64914895912474
159.6126873293772 25.7565017287792 2.754796299551554
71.43718367131389 162.535633366548 108.6184512020912
94.60628824508525 98.10020410294555 130.2213017324673
168.2269591961256 89.4514985329388 44.2413348979462
60.28871644886349 89.08082439450655 161.3911335636319
154.4935336450122 81.4799136850885 137.9376328591714
157.5235825619406 7.988891196561763 195.8610429427189
99.61272362195322 1.402847095834414 155.0115406280328
21.45260308144765 170.5745167020724 38.91002897366207
113.3346071743679 31.01441809991082 36.89750423812427
10.31717643142452 59.44976928577243 136.1447460464425
178.7474375976697 40.65892580741666 99.03366242102474
164.9740750311424 12.1556146602255 155.3485261704224
163.7599360404716 36.79186725417529 110.2085811484111
106.6536422616012 40.77219418688238 127.0729786352045
183.4307372372927 78.13181720390848 42.035678521725
4.943021419819441 139.6589075197835 100.7628047808201
68.137944184026 183.2997122775945 39.57814589498039
20.97640893189002 122.4787073309089 76.33925285628605
1.306619328307825 186.6714853167982 159.8916326216979
148.5091055736369 196.6535457093482 34.07472441917682
153.7615997443074 84.39785132345214 55.29594656797586
37.28823822927205 108.0223266166108 141.9896882802428
11.8190976478797 162.7482978938163 124.1942919304905
40.98487513097539 150.3319460301034 29.18317260758594
119.0813457508496 104.2702593891201 180.883740923151
15.66324099748237 189.5544489585077 147.4446376041767
161.0300164836058 30.8419093874198 30.1482058409989
124.6289678880698 169.377436443958 163.1553649938571
70.06668120618536 141.9640781342125 17.5620024001621
112.6347103061934 142.4580085645367 28.85613234991749
23.07081853529457 22.06261011331142 29.00339328565184
19.80910853148169 129.1484604278318 186.6706979710122
93.56022455257983 141.3248776211032 165.5006241513877
158.2208063106217 4.651708354407392 82.33672937555957
125.4508233842172 62.00811195238526 53.93268763906628
52.32986429460925 105.8791377051577 157.485878878746
72.59818745636011 88.70459119980266 18.00623834638369
4.262242092970928 151.4604131956235 66.97529008292183
13.33595987273751 26.79500678185667 1.091085118008017
47.210264652174 29.71473974213858 0.4859566887254566
4.282966205568118 9.308080834564286 65.1942054599819
36.75146844587138 51.88993800451931 43.3278221116432
122.454859817746 58.90904369377294 13.01095005888301
30.84510331738369 192.0642285285287 38.06072591621291
1.338278935438002 79.46943830986649 35.54899171848959
118.7951202647967 139.5216110920472 46.74316188985747
95.88299663079742 102.0237486085326 149.2375652913908
167.3690953865365 41.62877823707495 175.6771887434777
193.9544507112056 62.316539035528 39.66923762218084
176.4034543289298 8.969514125649113 140.4227351004548
169.1973115124191 82.52559812108815 150.2839705661329
192.6497819675725 52.92022799353993 133.0497951350321
193.6912075783904 187.5333439609812 47.50056865401872
47.50447524879345 103.9579175610674 191.3492209502571
180.6266865011564 129.2503627331614 64.63106649829474
186.483081351237 139.4146262945681 163.0319475648503
108.1728080655842 122.3590394775313 17.30594727097841
26.28108357999772 153.8663300515986 172.823158876922
199.0818517862779 119.327526760839 6.176231170897268
87.80916313260762 55.66378879054129 190.4396539734593
99.39907374102896 13.25926102030646 12.01403926634644
21.24926949601161 134.9579325811079 91.71262065615942
58.82253051494522 12.83033210653991 30.45983194111891
39.52731284981565 167.1259546616997 167.3023114311803
48.88181023311838 76.23204297010761 196.2229079432037
199.0728356755016 125.0300128745962 161.408753270352
150.4712853104285 96.6247661362616 126.5921866052093
37.72402674444305 136.7832321813887 16.18067961029681
102.7161489123843 52.53051776938645 111.9030538271641
198.4040281089139 109.4068705366244 112.652452670196
8.015295484984904 196.8750774376475 92.2749291154708
66.48524494459514 184.0887288682728 130.080031029719
16.82872880104477 67.3861475888382 120.0714522948924
161.1552541997781 185.7912509099645 80.53909992650537
71.39004063797469 127.8782767976968 196.7857678676173
102.3530736510632 132.4895814850646 56.35996992221459
188.1195356462003 144.1767518181582 74.17358066545681
99.42233844213577 168.5087426454331 97.55661633918486
35.25914565057403 55.26242734563888 91.49393058946676
13.41180326050569 66.17640892143406 84.98904384320581
48.50891152599908 182.8044094332785 49.14559124238934
176.5156326119864 100.0860078305425 57.77268085406207
188.6718464556138 169.5281998417066 50.6507811603519
10.52373328486017 49.47306837522737 5.296079544699585
37.71519760440203 38.55277752777757 163.3125095605058
154.7876734948312 199.2397217207041 52.04020457344104
19.65239438104141 74.45538404035436 102.4440469341509
21.99724746139314 158.6524829557175 190.6029678891813
79.6924342796292 100.7619431060954 4.954229002097081
190.0288917078312 128.859992016238 85.28795905320443
151.3515178603924 133.7924891045562 87.96295416079867
194.1860626904958 14.64909115117393 144.3832885275249
10.2054928542065 50.29416001209218 186.1794263603732
38.75434918229586 172.2642227750015 91.90621371969122
135.2795536319174 196.0114088113655 9.163720761315043
24.15871999383561 46.48491410188524 173.7739344538325
50.07386059355299 29.65227188093523 99.98383701645179
172.063894776525 91.18324372478534 103.9439942128281
169.4004516708429 29.05393014976873 49.85348823010781
59.41427492003994 89.38020118872106 187.6049578230659
163.7461807260297 98.35143264388249 27.88010298323627
19.47342900160598 152.2811723348729 83.57348043415816
80.09354399240286 172.7119841349176 122.6660645261399
97.21889511323054 190.6685940153355 30.80515923684087
109.5218493254157 18.96303927880525 174.0937730988254
137.1735885504359 109.9854487648305 12.64548069048622
64.02194509943166 179.8646729601258 111.5579017187393
96.45609108468248 74.94008364046159 80.01213033033348
92.83051912871653 76.06125458325758 150.7734446344141
123.0320698548743 40.98017673457655 72.08332106253442
7.449500816512052 46.05198579366744 122.9673587733721
157.4278088149894 10.59210085184694 137.9981725778638
64.24433662059853 170.4831845349231 26.01002034922476
198.6724913602501 192.0489901982415 109.7217848144215
33.96932239576308 32.56021757719773 68.9133457741721
125.3544965052692 29.51724279804613 51.54481191974282
187.3105326132118 9.822738788844726 182.3520615557561
13.48518165553094 34.54153102488159 40.0403605327046
31.05657351195795 26.76751470444357 11.00044340130442
109.5106482938487 155.0274224906918 88.43318001631467
169.2951871236645 153.2683020031211 21.83008176313348
132.0006836999811 92.27371349667989 7.611558658591146
71.97441840910113 174.8120722724072 56.26674109481708
88.57601794652729 87.05035192136124 165.7485331666534
129.5614310817304 46.37768622415481 43.63353490498316
36.57208239332534 90.30924345714773 199.3361320483059
85.70666964581304 20.41566862132698 23.59579849408868
173.9958640341261 17.62572673805107 35.12830674694583
2.683419622173878 1.403996680045398 174.4638323604502
153.2564332568338 154.4958559619969 195.7024413421087
88.72593958430465 173.6860933822594 65.261665512964
1.551544328102436 85.41378368122004 156.493573454957
158.4540865459526 167.7422340248665 86.06691095562286
198.7375709144056 69.79023337246397 96.60214028898572
119.1956742645517 25.92265375911858 14.63387986745558
183.784800592636 82.20012794669067 162.8078341827192
191.1807371805881 73.00434063370606 182.1269539773357
108.6368101496785 25.51135925841744 198.577263091487
192.3303815800757 107.1991247394015 19.41731577244728
20.58922624078041 160.8276091399939 64.54582368823303
141.6730980123075 102.1191723731205 51.65032563045911
69.14004345480099 75.70251476541257 130.6274421887545
61.40514631679545 134.9882370792135 138.9031658893292
100.4617179517341 82.12049723048501 36.99119578155022
19.14627132582806 80.2165534205741 165.0776191328712
54.50420907604115 166.920473711785 101.0701059093198
146.0107711939563 51.73437928955457 51.52677543828581
75.43793930933847 146.7897598159702 198.5884219587619
178.2713663409357 26.09642565416134 177.9505951208435
21.31880237236592 182.3488597497353 22.94483160927393
96.08636621557561 114.3619544415584 110.5166837453666
123.993284868119 79.17687082815348 62.25601822792297
78.59425007794877 125.689920812745 170.4507801993113
186.6767579270596 88.44568435061248 144.8817664004649
193.4243935075195 88.08682498520589 20.28902324467235
98.58466994052226 153.7754982907875 129.6161671531821
82.73348993884429 146.8774763638047 31.54224197512035
104.5247255453104 76.98943138906361 104.9150716192619
190.0158733493553 182.2700927512687 174.7415651893261
154.4875279597623 84.13702152502583 93.1062463798754
153.3660962430285 191.0148786777659 6.871437192140555
139.5929924452712 49.18640479221926 105.033184290437
11.25618582852888 109.5947933402638 50.33733896019604
68.68383884346888 186.3116929912862 179.3840669202628
94.40353352879228 63.44482822400583 64.75960454729301
30.40907147444538 94.85752763746468 16.89692503532747
93.51608274033468 45.29219896705724 70.72129344758895
73.95724671110602 117.3282547284713 12.50929151559809
30.13933963430452 118.1215385343614 99.22523749519671
26.84536359770563 126.6087535860945 4.221094295023324
86.48999969878773 178.3566432642431 40.84303728079348
77.49815422693317 161.3038857383953 44.05869601740535
167.5200602129399 171.021442278497 102.5130323673552
135.255055297165 6.712392937942766 24.91955936813156
193.2738843823156 52.41412730220079 102.6297440157186
68.88129095030665 119.4495138492113 131.0224903098047
53.48001415662393 18.03942522196403 186.5987135089116
37.40625907029984 128.0285277225773 84.31606145264961
77.28929567725406 199.120254108435 167.950696815447
96.26798386589614 189.8701622671309 72.2750736534923
72.94929742837093 47.0579325352521 175.0702433563316
24.3418313751003 91.33394636728381 51.97904645039747
178.6832334684675 174.6103649628951 87.42286553906966
5.690163508529779 139.0735967807182 81.55143192270339
84.84265482901688 132.8831379490175 9.472904412703009
167.3824057507234 187.8777994204837 22.58510651451008
136.1402551514729 54.21803048103766 67.82248620821292
145.9697779095691 70.32307179601716 103.3455413445323
32.62631893206083 108.4825174825307 3.208881410161929
51.17547724975267 179.6199762629533 175.8700532917367
5.276386677339299 94.04442690839839 99.48167353633193
115.1249182424914 96.41262752203421 198.6090368745735
124.2951531537273 87.25394913136229 127.7821220543543
106.901543105761 62.98790742331792 22.81613765282219
139.1487434900795 126.8647669170127 75.21139535540706
190.152280953342 140.4165315099473 113.0327491743569
14.91859945699001 32.07815349981878 182.5031045794709
77.90226210906701 153.9508321603763 125.330134610189
147.8138134800237 114.9793302558719 130.5930139547709
186.6610408194745 70.79900132348961 129.5680536329486
110.7959994320086 162.2973087497703 195.7370571919521
138.5950579691237 47.80781463255832 129.3775603978859
85.96847726011684 50.59166531029315 102.6597938493735
180.9668089423947 160.9754143057085 34.91387897343871
65.87947160065038 28.09366864086257 197.299094034266
78.66716962730764 19.08902922668972 186.3810288949842
29.65074562738577 47.76491270619184 148.6480302017783
148.4022759080763 36.94067652270649 147.0818074947608
135.6909075601213 28.94366904300027 30.30425313824285
96.94758240857942 172.3434697727045 10.7912583740675
166.2529551936274 59.42430418417428 141.5240913553519
15.74701646398866 101.0174514198853 70.89166102859893
53.07641451272061 83.14945470172928 116.0419700227214
49.78357309862707 56.242975110998 6.622976094577472
103.2976938036554 23.98161374848982 69.01815811904777
57.35719878243983 49.44648144169093 91.32953213340063
85.7054770577278 64.95648813082053 169.4160989969274
160.060035479495 9.322689914298509 18.74569548402828
140.5228167900582 192.1981149141238 143.9232249825369
78.60895223020604 3.095920690876038 36.42967592780531
74.81685453854251 183.0455528527316 1.38265320769657
19.54493493316875 7.343881871978069 11.68432685520008
31.06963840737179 17.42687249001876 189.9858328763717
123.8846707845157 9.897820643616473 152.9675625224615
0.5492485122848204 156.9146315059375 196.7552757877876
112.1405794639511 154.8372962474098 111.0248624506755
129.0179762547318 18.96191787059126 71.49743704688701
132.2287495029637 113.0085254130369 91.59741778781664
176.8334165444049 117.8466312035471 5.868499381608159
23.74428179081201 160.3721050606823 104.7465104374922
179.8722311859132 3.466869832668546 116.5542179274739
69.41706515407972 35.4822651095157 110.4514809833645
139.0857564172647 179.3098531600681 81.81530349403752
141.9652127112025 129.3743677241854 110.0722925984748
131.9807176960602 98.86172682038745 31.42407546010999
128.9921149087823 47.87508044833788 166.0311033741169
48.85434383198644 121.6832657729153 65.70311640779074
104.5780029140361 67.69471782273361 0.4008191886361889
68.56433722666435 31.9563708278745 136.4828093713291
183.3806532971926 121.7397666667778 125.4514554514872
165.8167730433922 189.2712371342978 136.517926841718
134.7254585808343 77.05578765868211 84.36162477205303
146.7639868656184 152.1424964149228 17.47510469813733
41.9489174183492 174.1423689231914 29.26012974116179
56.04984941842385 29.71836435032631 74.62323025088209
198.9880940842346 23.3695902523745 168.4905289545214
0.4381619029200211 20.2536048115003 27.70960335719882
29.57241125031666 70.86423056041963 141.0147164126079
107.6544005817301 157.4358115213105 173.5723496357576
199.7266937980018 58.30809009788462 61.62127764570697
89.91225730911948 124.1101073977428 150.7009344606352
161.5815815578738 103.7073205494243 145.186498626151
134.998998626802 100.6428312126359 142.9581186021363
18.63440372442481 175.2164020501544 81.78629750520898
64.86796290451286 99.37054346775795 98.20582675607973
83.30561191532269 49.67611924974317 50.56223703952764
163.2648850996979 93.41873043911066 196.3765513523667
195.8003824438184 46.16395252107439 22.16697134940686
39.48929424864931 132.5010634170985 43.62808086094664
111.0287454459742 100.1778081028112 100.2450268009939
90.26113619059744 73.84726581884036 122.4116814992291
162.6940229047161 150.3977766679083 43.65062925547495
112.6778246239314 175.8721428420107 80.3689397287239
169.205021388965 176.4482763596923 182.7679849462303
109.3441248471729 45.4972432534639 54.31222524358215
15.69615752802105 56.9936019753039 36.46829582471183
167.7145406091557 129.7914969962935 103.1980147766393
5.660668465393272 69.50630168953428 15.38697569719286
172.3905601111523 53.85148008122735 10.10146534224699
6.406488067923611 142.2530516894524 174.4593351865909
192.4279382409578 192.8923825824891 137.216926018738
101.1492658199072 179.0583788304984 159.2390127594332
194.6747395628351 11.38445835413882 3.845919709655891
124.6754640189324 11.2894126300968 117.9529783126705
62.89920069869903 194.4290612668763 150.9332259999217
187.0978868376393 159.5550339870537 173.8174736927213
123.5670643484741 138.2482516535569 93.47317290784842
32.4206677839668 136.4563079888202 140.3705765903154
130.1624916781824 150.0235234225574 196.6863605464175
107.1283621126774 41.66500383126157 88.66991597041113
5.699679580961092 129.3011392011892 60.89517404079167
131.6849502159731 130.4125127047878 134.5672892055399
175.7048684035504 54.94774313203222 117.0839042904135
35.70368934195758 7.294270551052462 119.6285659605216
159.8965714350123 53.77869024239314 95.36332975567885
62.9114201749766 162.9985570767502 188.0394397593226
149.7938858964636 162.7496532361063 63.57566533612101
183.5378853265559 137.8306877498088 189.1644523795409
42.32320442014625 16.4364131008726 165.9476141271308
86.91523804886377 172.4814592875081 180.691743857384
139.9088948737054 105.3560456906711 190.6594770546373
118.9994822896893 174.0240793148485 138.7169733020824
162.7079313223967 131.5355045986718 23.7239249822733
155.5881560668758 53.23792248848743 30.60684073554619
106.5520315184055 142.6514853835887 6.897113268312946
41.78124578376377 150.0277683405816 88.42829339243919
66.29346283564618 125.5139233778098 102.7094425420549
29.91089719209763 43.50127597110527 195.4874906724291
163.0606567465684 76.80179295963195 20.13230305284368
116.3627840311406 123.8431647637865 73.45116193951493
142.5730231627705 166.6577050162149 38.46358965474936
86.16003308117342 190.0926973079458 140.1386057910507
136.8989556045104 73.82687598786698 24.46300694959882
72.46807705005898 106.2436365838144 32.79295547678914
124.3853168441342 124.257774476559 0.702945849037489
42.37794663914262 176.3138424174863 118.2608794028426
154.870265739605 144.4730560178709 138.7305314048531
163.9643116552883 170.6350557794691 8.137664791514089
52.63476015415074 98.82436705622764 13.28070504282012
106.7375078514476 105.0737667708188 33.81370259232851
199.5614116457693 30.97739296994495 100.5350162521547
189.3629575279614 114.3954617889654 46.05917935655592
192.6029713722658 34.59038309652098 75.35736669850408
50.99379579501332 155.1024802368683 140.6494117743431
47.81957657047837 150.2652065229298 114.5271605859747
81.50309223073143 14.87472645880615 151.9918119813175
113.3275609114484 149.3414714854374 66.67802299486776
130.0788799151701 143.7509238415692 171.4764872992772
13.518063989634 8.216819600481763 134.1983661421914
187.7108495033159 157.59760694674 127.7660598922176
3.275328501564125 186.7351157020605 9.088219885109941
25.2373409123653 135.2807739240579 114.1854841178749
91.8044086030885 48.02202940528447 12.28155362120421
120.196061474119 161.8307437270108 18.68315777078894
16.91622212023216 45.12511198076689 77.43055968917052
29.78695024678338 171.0176023083282 141.1302022997086
162.2912907842262 165.7315372149668 124.2072959326984
143.8417187100138 132.0598320671728 42.10932101172678
38.80455435864314 158.5780150635011 50.27450287216108
119.0728784032581 97.66589370926529 74.67327484474399
145.1818507997869 28.12041458459258 119.8471865093166
138.5599666978742 173.8496074362344 3.836687000419782
146.0058861293187 57.25693079917872 6.13673852057737
90.7404671381184 10.04502479331264 87.77934228413997
16.07295935509753 184.8847452147236 123.1506939640479
79.16274922763353 138.8793050885396 83.48504422625082
120.6571740840209 61.32984423898704 100.6583649674056
69.53026669502124 6.676768104234339 128.0716316507216
174.1812059202883 61.53365361463124 166.8416815078735
174.9887148114891 194.2664652062128 2.007458832886697
197.2579721543682 90.56499844897118 55.28259161536084
26.02027487194221 179.0064808767583 181.3220387315424
68.91931416660414 85.94181056163229 75.83321126678894
61.39569179918861 145.8479673027325 38.96272539234946
54.94357943875888 70.89511018311764 147.7807163848407
74.77154873379493 9.362427865601271 6.933281587564109
183.4211379123823 77.36566812575148 3.117324176144002
145.10062960658 109.6680442558769 165.3268504194661
48.47509809887188 125.3245731278439 122.6415324014183
124.7178540298038 54.19395712263582 191.1289641221813
43.44746871291584 138.9715002824778 175.7172261936562
0.13022455071701 172.6099705181238 31.16273239425361
198.1821214057464 159.8290347077951 87.50074545544371
29.79044416655492 140.4722449596875 66.76563501434615
162.8057171267046 116.8511708014631 183.7249036825108
69.98661806697946 59.46305228872941 22.89713232978153
166.6453246759671 94.92798979668956 169.9028788505184
136.1834984374667 153.2850244091964 121.8302201167111
30.06000942384 49.450979895247 125.7612718263253
134.6149614065738 9.172617918754042 47.4916472777497
71.14924377096366 196.3761918325665 97.93637026822338
184.4011411013789 2.171731458553447 160.9652400367604
71.80960990114156 113.3357537418208 76.40062135571753
2.197951029383739 148.0408047585817 21.9104444783734
27.81953613444558 180.9938000067711 57.95846457948065
51.79690162249459 18.39053268093792 51.36181474912932
127.5724583127707 185.440681982339 27.69452678907198
67.11494535233103 106.4080841752218 174.8358409788729
38.63550825871569 188.3850030403754 158.7485657272669
92.48188098675935 25.62165960625446 44.80198669160509
57.76293852078014 83.81450255221934 34.53443095848733
91.0033309351797 134.3547001286042 187.3321428140345
26.60664403523288 101.603352156304 182.2130938295753
116.1210274688036 186.8134747541971 0.8951987714760886
176.2750105601895 55.20978171119671 74.23182761294511
124.3178502397308 116.9435199659178 49.77339839976543
13.94212160845115 149.8947203031842 45.81608748019354
36.94468731598491 70.81209202907135 25.09002931071897
100.0387750361749 110.1356668130706 58.69190833055359
112.7552886055749 136.8277860895257 152.1383713401916
152.4189332465609 169.5737085888447 148.5046012921151
110.145240418729 197.9754994180501 134.8460978627152
124.7887991415929 31.02527783586613 136.6801222430336
180.761365098247 176.6252000282493 154.6558751886815
3.707431856157172 170.190691941422 144.1366447205439
175.0126871797705 78.73028572576754 63.43780635830098
106.1305998391952 85.30971749774507 180.4953461436531
148.5926120885886 0.4139404081165563 119.6705465892916
53.40555185019679 141.1815417173289 0.2788576791013141
55.77565687387728 124.9889087061046 23.90238434569847
87.49759211299467 149.5193608421907 60.77722844985261
161.0428211285081 15.51844616477147 102.2511345282551
36.62441089465723 160.2406139195491 7.732790040771058
138.7495532954269 18.42037803645694 5.977678586204646
190.9604215903786 110.0802427013058 72.27340449448967
144.1393796712633 153.7026891012387 96.76242787389982
79.70958415389391 59.71363434874703 81.9128175731518
157.9566452262113 133.541153517663 64.01841204647242
66.98509199155414 64.83751319179454 188.3467791577646
194.1287835663968 35.27626605735432 191.967786870942
72.37403585768718 143.3023410361766 157.0874470562489
128.4531543344837 89.04228487102604 166.2930798448042
60.00045458809747 54.51894005431205 65.12681874306163
115.2676312276651 16.90975491922131 93.94394083791407
131.5180098801394 106.0844305472858 117.1610561736086
6.179879136448069 82.00201350075207 134.3697998387686
120.3903334415661 189.8496019334105 102.6846808578769
115.3425063362192 197.8879523418609 62.49719532834635
99.69542457600627 4.391544683189056 111.6167244853534
132.0076077059447 153.682876712344 147.8675074123792
15.9563234277973 52.0242166123372 102.974276661945
19.16049971658686 27.3508523300498 117.0454552485252
145.5786778404486 165.025708236241 177.0959071443815
6.027149581476209 47.71479683799549 160.2585525038816
36.42215402550964 103.2139227136399 115.8154002928792
74.48703608183352 166.5972027466645 144.1079747289126
82.97036749425961 79.99721293964873 97.95550081494879
116.3710629131178 111.3931512599128 158.980331429924
28.441450926035 190.624353677029 100.5274227089265
149.9375449298185 132.2944204640338 0.5382622147052655
58.98114842865836 100.0577132769723 55.2536977218957
64.30967473208379 196.2375438405407 57.90499975673686
92.94108716391956 97.65190519708561 81.01276104404025
22.6374748310683 0.6386043168650275 75.09484083480315
18.25732948821948 116.985138874313 151.4188119762273
166.6933866278658 31.92113576237698 81.72673959547308
85.69144810848137 48.80420500867811 126.8383266183635
121.583276867713 36.43171059307288 110.5298823836385
101.8919969603115 84.28087769506271 59.89733842840089
154.0533437660063 18.82926513282731 63.07806412153303
188.0161248779969 146.7947926481037 51.5806726370936
147.1166794362191 190.6050926129865 185.0226020369631
60.67222960081024 95.33275905082513 139.0863983682651
190.9650953185021 103.9881398867309 164.7014420884708
105.464826283478 60.59652194447494 140.2210823647528
114.9719251021479 62.33332157639218 74.44399734802347
126.975428978891 29.05897910195096 185.1887811424074
137.4511035811914 185.0151313528223 55.96560277083818
95.4558401587874 30.78656907164456 109.5518286211274
113.2881020970382 128.6402933955304 115.7248448002506
173.0140967557128 88.66415410908172 126.5144635115895
178.1836225268793 28.29928592571208 15.14438637063532
191.0751242663154 22.1936919891915 52.08053851563532
155.2354025825194 106.3978550057109 101.8806105933668
53.88935077405679 197.18533992872 194.9510528337112
27.5084237692964 69.45867372605893 0.8855959537086757
31.4177885085869 26.30861315695885 140.9350536754392
30.69567078120088 116.5688853884257 24.48443055609065
93.49413873309601 108.1939012603789 171.7010903239527
59.56610754884721 192.4192021648165 20.65408217825953
84.92971033602861 44.21217994045658 153.3342698578927
161.2755123217104 112.1386279589773 46.15021089468803
7.35669553064097 115.5869653420251 92.42292061190632
113.449590936489 84.639771593535 18.3247316221706
46.97969806481689 7.788632136582018 95.22562209764065
101.9378661632213 178.5266490869713 118.3449559423712
160.1907729671157 190.7934628044927 162.1189172729259
178.9361642018266 197.4478761670784 88.9880772085408
170.1117385251662 96.36672984655543 81.96153094156745
145.092119784548 177.4618083785042 107.5545368192781
45.59207051485085 187.8291274221357 76.52110258529321
68.44301369674216 62.11865770960605 112.055461079813
81.43461605172051 34.40031899147496 86.92047819523042
