3 1024 9.463055899573716 0.6524500000000001 1.4 3 1 200 200 200
28.21686948598909 121.0155741849332 170.6264286450548
167.1127084464694 125.4678465892088 142.0615081314932
160.1443084988801 41.38342218689721 130.2067613409288
174.1753826123898 16.56299891205723 195.7658965135122
32.43036359739249 11.46414108586528 41.25750308749207
51.51686850825995 33.4381067305246 151.0337497888641
51.57617792729467 176.2055945637885 140.7298231526487
181.3407022156524 35.73669506669048 35.93102043524372
79.62297190304228 138.0939989464349 136.009002343928
31.31641506569683 20.04063112607132 83.8474747757126
182.1755367128511 125.2539408797381 153.5148317188632
0.3187806368615256 158.3660100474874 110.0418619402915
53.86620637473489 154.1367324159087 163.15114370093
77.73657278393985 129.0488846030259 29.08412249035645
106.924730452073 181.4737822576249 181.4529995640017
139.1367330811345 68.05503679686051 167.1292791256096
37.00017412430721 166.5270646522907 72.47827545784578
139.9878692185997 2.08894803479826 97.75923066825948
63.31566275857195 71.70734833316996 92.16241959386811
108.450249024601 116.2666306202167 187.5257759169045
64.18856809843913 49.32863578707065 151.5168078622426
73.32294929958017 13.80190554826588 70.64646250205207
13.19457519354672 127.5123392400926 16.58503418632429
121.6621060155702 82.22394667636981 145.8267627575723
166.4806037045146 19.89456625643649 123.318976093049
198.8644473573437 15.37611709236933 118.8739694247395
37.64882600066011 99.53917437347752 62.10831205622114
138.6254331925817 198.4585680939577 164.9878750016352
17.91769150997565 80.1558020779095 183.3642501853054
1.629485365929997 132.5973513957335 38.291253739792
122.8595937131568 172.5013808618874 186.3266457808852
114.3453317058908 71.07528892038226 120.6710958354462
58.28983249132039 44.16302111278222 189.4852594446496
169.0313675390608 26.20730098643202 141.6970284963346
139.8822830803615 71.97553806802847 187.2904863180158
168.5239649381181 141.7197960508281 155.1971383794494
1.68456938321696 86.67825052856598 176.1469503388076
101.0746132683928 43.14791375779603 191.8824977536619
50.20743994884251 18.80643285647088 133.0686198349966
62.72730166110439 151.9140801530575 77.00813428383147
169.4361431024054 40.9198563904006 153.5940333093981
175.625972441492 117.8715757586743 86.32336910520735
144.643898639303 96.85902241227018 83.98413188038846
35.88705437387201 86.33075074806348 100.5461186210006
68.47053354327622 32.08596148864075 159.3354866881118
45.88786871288654 70.30456533756922 99.40731833862274
116.1311038768053 10.82075031130241 5.390126639429864
179.627997218151 179.9429930439546 122.7133481318438
181.9514746312604 65.6423272107729 95.1421397101758
101.4019852126748 30.448282693747 20.82525256833064
149.0024943878519 113.6402951792826 27.48833208371858
75.3235631739246 84.6080516108802 48.85075101329326
13.1571912040249 74.7220655365802 53.15077493292662
155.2030735836538 82.36177990406388 74.30120350949963
152.0420385285845 37.20855006879453 16.16389523616155
189.0805267666681 102.7390403653267 95.20240694909207
58.09657384563139 24.23773966892681 16.72802257673084
127.6438732872437 190.107251836727 123.9523497914109
154.7973216755409 48.02925198963401 164.7272091648208
36.9127765308406 197.6751208688541 178.9877614943789
158.3404459650789 63.36217390847092 57.7325573485496
150.4125251430346 182.0046196534094 23.73417562871545
94.0852160741242 162.7747987728955 78.83565285673073
14.1061286891516 114.9990385394669 196.4224891013201
187.5225358353022 176.1583643254459 196.4987168170409
109.8886165733032 3.970875973720038 187.4192143184794
91.976658433935 61.48666042601344 31.32598072405565
140.5140165023844 146.0820287805216 76.12552089499057
154.2309246016071 116.8358289620811 80.14932055010759
42.20299384925773 9.850290177342041 72.19461727241658
149.3376044239357 151.344971793271 162.0779578857836
62.23966920930891 39.23216628520561 27.50493852813442
21.18372066363206 170.2845440923389 161.1411984842605
140.0552717309043 37.01414824200762 61.51284423006581
20.53375004670264 100.0242151550773 36.53715584114633
38.49999501094684 37.14712444989157 87.57306556415949
62.65452307324566 165.0797993175339 124.9806489706615
46.84559363989339 36.91599356519462 38.26457699837954
26.09658721108184 152.9994923868259 125.0859955151228
142.2506936182746 72.04899443531845 62.6116099139354
146.0256945385763 37.21254449108258 194.9286472681746
54.60672384980533 168.21514756874 82.15035486908344
101.6275949498364 136.7978368356065 86.22485956692098
40.74280513041582 68.41934559799644 63.48051182022086
111.0121547622672 43.20289877346529 175.7535597178187
178.3770044326696 15.78586104349666 69.76001629009889
82.87673982621818 112.8372307555506 190.8822949585892
148.5325605269081 88.52398381838553 155.4800288369024
181.1094930218572 182.1099728457803 103.9713446698986
111.7237441414695 119.5458030530459 138.1081669742914
45.54271856876351 113.745046462476 172.8715856510874
74.44775883548057 33.43818646676954 14.25536939105733
123.4785839807791 122.8122111042996 178.030932934697
42.14542343213691 21.43957233985484 28.43954080676976
20.81941595591548 28.72122464574335 164.4859822588982
64.8342949257184 141.0615959430039 122.7092637195814
31.44547951978111 73.42103015034259 87.44060744996588
80.64864070993805 78.48507305665387 31.75750071461757
20.91837174173526 98.43752624740992 131.9672132293248
159.251904175903 182.9956480996562 61.66168390096492
186.6643028563969 83.97005656941489 95.0790811059076
105.1837377456505 174.3652557716715 32.16376899716393
166.9423089772443 152.8324269048611 182.0356873831735
82.0917353708941 88.00595116056446 139.3955625772565
87.55066810299171 159.4093783759565 161.388918985137
107.4422966180399 67.24213253170225 45.63069804439719
7.011391583576987 190.9056732483453 60.16189164367461
83.18987688579556 177.3676927264459 105.6566503294863
40.9285443619225 158.4536518685189 185.980158543283
49.9145316786154 53.44385465689052 29.57261172768296
37.33087386587272 91.38177568289099 35.4201103612227
147.2135214706705 88.52696442911716 179.5231694354023
1.900760648369022 99.55844397938856 145.1994263477866
29.87400659684664 195.0180629048051 196.3527947040794
162.0929427148724 53.90611976274347 189.8383866242237
172.1122096586019 9.522005517963034 52.9387701706162
195.7065476735354 11.88200171349648 82.17702114530509
47.68728250530881 84.61016977824903 70.394979093537
93.80322537607724 120.80612518094 79.80501964930504
162.4349738108731 27.67160452733064 165.1530875948919
129.2766679809279 148.0749406676069 34.50975668495803
112.7466937012514 16.13989185236888 49.14574287144338
92.75331722538269 193.2616089258479 174.8421124244789
54.834947188037 197.7318162940202 172.9060725935544
97.41933029119724 120.227344376641 4.274486191620592
191.8477192218243 34.12583774175603 147.3047800624992
164.8170490160092 186.4587398425804 112.8963528783273
42.93939164244485 56.17892828970974 160.7231353691105
177.786380149262 60.18777552347624 49.89559172957046
79.53416818680847 133.7984474762996 47.31537213361799
131.7159975810885 40.2433564407922 10.05237135323741
13.28600179953404 150.4003510360405 138.7698658262909
127.5421063640304 167.4556107905599 66.24796783459539
146.3504557442022 69.28653427753456 44.34292134009327
151.2391871401813 33.99521255481422 45.84648910687798
6.2701719468056 111.2263544871763 130.9561494480127
178.2653791328318 140.4480582132315 139.021360209418
92.18810909814479 96.31967321746079 112.3188850280184
65.33945562696771 108.5102432674431 196.5220733250728
69.96553877759344 163.620598797183 166.9787480397234
7.306415134622577 170.8270699791687 52.24900006759079
71.40384967889915 48.6848756551132 3.471184639844261
103.9990557057078 184.8916533508419 47.84760621351408
184.3810557242626 22.03012196858784 129.0793635225867
8.540351554223733 135.9395639803693 198.4257291907277
74.12744220320788 79.78619776197024 154.4670795362341
81.89454713945273 29.44327716471577 64.31860550456859
89.30618322289871 11.81074036945923 173.3873720732414
6.685025503394553 67.08893101987663 192.3970933778534
77.5220662860886 145.3150848800599 109.3298327891987
172.042210311896 135.7234128146002 81.16296807058794
72.79455492924349 18.06950750920839 52.21811713471098
99.77478535114709 44.3857727616868 33.51868701649517
113.3859238609467 43.01932571224118 6.255356194396541
155.9788792555583 100.5136729631708 66.70089042547508
105.5509560801839 126.7572531235777 172.0454627530176
166.4986109179901 199.7685732105327 37.7267928304075
93.40563342765887 147.7027999639794 99.3268545139079
48.43886970124731 56.31309358829312 178.8318006037036
183.6017368731776 40.4138347301828 166.1327196196249
94.22251922867423 189.0802139396683 193.2419463429848
65.52293011662637 35.84481211953161 57.31456981755943
22.14935602838007 91.92362636515202 149.6929400061452
159.2294858811758 70.10320240045183 120.3404318868188
18.21577888135873 93.75265622747317 3.424155751112552
27.19310772801058 14.66254325596905 101.5159592199674
18.50841418540523 124.8027980660028 41.82519194440313
39.4129853245713 119.1161537334793 155.4888627567222
182.3793118664519 163.4381896626825 106.7843460297597
183.7625491131769 123.4874996661448 172.2893009024183
17.24864733008214 193.0523318649516 167.6617044267898
3.414388545428737 85.54824579063566 194.9590605990693
43.46702370223255 5.99687316758433 145.261633681611
129.5620563478309 87.9412491846728 189.1222263535525
185.9036828089288 136.7971785470981 11.78345533334401
179.350307062926 24.15530234897555 157.4290755243043
56.150623278301 154.8572799520549 19.2906902473904
125.2598139544465 7.91512961606139 174.4810504011738
99.61150046313055 144.99638216805 43.16818783021818
1.784294150097033 98.38537587812725 34.57353277886757
22.01660659183935 31.80437434762888 95.39011249675387
90.82837757023977 193.5991051880828 12.14901394797428
178.9913171534343 54.11045891694089 32.01875930531323
175.8171382952473 112.277052411807 28.35611185585336
56.4919975232841 135.2614661758143 83.48608748777713
88.67720038718416 129.6892518511763 102.6876511339317
48.36458546318255 49.25643026569252 141.135400687289
32.36551711988452 141.7164835498442 195.2331292042902
52.271794710549 144.8774023698029 62.88932686381056
172.8940248796977 77.06515430048329 183.6977299568568
42.8594666476673 84.3468824360083 52.09748585845732
42.39571820693849 88.66041350875211 151.3929481136135
6.481580496822136 6.142502331703095 156.8952666402855
167.3359838489551 158.7272255699123 163.4654031789615
3.041920417798285 128.0474497209958 114.5593213638164
38.78771335534098 189.2978612967725 12.03379997699321
56.74790275523995 16.80922253693105 113.0813827649103
85.00295041943751 178.9522346558601 82.57072188515482
196.976924655006 9.675953079274032 100.9285615696781
114.0257608955616 80.91940868724106 88.07496627878299
62.39899140945258 60.67813655114662 166.555390419158
8.495860449977373 96.34554040244743 117.8436547218235
171.8634485746133 151.1722094011847 65.43473435601146
29.83482389571488 51.485269255716 15.82472936501009
44.58405673804499 132.6498333934863 101.3805955368384
71.15339473966964 82.67161641456687 174.5778369295249
24.09438587268873 45.17167090662094 55.04963780810834
178.3918301462068 41.32703427962291 135.2242073425818
120.4967508790896 94.73688475021871 51.31456280220015
191.6611223615219 98.57315471037481 2.056563131352207
9.545683240682305 136.0720028105088 150.5553157656358
1.953513168973726 28.19702742897681 132.4453954460916
48.25094791092519 198.9175734093322 39.86842361902367
185.7146872820578 90.88269288263898 185.3911450571008
62.85186122083032 0.5015482525345528 79.10432684808029
139.1972499041419 14.05294131307847 135.6800193023072
12.48345842304462 194.5469564197319 188.9139061088918
60.99518948724896 48.66362995117085 44.14946311722912
108.3105476168336 90.37094415878694 156.482874674536
107.7176295842374 88.79324575331658 120.0879880870035
89.74206896001284 119.2146933726723 39.90941020654417
105.8112699446164 53.05761939841667 160.4592301341949
55.24896057774913 173.0150748898654 9.852256720476866
36.81419413148126 81.12249197662561 182.973097360916
90.27444146328406 92.93064876932162 24.22318999395308
82.32841829775089 29.33938429246271 171.9273571434628
164.8321799306712 108.0782775006808 122.2059853333456
37.8377674853427 120.2672172121297 188.8785336927564
13.0684045770112 97.3084902586523 165.3988892242224
181.9102953836833 184.5055890141243 70.29481793579184
175.8233279892716 156.9394064566183 83.01877082603704
112.8367705518478 138.0821442496761 186.0577097540351
126.6389056758788 140.5720619766462 17.24615455193635
72.41301620628052 24.93412833681887 34.5880024831545
167.9963194160644 153.2755590194892 99.85589667411013
33.20448991354205 101.7679791840504 161.4846254118847
50.76863561618494 186.0523283677739 98.50274252127983
67.98660910251655 18.08410339689451 95.92369475951274
115.5881069120723 199.8236218168767 39.9883834679749
21.13036775676651 143.5201217905036 10.35038042651561
95.66302960389217 133.7885558581317 25.30786164738456
121.8238076868973 61.74895944417284 34.63198081138306
150.9547095835675 132.5667654114491 163.7985687236334
158.4871670986004 47.36834998411049 67.84187597458491
24.57682863922692 60.7573918939515 160.743397471992
89.71832236699143 8.063976100617793 63.14022041727918
108.8668887082717 197.5476434744968 84.2753669002677
164.9686091487981 71.94798956298239 42.22764835608439
99.16411262941183 156.8209764652048 28.40145404943897
43.28170675070358 102.3254950377814 93.6437004967417
123.648310609298 66.06944579399179 156.4352247542699
128.284821096737 75.48470214129573 3.30956991385382
38.74557384585052 0.4213964819736676 56.15939407728457
198.8796180414024 63.30041632534046 119.4892122734499
8.800919382813422 179.3446181162323 102.0278721551756
30.58813578629355 29.52095412069701 46.6190794531987
182.2394142877006 141.3594291552828 29.78062096058366
179.7842068273818 25.97723389931348 111.1498786797404
82.3073130994369 190.9493758028192 118.960730086282
89.04880903076287 71.41125523148305 47.16671752061112
183.3666874400112 143.5985487614018 94.12189323851189
164.7647819090522 169.1737036773727 32.14608203375293
97.86936795485279 63.14883739835849 95.87415972810945
193.6219173119174 193.054550351958 189.2296789518419
95.6526371156074 169.51246969687 139.6679737339338
53.16572935979497 116.5238313839769 142.7495267359651
78.22787517592599 181.4426729935724 161.1585138277861
17.71517891450026 36.98075028820824 16.77394809301454
137.0727186921512 62.32170197030653 117.2062989377293
24.24674371331664 137.5787725837048 162.3781330351071
146.0520035702933 38.95327085586003 79.35746268807644
48.52027866680916 68.77695572853011 80.72980860016445
24.97197566380353 178.7094337026768 4.6106709078866
136.3348270892998 84.59852939281213 49.16846869754612
58.77502444760383 15.9825493997278 150.1703751932303
195.7471371719558 65.11805158934123 164.8729028797037
19.32391488070857 81.13766711081557 36.44744479935077
196.9068472399545 43.04993216927478 44.11507687118421
178.58161601367 181.6697886337147 35.48215712330134
107.6815338965336 170.8096986770771 59.94348657727414
139.411201755312 108.9008421831247 70.35511946635742
68.22010213482869 66.11350323936787 45.36957219796936
148.128514752452 93.58789048912529 16.68009820323214
167.724957954369 136.0902357640807 173.2472845374149
4.169583195126167 177.4472835617408 187.4090392153209
194.2320650220042 51.14121744097601 177.5363786755689
184.6703932609217 160.0620576601296 13.40887418575302
90.42602042530693 11.05319156598755 129.6522427185647
25.2259604290308 116.7962074670186 130.36830982719
126.2260490624224 120.2742286192446 27.11403602225913
85.62981126512473 27.25259900543999 0.295442394930631
127.6749446381482 199.4133333600998 83.29195812665465
199.2512689328618 176.3993206178166 69.51244937428214
125.158267243329 167.9318686558783 99.14491687516725
135.735591110087 21.43296465047375 99.16416133414474
96.92779673245472 163.4838446169969 46.20044803855247
99.68369364997385 10.29936137339233 29.71461516425631
198.4255688910122 90.99260917276666 82.02030628947728
69.60326727271587 174.442888281807 92.60447413692197
182.7712584699972 19.75334950263562 93.52841248548937
78.85470234356679 14.35310626505887 110.958494359587
106.6540791106464 127.6953448361055 39.45569347352422
45.56322569364796 32.97424334951749 180.4380826499584
156.5996700404055 146.8427026959219 115.1951161085299
190.4935107204088 38.04013264138676 121.0488313089763
187.3859825024518 161.7998979510659 67.49224274410331
185.3254493687044 1.467488152815413 38.60302715819333
109.8392213412622 107.4289681336761 122.5919078680267
39.41593321333844 90.14139147619579 132.762583941669
110.7207221538056 196.6701218334379 169.9777875566614
124.3014321064157 82.80488882861393 109.0990189702226
164.7659238152923 120.1734046046207 160.0774090480731
60.96206104225784 124.3208989941909 45.8942200007784
13.1989188621309 90.92633662283329 21.45243284325753
76.96991110659643 98.48606439206587 155.1053949736765
197.0866853103458 140.7598719742045 137.1052946794685
54.281476503954 196.227545564658 114.0690660586334
12.22234053621995 188.2088389939352 42.00122160754034
153.6113536171306 11.809831854503 170.5008452430452
81.47336419021983 40.94332854571347 30.14337312843172
6.372736959370781 116.1967478376073 30.13121623516022
171.260340545703 157.1291984086347 144.5557673926131
139.9125137793151 174.1336317221572 129.5498358530265
35.07819136895282 108.1946583307948 45.4750927386535
62.39179930361902 148.8544164984326 97.10811645560349
126.3964626998579 187.655199535558 175.5559743226472
76.23319870285177 115.374567072598 52.59595559140826
182.6213160161871 43.13881290256349 56.52868256516511
185.1990290133119 71.22342489514746 150.3946359419807
190.9582691431334 74.01483657650702 78.25759926036527
55.34836871971068 172.5200849604331 158.904421001138
183.4594797419953 180.5319171841763 16.14044577893457
23.25326969827162 99.58329912536007 95.51684232480665
44.95638549978209 12.59037982327453 9.673832740591514
139.4456733288262 90.95407942312126 101.1976464344091
120.708800152675 80.07117230962091 39.34368832063721
45.35126351842872 175.0855723372654 193.854795791157
117.8655375630155 15.54338911582097 29.70273782634924
58.02631072242442 106.2674299995031 118.9606131615241
152.9285548590901 52.02770408937378 116.3219437795466
177.1979506072535 110.1924171234871 107.9052744071871
97.43108183637428 26.81112753679096 183.0497235755617
80.03703938554179 194.121007070609 72.40274564199956
52.91944247111815 101.9746508043528 75.8065772731822
99.93903539825118 102.8465289777817 11.32498477078011
168.2506842721614 198.4683963548857 67.80578969592854
146.0376425082548 56.17998749164985 150.0658904044647
146.2272553558037 55.81161756616557 179.6998173643205
53.54611948512174 117.0289081925162 87.61145386620821
15.34457706507376 113.671230497634 114.5323624038342
81.62407734692486 127.2299182731314 120.6426016916724
30.02382751192784 194.0678130177527 139.3361939761632
98.32987144336447 2.931787970034901 47.09378517656958
49.37363326695889 135.1249702260434 153.872537416571
123.878777413844 172.7553131119339 117.4009623995557
149.2550287919408 122.7479321081138 147.7096455910731
185.7780934005679 70.33589993593151 25.02923676971511
116.352663136936 29.7240141235807 163.5921362912293
134.1582691054453 53.28651858036437 84.98424486797485
13.18519938884725 19.37072399945842 50.42955380702933
46.36032035905555 94.88140473898476 174.1572420584461
10.71041578526072 114.3458305618928 173.2951037164645
197.9310493545609 122.8972833645189 143.3001512221651
132.8620399684496 138.0456746690395 59.80553000870479
158.9683373696856 149.2575098768963 79.14684003928676
16.13886483163848 4.974584327843949 34.14691514812711
150.9920213549783 142.9434481192673 179.6248980815628
12.36237360693403 16.479751127252 89.89951857991437
79.9610062526957 182.9875179832024 23.43950672762642
65.94561709615049 157.4268230871483 59.19220739283741
186.5032165491 0.5056511653157879 61.29124559813778
92.19369871600037 45.13414897253061 175.2885009653101
4.112006401406676 102.4195947048641 186.420984802412
55.18892238195401 43.18528907674499 166.9892711947388
79.30651195874232 40.49794943333946 188.3489554584718
68.73692943052816 115.4467107890647 153.4489660366863
76.82670120030141 70.69969461724338 61.58936420341367
80.51706729514295 98.67080156896279 60.39278151968946
155.3330871690003 15.74029047495894 40.51648377821846
64.83917093162648 54.20641724657481 133.2434910751838
174.2042630759077 142.5653366266335 120.6588757166989
25.41393311176559 5.690273243155279 154.0871836685966
180.5540161081795 57.91160946527556 188.7267724895576
52.29814115948324 74.7745032133928 174.1345212659755
168.9723889948154 171.2182667427212 50.48406953985319
42.54955749267937 28.10256165918485 118.4699141271004
50.50252675887475 118.4288885798449 2.817555447179143
167.4235768563189 3.945602425313473 181.1719056244065
26.87907503209905 119.4689590593129 58.27512757992424
188.5449046316018 124.4960450689015 102.9302536784829
23.63818427833955 85.0392617074414 118.8807993175602
198.8668268800068 53.51142794455797 85.55853799605752
178.2101849088544 159.6908350159213 195.6037399623314
22.95281707871321 61.96612688814447 63.70035621005473
31.03555167547776 63.72440739463526 178.278767311283
156.9933232428324 183.3551320245997 42.20969776119112
9.379608834770123 67.95468596013043 152.060546399117
10.09084344410781 14.17612087088168 186.9251323212556
20.26793325776818 1.927472064221988 52.3609353706854
169.2312866738016 113.8321145473563 68.97689062698288
155.2086344479299 70.93996552556342 157.5605915078409
155.4495311203025 109.7606440546873 10.12252277631228
64.36954959037909 30.61681008999298 177.7523117078499
129.1420415945024 154.9438474888727 52.14358540169117
146.4333543314204 11.60376749778793 152.9933236615415
152.967138085179 63.59054794638475 75.87701478324915
184.0252819172466 108.2588093355999 143.8711117372248
197.2114134962057 194.042748529274 76.04526893891925
68.63541663891787 135.3708155565488 62.70823295989148
71.12294659663986 161.6308312197587 9.907720961688637
59.68524069533351 76.23186892642066 12.19023751615872
93.64365583561938 75.20644054309223 18.39753793070366
59.84751217453814 77.98769382101752 57.49710543984965
138.0265417130569 22.0559625223925 166.3452322044533
23.27787695268358 156.4330298876787 26.16448102404224
13.52769713834311 166.5004107833217 13.45036561258992
141.1064259103182 128.4680697955339 18.77183039467129
128.0687407794183 3.502226518857228 192.6593506586718
33.89441217382853 91.22855926391239 81.53134789835202
95.11216059970469 117.2087710533786 129.3453367040758
148.0703204718876 34.64195571083859 176.2903400102855
134.5380727876886 51.76609767238487 24.7970168617754
85.7277338982726 190.9886760005425 54.62649348654153
12.54792242856091 108.3375451559399 14.06474561378501
29.66683919245736 40.27143891331124 31.07003358003675
162.8755800706807 70.77730135724561 198.4673332245164
106.1043537375089 71.97993865743487 160.3650889300419
15.16743545202649 40.32419371105874 138.4872047147286
0.4526926084553675 195.9043481846535 28.68504031587841
53.10627784322674 170.6643158288303 63.4442476393138
56.22344357087005 123.0894185473935 185.389529396185
35.80165120891944 109.755200241054 77.93026540674452
14.24560881981803 5.899248895264073 112.4613179110484
82.20404828141905 93.65192156555085 185.322955694611
76.43175422357415 63.39216006807774 145.0514585407436
186.3793539891869 51.80924905957387 151.2407557658893
59.26297325882629 167.8639725672014 44.88977731243634
181.3627840974754 3.651474708248704 20.22595456392575
4.073864693139358 79.32153038514879 110.8614533942201
190.4900600618749 92.48108176159981 111.5448448590172
194.0023194186579 56.83878089592174 1.998334953367529
50.88214704135265 85.62368437938042 89.02152977921882
141.8136595176353 79.86622539658651 122.4839141591948
188.8139600701758 153.6105705128884 150.8262126361911
80.31583435577944 106.8235591579006 138.4482818265713
7.147199542384805 145.0916166570605 121.6731745222261
78.2441206368263 109.3012055716945 115.0172350109722
33.76874162095025 153.2148549433755 155.47006275966
35.41191044650881 70.69495714005387 115.1639664639096
170.2559294256927 169.6291906630417 69.29954615212056
136.9748437998686 179.8524667400646 161.9408013887086
79.46934244113881 199.1762967774938 187.0345396687811
116.6216563631265 147.1126014500973 132.2464168236121
138.9102546401496 73.85003783074222 148.3910780025838
133.5529008723193 126.4063634455369 157.8622209336008
147.0062474339871 79.88497037190334 3.541111064372769
127.9909274522696 69.19629038238361 133.6503926716064
97.86900064376887 101.4113361620869 192.5702427240462
139.6718973186764 90.28871125326503 66.94649254482117
66.1778707575985 181.5926808698489 75.41952580518927
73.40776431203307 84.05590392643649 199.0574821922941
89.99573109491288 95.45560219560049 43.84060726917178
111.7175076141395 100.735038055851 140.1936271333308
97.79089177998311 26.83123692405857 161.3119868533034
107.2564746374401 20.86050414341143 127.7324726104417
156.8648101243323 193.5358895332222 97.2481229132574
113.9830298441384 157.120639421619 41.02510270481867
106.6087430851035 121.3507297294024 95.95685834565799
147.8884198038361 20.88079639014012 84.66700824207308
146.4681007107853 65.12233282758012 133.3947798341577
104.3325092048906 83.41151357354255 138.3217877568979
2.218806374084786 3.510754863077889 46.88324555101521
29.00636861152489 16.63613751704278 60.44849735394271
97.21463633350815 186.8594116433954 94.67439626610087
81.49138918043612 164.5216388741986 27.29360546706783
35.03801778870414 40.34230507142225 106.1431111959752
165.0685339391779 46.17808643929919 50.13930411846034
49.79783735965741 192.9876484673837 132.1673551899
14.66867384005746 22.3473523190955 71.40328290050923
168.1167672189948 73.20398571961479 84.67246862596042
64.69942434890631 139.5548604281507 181.4883380472631
128.0456768352587 158.576514624441 82.95062482342414
121.4003054980072 189.0352407797342 156.3459836060207
122.9155537980818 52.89469474272838 125.4970424389071
49.64048252397918 64.45093984908395 125.9685581932796
65.05313731676389 14.3085765999905 168.1707968955623
168.4502103752607 146.0637237937403 4.390848972445819
12.06826722109874 64.52706397342705 174.4356672853686
197.0032029816171 175.8750840569264 116.4127296823917
91.99278749339739 155.4867508906854 194.5411627187261
44.98444848799698 41.558415434205 56.51443120454383
128.5362222680501 53.08512210250062 143.5635826789033
39.46561062563836 49.95436174133554 73.50134707955378
0.076231399200968 123.1201220044639 186.6580949374892
81.79712798810132 68.30308496872286 5.353755347659744
140.333117670813 14.75630010611336 183.6539103424955
93.11739066662416 11.04959989634345 192.5972814312891
91.52336340149148 28.89342623567682 135.8722619114937
7.890093646382708 78.30706260214497 70.97201627578424
142.0406079091068 126.2718746986176 179.324534477437
177.0616696318397 95.00277553919088 15.69950788558288
7.795932663936095 36.05365966129587 58.11228334310842
160.8379879014719 126.5031102384064 124.2391574002342
104.9543318624839 61.00058001337517 177.9136694357774
167.2411239684056 73.97433406435215 103.6381531900354
23.37358370975166 137.7021852812301 28.85945905926991
86.2667438873624 151.3053583697858 14.61700360416995
87.25346694805748 75.7272868942017 188.6967727510621
119.6955771235296 174.5187189736044 45.79975994765499
155.9017586825479 71.87959090979795 177.1744950941317
26.5341186687821 79.99876390094695 68.19355594103526
85.66355400683162 127.2072932945225 63.9635091699957
185.5646727064174 74.21075413120801 111.6249770899516
79.32958930593266 150.792562926995 177.2654954670913
121.9829705577705 68.75947364973091 175.094288101622
46.78062847904183 54.66558521059279 110.0259642248184
49.3434565042324 66.58844252378677 46.6450768347697
90.05247780129271 116.1792320932059 21.23112996552484
172.454390348939 37.51217708102183 194.6319103716215
186.6750543639162 109.7671393828172 186.1713876500025
160.7797159671296 22.94341674892884 184.0187132352213
84.8458472313486 112.3387443850926 96.09426918704159
106.5452864032364 158.5226024812519 150.6633504748327
37.93615686875942 3.384361792768506 24.64266843744521
183.0867781322289 95.61898906050267 33.6298955436778
191.79279397257 99.16339382555839 129.2037243022947
102.7174400590991 17.2623997975726 145.7473294994658
129.5022261067987 35.14538712211288 87.70583947899125
92.73446321939743 146.0925121968706 147.0674932741647
94.25556488174266 140.8245896249628 116.938151742598
174.3162754004035 130.2844846290663 42.92253807637945
116.3129226303703 46.66787166344229 24.59411322411928
9.396558286915431 164.4055049948639 174.7294094230526
150.9935373265604 87.08034316985618 37.05465445883133
118.2619622025465 107.1937517532516 13.1990825520251
93.33555636050261 86.36734285618751 3.118003603187883
15.91273051995005 84.22579122981499 87.05866778398327
190.0176731360405 124.6068085453396 25.66227433252108
194.1796367872298 181.9492998697812 90.28442980564932
20.84439424694525 11.20082226173525 171.6392879608061
107.6965589378429 37.85753094430692 148.5728258269582
14.42187953853769 152.9943841153303 157.481349965472
49.8118217534 105.8916328220389 33.82221722094648
36.84680813869723 74.9550249264846 163.2067401942443
142.3082230920967 0.3438566454375714 71.325426468505
45.18088469023001 37.80461943335042 19.43389359018123
30.74588772587823 70.54017842125583 47.55264503520632
149.1355765021367 34.69868263080563 97.53732110791179
80.44108318404135 158.9761172137155 91.38935896036301
100.4718621444535 134.7999387195879 133.8064461227953
75.62938509474448 165.2890826529485 73.42576281461714
89.34396866420127 160.7752965472638 112.4413210895389
52.76431264189195 43.12389164896823 123.7798806526072
74.6409010725154 91.54370072632476 120.6902342016104
11.23324871784276 129.4799601844024 131.5589436168579
155.909542981794 86.69672037230849 111.8685986857026
174.0054953629747 189.7937266498238 51.95138210118068
9.456940352924649 25.76894949676689 149.6460645464046
60.11383912772203 126.439682176143 166.8084573045603
112.5124380756262 199.9324937984778 20.44124423838231
159.4564950501438 26.3018865934855 2.594440050625419
71.05841659011065 163.0576884519573 108.1440923262806
95.43414180000093 98.34933197348327 130.8504603224833
168.2062128768438 90.49637880603395 44.14008423416666
58.3500446995174 87.50751040851388 161.5081776995115
153.611031990066 81.88806267274599 138.4989694410953
156.9309002781776 8.594324589202309 196.4130355309419
99.95179176573967 1.003235378819975 155.0303082240741
20.50438934079776 170.7309022977452 38.2473632612605
114.1428212887499 32.58318451605184 37.04781948103095
11.54953642018664 58.69028507491852 135.7005426721246
179.6585536299885 41.84672959257917 98.47032107749969
165.2120609176413 11.76187525251959 155.2889589642299
164.2351132762512 36.55638842612912 109.0307861675532
107.4934551080713 41.92733303391697 125.5778195351867
182.6983345268553 78.551412699113 41.79810972497744
6.609748714881078 141.4937596297272 99.75971885232678
69.29505657709176 183.06020162404 39.74006518363729
21.09652617705871 121.5300560985029 76.1776671629642
0.7859060800601763 185.3317679710449 162.4235244742061
148.0888516655927 197.8852703876138 33.76235037917492
154.1073156937041 85.27509804071808 55.63441256229063
36.1568709913701 106.4320629678783 141.8261123824627
10.28165855286581 163.3887782625601 125.325578717357
40.78654897791905 149.9109494719012 29.1676225302989
121.2554403414657 103.4708429147602 182.0047523386691
13.63630334308213 190.3820898262164 149.0113890663084
162.3530105982383 30.06685391887113 30.33515348322506
121.6875666344546 168.7109656901158 161.3484794134537
70.03503826937795 142.0919087895176 17.74109469646537
112.0010101373045 142.5847079852722 29.06902281901628
23.26385492477997 22.58469478663762 28.99102555691432
21.36880115204934 129.207078649684 186.2503959988932
93.38036923156892 139.9807751404765 165.809684867586
157.3445803820878 4.713549351502483 81.95591548409354
124.2100233464857 63.08248684660843 53.359544974885
51.45246106844598 104.6371438088567 157.3740481004551
73.18443212659328 88.39950178154912 17.47330277183838
3.758709183747643 152.3311608483923 66.84398934999632
15.10177871421984 27.25016314734599 0.7561916225915654
48.47108517805332 30.04033504534631 1.218469949714702
3.101717941377645 8.788759955453353 65.03485528518678
37.00963204871441 52.61453270827806 43.39039982136138
123.3842774090568 59.08523858364562 11.38100908548092
30.19074644309181 192.8975043704272 38.35779139289667
0.4968891723843608 79.52372560195896 35.44422817578859
118.4183915590135 139.9882796292688 47.73316659293418
94.77283009585284 101.5902625092724 149.4832362031266
167.9542182374832 41.5975060919156 176.7130494145784
193.8817752596236 62.44362808915918 40.20274889405788
177.0044248950917 9.071407835016789 140.7327517957374
169.220268825935 81.29284517687726 149.1838563252199
193.9141814643122 52.06773817108334 133.8860931174711
193.0917917277291 186.9659212592996 47.95979406189218
47.87349029409142 104.3033766697977 190.5007957081648
180.7839405521333 128.6667944823431 64.31862831407392
186.3874886667105 140.3550081175053 164.1165478974968
109.7809662131401 123.3372461321867 18.26331399915072
25.77124750635434 153.4201905656006 172.6204068225848
198.9357449259911 121.3780631605823 5.763314378941182
88.18102973615522 56.98148963698331 191.1263877619742
98.020475802099 11.05793708377264 10.8770388020468
22.03933175179689 135.7709617320149 89.92318264587507
58.51314463254849 12.46004466655116 31.53636959028969
39.76463560644488 165.5759032149008 168.4848258874385
49.11208952226877 76.2144035980095 196.4934704543083
199.6254211619039 124.7770781626548 162.0522336903857
149.8673421200245 96.40162119119189 126.9444994445639
37.5531168613234 136.3213433181691 16.40030121409802
102.3038201300496 53.53689643411829 111.5618783319837
196.7955594140785 110.2868469806837 112.65716417899
6.740815197999932 195.9627214169018 92.28287002439751
66.41138635344193 183.2032384493496 131.2920296418288
17.39569814807363 67.19626167931384 119.7819790743373
160.7727927303914 186.1796104265076 80.25443595547013
71.09827412460849 126.5381987119889 196.5666787510073
102.483274009975 132.6699121985403 57.23175231169909
187.3290813691933 143.8681064735156 73.53711277314056
97.05798745673781 168.0514915989809 96.76622074869888
36.41355527528199 55.57909404804325 91.31271164365953
14.65300320977187 65.70677309409228 83.36522191656496
48.45446414808628 182.6738636152891 49.57784162921872
176.6500627735952 100.4512063859038 57.84249023438826
187.7500803472735 168.9211865669321 49.96337412959744
12.16750764198349 50.77134127656022 5.059576408301104
37.57020357216191 37.42610231948503 163.1842231861193
154.9100456999814 199.0696296487896 52.66777876976069
20.77350240981135 75.20207358434318 102.9685325376045
22.54307759351618 157.2880530349749 190.8613969296417
80.82307256604111 100.4357916707014 5.027717286804359
190.8461023190374 128.9944975885372 84.69398325235917
150.6410592590539 134.2328376534139 87.08940042067961
194.1000390920194 15.39369540361186 145.8198297568015
10.99917590825858 49.73915335597147 186.1986829044096
38.01462324070462 173.2501824813905 92.87890435246068
134.4237083569805 196.7609477695918 9.155836457285385
24.5439276806787 46.64402449821104 173.3522789575774
49.77785978339989 29.72688623012155 100.8353077368985
172.7284398956128 92.03147162056659 105.0278242317702
169.0025203518103 27.80182508102144 47.90803967874287
59.3058837024009 89.49037663369884 187.6662264925238
162.6259693182139 98.72207354776914 27.70943833669303
19.40369077144197 152.8676775385416 82.24792041867552
80.46843159443202 172.8115014143527 124.0396415136873
97.51927246359637 191.4975131407975 29.72773899253214
107.8901090025585 15.23151613481451 172.3395053334054
136.8246198080168 110.8742357767892 13.26980457207688
63.378122665349 179.6706201713251 112.9493299234517
97.358077076805 75.65406667114519 80.82366055445323
91.35607298965851 74.42405204991049 148.76014282257
123.4147282515244 40.85147466417953 70.72139540010143
7.381628438496803 46.55048603265811 121.7929753272545
157.8148223753998 11.45241835291521 137.8732215909044
63.58600797338416 170.6173901192305 26.67222794667036
199.8400471279427 193.6532277267363 110.5806813572472
35.43262117427055 31.86621486628386 69.66058385974149
124.7703912976566 30.34859545523233 52.56342311782809
185.7266472809787 8.885565792413923 182.2306768690016
13.28806676796341 34.79276834496555 39.46101282687038
32.47280100926343 26.76640690870218 10.78445716838247
107.7329962741234 154.492908266639 88.99954961937374
169.0314295524732 152.5601215253284 22.1564427496699
131.870248805598 93.71962932698473 6.995420136815336
70.45968961833717 175.8079232393305 57.91608259872059
89.76882679859656 86.9178378294703 162.886818717872
128.6725226985973 46.50375533989757 43.51049279897103
36.40381352452179 89.77266088929497 0.04977382363887041
85.5651943491074 20.1448143160191 21.85197436083793
175.5358305322162 16.94951103716881 33.84735481349783
2.171764364066695 1.925096012869852 174.8686047177254
153.3228963080953 153.9049038199804 195.1359316893948
88.841928764926 172.3752445965119 60.82053469853645
1.882600008836051 84.6540767070011 156.8610893630222
158.1225593477091 167.7612520765445 83.69996305282436
0.167957727218479 70.72443883090894 94.46102040908683
118.9821382713025 27.04168635337549 14.71304771709149
186.1326788187736 81.29825037400299 166.8011842596416
191.3508004999123 72.16802102863349 182.5359691060355
104.4187503657024 26.77966894323041 2.50662965214218
194.1679593999307 107.5864326664726 18.5084871761171
20.72522140355493 160.4904019788561 64.94096923381454
141.2134759907354 102.5553520334971 52.61785388121547
68.76046165392408 75.97773657448546 130.3575362472217
61.7008399177658 133.2198971161538 139.6439118855264
100.1578247019625 81.67054053365197 35.78614975145131
18.43385859694127 79.19189059898216 164.3056197185372
54.11476811705209 167.6037532747156 101.0581235344737
145.5424264137521 51.42179863262314 50.53694582487893
75.98941093344325 146.6454185338688 199.424042028662
178.9950540325839 26.71025672269518 180.5359980216155
20.73206130282631 183.8857987606316 24.49011532077919
96.82233605432485 114.5927047047626 110.6792364422049
124.7636472373222 79.26592378111467 63.15674961479633
78.6861518988092 125.2263306969741 170.2336706596708
185.8755690878481 89.49490670359636 145.5081332926359
194.3704931921436 88.73060422870581 20.08737469831166
98.82063370958738 153.3360284686327 130.3814875210933
83.87226424103967 146.5665457948908 32.78107374398925
104.9870323615077 78.4074299859186 104.5101465553961
186.5805009952289 183.1470310305452 174.7331351666526
155.1160707373066 84.03412147692404 93.15103907241439
152.6733777331792 191.9497586396549 7.792119559399696
139.785453527413 50.33815596285296 102.8108562272969
11.8165693303727 109.3695244533291 50.49453400841598
68.00329911989955 185.7717869441346 179.8718169011485
95.23916794062175 62.83503869684053 64.47484721385729
31.4131083295608 94.43378594888804 17.70396548489938
93.10172231113766 45.04207729540511 70.77003175092024
73.37660594122009 116.2490362930667 12.28286469796926
29.58845818086374 117.4026124649823 97.90362177894494
27.48108319055415 125.833693921876 4.287883579426269
87.75463913185953 178.9107778207386 40.1971113749341
78.00635834965479 163.3273444129884 45.85580418919653
165.2515519087124 171.9810078286202 100.7160208854817
134.1787617809154 7.221144604092056 24.92642858038987
193.9562334079616 53.87890903309765 103.8337268255981
67.82397367503076 118.1894120991268 129.9135274612933
54.95457355167309 17.9450724533677 188.1853161261763
38.12002031704827 127.495271386915 84.35703067235012
75.7871025268327 198.7236401664034 168.4787244249741
97.28312555397076 186.8386631091868 69.63569667063651
73.41250142829854 46.01689104991434 171.2334733477871
24.52382656055974 90.07211626367489 52.29789878169783
176.8389286126117 175.5684107285293 86.18837192515036
5.979869497708813 139.6206759310523 80.68636632591557
84.52010549320997 133.0321779271157 9.568802680785176
167.7664597576048 189.3511922260024 21.9837010499201
135.4007418194867 54.76782477263573 66.15900856189954
147.0596927883623 70.14695494142019 103.16728034481
34.5333489373066 108.2925392331845 3.45779520347379
50.74952443282299 178.9548143969685 176.1332530941248
5.482221287273502 94.22369780189985 99.28123379448883
115.0885170116721 96.00716042397943 198.2669056826726
124.9846700950665 86.86136590823445 127.5723341577874
108.1333710821655 63.4844113169088 21.68126433910519
138.3994614360789 127.3561036651171 74.40383437342892
190.7491007118336 142.1029035172334 111.4833567085956
15.45115652828321 31.74710932263606 182.377649717421
78.06651558443134 154.1545020567668 126.1201242735706
147.4150003214496 114.8006226414359 130.6332226638512
185.4569619677976 68.84605505376317 131.6211845112822
109.5111856711944 162.5954161999641 195.3717181782807
142.024409839001 46.89586316457019 130.9150051252315
85.23248876582335 50.35695886535701 102.8526682838688
181.164389440006 160.0509036081208 34.59680847279208
66.98482037099295 29.3126723763642 197.3613444893377
75.89336000682785 17.68559891032698 185.3776051972763
31.05702510713008 47.69340606765831 148.6817123578447
148.5961750075921 33.69323359517959 148.1858064018605
135.629314480277 29.68118943633619 29.93319265881841
96.08976031831621 171.5202349365596 11.36958903608449
167.0386411938431 60.01708100360598 141.5439309718485
15.95363335215453 100.0769185547707 70.79595054247496
53.63224480067785 84.24549488287037 115.5757346910354
50.24970231884735 56.13483266050027 7.02709575877339
103.6174483388364 24.9746843958198 69.19172604935638
58.31182867827642 49.58219765029705 91.13838608112466
84.75579416578358 65.50866699486076 168.5693434978192
159.7406279769816 10.46670355477518 18.8719499790436
139.5832204279985 192.3237056184525 143.141998492177
78.87983153875568 3.177967699571359 35.37917363033908
74.11296045168795 182.5103947197416 1.499530394888511
19.69666995358818 8.024722488486182 11.93222941839434
32.38307774284013 16.78622565963273 190.3861575213099
123.7485614180691 11.57077547507 152.1328756045592
0.7258810800059551 157.2230438505123 197.1495122104587
111.2396899061897 154.8562449747047 111.4315988043875
129.2756917550461 18.93753637234524 71.80333773707221
132.1656600645995 114.1528506372616 91.79541304266478
177.0103252966395 115.4928051541555 5.90705169923305
22.10797921421215 161.0732625566665 104.2364224479474
180.0035595237439 2.934221346318682 116.5923673930464
69.51271421304409 35.41688146782797 110.518177636897
139.0052735993544 179.8160412734244 81.46547629255646
141.6333371398557 129.6228245663133 111.1046362728844
132.2921588807406 98.9522802427926 32.04816951877654
132.1017411345106 46.03297213766682 164.8486523978431
50.21696868632818 122.4512747740105 65.81414298096462
106.27504006201 68.06854462716861 199.4540552270588
68.93745269562689 31.13454392427975 136.651820617486
183.0928565832945 122.3950718899441 126.1217151543712
165.2966475262756 189.9363528630494 137.2192549450094
135.8494521252334 75.92376118306623 84.28005652071209
147.0949517258515 150.4205147659377 16.70342954533782
41.03703166062628 175.0029954587099 29.53463569528952
56.14851929121983 26.94600493454925 77.56123087886334
198.593137102702 23.68557052901994 169.4771010775372
0.7364988193041835 20.2259414271646 27.37596660254963
29.07996442714754 71.91427477309 141.4891273225906
106.6177237832109 156.7791386668596 173.4446668558692
0.8337182066874591 57.44415147265931 61.23758992744687
89.67305515105764 123.7010992900181 150.4168111555803
161.8265071168248 103.5674085564279 144.8658473831154
134.272190020735 100.871466195664 142.8328749674652
18.34458824926595 175.5450138118019 81.77441173107042
65.43281764457261 100.490334142856 98.28846979805391
82.5846243324975 49.50308888754337 51.1451832826017
164.1298952167794 93.40297920610091 196.9760613125982
197.3834440541471 45.85811090660307 21.58352096541345
39.85069391640571 132.3559136592634 43.54249042205115
111.7633311417266 99.7274386928646 100.6012107947699
90.16211328333719 74.66988296824614 122.8823010917059
163.2954984177479 150.0773742294951 44.43560549245569
112.7936904533984 175.3493127784146 81.5990372343184
167.1398498347191 175.4852319089386 183.6170694895365
108.6961474852528 46.29710901782522 54.31087978079215
15.73744087082172 57.22686545638503 36.92534151556882
166.7298345572312 130.7857841732257 102.7379686405182
6.465086028924432 70.02761691742582 15.66239267312885
172.9712549568075 54.10437794248195 10.12290844171295
5.999823341449834 141.9639643950111 175.4551905763323
192.5479722749509 191.8315267281707 137.1187931105389
101.3939871375421 178.7557032395006 159.59803817176
194.7851291110723 10.79213738452404 3.354472822470049
124.846179438822 11.78444174814154 116.6010208039652
61.50196381468433 193.4863619960349 151.6211659364583
187.0372802456432 160.4420901851665 174.6930370194715
123.7737160110892 139.2485179895421 94.07816272744813
30.9009733044443 136.1997878589051 140.7083489035236
129.0585473828022 151.2028847931172 197.3249360118819
105.4598086761601 42.66507108990439 89.67213736471903
6.433223568325116 129.0849743896048 60.57510238667784
131.5699520601229 130.2965832152566 135.5889241586225
175.4813674311064 54.59373359511747 117.0220446971329
35.31153349440109 6.531330170982446 121.1060406259393
160.772373843623 54.02409168254653 94.93721759884758
63.19730944417424 162.0633030012671 188.6010238450732
149.5216632547409 162.5443971663743 63.33797265000623
183.6386464890693 138.5733466304778 189.2589957730346
42.4121877816777 15.40590416101816 165.904731512585
86.21871123643177 172.2152776094522 180.308455567104
141.6163049732568 107.0506139866956 191.407741043035
117.7830494095738 174.58750536561 139.2008459027924
163.4657013726077 130.5569572460113 22.97312009401993
156.3265573592664 54.09293699071256 30.73281453498234
105.9563721358397 142.787613487337 7.179677213602601
41.11763382356697 151.1495638929651 88.67341179856487
66.24936706049745 126.3538882284005 103.9564534596623
30.84058254404022 42.85707881361403 194.8406522550032
163.5609474143882 77.30633552158102 20.20729282360042
115.892355247255 124.4353197698286 73.60092525129375
143.042590345629 165.8244608480514 37.86260695192257
85.6433605902277 189.8184363478134 141.3943309943866
137.5213541057849 74.26284878486854 24.01974406894864
73.24112944709327 105.5784228753953 32.32617914211349
124.7065139806028 125.2739256014132 0.573462866285379
41.27475513786199 177.1307696616364 117.4954206863225
154.3395431093141 143.696788651949 137.5717359875635
164.0686204028162 170.7490128792019 9.501798342666492
53.25038891005777 98.19009512912088 12.73639084138924
106.769967713597 106.0028297716855 32.75128292981405
0.1036742063196773 32.1654136880891 101.3297501376477
190.1269432930545 114.2592036196937 45.87735522926999
193.519985178389 33.53733144781668 75.70317097820593
50.96183277429587 153.5058612198013 140.6353969028229
46.19828763127265 151.2507866205808 114.6727396500897
81.26478809397321 13.60135732745479 152.2232357903997
113.0314219719601 150.0286801417395 67.37704257855692
129.6515271044065 143.7953311123221 171.9173323205758
13.01486591991782 8.55606314594492 135.2745143075053
187.2527529748886 159.3739924225497 128.5904919054052
3.952002805246154 186.4454927825252 8.337696590631248
24.79365660614417 134.2086214811516 112.4075078702626
92.3922616088518 49.38701889965711 12.11168922792243
119.4168963807388 161.9839963605031 19.51802069129031
17.75442291536906 44.18215169114362 76.83432263878895
29.8743962013809 169.542495976077 140.17337855562
160.8908833701697 167.2066004523383 124.2849831759357
144.1056944002628 132.1467998934279 40.97713766973113
39.27427608545091 158.4610324461135 50.15019590170725
119.8041390992079 98.25141557295746 74.58667481485786
145.7037132643035 27.95197788648771 118.9445866593148
138.1460337293924 174.6287431731158 5.692648948467442
146.6623732795655 56.90400680653637 6.224876287746874
89.73725833082683 9.686502538709384 85.78865972255842
16.52167865447428 185.1314824240104 123.4184627705779
79.07507463850737 137.6475460062998 83.70865231865895
120.3106044591746 62.09182088399762 100.6834282550037
68.3546498081742 5.7287458617764 129.150909159329
173.4536931619524 61.47092711255601 167.2087325994274
174.1248134883386 194.4148698561984 0.7813216126072773
196.8346661596283 90.3756878754119 55.23262918375815
26.21116591091645 177.8492970457866 181.9529374446769
69.57085192142419 86.53951721602729 76.15150854810925
62.14166979086712 146.0336981039563 39.34133644599503
54.8588999535751 70.11692833851971 147.3292433826986
73.03946018901298 9.332784760434377 6.301502946423527
184.0775635471928 77.21103633842803 3.451527595194244
145.8090565610252 108.8129975106019 165.3089851868735
47.7329488347656 126.1216644318141 122.9035423530356
126.3019020589712 52.14715247455836 189.9605127945166
42.85713752361364 138.4705383084633 175.3631188557137
199.1922936565847 173.3323208674508 30.85121639484796
197.9086748579708 159.7216279725133 87.50576778751788
30.47125442672021 140.0933801405106 67.07960109573624
165.0327432050812 115.4312770472292 182.2831721712381
70.7892711680532 59.84937684443757 23.33034870928345
166.6505280590429 92.81257563632622 168.5862808066128
135.7436163771382 153.3636321959117 121.3663077367421
31.35064524206139 50.44737190781668 126.1421924333643
134.5268749679192 9.872516928049999 47.47755834259873
71.70876296946446 195.9726427174093 99.51582184936737
184.52023981445 1.07448222293756 160.6158274071162
72.73579604975684 113.0613490080267 76.14114478881253
2.375158212785371 148.5264249145839 22.12239085039925
27.21464275302597 180.9034133015297 57.40769855591843
50.15101585976195 19.76366245550189 52.77443935839927
128.3560946742524 185.4715415529623 27.89134972845603
66.85551506741997 105.9838464503821 174.006029300925
37.25289072019683 186.2288434984505 159.3800152344648
92.7349839727989 25.90168545021656 44.6797950781306
58.37862565314156 83.01099914354485 33.82648673659701
90.56357560185391 133.9363246096439 187.5188602575448
26.56842547964217 101.3869602220645 183.1969340583466
115.1660237811425 187.2185679286532 1.817359241598102
178.4385636608209 55.31053318682645 75.23390562786119
124.0506455197058 117.0960188699441 49.4951732192084
14.46731776041737 149.6824148607473 45.97514139113061
36.32805719962288 71.11136966536382 25.22742701576927
99.96896467515054 110.1185318824877 58.02596811850631
112.5921439330603 136.7482614025599 152.9108993596338
153.1111993567637 169.8565044352106 149.472947178332
109.263598937421 199.0754505746331 133.8274987565912
125.4114447169674 32.09776263162483 135.4687427884487
179.6264241335214 175.7873108222206 154.4143631435799
4.081397735519608 169.7799233244799 146.2109552444504
174.4857321285264 78.44551640554536 62.9697047973688
105.6281960640814 84.92175047501695 179.0202206645125
148.8925780632862 1.14436340022813 119.7142918965763
54.15195168164622 140.8033334298913 1.56277407110835
55.98881034043652 125.290222820393 23.75661979437704
87.18098334014137 149.7386376434531 61.57079544326502
162.0086335058997 15.23681518572925 101.533297092905
36.89136660739526 159.7356897975437 8.291611958756318
138.2496972305077 18.89996689061368 5.881102908505688
191.4908914241962 110.1664878883434 72.01863181493221
145.5137981253915 154.1278964211194 96.76526765880318
80.44876474880841 60.51544369465367 81.54938652111836
157.773249374065 132.6989254605831 63.65892119913446
67.12230992740869 65.05393335756986 188.3307053752249
195.0716034161114 35.59056637081637 194.059228495123
72.61078843407972 142.844572648973 157.0811432981471
128.6467027268975 88.66916052269279 166.4463097835518
59.78821976483231 56.22162328598154 65.53168681996378
113.8185944544956 17.79129553397788 93.27918043527187
131.7597535948428 105.7319886165846 116.9090760500134
4.962956700371629 80.31625460668677 133.5328656440718
120.2213166067402 189.8442685027479 102.4919895279679
115.7111468742416 198.1095268541961 62.63116971899919
98.83899324253306 3.619444291799845 109.9104999134473
132.0464418707699 153.9159216872976 147.5793218687205
16.57237496079598 52.90521575342225 102.024744567549
19.84075604201696 27.86287781506387 118.4635598083534
143.0712394866224 165.6426413233837 178.5738038906017
7.090535924632248 46.40039669353455 158.8253799395673
35.79581024108106 103.8280100899576 115.0190226575001
73.74213257611103 166.3876476593056 144.7580368405797
83.3636774581849 80.99665005785212 98.07769857602909
116.6830968725715 111.3148453673046 159.66359774556
27.59121942025145 191.9896723150172 100.354325594478
152.0535863473832 131.2766803124211 199.0781109252785
58.81820619877431 100.3932997195937 53.93230239004198
64.08085891499155 197.5643725699631 56.62027891759746
94.08119772891719 98.12623370198541 80.94071743832106
21.54256246040049 1.165997236153711 75.86328728825968
17.45471791211882 114.8124157376779 151.6135594235357
167.6640120525265 32.04101072337908 81.85747037075539
85.86991222405437 48.78923584393754 126.5001801757437
122.4740093039266 37.10225504426535 109.20484507992
102.7080591287509 83.87693405805723 60.34193640889429
154.2206649917865 19.318277777486 62.91479039477846
188.6787759922233 146.2528996179175 50.9934054285063
146.1727616970822 191.4974884657771 186.0359635260397
60.65735239997988 95.45937097933766 138.7577378856395
191.18367784021 103.3532946673305 164.8578439163039
106.2093339043521 60.33073504934218 138.9510487982827
115.5593292752978 61.93218296279409 74.56936198389772
121.1007388293199 26.32584262783994 187.1074545606123
137.4754340731142 184.8004656931164 55.48736540089407
95.41878836809902 29.88217595240166 110.5840582539788
113.5649425527339 128.8996802299818 116.2151429974138
172.6689211508248 87.08046153149623 127.1901607807492
178.6214700248725 28.53865661540222 14.56222545523664
190.7292890906982 22.46939201766119 51.7956143229564
155.8075911279512 106.7045938378912 101.1340167601886
52.50586935511595 196.5757502217931 195.4615569144456
27.94448724045023 68.698850870146 0.2151693460461754
31.44783007813754 25.47685268286567 143.9882941073221
31.15502039373693 116.097886156352 24.51581135647663
93.14838352036099 107.7476632065152 171.2806213606757
59.34446352177129 192.2490519417345 21.21352470276008
86.33041218415977 44.40618999864127 152.6243941776428
160.8204950941293 112.4474872536029 46.84195837534351
7.366021895099802 116.0808652215645 93.4120676033681
114.0722228948022 85.12165628096261 18.17303745707301
47.66200853935948 8.123767809861665 94.16751297332274
101.9798858007471 178.7001869433049 118.3398568107473
160.0978931995376 191.2130665591278 163.4956283395408
178.403953183177 198.1406072440781 88.11568482831568
171.4286144032568 95.86002005416702 82.68346323314758
143.572638611562 178.2510956648025 107.5172100051308
44.31614799652862 187.6491487347092 76.4859164530347
68.06149987963529 62.27285051792349 112.2616173608158
80.47005490605017 34.48882669935114 86.41471888231717
