3 1024 9.463372557003824 0.6525155000000001 1.4 3 1 200 200 200
166.4811714569327 134.5320112561083 74.04872146354363
171.3443973333829 137.4458338901582 123.3922680888247
190.624855979921 177.1933828222395 185.9226180327253
57.23045509302036 151.3505897404752 109.7528853286325
91.30384502891671 34.20682300470481 117.5192053725879
82.44691977273663 57.95787060809663 19.86719119986574
83.6975595462788 85.96536207084227 53.17488380355797
13.44107661429808 36.962443021065 133.4918788910335
178.2869949708747 176.1387515348287 117.7871633800995
185.6472949075981 37.72479499694411 185.1256143588267
29.16101591867585 65.88038328063354 124.9608968629059
90.22824183464404 56.66306350260776 138.595408390017
192.4548924917234 186.4654763812778 110.6561727088052
0.55595861009535 171.9345269549355 170.6931038210613
115.6067033753984 27.28796595480142 69.1942938242379
178.8036021408201 83.12663234621905 107.2258211319811
141.7597746957698 20.96846150567563 2.287805966777369
189.0241567432675 3.952050518288007 140.1856662266056
191.7829554932178 28.93662015873902 10.93269158145679
95.23322839948568 117.1342780606765 108.1303274915448
120.0256726083524 96.99842253321 114.0471956885821
169.5238919641681 130.4056112015664 140.8663159388523
27.45872237281184 163.2813327550354 166.2436998869361
13.65829162704879 164.4285972546431 108.6737630573661
127.6709441815351 9.9712978359722 101.9177979089401
96.58384062496503 14.23963676764605 44.6889238496032
198.9984545152636 36.45575837631675 108.3379032384232
165.5746658310821 47.05382261081566 190.8859681120192
121.092869416043 5.492882757990057 122.1638772413487
120.8585085211076 53.53566092054184 68.8454395053045
129.6583847437279 135.2875718185251 49.77842906502043
1.021951593863956 176.7035822214339 138.2980036990677
110.538426755522 3.423923605203583 106.5900402439704
68.12135002262096 176.4039905877292 66.1459804183701
181.3331341732317 76.33616526679657 158.9331550455529
80.35991835942906 30.87429585262427 179.518992746652
6.755414165904209 9.684293243646 143.4970836038368
165.9462393735853 95.40819315577154 113.7121863120056
122.3357502348355 185.5321980559573 194.1653697992267
156.2503818150378 144.3416322412824 24.12919874295808
100.2848305764252 120.5490212875043 3.577920771318171
130.0307790650083 138.8918690287932 176.1653367255882
145.9304237886259 168.9029978616165 170.3192005935807
28.21394847916101 150.6326283988984 82.08337151477134
173.2740804805584 66.6722967507479 114.7690505317364
193.0789285813821 147.5364407714131 76.45846778086417
173.2398586188969 183.543408977477 189.879951337938
47.36975258096075 9.488717594298185 96.74228602799947
24.69687164877077 14.03934942068875 20.21839830268494
51.39980679382091 182.3593081323894 122.7487746046235
180.3565443631082 138.5526323712312 154.0761880297029
33.09161286283597 91.8800458901446 168.5556043399601
197.9230441308214 49.78663348380773 165.3988601307565
68.5009773807903 115.7983213722658 78.35020017272302
19.62071398267403 176.9301183586037 121.5727039436132
181.8074650583631 26.9124839261058 79.62055242525312
43.77472086197615 98.45842914771204 4.246737819595569
28.72484390268885 40.59845701738873 149.0330409181838
23.71667435847342 1.667418915272073 139.6287921767556
174.5590596191294 151.4236217978645 76.81325417311355
54.84673619929226 185.3380466744945 7.560679267277616
131.1206362643893 185.4013608845566 38.17022270967423
198.8179776712671 160.1401201615214 185.3931972661354
183.2901246160664 179.1806746668128 7.016249943280958
109.29687950301 90.14697096117524 27.1739341090426
153.775906661674 133.833320733767 117.349154527281
149.7986834289154 106.0785459641122 65.32869526508699
98.7586038930606 49.06745388787313 32.54944814774495
81.37848552506179 89.88295163336907 124.2921308565628
197.7454584728626 42.44452109434992 198.8944062690735
74.09807654695719 58.84730351883574 64.17230966352899
145.3633856051233 89.96468612733763 74.2108806661939
123.1253022733825 26.93490724160638 132.096215260276
100.571519899576 96.90515896316867 49.16250887145176
4.393497306688581 59.75184768144873 2.699858018911598
73.31009662671967 192.3963066980556 57.42126297412973
29.80492989670975 96.35678919028352 191.6511416004963
65.7062304428204 109.469757437722 7.732301807318695
99.32323040987436 52.96516309609521 122.2529497246555
42.677802512949 120.7390914982445 138.5396313655633
92.28275698896555 59.49410481278645 175.320472348842
54.31987384539508 135.6627806328516 143.6456239049269
58.35094991666258 117.8917883397601 148.7605312632004
109.5691053219032 81.08451378551494 115.6288930584557
8.288493199842117 109.6708556118727 7.185842393205109
127.1116483149604 7.968825788291403 0.8947280344526648
148.7450623586452 58.80057285972097 180.2855106173539
104.74414266663 59.76897988720359 60.1196365359652
17.75752169589583 24.61939086016456 147.2544114830942
20.74174654892879 136.8283083020289 37.48522464991802
166.7803515548428 147.2813338193518 60.06349927859159
152.0299962094957 140.9503410348649 183.7504963283599
29.26637014538455 73.06538497985439 162.2166376651721
196.7979789555353 17.3993829093961 129.3709424476869
14.35177750394081 102.1177166617269 181.3485631945429
73.14701855256102 181.0336140614857 9.749921985698633
90.35831401961021 105.9596450698491 128.6651699110945
178.1280835670569 157.3280770256973 154.9353589568937
33.837361499059 135.418395058828 170.4367900598929
120.4998849556204 197.8470568964989 89.19580471142203
179.9916826137404 58.61449198312187 152.4243830916133
41.38749688697033 75.7781619562473 64.99687510240159
75.52125906562068 173.6090415782072 45.92665599353119
36.67236173263525 193.8781378623451 96.43054776718782
152.5312175906534 33.51228556473813 43.5333975773441
101.9318089374052 139.3683533418678 78.27868508170529
129.5687919298703 112.7035416588741 186.7967611961032
110.8497390394878 8.068671628505216 33.54019593528262
90.72221754535495 62.09216078053893 72.61803905495762
65.50999519545574 47.58665320221511 83.71830124672834
94.30588939945022 96.97540067844747 152.0520856332703
137.6356938929017 143.1760213349281 121.2000078855982
125.2900237474158 16.92054890415691 17.47088679857714
54.13633271452517 141.2323769556938 54.96555435890102
9.449383450402285 190.6841529564382 148.2628706794217
99.99887314638273 82.20708141497954 78.9104156958871
165.7015524673816 163.1482744918815 125.1535081937095
36.58093785216337 168.160368550547 43.46044211968338
182.8505269451151 168.9565201438031 137.7094710181614
160.2006022976189 60.63469591286464 127.0512538401767
59.0557072732418 168.5932104848624 15.31417340480494
11.32828251515221 39.8632161310798 156.451972514341
47.9557095547732 98.44061290018448 185.7876115713404
132.3845291724984 28.2903115720212 101.2717142100177
89.3911450534175 2.37635223046738 57.56328249352909
156.1653851584311 177.0911262379818 116.6165256820778
181.1836974843983 120.0840973089698 108.5339116788836
109.1782225317057 153.5504944907313 62.16382091084868
32.34292844997294 131.4346044703807 51.43305672916711
195.1832696121094 96.0804438795234 5.853764719443275
0.1708386407322261 5.255719876340864 88.43767254745997
164.5133744140023 177.3545187937047 5.492979221542958
164.593716474584 126.6572614705499 183.0984926486877
191.4343181908616 147.6927853174126 27.45687479886153
189.0630802812045 51.22286500419864 116.9146775248492
186.6798412244306 103.3856598982208 74.49340523049646
145.3927719711791 16.17757961855212 46.62581669870773
122.5355008866489 39.59254799852596 146.5598381710874
81.38229541165306 168.1586146215741 78.09096030908789
22.42960425445959 128.9730074665323 156.7787706559483
54.38199132930378 67.07243934282558 174.977974854267
48.98167646219393 18.90523291093462 46.33842863280476
56.38436908378854 96.76561253008282 37.9738757043443
149.6905754658944 129.8313583985382 81.41088060607885
12.22811277857345 93.47172210470906 198.0506134230369
159.9169219697582 4.215411164017683 49.89527986889973
4.723296603391707 22.71219038152028 160.9728149728765
99.70585506231744 1.150593118934596 121.9428384055899
120.059142537252 157.0440956671707 21.46503762422246
9.436645189402693 143.2717807791475 23.63684710785441
117.1843179662972 137.0155623949126 67.24808861804691
190.131667381835 73.70125121779964 142.3843053101497
41.71860203284783 38.95823745196262 199.1435142501711
151.8213458509183 86.26350026253348 0.7725206924359127
68.89660786803978 59.282168749128 114.2447902571949
60.02719684571683 118.2491311832047 129.9115559987511
100.1447421753033 193.0127226469233 18.76716491070905
163.4565470724739 26.90466940941897 116.2617771952558
21.47892375841711 129.4756804818588 66.80696490164169
158.8257404568038 127.2886347892714 100.3230620827066
110.9334389047869 17.32084670118983 197.8903565666206
152.6261950550606 9.865194905432068 191.4776347470492
196.5857452319182 99.36976830460281 187.2678866283002
190.6522694302703 47.90052983302009 18.7758235346215
116.498680267897 22.26357392689981 110.9898506591748
130.5091868470997 10.14342167622781 56.64028057053612
111.4864317946926 125.5879900108201 103.3774833631817
194.6955323701092 150.0060255436316 149.4464274360631
89.55177144478391 151.8926184159897 45.1597298398337
29.76762898936582 133.3603132926189 188.8058703533414
119.0182773630404 141.734870220739 96.56423371300065
173.3890271037617 95.45261725471234 131.1140047164636
160.0199673405561 25.22385902005993 199.7035045100136
150.4475005565236 173.2611382043255 134.2794253534785
114.5915508279032 17.49980257989106 49.5174961069289
84.35764062230729 82.31099857358126 89.56698291919874
103.7729131014912 79.32319951156366 97.23147032271063
114.6661420062637 65.39056802064925 103.972419224673
136.3349881000415 40.60513747662205 30.69912592893629
149.5136100881109 122.6681324894325 20.30604675381303
84.44946073960686 197.3582934590825 9.123743985267673
172.3650552179867 51.38239023445874 22.19281505971309
74.92231890232043 148.4177783718061 103.7017260774032
9.4694428425267 121.5828077655792 122.6221132624418
179.3593057720469 168.9198509861276 173.1592861173777
64.22721869614001 95.38560235447881 20.2889943280733
96.8118220131264 77.46284883224041 182.8253456591436
75.25457613956989 104.5487851566957 92.48783417028758
91.49480383690606 103.7924233043452 3.162156614865162
102.6895577818087 70.1360286525516 129.4675782359092
111.0987245841383 90.22790607396922 184.5350658782084
15.68532246911249 18.61942312265096 129.4030517666208
4.318029831296035 190.0470479331092 166.6925700248678
14.43431986886976 25.15381772373142 31.59246991927715
32.68122874659827 187.366515115315 130.4454590348852
74.40399719839689 16.00755221007655 150.2023856809332
148.2451621134514 92.64340445134185 104.56311268137
183.3464247558039 37.96373840377867 147.6032643955431
28.7188511182882 125.5738186974191 24.52669079853569
41.84496314615853 147.3477918204505 96.01519069651465
60.83436281982971 16.569065843861 137.0201557441712
97.34029511009604 17.51476849061635 110.9497458786238
30.41999067755912 83.53698996349138 131.6602108497304
154.1892349818426 190.9616608557217 62.13264703494232
140.1937141232032 165.9215215759701 150.3456003096381
165.1955099843574 92.08172998484513 95.09519053859515
140.9923828086946 101.1559237064352 140.9856278284456
107.4326926412368 17.68368725995583 126.9602423794206
132.3884271526825 66.36227275212225 97.3999743071754
13.26011450528286 75.52446389428565 121.4431408363416
174.9562780545487 4.463033648346021 153.1558183845673
99.705207323435 60.37892412306018 93.39490480022511
114.4137932003883 139.1212653631962 165.4752134044156
83.24692705463528 67.42256601179805 123.5196640916604
186.3309056313565 186.4757218466721 131.4496478682971
134.8997527500148 163.1065272291424 41.94787763187261
11.23832136021224 127.0767386344788 14.00898136113747
77.00937699131808 45.3282745338858 6.861496969409653
121.598306540674 60.0768555718557 15.31490478392324
92.55458123188443 153.6031248564481 137.7626059937841
84.57583761248763 59.55503463044053 156.4253885986558
37.20369522937389 154.0175231561556 181.5558614371895
148.9737370901986 76.55043746411181 32.25082778257773
147.2113957170786 56.63946856809325 140.2247029201995
46.85156865356453 79.97122314566352 163.3531892259125
87.40236432247912 115.1864156856115 77.58601698608202
0.2553047846452829 20.91508279098429 195.9281328318445
180.280751610108 125.3829470077451 169.7649411856494
126.2751063856284 37.44118980649112 116.6716486507392
114.2935918214686 86.84235463436893 67.4040380876018
154.9703437127954 41.11940025289257 130.4207482718541
67.56642778766017 132.976761788032 120.7203474507008
66.48133503056044 187.4523193399775 112.5101027631142
111.8291205084547 183.8884332222874 100.6037411895317
7.059543704399835 186.5436091084734 185.0890764500578
185.5902548323558 126.6289562005196 187.8889056749446
88.49617006344037 177.4285288819485 20.2202493846718
85.11710780015434 125.3407398950817 171.262474805693
176.0428133163476 176.7008248245935 154.0417456824573
147.9556145798551 8.750213819112677 63.84462931062808
90.11207234140021 159.992425693747 116.8442675182338
141.2498053698875 82.36850966693981 15.98084155594748
14.8458841700912 33.60642239184741 77.45737264218482
44.2653350209217 123.4719827769878 160.1042043470435
165.5252206716867 97.4906293519991 76.96078892521915
161.0858066173996 81.31558900983639 68.19259832951317
117.0076573561426 38.66543488289683 189.979492726959
34.24132392104218 13.22539779050982 56.76354497468333
20.73855216553062 158.0249704805902 196.9892490650196
168.1716047208881 119.5182504481893 85.44830005788239
68.81439226274755 152.4302750672433 19.43628107858915
143.0144884773895 198.2057742530884 88.55099484306172
16.05415830401038 30.87417595123366 0.4315847348131204
17.47010462993532 143.8372010789418 55.14948687627144
132.5145356045113 87.05949555941383 175.810205404407
36.84093282381632 74.21471748436511 109.802434439126
168.955446902503 72.80068764155361 142.7978384185173
123.3493709862112 18.28612219166022 148.9297647279387
90.57120492312876 47.26811378516616 59.08160489377712
37.94646175993266 192.118129709407 163.0004300936264
154.6090424235677 96.09802105565315 128.8519799026237
147.4668009026125 191.5424311528727 105.6973640478409
49.40860744554637 4.813202098109048 127.5611273784571
62.8817053460141 59.61712842507468 20.11970246503797
73.57236892679626 193.0869351894137 175.0893185920695
88.96804386260179 84.58905092230967 107.7817068484932
178.1656903543929 43.05205984091862 130.1249948356747
66.60018105957784 51.53710472294037 157.8239109606423
51.03761920691635 28.63490375107526 186.3058329063454
29.789177742035 60.86676384292014 69.37846626174449
135.6775513407304 89.66103859567285 90.46861215814502
34.19401990246851 62.08989708331366 176.8275414017719
3.006976384504994 44.30878834540903 50.80342356088379
190.4311256702517 128.6276341628951 48.24762059307368
59.73626752839701 8.194775312118766 159.2599344785505
114.283850612153 171.4506287643954 32.29643335290873
67.51128716648681 30.24852771515592 125.7723738226929
199.0154329488882 187.780856863827 19.38900365944213
171.631153710591 8.849964995899086 188.4533785176852
184.9196133687398 98.94922168445741 55.87346422959624
106.1009350797793 103.8949155662614 138.9670316357216
117.6106162556294 93.65208482312303 165.870223711742
198.1893544883277 30.38750307229173 69.06576261123139
119.3416330700956 54.66925719173721 89.09242394911875
105.3954543417112 116.5013214034616 124.0849308861576
145.0783793199229 35.9125818004455 115.1479107920456
172.3233461308498 58.24713022962656 47.48207757343523
183.1249279590745 75.1478175832647 17.34415409048823
150.4952376838505 29.08946160909092 77.32054668699654
28.11638913295315 160.0825166452902 120.0885104204465
59.83915290760179 90.21532798509823 198.5716549826031
187.8095192253336 93.33858246091611 143.1888163553599
48.06007083739635 43.34704153236305 174.7772297335592
55.66589819121169 132.8650476245345 106.0034917946711
150.2085634772625 77.54392332083029 90.96548188854989
26.03301385469059 18.97299526323759 73.10623549122417
30.50968723829507 68.99545944552909 143.7745390760383
101.3930211700565 197.1643316301614 91.24729060599563
80.49156335654662 161.2584632585729 31.43329847337499
36.02248099366128 95.8908956836131 78.59819676896531
137.3744183627178 178.3070836840889 114.7079491623412
58.35880614320648 18.50124115716065 62.77399030610017
141.132742294354 144.9504071182862 38.23761543873655
42.5322202628635 56.42502623008831 134.4492411773859
49.13755766343465 64.00505519349386 32.7214716690791
130.7054342643555 134.2125716012159 157.186134886695
87.63570876916067 146.7567529632042 21.59038311069649
166.6921695787132 115.290253885692 17.35900721662446
32.25490185650133 1.449115916855361 32.72304843790582
58.18101946652326 110.7350683159309 97.82123262173498
78.67151988194401 185.9727658261995 98.10247753264716
169.3964963253755 43.30477933369809 159.2262359898601
48.1883993966044 73.87769215037237 139.1003214719864
158.4928175529717 69.68814527560014 53.48544374997862
20.53774205203527 90.81286609856355 94.47386396335553
23.31857917977004 27.99310406631075 165.028365650923
89.05714672462651 38.67386372763568 19.85346542182001
195.6706184177075 4.405166531432361 157.9012185630308
44.8932804114778 113.8016928965767 113.0830076924652
77.47482534458905 71.18139973407827 176.8545263799386
164.479206176959 112.9944177250384 163.4418777736341
141.2997921085516 126.0638683047437 37.01603869997414
104.3331718920211 152.1682707106612 174.7692115907238
160.2794340122078 129.0371861918525 34.5100505532805
102.8438783101738 189.8121849862063 53.16020532498022
109.0948575937445 196.9904693537435 1.394003122802336
154.5800263455685 176.3972548020344 96.85167948342104
22.20374170511122 186.7311932715563 173.7383438546065
104.8431076552997 184.7891409697234 185.9532408119113
156.6673860965035 34.72599118215921 148.1539368391069
91.32505175505794 99.2250977193911 184.7955497711585
11.77851373962653 113.334314576445 64.91502379019504
136.3308469588049 40.40674192817745 133.6274384706617
185.1802677548205 113.0742881524046 90.68300888693885
168.1687231468403 180.0552396826635 133.2953305322641
39.24200291830832 191.1417334503207 197.7314430983276
118.0189389384936 182.2809619187155 172.5836945755121
183.3626141114255 138.6064277281215 62.89123800039194
34.43130203346136 40.23080013893687 105.7653900121134
53.19880654308323 35.44593618071168 54.5141546759204
34.70656472966967 162.7028291056914 25.43481157049899
55.97911180630473 158.5444265438429 177.0645694597454
53.96641396149803 175.7053120820193 53.12562418013066
22.13278215224607 118.5233113945265 42.09105213062091
108.7871569380794 189.3277765957211 35.19735772069012
0.1288851937764084 72.62860460930797 37.47892782942682
17.58712473564408 183.9583612861247 63.94212390465334
199.3502145377326 85.24838537614156 130.5562257316349
196.3860109623413 20.69707911250083 28.04036142077124
179.8197057644314 61.82692549171835 131.8540922160851
198.8688454593247 55.38803953028427 185.1312339161108
97.10807072564127 67.74226575286733 110.6360681985095
29.3914937481725 58.22700693464001 102.7463957884608
194.3436762214508 5.883135587315536 16.43878127983425
44.99791043816271 165.341263700813 113.3371496294572
15.51814367317909 121.4159777903851 140.564874297835
28.49188328900209 145.0977098380588 22.32678610331896
2.705118272076105 141.1956542934936 41.203798237107
135.2730355834803 142.4067537613332 69.21833529995411
65.01999105788447 72.84329779687239 191.1333969355348
140.9686355375278 16.15534304943841 177.8911440845472
182.012753317568 79.55574216782354 125.5335173080223
160.4560888405705 78.45221836316118 107.3424711721489
149.4402882378764 23.13086160354294 128.4077352482012
19.0060573319488 74.06772158959758 103.4686168804625
80.51335379885003 41.37791168304065 73.99353778441761
143.4300920494765 53.49869459032701 121.9474294792348
102.3698383365462 143.4748198135493 33.00772937621592
148.4189593458174 103.6081203498282 159.9509417307006
86.0387266174119 25.63816092814655 161.6087721394999
69.7378746946457 78.17346434529725 115.0398380571494
43.46058753382752 23.00330158723195 79.29151418785344
42.73811028431752 89.95873401509787 147.4618134619719
24.23922083066677 148.5997373861415 102.8483364676149
5.815224553387117 89.73002715794567 147.7707418891323
175.7235155856859 38.00798910831856 6.686963615636352
92.74641501105029 133.321617871078 46.92997705072904
57.20176479630377 34.39174393347725 72.99034605471617
60.08857726789574 140.9951630707662 72.93118421019118
85.87785561547307 43.82026623001273 166.8629545173387
142.121146366959 197.6187680017755 48.48392115350387
185.2461714860103 35.76177428286314 166.3052286093327
137.6932326424416 98.41775378536958 120.685260323713
86.70043898374449 182.4639604456988 196.5968956135692
159.4514632295916 146.8055054697598 42.61983002598864
40.29196485888914 124.8455291108733 98.41730470680979
97.29205692208335 124.4528499675796 90.79767491112386
147.9549302897472 110.6179685101044 110.4836009089356
161.8701762508626 65.57332638436698 192.121148381797
17.93133137834883 159.3417047900009 15.70822151469816
15.22067388573067 176.3183225297496 159.5598272210632
108.7844051020119 108.0031433032573 157.2466096018234
186.0411869668714 20.41383591940902 96.88509634607048
68.83674638161278 87.91382190446907 98.8369221299953
107.9454877789221 36.58876429843131 126.2142439244566
184.0175839636543 177.8485371730544 25.88202510946468
187.0267375694826 48.01918676628424 41.36485436606523
172.351422255157 12.23076829671178 108.2110886491393
145.9387461002253 153.5081482577491 55.41021488100603
170.3872479736454 64.85165340742948 67.39056591413434
160.7514764769172 4.827530202485097 30.99686211101
87.65785789898403 139.1547057465996 4.257479245290079
7.914262984143038 13.50429972169308 73.26461453404227
153.370929293497 166.6739808265302 44.02404094062587
166.5829088835784 110.0862186885276 101.7802811630996
199.4185056352714 115.115167915357 105.4415962107953
54.57409668611254 0.6177469424502673 57.86708560175627
8.127789599838653 5.426401753018189 184.3681521155781
8.845061481857833 127.217460844605 52.39007024542484
143.7366931529053 196.6478092708467 29.65118152078427
67.31858403868789 199.2573953151909 132.0802319307068
55.7951939030117 145.973953285735 127.8429894046427
189.9960427447583 64.05446985156513 50.97080772965106
154.4354231320117 189.7465542904619 15.64649133552576
63.68096499819699 82.4764495380488 132.4472841581202
106.345109977004 160.1512164220357 126.5748808100721
135.35642953412 111.6332703843951 26.30829945829122
37.26238968538657 147.262244588083 199.2359163732488
30.76364082984504 28.99572541103803 134.2194851873724
95.25307359476056 73.6687004421935 163.135273560258
176.7163907846104 151.0607087571157 137.1323094892663
52.58248972616915 44.84418936422516 25.94274258647458
122.9175068703584 76.99370222377601 36.50194874042931
32.84654463150244 33.04652216028314 183.5051067962697
87.5306257956875 51.90004214582509 106.6968102392443
182.8820945441265 159.9654069793107 94.14204854473167
126.9276937683712 53.95710796122037 184.8825203762164
91.6470739221711 108.0530137660886 167.1740905425843
99.33137231815775 158.1057817264884 77.67221566978874
167.9703639242037 187.4854309883428 28.6815903870595
80.13359524612427 68.76445037372712 102.3268188607707
60.22965376275818 145.0082961515965 92.17444254107696
138.7340883425047 186.7044884824455 3.543087285744388
27.63902989578094 185.4638108093439 148.5886940039406
94.12698677168801 85.35006876359016 199.8196048464899
178.2326583620818 195.5819261097069 14.99387848066149
183.0318614925372 101.4939809261074 105.4986145016356
134.7194362780091 64.80840249378439 28.10824550502927
19.19727385256025 3.221526698103216 84.45299530108673
25.13387472310198 88.43400022999987 114.1588505894127
163.3013668011098 164.789087137056 164.0305565070329
110.3491911101127 12.38177890878838 161.3537510181229
171.9925133464607 198.5812754206054 133.916748804478
24.60541810901959 185.3315832128888 81.46580573570513
118.4689672793155 149.9496735122742 187.1578421817186
16.91197432824664 55.18850769547614 18.00503188520607
80.99876714650109 48.62797134680044 124.1567516880332
15.09540802459932 94.79399869290681 163.4696583893808
167.3529804055119 165.9764793644808 106.1511558690579
37.07609252963539 30.77532992285397 63.25857839366338
155.4237432537275 190.9482886066866 190.402929437942
146.6879012480217 177.9669710120839 30.38487360244827
35.12487080946683 149.629673444047 47.02610389279324
71.65125396122946 1.798722051104946 90.45549088726733
197.1733761075797 170.227019796804 101.4041385100803
199.693243239769 29.16920849070367 143.9074544224465
165.9812776052297 50.96153272420609 142.2576763411048
59.04182360098814 11.74469640738146 80.44045598536296
137.2310696411079 166.553047701648 66.00401417404126
108.8787578424729 65.53924521158865 77.66472109777744
126.2133305913488 192.5998381444351 109.2886441296215
129.525693074929 7.12907451886549 36.46381923472041
23.34995426967222 181.7877671300663 193.4691434233779
43.94498580587764 111.7337652768612 85.26595337352815
41.01148158832573 135.2757671739062 81.46207397205531
87.12313532542629 5.232462602298403 100.8020565219503
28.17558027006661 132.01199586964 111.0686441944394
91.03174733507102 112.4794566377736 59.20883028519243
184.4721783978621 4.933267427091078 121.0367698487172
95.21254668911888 189.5605712726402 107.6704112428659
164.0770479135036 34.96867837899846 28.5646177426356
119.4662883131445 49.18800767960659 30.64816470173048
56.63531202268362 126.8843315752519 88.07271939754899
108.0001686310267 83.93090962650841 152.7797846804185
198.6114186112002 77.48682237803156 6.717817709031349
160.4766593087171 8.604325389380383 122.7299218968067
176.1051197284976 76.6147381691512 53.71003782785624
50.2033556230114 103.4890525450841 136.5337806106184
48.61924827248999 55.34426903855695 189.4051200816479
166.9863987266569 73.08672913596418 36.91648612883527
8.27752469222513 55.75118843198228 34.83807355656574
11.03232419009502 85.59385935813481 45.91919167103683
157.7123116778737 113.5317978976106 145.6576030974483
195.6770591947899 36.60059891890637 126.9703485697249
24.31487819792489 86.07662464299362 149.3943370182235
122.5157125479623 148.3574807663964 38.10020391030747
188.212948981894 196.459132381658 76.69670881666895
3.41531356158061 130.2051956823291 72.66402932402444
180.1483070550676 101.9993333210228 18.06958406841643
193.1909661094012 168.7052000210963 153.5598163539284
95.83481115392753 171.1933747335246 36.51405669164557
75.11903289392473 98.62143520358225 35.42568591230973
116.5385387364596 87.86094278275714 86.16952254222802
47.0936908093486 129.9943401780598 122.6317171820447
180.0938068224137 178.0328959352707 99.04232105696994
186.8833508471604 2.087353600741328 101.53827287949
139.694108947142 144.6806262943221 87.55836293545279
147.8106168224604 173.7397982449866 193.1625748515915
189.5516015860887 13.55123125062656 68.67862259950142
0.7807370312614603 169.0855646328057 25.22795835283336
149.0563525140894 85.11331985132227 163.9203801210772
52.1761485909959 179.4884688459296 103.0148264975299
53.34962636075387 162.4275651921725 94.90499194582317
182.7092767668032 157.473964095819 60.83865698593331
1.852886487341237 97.19815492287196 64.88175203333708
19.98492480503286 98.53975721045758 56.42993209550658
69.27683430823291 70.16636279048664 159.8256201744416
23.28689571578978 147.8675057200488 156.0834116738718
168.8742575529188 19.92986443616819 39.00695123928697
72.71734091106396 154.2281631170953 121.5790479800743
196.5145653576853 67.4099719386063 124.9019312244484
37.23466080433002 99.79626143689012 123.252314249568
185.4194019325145 125.8182406089965 76.69172192657771
199.6651879506436 64.4630199006849 20.41056322165445
0.5278286190642379 172.0887685638264 119.9491384015069
82.5765966834019 177.1818419322722 114.4025243490537
167.7336980288688 21.76048955373717 156.3791476124322
137.5078936550531 91.6674303366768 32.03542942110656
163.9226844824298 1.228429222340301 3.968312876033206
198.9917143221212 158.6059528765599 133.1429006228237
175.2949945224398 34.47966373428137 103.5853431780654
99.49074567832021 88.7893490784016 129.6746491360368
199.2989822688178 147.8648659624458 58.5860134824846
78.68487489932356 85.74402125420815 188.8830961045573
35.06749996366558 51.40317309278217 33.92452735467031
35.73187204300283 183.4318696622248 112.1853028631534
88.72869917722683 85.36242136943211 34.93905502243455
133.8808162595825 11.11097329034234 134.935985392253
66.78820947458584 179.7953821452822 84.72905331274616
177.2534334197812 4.081982594507272 57.84765247349177
139.4610320005455 1.867256685135193 119.3913683907659
121.8256912262395 120.4703094079471 166.7004401707908
190.9869021451908 113.8089364106446 0.7241969741967781
183.5140228483621 64.68545788121587 33.11150151243481
143.5086913433088 105.0792354681352 10.53470478446261
29.6745530168858 45.27370306170094 169.4105699664
110.4573936667884 139.4237478122151 49.63306736292996
82.10870713523477 55.09653504413665 88.84724693445402
101.3560943857754 159.7640841513082 22.47453332527405
80.99238596224201 97.45776618982086 75.90421751135725
191.6423890264918 155.4483104572761 168.0522034881429
144.1198371013844 187.235128299699 174.663743448938
188.5319078520703 163.9161852638895 38.69891634043508
69.37535317070835 32.90187775345345 194.7980430522599
99.13647730317784 77.84160428425133 60.51420678856537
160.4142903564784 106.0507233889915 2.080232525312179
84.04656381626259 177.3577741133311 174.0377324055231
50.72730262737119 1.401968910492681 39.35202518090387
30.73005710251584 19.18699396224915 39.14674741315716
158.0001500297486 147.7031679665882 91.29664061498208
37.62241093700166 45.8596940655861 51.83998378611091
124.8215251037752 97.56394611438489 19.2875344540103
31.86579724340794 44.84922817538092 123.9397791267369
143.2293792714131 159.4264053075138 25.3558520581319
126.6658329567018 22.4294077884768 188.6916854035626
133.8485310597631 19.90320736616023 118.175407566672
46.71159058485748 153.1039955052834 78.65420891505288
190.815176209809 187.7440477084708 149.7936928066971
171.3404676024519 161.1031025483314 46.14849968667535
193.2659295042792 116.3068668502207 62.33250823971864
140.2852431931648 43.43894947819386 151.8864105706499
68.14177904474039 196.1961816208131 199.5879917928411
64.39902481884836 168.6405507527695 112.5618369903093
138.5248947173957 70.33544694078618 169.2984209879333
173.4140484169568 10.01698710286269 77.91487762816155
0.5893368168591142 84.23448212819743 87.89628466364027
101.0232126648741 128.0707393248603 63.12085549884062
41.18848776618159 32.58357409182255 160.8076055727151
140.7709739234193 156.158079650024 183.3256595460289
81.82140426337529 195.1235510654482 120.5136009725377
123.4706276533997 82.14894260375536 102.8290626153466
63.48022417945977 187.6613957505366 41.95597791813496
127.0245577274468 153.0077721227734 55.88408663282642
21.64095157174484 53.60246840779432 137.2459560408601
40.01575602697663 146.0706698644742 115.5836062652105
153.8131618631336 65.92482741362046 76.46633844103128
92.26876000651023 44.48914062759403 186.8561462573208
105.1198188016366 79.55426045385451 42.41015224223161
12.73642543380521 113.3711483380761 166.2167246471131
74.23885767730322 8.710769163883104 66.97098182806037
108.3008439138806 108.0733401435878 176.1670436726984
72.24933304559202 165.3408530269151 95.65899172956537
49.07349768176732 132.8941140620285 195.7322158665576
6.390023641843275 191.2268853861329 77.35908829052205
143.0222570501094 3.861438211892563 10.28638261624936
128.0052249769081 25.81389349394269 39.0690274937069
93.02854453010653 91.6784336421443 17.62315490036716
173.7119234011662 142.1290000576137 31.08766779657943
51.15098201716335 114.0997510905655 196.5551131674969
72.00118741590585 128.7950109185633 140.156025060332
166.0870284521596 45.64167008769108 115.7855205944912
107.4811570128234 10.05295850599545 15.02164357307852
80.94677377667226 106.2081679567332 18.69035283481512
7.983317646428846 19.40238990349871 13.13910155067536
26.58462851134579 112.2745053550777 77.74618045315812
63.18454542440329 57.03170444982351 1.372835615403037
7.086709742346942 39.28415954559542 15.04910135085906
71.02844842455382 32.57792659378044 60.17983228751871
93.18069891035402 138.6878605326154 181.9887891381651
37.85825890310532 64.70119667790982 50.06146400755484
53.4456620323629 194.9729264817375 185.8235099210113
54.64704910742778 76.37112683629628 103.7597782466716
122.2256095071175 115.7437254437213 115.4597845462816
164.2414115144956 165.351742863647 144.547213697264
186.1779038792382 24.44325706758697 115.3774303544457
154.8282487610981 11.10506637372953 81.32155416598361
163.0938849308996 79.41169770659019 126.0599145488791
162.5343944116653 132.52870508654 10.74311658451973
76.87511979572014 92.26230782581617 6.559573692354329
171.1343776821332 38.71008945738406 45.72317953578364
4.71600369646294 108.5743456693805 149.6669556389791
19.88550549887307 41.51336676147783 39.39448165766534
122.7345742578772 78.82275563387297 17.66468914240404
173.7389076700311 147.6184588246805 12.97450752585449
194.6612845047752 82.74663883242529 54.98031184543427
165.8057709776122 164.4868412424308 87.34667086983943
163.2544856653187 131.2773748970315 158.7032392058894
146.7099025987048 77.59641468911862 184.7420386344717
130.3130477335812 172.9283704638698 22.34139598413453
41.5911816108879 115.2048758815088 44.31417766990723
195.1479056213254 132.4667956420261 111.6789370514937
82.56718427873021 8.200071012675426 168.0959048281075
58.73015825089451 40.14580495295189 8.669847781405489
107.3758378594373 158.1301219737 43.88815429823715
194.9075663084452 187.4107573009144 91.91284110275593
59.01729292747415 85.1594272420385 178.0757527117627
107.6029768402103 49.33159748910503 140.2043823879563
145.9652016937936 162.4303555650428 83.07338620659441
92.35535434815473 144.8851524515189 62.51647917245396
15.59463083355081 111.9365373465969 24.49793755064441
153.011265741969 147.7896297350697 73.03945389310532
101.3303559559591 99.91770835153895 114.4760609881284
81.46720906448526 119.689852449044 5.416520115526484
82.10966473440629 117.4013973452712 43.2591472779688
39.9834608229145 173.2973674103752 156.1922535626897
101.317088542936 116.721354715048 43.89743994299565
5.247502512810903 47.94805948370701 69.24135687917136
19.51956430238955 31.33117628778101 115.6520001158561
154.0849933088345 191.7275859457037 128.4346326381857
56.49939582568475 46.92050068599844 121.4364291229805
133.0387614039486 179.5125954384384 161.4050218626104
60.77490634047963 30.88963844322391 37.1352313598239
108.4315792455766 105.8004473232604 194.9563611972786
27.14983822946247 0.1099970753796431 186.1791750463949
114.764638626264 105.0527863322069 37.47642654603112
124.0018301317957 100.0793460613937 149.2550549572539
91.2233110286472 190.5290950778459 136.284355141325
0.9759441449004734 38.393035669188 32.94004162543352
21.84720824030372 56.84260656882332 155.8921507631929
186.5315267015366 20.62417605915269 154.4891884359044
71.42191494216817 43.40018265345316 24.84158364871027
51.79227797753214 3.872457631742657 5.243976162518321
48.46837148919106 158.7289184969502 59.43396282306161
110.2505195751296 61.14503185982085 42.06396011986757
69.14378235396347 116.2938502120267 29.51575809722938
89.95820962648565 117.8369677222114 187.9501536096353
22.11540226091779 17.68294154689442 180.8547214353574
12.17306207497057 71.70765114661934 139.9491301850469
50.17578624024181 140.5845308661743 178.4734832468442
49.251939053832 196.6254158501671 110.497802304757
22.94780926333026 44.1524004635264 63.71742797985621
67.74565626021818 25.54765248334868 19.74329888121531
152.6143885496379 184.4247811478682 79.82474766347995
20.30234898986716 140.5795755792859 4.327125463510312
98.83085071678529 97.73147368470789 68.14705262475306
35.58138083889514 199.7877846409455 14.16514731428031
26.92569974500307 95.71998159761981 13.21286644059368
114.2888098322713 168.3872376062216 185.7772796758839
132.3004626721979 174.6082348825105 182.3504236145112
106.2284049471321 107.2748463906297 19.66190488109559
54.50680215330458 122.1791263559212 179.3131146443295
11.80218980812678 147.4791184738564 72.90025935202064
76.83465634212392 116.4749225374706 120.6177454061474
171.9479410222526 138.8345137945915 195.582529492783
179.1663444989105 86.7851246411048 69.37571564285111
182.9722757656671 34.00885838310343 29.08408101145917
163.9107345598253 147.6297354414343 109.2766625273646
103.6747482687205 66.15099211481333 147.9437939951768
135.9023656700493 51.61359174033576 168.3845047518884
28.27253012983025 81.91394480571199 52.80793399785959
197.8700780903955 127.1152394621049 90.88748828696359
38.09636459369496 143.6182509415305 64.72509756682855
167.8868891379291 21.7468884800652 91.70185050136186
118.5785410929047 90.86930903006422 49.41393036728061
120.0520095460114 196.4180451085221 48.8632007209895
99.28906234634881 90.93209242254075 169.761521433702
72.82330515206445 13.28008789206611 6.25459855643609
28.08357516557928 120.6920686069202 126.2986666738352
170.3931903284358 192.3574546691028 71.81271802894965
135.3514370068813 115.0873332590156 152.4885269697422
185.0877404460693 146.5820133642221 45.54390219449273
123.2294590414835 104.9675451509997 130.9867700616748
197.2316391703653 184.1493696187934 37.87824373631138
40.56274709345476 134.2548025303498 12.58265425285549
91.87555559746109 8.871168871267161 151.6300259769837
115.0247245970321 127.3968587669527 84.87262697536073
63.86235317118413 161.0882717173703 79.22351629230057
109.5053152008147 92.46381542662331 8.343033777428879
117.4738705829337 72.83630779762949 55.07774835031807
177.1368192461233 53.24946155158722 101.996908757659
116.7626163929046 122.222782691666 54.38621180240454
8.173818913959769 158.7527027224678 159.4490619866949
172.5192387204847 120.4665514433313 0.1116203534429255
2.329527293637467 24.05286997247024 87.95935958164655
70.61053467659323 40.83156417531822 110.3900649441744
141.6646859361075 179.1485405110467 52.59064929738646
60.48570253743461 84.41649538606276 151.0012076584325
132.2725088774182 104.9813410455182 169.729871269333
15.10348240169689 40.3659206953394 97.43276797787834
11.54344283269708 139.6491453577275 143.7232275849625
122.025028559719 36.00685007223523 87.43851553627371
152.0398978694355 41.87953400955105 166.6382441753335
103.631124438055 170.3564113638983 169.5807771205213
47.61731449874562 150.8828694494763 18.23611094939674
19.97925992606005 2.726639646802848 63.44120192000902
147.554587242491 172.4343078367613 12.30562284747545
196.9338532556299 109.6367519558175 22.32824106509657
14.40232730750872 55.76951530391573 173.2600475415285
137.872516870752 198.3520309090551 188.6496653893864
56.35561399829144 22.14163950478503 3.337576789181671
92.61235230747471 172.444520206823 130.8769274577302
132.4086544118689 48.07098560314214 102.26305319119
149.3465608805521 23.55860912125791 162.3868928639432
149.1859853868265 35.69233231347047 96.67359140936543
42.11567927619474 34.22705312871834 37.60222645265443
140.2696219924032 25.80613929003689 145.0085584049756
153.7350009922632 111.4892845386978 37.24190220985295
63.37739926948998 194.6666199808404 73.52934209172722
161.4290344982785 179.638585642005 175.6153818854938
81.58643400302563 76.41733178775371 15.77702206763174
56.33186895169882 191.4740647529252 167.4482834470093
128.0677950103675 97.64108207274539 74.60683900401733
156.7762822314473 186.5355885734257 43.91350149794941
95.17451368512356 168.529104947686 186.5455113694733
196.2038800955062 114.7306587914999 176.0803167267399
14.74948573102059 184.1994723392873 45.04369931289355
70.38131113757993 176.8878054127123 28.0087307194516
47.04380781545875 79.70550989629123 43.08166431707741
93.19127394621822 103.6413409047077 32.8926415193198
83.09880455065183 79.32928558315415 70.89000792533757
16.70131263564794 169.8729248811072 180.3522324521686
47.12904976652318 83.38944718763995 122.771642727169
85.8101473848815 12.1252989789669 83.22405436150005
134.1937704034476 142.2300007930078 194.3242982679026
61.14413336475241 121.4469228913031 45.87645743865458
100.6975814658915 151.7771238591713 193.4075773988836
74.29097207047593 112.9172293375243 161.074247178466
158.6610761700192 162.3030658798967 182.6892620125976
181.2125617493128 23.1392009840912 196.3423454410524
3.175811170250304 125.2403542633112 31.03382286387386
147.2345252488865 129.3520559508536 148.8100296936115
63.64439034164721 75.48082618898047 9.824914687860653
116.0450161574311 104.8660931391174 61.89962040253629
29.99101708895313 114.3565994833686 59.24529440316862
72.71377225572603 24.46311473225713 77.3516796878844
108.018900565102 54.76341656864639 184.7127983756139
83.25324283529051 102.5480532642657 109.5242562997608
103.2213634991376 123.8657499658582 165.9444092825844
194.0723121948941 142.2572015624354 181.405542294863
133.0626863140259 139.765776046531 139.246600063644
183.1436316701351 91.73834208792098 89.06888936238423
51.56816711579902 65.1579475317714 120.2961765322427
172.0225946207332 132.9891437161058 48.81744728076301
130.6604388597468 82.83010663728332 157.455474147326
185.915808800567 161.7722014869796 16.07541429425127
54.74730218496967 193.2864532398952 90.31736363007404
168.6439204579915 192.3618409896515 116.3575123272288
106.1419355137496 113.577055312374 75.47420561530643
14.26274841411028 60.41549545228857 85.9484606104127
52.96552209848588 101.8381599578854 163.8970720221331
182.7643403907802 114.3957456888971 150.0430862161328
134.5436336854082 106.9990570181922 48.52765526582192
29.71047936188998 107.9686702990455 152.1265200342402
149.9805750602083 13.98964467891591 103.3219603280541
76.3279894516179 126.1678799091957 99.36537135429971
12.26674973335889 64.53152016532172 55.40091480528852
166.2179170534692 28.31224332809289 178.0728308585325
12.01433164217293 144.1236986712702 121.4589795451566
39.06730984250662 169.3599114153001 4.162662211531337
8.730961639240972 169.0938998295545 81.88549524176204
21.65337402658102 110.6826451758637 106.78409544603
18.46978597001111 79.78427340156799 181.0349048701266
110.1055429096671 180.7625760335485 78.17391496635874
87.11856864617562 14.50114676985181 24.04482429418875
3.433783780657019 71.35783133085717 160.9096018660848
21.12954295091129 74.52881521421089 6.869337972507807
174.4475966889825 88.22988994102904 0.930669660506797
165.1803614406887 165.2172705720655 24.67839928167927
2.235533252322668 148.484946513776 97.2213155414555
46.60491678146009 25.38337711250814 118.3499302818473
85.49531296997426 190.4375412885785 76.48751026540752
102.5632761352031 26.72119687314221 177.1524203972931
192.4630760932318 95.06482310683694 165.3519103105986
67.52055706550777 10.10205065751779 111.1878624979206
42.62612926538446 77.1412512386253 191.5989679618402
78.63496481523275 155.6291221491232 177.835003872755
72.4773882340631 132.3116754578736 188.8119690568023
20.25507202502273 130.6783201028144 89.45409879206379
42.04203508817495 94.97726141270043 100.4789901566155
198.5882962858024 147.233750165159 4.080393992781859
46.92780080358251 134.9168737225073 34.37453538702412
106.3518994867672 175.0062138881976 6.394784688681479
88.01669286718067 64.81808639785544 44.89319248746773
34.38570858523357 17.47356900786628 199.965760437438
110.4109036721006 39.77778021421877 50.95021473262889
9.590806939939807 2.89760188571343 33.00530816569014
157.72611875691 62.78047215895123 159.8077178855291
146.5165011830737 123.4127238703124 197.4704331359917
62.40780480535896 171.1606156647126 159.3067299552668
94.50804054465011 169.7661958621921 96.55629557999727
44.55671630326727 97.00994586070978 57.58026537563591
183.7945994499215 88.32311638627495 35.83202190913158
69.38562320291368 106.1969490092943 185.5604800805978
153.9035904994892 152.6549013932825 3.123944489225623
65.68242456004977 70.26882786006328 84.87006425953687
131.300451430619 55.9394976659888 48.81982181533609
159.2694625497902 94.60575155981253 23.09428680760761
192.8187808119374 68.99166375091981 72.95931636869302
139.6874094461499 120.5145431159647 129.1797229076613
191.0922943471102 133.7607873457517 133.9884893581277
58.73462932825566 95.35224002615819 79.90399839542485
78.53843433622974 37.97380714483207 144.0633775808885
7.396610533714863 89.53560166630098 23.84923401432318
75.49734448873758 193.1580203479578 152.4590799622722
14.72276905726344 199.219847195135 5.196592775837071
58.63255567106204 29.13788768529741 95.04002624915887
68.88668688313409 50.45584340599328 180.3947003673579
130.6114657019139 162.9117269012328 129.9750287562744
181.7360930082793 59.21575932765041 1.217184400590032
26.49092154021838 163.0788269604456 63.16344267484237
84.86372686413281 32.85950560752581 94.60617113730017
109.3832202183889 140.0593106469799 10.81707704992584
65.94602758801169 198.6727391139085 22.22847677005522
190.0325980157058 197.6836982531216 195.7018482094587
153.7949100900507 54.5132712059482 34.88872523088482
154.2036276513315 7.876608029111225 144.5463977402041
5.466687029032106 14.68434522439778 108.4099842723558
189.5956345697004 15.93803747597714 176.5003120511624
97.16355842740181 144.0357380891168 102.3012442643115
154.4529308325032 146.7007126052309 136.0523806335804
37.83895150775101 72.44692494751814 87.18126844668045
132.3816456783131 178.5393555928631 92.5526510046616
50.5566822879876 189.4980240997787 144.2933100588668
0.5884478192993849 132.1257856950666 162.151099884186
89.64071245070251 134.48891294112 125.8464664742542
117.0341671124839 3.321614281801191 181.0784166121555
20.22651363083405 180.658644970737 23.28815339210599
98.90457528237391 192.1560915977851 165.3061861410424
133.8438007938758 188.4217726374808 138.1918972780694
167.5680664402547 80.94384819095156 176.4011458219506
159.884148886134 168.1657957092858 65.73097306716042
29.74414941594419 116.3132074366992 3.813692393677882
33.4212185408842 113.8976507615361 177.6840734250031
148.1762067898778 147.9842054374438 161.7636170010792
182.8884126958559 46.26668688179427 63.62787507306416
129.6385599301475 163.2200014189756 1.819908539755589
123.5696778591757 194.3065004679016 18.68893524236114
139.6051858156814 48.72648152322271 80.73125728612766
107.8914932257452 42.15266520541283 104.1943203748107
66.21321997932516 176.3992214068249 188.6245059145596
93.7003644842156 169.8848666821083 59.08771679481871
131.786062342822 120.0712768035126 71.41046028071067
124.8462733365013 159.2015730319204 167.4203117247288
104.4091890755079 48.35826755987857 6.201907944272348
126.9326110178581 30.76387278712037 167.5657701604418
102.9715975104879 28.05652636739279 146.6666055534252
175.0601584126272 21.06409387535196 134.8919274011638
148.6975518299675 108.0959091311024 87.92419810747735
117.5906591730518 161.8982648703009 106.9197594679241
188.9092705105587 24.97031845727668 49.05644553202453
184.5944819837033 154.3860800379598 116.0914794818848
183.307123669632 174.273964878332 76.50903961534372
123.0316972481979 117.2318848876129 8.071143836260015
192.3849911286099 77.15343798802577 184.8784545689448
42.84806784620324 11.30301637826317 174.1248654028734
150.8640631980308 131.3877575926806 56.91628508639916
70.25025919769558 175.5078860383132 133.4051009134187
111.7704747469552 181.9511251893262 123.2329764856969
40.97423130454364 13.94805559998832 147.8264511550884
46.9710073089546 17.1302962038924 23.40379816529039
46.87455542401025 175.4687535905357 74.70081147381799
97.61388861611204 100.5867797225795 92.03814693603219
181.9456546393155 191.3145238611522 170.3951666656256
176.867845149623 113.8371247322672 37.61196759137815
107.7576762846485 48.4458701004227 162.8986349352596
92.62008397275837 124.7944499361512 24.5318411742742
177.5972730170841 182.1734991383687 51.8694529710173
88.10767285793281 169.8596314335457 152.9872269786347
6.22829698937142 106.1281129976399 85.72617207439819
183.2639767996854 2.618054050698492 35.99429093203506
29.39299362633117 36.21318146340435 18.02162109239125
84.97654428673184 16.39090704470273 130.1048154480409
145.6817860432985 123.2692958262873 170.9865531809173
161.2815538160731 69.63576994960772 14.459172061597
63.47372246569364 30.010171415832 164.3549351809402
23.39983516601916 51.25753799289317 193.6199433462398
146.4488181941555 21.23424178245518 24.50899802746217
48.13966012792103 111.2661855664605 22.48807523077029
194.6845754622533 67.66619534637212 102.2651548895014
51.84635280651734 55.77732311923813 67.53014415839071
51.60884349027539 54.10729463062436 100.4538015954582
17.8725763912192 83.3552849295499 73.18725345977739
90.37823122000493 26.5691354974854 0.6813830142993587
166.772156717115 43.23837749246567 84.4415661485823
7.589267697713198 35.10953567061695 179.7858597645948
62.08781798357729 99.54409144132724 117.1948716756828
56.60590739897148 159.4131111134812 37.26972274923524
177.7470202738991 160.7833408278377 194.9063126551823
3.234558344653997 91.78171798805514 109.1537653222135
102.0402466792275 69.14831965962635 22.45842323747283
41.65925752235448 176.1002961404377 178.6683185876933
91.50723595967496 142.9992838895013 158.4210200258924
172.950132883549 17.66758477685056 16.77840580864624
171.7502409742573 146.0594848408986 173.7082343421808
121.7402782625849 82.61779719463061 134.7430380507885
126.8505787540701 61.6681465271469 150.1414299467047
102.7076287977404 43.64085214059624 78.25160680294607
63.05576438920551 131.2620404411519 13.5555588735922
150.21286187666 99.94501065294175 182.7151664534923
161.8301662444321 94.14174846721372 49.46361983174298
44.59961042026942 57.12489624894147 157.0562013781762
143.8104012199008 158.3556700149796 105.4745746889968
171.94907878077 71.23311317305884 89.13166518102074
199.4857626788978 53.00562309667174 142.2087144660016
35.87515040895089 189.3516048015341 51.60114258029238
136.4055792388729 128.9112489461486 103.5693420086394
122.2473361390163 157.3118809351299 80.35415758713725
8.419183372534491 126.0901215212761 191.4941492161282
2.736185976962155 106.6566984152433 44.08348113603879
110.0925378462512 5.281318012880576 68.12679337741085
42.13566381687475 58.34746824026725 10.96394304578888
131.9628757677212 16.36319983409686 80.55049156279711
138.910212424093 81.1085188038867 52.09489286810703
178.5807255297632 56.79760845434716 175.0196645517914
15.86620732807171 147.3507573289588 177.5427920786096
112.7802596775262 127.9855705819665 186.1308336384617
134.0861522038997 2.193155191481714 160.8282555654272
119.450926568769 174.3552352517401 54.22138548801414
156.6495060974623 48.14947763608606 60.4515469816512
129.5135640044725 92.72470477905587 197.5986991253376
39.76664622347297 0.9921157120292821 75.0844618767553
140.0398750688825 75.35846455563924 116.8000324768181
24.53369987495302 71.50219002455115 32.97225438704648
135.5941148813291 32.08882214102817 59.53541758274223
31.54305985169535 168.7601715763642 95.36170050984485
108.7626391426105 29.58009809443403 26.54933927251209
15.80861300667775 100.8988498197641 130.7053489758798
91.52046555434633 23.85497345547724 64.63250659831559
143.2507803953189 37.87397689491463 187.1941230896326
72.24709436162827 101.4176692181503 141.5954924877016
46.20498847190828 182.0769991886312 28.30975625420979
0.8745105186997579 170.4363681276031 56.61525582015467
6.688791963139831 195.0331250754086 126.142641175433
165.362556860624 23.13725883165532 61.21548962945641
52.18445088852943 37.09611365765033 141.4539316029703
27.81920063008775 20.99685525733676 95.65733433679435
135.1726592300614 139.9474651515933 16.90016499784197
116.0396881415402 71.87013716545809 172.1085829484202
73.03548623760713 138.6262360926828 36.97110561067457
175.7733899216255 106.9084402441557 182.1832730578058
165.3753603094811 115.5469571806816 124.1975450769036
67.54236496921453 77.28791258988842 33.60521179084952
107.1523842102961 19.12233236637186 90.52972656421056
34.45734082474099 43.46861157527305 83.28531803100518
116.8966698883285 123.5901523803493 142.3416572523728
121.3522964677972 58.20290608712652 124.4534017396721
85.15435555041303 64.10973996438601 197.0251805483631
19.91535190455716 164.356370889261 140.8325584630755
167.258742678565 93.09362763716435 152.8554834218385
117.8964501546926 126.9188272063758 32.19386199049729
70.84896541474495 151.2349085226776 144.0153495134028
64.62881813921088 52.36754142263488 44.57167524700598
59.24372382896321 152.9631751728693 198.8367636309735
33.43614126066523 141.4142748369022 136.8172005534111
112.6570239836147 72.29555883094496 198.3857612148095
50.43470270364443 121.6749863607422 65.9037853359082
138.9918868787177 64.05600540785453 1.262571965995942
67.29042407960209 12.90672695560009 184.229931770704
86.34357036568474 191.7942598290146 37.67964554480158
66.30621371310036 60.35990266830022 136.8976068221786
192.9718413556981 44.78746435041855 88.08698974553506
29.48516370109542 97.9732564332338 35.8080209389499
146.9844126206946 79.27536077988698 142.0694432250343
122.9191793685012 108.1820964726473 94.05465328798883
166.5058425209867 195.5097884511823 93.9665038034549
83.90685253422728 34.43907929184333 41.56473071007543
113.7570423484995 175.7970406898294 149.9924021064932
115.2549058653957 139.313160824536 121.0765504028892
45.08964488976313 82.82561037210014 20.66994871919366
199.1292683925898 196.8761951787178 56.59362464260647
29.31357407956703 5.351525066675587 116.9904704735912
71.62393432091807 155.235944589495 58.69683611956864
80.43327726269258 145.7760804157402 81.82733149728135
152.9469691613487 57.75462588169464 101.7693727573843
170.6175928244428 114.9357385830528 63.33821300119089
128.5619810941656 37.97845649996531 9.520847226605788
84.86845566192197 78.19320473951245 143.4495825117314
110.704230745301 0.8142509948764223 141.8114044471063
91.27333441166881 118.9681636632658 147.2603155765672
16.38621864288957 159.1014137386051 38.36656166518277
4.796204301464707 172.977351641559 3.163159729024998
15.26694748399165 188.6188422903564 101.9065943631027
19.87225249415603 5.803067966013832 161.6277923183966
70.16156005402182 103.8025829435005 56.97605390029172
113.5869954619978 149.7020541435986 145.3953128289065
178.1502781127755 137.7562974074503 94.59370521003031
12.06410351026932 53.13519071765884 116.5185920525974
154.2513273620613 44.41315317177578 10.39613503298703
132.6969673428505 191.5194730548542 69.45438193089034
63.33370194320977 78.35020095673552 59.74462142271884
70.50125064130764 11.81079600945828 44.78406749369792
130.2424253717637 73.01738485575639 75.79115834813369
14.88222532148848 25.12348204903979 54.30011791544837
75.90609162313704 129.2502845975152 61.61557320551702
91.54479689258356 3.049155423118515 188.312469924379
77.00097108998212 90.78543098765724 165.39610023838
65.61299650309893 133.7917472547819 163.2619968760739
45.71134352943815 150.6042109449334 158.426870545003
154.3015550383488 183.2626171247391 154.3573432813025
185.2655505628679 128.4201307470751 17.14424991522697
191.0062906804899 108.6518831260722 125.5238951497616
158.7301770779101 4.087622604387913 170.377882713871
45.96926856722285 164.7466539862358 136.0206487861544
83.6133385944524 161.4975137814249 4.786533823174299
