3 1024 9.460797590174067 0.6519829999999998 1.4 3 1 200 200 200
28.17784715036772 120.8642012951794 170.3973511275672
167.1026889837466 125.5524494905924 142.1577588974586
160.0442515511426 41.58680073233072 129.9925555545927
174.1490668487496 16.47861904664549 195.7819990446548
32.34273902046998 11.32757811332594 41.17435180665074
51.50623769875786 33.37314970951105 151.215849088255
51.6359990154701 176.1275257843996 140.509717595213
181.2705609545224 35.68451951834172 35.90269360256398
79.6404762987998 138.0248312954389 135.9009668220999
31.27452111704942 20.06715242400129 83.80494650559103
182.2835442234744 125.2441692106464 153.448155361144
199.9456135542526 158.1851664163971 110.0111315776064
53.80928174452071 153.9491144438834 162.9877958099395
77.67298639070603 129.1968345006838 29.21847497205022
106.8941560041153 181.7186276143569 181.3884680623094
139.6931995990195 69.00294640082056 168.2060971118303
37.02913153462055 166.5335576907261 72.22404066848895
139.65572766245 2.744864784140062 98.61542462124456
63.46977219037674 71.66772875567291 92.10257915934244
108.2669144540593 116.3630500512737 187.6318471928617
64.22727802190066 49.15998377700564 151.5117599428455
73.34384966031688 13.7580759051217 70.61764148963495
13.17742262758219 127.4401211406803 16.40884881015533
121.7343214260981 82.41332673027591 145.934175826877
166.4811064948383 20.1261833049974 123.2662360859517
198.9405904777912 15.44413154184497 118.8441053881155
37.65317726078307 98.91399823441257 62.41659174167459
138.6223660631739 198.463951832541 164.9094931772001
18.1029396271854 79.97358394997036 182.9513509481079
1.612386258134566 132.5114654032736 38.28145981583519
122.6915599410061 172.5110683738072 186.2556536968008
114.24785733066 70.95376257154827 120.5793888683262
58.34133543474476 44.25481009648882 189.5947868693031
169.0678464048345 26.23398518600138 141.6316675589975
139.3226985680832 70.83842108572445 188.2602274442261
168.2828770813977 141.8464711500807 155.3034181901494
1.748299037749773 86.17453890945232 175.7332987355875
100.9788884982282 42.99579579603871 192.0444793344764
50.20190997479331 18.66313337993581 133.154123760014
62.84205846513839 151.9788983602398 77.17440478700027
169.3244093013766 41.00867735038518 153.4498391325156
175.460232545939 117.8777463952927 86.25165867906799
144.8355591326002 96.91787386401353 83.76770843153606
35.9328931779368 86.35698769445668 100.4036034588564
68.53606638960304 32.09778903684339 159.3635297203417
46.05007678260611 70.40007729279209 99.38088836240566
116.2203126456277 10.59069860283102 5.711147145476719
179.6851833723735 179.9630387739945 122.7850691417717
182.0043587511943 65.69296927195518 95.26445809279204
101.3265450805079 30.30665306633813 20.75314088592959
149.0619692586115 113.4605527972643 27.44603892943495
75.39132260649849 84.39774008066161 48.83520292824078
13.36374149413786 74.87458855884978 53.1795708569106
155.2791595755213 82.58702141487046 74.26774873776709
151.7954086883516 37.06974246267016 16.06130053200426
189.1218367207322 102.7715417868367 95.53529116997554
58.1801272433385 24.29989607246494 16.49582419423595
127.585482878396 190.1149872032491 123.8919425489165
155.0510534937031 47.99260131764711 164.4894410496458
36.81265709621927 197.7109604353795 178.8355919791129
158.4060132984277 63.33516888970284 57.58083299238341
150.4384797460096 181.9752769006699 23.73929140501793
93.8559570991255 162.9362373011456 79.07613256242301
13.93635928448162 115.0762208182132 196.3407590330709
187.4846797211391 176.3468835284888 196.2887021345895
109.8470522982631 3.897096508295742 187.3710165140891
91.9943992101251 61.32572980126761 31.32402233587766
140.3914251990902 146.0228749289717 76.06000584912974
154.1047616961716 116.4406027238375 80.33258640437839
42.15799395351553 9.880518751665337 72.15124559028233
149.2929372624452 151.4943489296137 162.0886155839752
62.09566920108674 39.27790995350376 27.37488163629138
21.596861777592 169.7414119704722 161.1175326211366
140.1221205780095 36.94165204739651 61.537031992176
20.52679184531982 99.97176695794901 36.26066066088406
38.52462179862232 37.14186241626781 87.5354233801343
62.68622245158113 165.1702544927121 124.9717233887997
46.79860364375494 37.04971644453257 38.28639699205858
25.53686709750066 153.3761684798293 124.642783954629
142.3158865976427 72.03111873497654 62.43002954010147
145.9958262725988 37.17985605239244 194.8512451301592
54.63186676814526 168.2922273061622 82.12352779024494
101.6931604469649 136.6983047695136 86.22871792711368
40.93737499756806 68.38543967977448 63.45199311477594
111.0782553467048 43.20417648143187 175.7011685155646
178.041549739667 15.14904513280788 70.16853142432718
83.31032743692154 112.9235850743405 191.0910028280556
148.5131585113848 88.64892055273104 155.5517038803732
180.9914431171 182.1228080913062 104.0325891854434
111.7466703912914 119.4778225201471 138.2113748550223
45.65183805421284 113.9707798449992 172.6702492016804
74.44864695552641 33.68067042581757 14.1801322858407
123.1889476943653 122.988682599625 178.0683395129558
41.95616724842413 21.58850669269458 28.51253277467776
20.65499464654491 29.05763200130662 164.4728370963343
64.54739414206774 141.3545288322167 122.594106199133
31.5732186330112 73.46919590846868 87.25352955961749
80.74046041816779 78.46667547989293 31.68194708473323
21.03346653308938 98.60206409175532 131.9337324940547
159.2598960585694 182.9337048855639 61.73613591754683
186.8172162023704 83.99216130962128 95.31172633978518
105.1871666006211 174.4934255071332 32.18795742736815
166.8023387058273 152.8359002922898 182.1172967952924
82.05012780962333 88.08116535228214 139.4099954426648
87.42564129484381 159.4642020193808 161.521918277139
107.4756429595199 67.21835313906126 45.64779098954272
7.065619854014463 191.0120712468253 60.35222221220116
83.12816487696895 177.2650107605038 105.5845953327051
41.06119146348971 158.2844511271244 185.9019988981007
49.91511831020691 53.58158689096917 29.62552899241254
37.35358869900317 91.35128204718522 35.50429757427489
147.2116642783235 88.30256441375106 179.6568034582533
1.537835133631086 99.65239667680684 145.0865705506175
29.86561785863869 194.9425197649643 196.2166399403172
162.2713158323477 53.68504299748233 189.8288639465086
172.1263731139642 9.425361249289544 52.95627744254333
195.6971674530651 11.89616681323569 82.17588155739195
47.8191592190725 84.6229065024706 70.30855098330987
93.90477611833222 120.7381446185958 79.69872820552517
162.3612707838832 27.65491364465394 164.9048894956209
129.2771461687844 148.1050186925516 34.44306315699564
112.7102648547473 16.25984716756955 48.98785274777283
92.70182363300739 193.3436575899458 174.6370015234112
56.05217430872455 198.7693505766784 172.906184246608
97.45281312929092 120.4251463692764 4.207886090175929
191.9180790018892 34.09795796913532 147.3380290114534
164.9123395844463 186.5534360214209 112.9689557311564
42.84546557445659 56.23461962359709 160.8456944528634
177.434010589492 60.1513001691882 49.77962566800306
79.52158275139308 134.0591284204468 47.41098487608457
131.7658291357505 40.29043729688293 9.996189599053622
13.22725002366757 150.6248647302857 138.747019988719
127.4244354529495 167.4411602382472 66.17450652516416
146.3591069959486 69.10413782876091 44.17868211814503
151.1015837784305 33.77588568036557 45.84157093607143
6.302344087568764 111.1978905352163 130.8729478967688
178.3782233393982 140.4872587330334 139.3578067027301
92.08462170198254 96.19288291429174 112.4251187690969
65.85709990698508 108.2320863378873 196.6946588152065
69.88181144180194 163.8927768554053 167.0562105299252
6.503385992260566 170.0338259154404 53.19286833195817
71.36511539003003 48.92600160923995 3.405302307598346
103.9161708983675 184.7869525390611 48.0137133094122
184.4127734506445 22.1065904385873 128.972323666236
8.695100506396672 135.9690318478822 198.1342478164322
74.02220441708545 79.52895116478798 154.2571561115744
81.88076530289365 29.45737515614275 64.39834392155052
89.42854167496809 11.93967285334494 173.4126114345753
6.638016101517245 67.19166362268496 192.2082461532345
77.55691426893806 145.251949293339 109.4188229442493
172.1690618539307 135.7483974574861 80.97582611567509
72.53262067307976 18.27134252334433 52.26012143859132
99.76494383260966 44.21012232215911 33.49208839964717
113.4696746442202 43.33477092066591 6.253338069068207
155.8077397795678 100.1564432626346 67.16218845436583
105.5799690497656 126.8546005607784 172.1162555183029
166.4460781852152 199.6798523447298 37.76466384373794
93.3881075207093 147.5529546995384 99.3141681763656
48.28397896591844 56.253376407117 178.9688550598551
183.5532783156321 40.34689003589332 165.9048619223968
94.206269675114 189.2457957003591 193.2369242135963
65.51530046930807 35.71159054448636 57.25114720863137
22.30325560940255 92.24870610061315 149.7114981815593
159.1272751350493 70.12168537654117 120.3691228477338
18.06267950176001 93.69873669735102 3.277631590229397
27.14199542105365 14.78555948511037 101.4982609366357
18.50016026620242 124.771433932854 41.87603307167676
39.4653622758135 119.0526535918304 155.3196807486654
182.0016839457361 163.4983301598743 107.2160981068219
183.7515639784724 123.4953022565388 172.2314688734073
17.37924906013825 193.2901429075 167.8720198923783
3.301234206465522 85.66451965847705 194.584150883952
43.42802045620579 5.896172191557957 145.3666529866722
129.7954013678033 87.72130056766125 189.2220567427271
185.8275399915961 136.7322586493487 11.75033968732802
179.4089927016778 24.00239885213904 157.3194681433209
56.16496377164295 154.9062562737593 19.20646767457792
125.2747686475325 7.858078484033399 174.48146745653
99.6194934623622 145.0096305430294 43.24367108931861
1.760617339907053 98.38470569261231 34.4337083883992
22.02835792654733 31.91617126712483 95.29993904119695
91.16640933697917 193.8940184662155 11.42460388217175
179.0327242493057 54.09256305892269 31.92574609643022
175.6923813348124 112.2130331915052 28.50198204736432
56.54523344774734 135.3451826172895 83.63162178101337
88.65304714816801 129.5640689973004 102.7791013003761
48.35901163748856 49.11832132536271 141.2053027465252
32.42674574069357 141.6537737623254 195.1599675220102
52.25488682287313 145.1029966773244 63.07971677989791
173.14142837841 76.89289667231363 183.5085338894853
43.02465873026075 84.04966738206602 52.01344861021077
42.54950982061942 88.96805448060415 151.043610751655
6.462604849137187 6.065082652485138 156.9262382505197
166.6621329200962 159.041352211019 164.050178526931
3.011729303539829 128.1605404779419 114.4502071506784
38.5530080481921 189.4252350647213 12.09477978516883
56.66020942864429 16.70491553113703 113.0418546336752
84.92312066802222 179.2282070549356 82.65424018025662
197.0603059228708 9.685723945809848 100.9183944705033
114.1084999578803 80.73998020258941 88.17529194206708
62.43179579197179 60.72946455201485 166.3761438889009
8.539078838974362 96.48248455053823 117.8829579845437
171.9559355168417 151.1026676547792 65.45271085738338
29.59159894689851 51.64051381912406 15.77331684389367
44.6162113809677 132.8690134396185 101.3807592488145
71.19151112188314 82.7471097616008 174.3851854061358
23.98135912295514 45.21010862927118 54.93130348506087
178.2502260415262 41.4536025958039 135.1453146214978
120.7220784073552 94.64968189940753 51.89709457338038
191.5946358166919 98.47407756580978 2.127186296831154
10.0699496895281 135.8205570358747 150.1000054476825
1.957726437129325 28.32059792035404 132.3762726122027
48.28673656722556 199.0406217428152 39.89399863139391
186.0178424632128 90.64757117760256 185.2501917051681
62.80673047699099 0.5314602645909168 79.1059703027519
139.0644575405012 13.99177438956018 135.5919595373531
12.4476109083737 194.4075101894278 188.8442263309893
61.00285184259754 48.55750505154167 44.11163195178582
108.3340248150919 90.56904767984562 156.5144865510937
107.6773971849415 88.69121971420486 120.0812982926596
89.73594726641622 119.2065064661507 39.83468163709703
105.8608958426472 53.13811385650307 160.465618363471
55.33046367061871 172.8912292048439 9.710663553158064
36.96966545756168 81.41235217503088 182.8954838191413
90.43627573335328 92.72497369721808 23.88978558840471
82.40978417316234 29.45072687647327 171.9547651836785
164.4074175392956 108.0253672240303 122.2240914377119
38.23029904693966 120.4726471400704 188.8156142311162
13.22796335309686 97.24109276979445 165.5463196557774
181.2473449868827 184.9080903009444 70.15540909801476
175.7994688871095 157.1267858592658 82.97309078670592
112.8334321307653 138.2335785839134 186.1181996498285
126.6008573131802 140.6004267041962 17.28074974779778
72.24941232240757 25.03521043178804 34.59105066225563
167.9228525222579 153.299605366993 99.74622810621108
33.51302088372986 101.8511795072169 161.550428518114
51.37111724660712 186.0428603983221 98.18883405201301
67.85933229236511 18.02686858389311 95.90072360837689
115.5289941232949 199.941288454019 39.83440059747613
21.14118908088615 143.4983578915089 10.23509830875286
95.59606059846043 133.8963487757412 25.38388806786726
121.9386852948916 61.81631513366742 34.70870235165572
151.1569244257293 132.7303848558043 163.6589512677339
158.6110925890589 47.5002661057275 67.93648384577273
24.52428897904722 60.95648181469751 160.5909158095756
89.63915363201514 7.912125720898056 62.98131017238651
109.1183046018899 197.5992216787652 84.1685196534419
164.9272831291728 72.12269441660123 42.14457917382046
99.17139205735167 156.9258139671561 28.55254418347159
43.40740544180881 102.2740162000139 93.41745954174498
124.1452837368533 65.68709910752304 156.6573223130977
128.096725347819 75.15515874051796 3.265996693103395
38.70823799295598 0.3771036197247093 56.15719804092036
198.9370371230427 63.428426842863 119.5236570331291
8.5378627869288 179.40383774127 101.750751289006
30.04358865313136 29.26259531483748 46.74886664207207
182.2280410883042 141.2879295427196 29.7591077868001
179.6729913660836 26.19508279902165 111.1159296898344
82.38244772351233 190.9310844417353 118.8938518271094
89.06679162199647 71.34261991972456 47.10744560837642
183.2336830360134 143.7302162258418 94.08654545423556
164.7753628344827 169.2749961306872 32.1390148277396
97.32231427380806 62.76646058190102 96.77566665465267
193.5786781170607 193.0172730461113 189.2251086239332
95.59006461008579 169.4065853654384 139.6928405549787
53.33796250207665 116.6743127888187 142.673711564102
78.229062923203 181.4287282367603 161.1427153732295
17.75177060105254 36.85081007151515 16.8071891438341
136.694017968533 62.70141452251503 117.0369139256517
24.25198139198639 137.6039074145506 162.4982240813658
146.1097430943202 39.06059721742757 79.36074446182612
48.66022840029569 68.62909612144529 80.72406537824912
24.95525527788345 178.6654338145058 4.521530345380494
136.4215384314978 84.47965273957335 48.9603079940438
58.74640979799543 15.92454999200141 150.1421372481549
195.5561595913286 65.04555402542731 164.7035071287666
19.35916381566496 81.08641569694267 36.34226621439149
196.8877842568279 43.26668080922871 44.16649554921934
178.7036876107866 181.6199566765489 35.54934280722389
107.7038741449031 170.590362246442 59.93581689137892
139.2787914926036 108.8574020576692 70.18107125171045
68.23038008023687 66.01991804557871 45.19327961390499
148.1557281931617 93.30444054388072 16.7481573025844
167.4587368917792 136.1005421558732 173.3125894401846
4.179339930911442 177.44630549841 187.4372014626213
194.4778610531072 50.882553449565 177.2043923293623
184.3436037119463 160.0394511291943 13.64280305537153
90.41207935364996 11.06972733526037 129.5477944324926
25.37138151819946 116.9366550560721 130.1867993270441
126.1549260416862 120.2357841716948 27.08532140109723
85.54509067658947 27.27291004313002 0.2576255799998616
127.9221834768114 199.5493717785795 83.36991681537093
199.2664022708623 176.4304941558336 69.54874502759586
125.1416684555519 167.9320464535113 99.07269916994083
135.6598047175301 21.55619418608005 99.16260702264678
96.8613689122467 163.5032071227554 46.14311428398031
99.47053063601146 10.33071078984782 29.59834977277445
198.3261224711364 91.14047659954697 82.10289474751805
69.54422868849977 174.4216496483417 92.57459184287409
182.8401835406858 19.79315831106907 93.59348414330623
78.83693803921746 14.27067346290815 110.8475992880293
106.677957167156 127.6199111849367 39.37760571979455
45.71687260524834 33.42756800709532 180.2989965264918
156.5857511314222 146.9395648335913 115.122315575063
190.4531944982033 38.19617807946988 121.0561972790541
187.4146728918975 161.8344725266421 67.42306969193669
185.2786254384896 1.260633002809532 38.69336558224644
109.9503367120915 107.3024444659565 122.6272622709816
39.44384016661436 90.18273108844866 132.4182008560281
110.7181447846782 196.6688970603165 169.9061639267026
124.435346685276 82.73115960763474 109.2618881204774
164.9081929066211 120.2085008968864 160.1758819224539
61.01946684358717 124.37943243074 45.76633274377128
13.20558642247143 90.90901843405464 21.351167006623
76.39188643093348 98.32232487379736 154.6560905942432
197.1701582877952 140.7414310838635 137.161447717574
54.24679148644421 196.1828883258584 113.9030653747948
12.00456207407656 188.226502148503 42.03074866045294
153.5210348980303 11.85444181017751 170.402270745859
81.41548750428662 40.99041969648398 30.18191101262293
6.477210153499447 116.1790755311993 30.05884849847388
171.1874564570035 157.1830072039064 144.6085480952621
139.9171084713514 174.0994685863637 129.5357008737095
35.16081451423501 107.8621417822248 45.61867770762293
63.39289700732633 149.1208962097178 96.50381096712526
126.3775991013751 187.6733907489364 175.5531524431489
76.2946261350227 115.5876712780017 52.65112764481889
182.4974412882218 43.22586350333062 56.55581118956926
184.9675431310951 71.33417477677995 150.3382378125108
191.1898470685259 74.05835828296325 78.19117968355357
55.14540367458725 172.3326879965902 158.7116288976181
183.4807525308203 180.3933858258084 16.11747902955702
23.40218094966798 99.82401317788994 95.41161679947967
45.05756055357841 12.48776890220324 9.691585035139362
139.3688683805241 90.98220010934864 101.0621609538943
119.9866091136656 80.07890170694867 39.63479763631896
45.3292002376598 175.1373001210488 193.8060575787091
117.6632977278008 15.52385833835688 29.31517160578325
58.00058988285043 106.4528253541723 118.7867407901979
152.7610382922044 52.72002107510482 116.5377250802548
177.1718553776207 110.1612335254697 108.2087396196404
97.55726726373918 26.74981573603502 182.9677358442521
80.04458020652395 194.1409181672026 72.07891558378159
53.04510145832193 101.9610366250449 75.79539812165962
99.94171099622979 103.0046281984725 11.16181918402543
168.2188156760908 198.4358647961929 67.85555053891341
146.1537398507639 56.1697880719694 149.9292884059172
146.4539951504811 55.49681497899763 179.6035888229279
53.64104286573334 117.0568848569264 87.52133416146505
15.33752927630866 113.8043256019093 114.4535079642556
81.70314960035459 127.1273297027121 120.5707307633707
30.04567694312581 194.0268450551755 139.1974879434555
98.213281144248 2.794803024910065 46.90890716533914
49.36107611048854 135.1065960428896 153.779657804988
123.8180820569193 172.7754586665981 117.3212455300035
149.2072150712921 122.8157157436253 147.6613089498009
185.8176663059236 70.32706210191662 24.96641566148052
116.3461540765081 29.8168974641212 163.4106863901676
134.4404523523594 53.35536327713644 85.01119472485223
13.05296203264682 19.31379647701236 50.36995839217474
46.3057804434713 95.09098376256001 173.743531832832
10.48184606619008 114.6637875699636 172.9335618977282
198.0881288084686 122.8365731930128 143.3266383506771
132.6881655559177 138.0200202260133 59.83931830741611
159.0305946468821 149.2412643570574 79.1455875597799
16.00709709246029 4.927519745019935 34.08831799698014
150.9473468081581 142.8016539480009 179.676198173417
12.33629554737201 16.60381111371489 89.85730168778683
80.21017257981789 184.0755743558989 23.3235845239312
65.99828948332738 157.5698797233906 59.37537565964894
186.7747143973897 0.451895122913934 60.88908491509216
92.26794809423737 45.23033928244499 175.3965774553849
4.242619077040012 102.5160775564434 186.0305397030288
55.16021283236135 43.27357022389229 167.0412273498533
79.22690101912521 40.46091997163558 188.2499906260428
68.74885840956124 115.5993215882819 153.5995890375142
77.00949136238387 70.58960222040251 61.67038228774013
80.35151708110045 98.70790682190616 60.17715979284325
155.2545727098276 15.86489641883571 40.59973666486611
64.74396425992714 54.36046024158343 133.326217489156
174.077918338495 142.8819157166177 121.0876327835723
25.4273925416754 5.046262381314287 154.140916111174
180.7808500942873 57.38849339160446 188.5221236735025
52.22453273553681 74.78898684802311 173.8706976034565
168.9429581098447 171.1892271226735 50.49639471303573
42.65455701150997 28.13986299665281 118.6194896456425
51.0054338062431 118.3535238114094 2.61167166335859
167.748839390138 3.888416761740898 180.9175717749386
26.80765583971204 119.3239847798502 58.18108459139668
188.4429061942793 124.4274575041807 102.96809619337
23.69384456173997 85.19425329030366 118.8501712852465
199.0045880961229 54.23934859125971 85.17504240529239
178.2141514014182 159.704153374915 195.556925460148
23.11712322000493 62.02520089590505 63.56448482473463
31.08613022730342 64.09125981842041 178.0591823883142
156.9678375025937 183.3298858824589 42.18931530084443
9.229618039122448 68.0037885677757 151.9633739684839
10.11224474376244 14.16765459915023 186.9832398041796
20.25241161717133 1.920006938081887 52.28057802783412
168.9916566193577 113.6050893274299 68.99106777274335
155.1335891277827 71.0261353967586 157.4577104501359
155.4282356157789 109.4516257459279 10.08442131025751
64.46187378341702 30.78903337820428 177.7948801340577
129.1257989968132 154.913404551495 52.09664846407272
146.3958355717932 11.63048755658696 152.8749470187412
153.1479814836277 63.84435615566155 75.75003991135202
184.0215207315809 108.7963449408391 144.2571127980356
196.7652415539492 194.0680070196475 75.92751908538571
68.70005036587 135.7416188027153 62.85670727799989
71.1723515930167 161.8159111583617 9.98360093311587
59.65715633346132 76.21795387117797 12.19479093329462
93.6132028745469 74.92972242482607 18.27268411830776
59.97785735503881 77.73105010447553 57.55337105245359
137.7318404454018 22.20904206100765 166.4816857891476
23.29890955344941 156.2513860160633 26.023764739492
13.55632066564025 166.4638020146014 13.42159351345273
141.0586006160082 128.4963514293714 18.85915148704135
127.9996431537247 3.525266817930041 192.6975470450978
33.92114886286308 91.27309414116743 81.29246915124092
95.23128809816815 117.1624686270158 129.2722703227099
148.2149356848746 34.80538698172879 176.2108555995704
134.5269314071703 51.74990707146375 24.79765018665146
85.37100369446009 190.9664094263799 54.20216537970821
12.55901050869435 108.3150339540102 13.95935197918751
29.49787764037483 40.13591092373974 31.27309276256949
163.0340372439944 70.62461024260799 198.2250213557624
106.6235197656849 72.0366789198562 159.9279847273494
15.20539343181935 40.39852840170253 138.4301443265157
0.3614088382960741 195.7648987419367 28.67673538304153
53.20624832017779 170.9073003294711 63.437821426447
56.61879085899552 123.0199130329788 185.1548258204301
35.96157573515465 109.8549373826335 77.7613120919933
14.19203371537334 6.038503795813031 112.5707138661778
82.30813163857123 93.58332308959248 185.2029253227086
76.86058010187242 63.48294579012791 144.6396757076217
186.4591148279453 51.81243074054305 151.1358405325613
59.2964273233739 167.9106554333514 45.01641192376019
181.450147753738 3.513265284541445 20.29408289737638
4.107086240166521 79.40416730374035 110.8016875994579
190.4827373342947 92.56504490614967 111.7767290117061
194.1919052720487 56.69819784187639 1.852293849242406
50.96689597076934 85.51457494632857 88.9451632982536
141.7472364064145 80.08565404412155 122.5395951239314
188.7482939441303 153.9814431646856 150.8849911864529
80.31782586276888 106.8873675613297 138.2471355041084
7.133415117373421 145.1490044549419 121.6910427673965
78.44755627228163 109.2561143001766 115.0686856499162
33.8753946211477 153.3508106113848 155.429863720222
35.39668916756443 70.82963132476799 115.0125027600387
170.2404793654802 169.5382797773384 69.35290825896074
136.8368354569252 179.8735284594043 161.8493944729677
79.42980952821304 199.2095840766975 186.8804162455504
116.7345740684939 147.2086121219289 132.1602404087594
138.8676700367571 74.09626549877822 148.2570911676836
133.5837682687879 126.5191896856276 157.8275146890957
146.7003295539142 79.99789545199103 3.131307929726167
127.749828095669 69.26595839094728 133.7282080001512
98.07121095212263 101.1606159152037 192.4234456212861
139.6463492708913 90.23627070265617 66.84273608182993
66.21103190980118 181.6704080446217 75.41732176956036
73.56709467937036 84.03319771528155 199.0020282963784
90.04476302140432 95.2452799876117 43.77223604613094
111.7961172975652 100.6665165666145 140.2506559312865
97.78682558724822 26.83722941340379 161.2430085526424
107.1248531328862 20.81636712602938 127.601631633943
156.832122539746 193.5784627158873 97.36812982031019
113.9441191159273 157.1725901223268 41.03142600155643
106.5902116573827 121.1756977589043 95.87723182198179
147.8863598261444 21.00467351742629 84.7323233368535
146.2160698274294 65.16416659606136 133.2822699598296
104.5083427162782 83.33042321710791 138.1592190544557
2.156179073659104 3.627567364523467 46.91359688297813
28.64023009807084 16.61406882274747 60.75143489413254
97.47514897541465 186.8965198542149 94.55676311145326
81.1987758324461 164.6404501543254 27.31791202923776
34.96651742272616 40.26612299230299 106.2957555375892
164.9044587425806 45.97760414654465 50.15725874591674
49.79759126932544 192.9292946979752 132.004032402432
14.5370212564231 22.37672264049062 71.97275386128398
168.268651875929 73.38484890292516 84.59485483549821
64.79577580515679 139.6727531420294 181.4337861033862
127.973629837826 158.566950203457 82.87697585390774
121.3070175828248 189.0796062041677 156.1837524251761
122.7484898036436 53.02774768607601 125.4016204656473
49.61707147720113 64.53808615363997 125.7932157417286
65.05748206040496 14.6506300608435 167.9346697424348
168.259410254356 146.1810602693912 4.277900894899423
11.88005460553625 64.36737053515958 174.2479879497558
196.9514657222388 175.7898886113931 116.2669533124309
92.01510666764014 155.64984191055 194.61882532635
44.81555312673273 41.76213310869689 56.50415651007101
128.690481473335 53.01003889231981 143.3659768821354
39.52361976618492 49.98773100012831 73.32635312956262
199.870410949488 123.0795886222967 186.536597697002
81.73313619799092 68.13257452182935 5.207876534647525
140.3380602181811 14.68051655482926 183.6781086365659
93.09109917543213 11.03078085532933 192.5067071213936
91.38356308456208 28.8732542792457 135.8816174419965
8.072260576055148 78.60793925237917 70.95846402833527
141.7740756391491 126.2438577764336 179.4908522149391
177.0354459153488 94.78579660753417 15.59119924803722
7.639774067874627 36.22954203901429 58.1450463057591
161.014338704606 126.5276256337552 124.2690112340936
105.0835608199737 61.03891197170337 177.7041931429646
167.241009273274 73.97784641624634 103.7160867661405
23.35048992799277 137.5298414079272 28.76731592879001
86.25956442081834 151.4366184828885 14.74517422886569
87.19835439010771 75.64710291654619 188.7248665032453
119.6808808058004 174.5523861477929 45.83333493109782
155.99465188598 71.69166368393348 177.4289065116478
26.67491751849447 80.11024511709785 67.84223597692656
85.67058095653846 127.4404966539886 64.03657262913197
185.5477773229247 74.2984030643149 111.7391975708711
79.3573380309174 150.9467347135319 177.0881775614769
122.1086692353533 68.90404145155338 175.1918859805788
46.66881411681413 54.68949351933153 109.9080437132409
49.36611797037738 66.5730681743113 46.5571854906048
90.08606093291647 116.299047251124 21.14107711069148
172.5287171046971 37.39449421105319 194.5459731712925
186.6701471786378 109.5239308153092 186.383310560822
160.7446521255128 22.92117682466437 183.9437756299093
84.8516924079843 112.2559615255945 96.14543134040511
106.5079594042829 158.5035096850402 150.6449651252463
37.89505894772034 3.500504663174799 24.72333591605738
183.0790642484115 95.52711560060251 33.50632496119915
191.2379761619352 99.86899078588787 129.215441893988
102.7140037852375 17.29813959576245 145.662430079667
129.5326092256285 35.27443924903078 87.66071159960903
92.77129442003819 146.0349750820706 146.9212144635342
94.32323535154323 140.751709417443 116.9463899679211
174.3470931843515 130.2438845262438 42.9479813753381
116.3681932184869 46.4324192021176 24.69323246615163
9.152271065211291 164.6393940387239 174.4264677448102
150.926181392743 87.06532106634221 37.0119384529348
118.2487476256372 107.3579625351734 13.14350331272957
93.45899683069007 86.23655507103842 3.101735355586267
16.08601365866465 84.33900775712932 87.11275533214256
190.0286390003681 124.5556968354886 25.61065989321575
193.820600042674 181.9123240729861 90.12593608151327
20.79345159880279 11.52603824645738 171.5897380899397
107.9555091731473 38.31013328733838 148.7134259412847
14.06792818656414 152.7571552783487 157.5292602598126
49.7251227657463 105.9217950579305 33.67304820628907
37.01286074420227 75.03116064978724 162.6172360293725
142.3708163946483 0.4542310490403039 71.18611629049538
44.9537368257625 37.9403314819123 19.47603740185975
30.83777711488287 70.2764344170654 47.56336598711809
149.0284294586349 34.85240866180487 97.57607816664813
80.31690033777481 158.8929367046487 91.66074114158192
100.604110540564 134.7431056972561 133.7533524631924
75.69842231637885 165.3985004369338 73.61705635194899
89.29738349528361 160.7455922417666 112.4457844471969
52.7480192324542 43.3023046143288 123.7428518587139
74.64792911151659 91.43873159976265 120.7120265308349
11.23861737795651 129.4554222212901 131.4404230841223
155.9111589991758 86.73317407336282 111.8991132445804
173.9826169783385 189.7254893446247 51.98218460985361
9.458062741836249 25.82146994953356 149.5670912277669
60.23677592188346 126.4084753218959 166.5893301843837
112.2250737525065 199.6293440293892 20.60790952208922
159.4411668004242 26.29441852364518 2.516544562082105
71.00930998090173 162.9572299002989 108.1237175602522
95.50796328185665 98.31421569494358 130.9131414419957
168.1221385090282 90.67684814385642 44.03208167705468
58.38382797213674 87.52008113395219 161.3005323230656
153.3077851269378 81.90103281074742 138.5368860005647
156.9149237638521 8.523298276657579 196.5305798916451
100.054502748453 0.946188978924498 154.8049868557949
20.52978853723682 170.4677174991738 38.19970868980482
114.0661719068767 32.37064317762697 37.1428860713667
11.47795705825942 58.73543285224604 135.6211273154391
179.7977136591174 42.07418599162749 98.49437501566319
165.1862604897223 11.72232769237909 155.0968571492878
164.055731894832 36.65263237692365 108.9323986333317
107.4271311969441 41.92456060505497 125.4428768881777
182.7374643965992 78.49993421614892 41.75162280707752
6.537219213977401 141.0697032760031 99.83802993502971
69.42115752943803 183.0093044317797 39.76793358711972
21.13294818916145 121.4965537856853 76.14604975632588
0.9086513057068561 185.577081861362 162.651499413095
148.0367083181946 197.8129297749649 33.8103777716029
154.130378460269 85.2915094596279 55.57570318693706
36.42917884621528 106.5230276260087 141.4698916707017
9.596082273333057 163.5435118899299 125.3793544819522
40.84500348102755 149.8750877960092 29.10658847932266
121.3154442251807 103.9163923969814 181.9009402019541
14.18958248363264 190.3226549339013 149.0140785967498
162.2239370911211 30.05835154873281 30.20740952714518
121.626338524618 168.6300277340889 161.3481957368845
70.04926767316113 142.1384710269742 17.71112751200719
111.9733441754496 142.6081724417206 29.11421036831671
23.0605563501754 22.50259780736374 28.89530085173452
21.58060655825925 129.0513223085651 186.1286230115737
93.41640703240734 139.9325153075875 165.7205001238795
157.3152060989414 4.840650178160733 81.93094229345648
124.218724141845 62.87198762552024 53.46272290886698
51.71651913272795 104.767933556777 157.2899797544987
73.20068236866496 88.35458797558725 17.41986756030962
3.796134623601118 152.2163589331811 66.85213030128355
15.09497782992177 27.13354106750439 0.7902613563781669
48.44783612778176 29.92346149654486 1.244582266550987
3.174261336722036 8.92326398197287 65.05043720145609
36.86783781482087 52.74435168641407 43.30375159267568
123.2445874170518 58.72806636283629 11.30548023828721
29.95131027168986 192.8018617882754 38.15693900922194
0.5262275508049783 79.52742683535926 35.3852923140728
118.379960966285 139.9975136050592 47.61675781729647
94.45686962432615 101.3859143168646 149.5541283031085
167.9934384476234 41.40548322660782 176.6192067837945
193.6649519813954 62.61319266706043 40.37102860599393
177.0568142712649 9.113015194103145 140.5948560246395
168.887047706218 81.24738289934136 149.2553539825134
193.8955968768809 52.00192178577714 133.7379088905169
193.4026181278075 186.8833934962789 47.93035279654316
48.23271848046718 104.4599573387681 190.0694553406047
180.4026803343478 128.9264481733979 64.00602455957122
186.9822804991273 140.3262195818633 163.8635437988995
109.6807924409566 123.4096854720677 18.33571342780909
25.64910163534716 153.6254394428694 172.4674354283823
198.7865355374411 121.6645691841277 5.565844315013189
88.17796079398416 56.89452096258278 191.0502771664868
98.01152177342279 11.52193640998472 10.77074000491876
22.06588854008464 135.6932077387035 89.76456561500183
58.35945816645921 12.59811595510452 31.36400358701277
39.9637113510166 165.612505345294 168.4916161735617
49.07189766784617 76.29646040005832 196.5112743173105
199.5328577167215 125.5509545405567 161.9966876278789
150.011174898422 96.51736412894199 126.9817422493316
37.57946374800883 136.3452542993187 16.28838514856373
102.7964758540015 57.36223635998396 114.0856316793661
196.8145300390399 110.3751408192389 112.6336271282903
6.465753633404661 195.8524664816794 92.07503765166747
66.46242054051947 183.127399883608 131.0648570720276
17.44130340176206 67.3649157077124 119.8732073593373
160.5515456714373 186.2678959206996 80.31679720581272
71.2145660268117 126.5445943658864 196.6685376030833
102.5491033993969 132.5446217542034 57.1744125257534
187.5069388254589 143.9088654156204 73.48029918963073
97.27553066553092 168.1290221110084 96.95834687103726
36.44567212647136 55.60181164966718 91.13183222605916
14.71241706811503 65.86328794690507 83.26732088972771
48.3855703006811 182.7166383472903 49.46187448410529
176.6937329724956 100.4512182478072 57.78037782102572
187.7207917268223 168.9417283449111 49.88969806397378
12.34036906246776 50.71427147149234 5.121833852151747
37.52840319450414 37.53517942096504 163.2708719494878
154.9530706248293 199.0365691921685 52.78207294563835
20.84095322400043 75.24545706087788 103.0100578328814
22.52847407355697 157.1761761373833 190.7890052555688
81.00557721039725 100.3495588542538 5.041218052542349
190.662790519454 129.0429216316117 84.75283466632426
150.6196953800825 134.2155218887696 86.98844508733326
194.1464368246758 15.3736455189822 145.7693212161543
11.05086473877539 49.77729658483916 186.2675102688868
38.07472943212981 173.5413660863763 92.91027868562554
134.3877331397437 196.7831017679808 9.182708321419517
24.57449379726292 46.96480978370315 173.3358688728628
49.64820222807995 29.63254518640504 100.8734361432283
172.7746717478682 92.01666929197488 105.1321559370182
168.8991029052978 27.64028597483085 47.74654602951843
59.43100140194478 89.40443153223931 187.6289392297633
162.8029374506193 98.39048066100628 27.59333196733811
19.34014088911654 152.7854413976321 82.11914849362924
80.82098450523966 172.8536288228408 124.2598719770727
97.36999041819875 191.4632101740588 29.1659161205123
108.015047499975 15.25927677433829 172.1682446081989
136.8294135575337 110.9324393339082 13.23338297847635
63.28728347948191 179.6009312292265 112.7479487842393
97.39351252369991 75.60607581383323 80.94493173297357
91.51022396546422 74.69137790489425 148.8569664004058
123.4717188538113 40.93976031046837 70.65496899371738
7.423126727647418 46.64811772269695 121.6396500208874
157.7156231550321 11.61222315708656 137.7128729492114
63.29409768243278 170.7325153228361 26.73849579737866
199.6946534020244 193.621819408603 110.5639941536548
35.4094803136506 31.89348073089921 69.62517495454267
124.7979421995316 30.36240986514297 52.59782714882811
186.022309188602 8.925175639446225 182.1443484676893
13.16735007622463 34.73567489718456 39.40733955500544
32.49925919034791 26.59220502817086 10.86601976037358
107.6126726940658 154.4663683383286 88.92706184081017
169.0368174006892 152.4851819670613 22.1014780385424
131.9109683009112 93.68719654919146 7.05346082436753
70.52829906620617 176.0903327529246 57.86025758963519
89.18920955611743 87.11362860449684 162.9398281414739
128.7015590967822 46.52437313008849 43.5657058313458
36.2944861937593 89.7948074119533 0.05491047407783577
85.34812628482884 20.22711586778335 21.81089456970599
175.6729117962465 16.80764852560452 33.78962559613757
2.118940131311273 1.980775258123437 174.9162068397241
153.0890691422793 153.9708183382457 195.1056641751949
88.90416970842709 172.5908649945629 60.70759123408585
1.974502537670092 84.79712883376989 156.7979606597345
158.0430644213229 167.8240234536459 83.71641549820765
0.2387885194500286 70.68178256543283 94.4620787421549
118.8868058729672 27.16211584855076 14.44640300471408
186.0354344923942 81.31114839973014 166.3802525829259
191.3717205468862 71.62223894710326 181.9448654898556
104.3526633613068 27.22506924763583 2.331065281720904
194.2185624369227 107.5111501945773 18.54282058782913
20.7138310658734 160.4445792345429 64.82393709225951
141.2062152462369 102.4553846841891 52.48005998318229
68.64946041748111 75.95515501526623 130.3908574671349
61.65757527051472 133.3704342488661 139.503537794269
100.1525864645479 81.48883039922512 35.61023286728771
18.60212624319137 79.15835751338312 164.0507379219981
54.07819833806536 167.5314478683108 101.0216940698611
145.6494966510747 51.28499971652505 50.50331737743566
76.02704056082641 146.7964974624106 199.5204814566022
178.9988714912577 26.50772186481699 180.4874657390292
20.2983053901132 183.6977322291951 24.65970704046779
96.84450447886378 114.4168622252182 110.6205711804236
124.744594539393 79.26109944984303 62.90449621469352
78.79213168801553 125.3764598737169 170.1473784030648
185.4617822366758 89.69936382607231 145.8102978898717
194.3853397354775 88.64532754540896 19.98465009234863
98.9039947648188 153.2810202203116 130.3649905346131
83.86186056617767 146.6935115087126 32.90502665852166
104.9540551687996 78.2396319812792 104.545102797603
186.5761295632036 183.0527381914814 174.744160833012
155.1959033119058 84.15611531168241 93.16749681141806
152.6431576070516 191.9916459715284 7.838401466319214
139.8080768373439 50.48504788112157 102.9270008904997
11.88001588873753 109.1960031092575 50.33804756484887
68.00814779103014 185.8571648011555 179.8600850767283
95.36829921632949 62.65474965288947 64.52719318967443
31.46020028498913 94.38003694462454 17.78082827346916
93.12101565719853 44.81912486473432 70.76979497748168
73.36828040543097 116.0745620742549 12.28152174991273
29.53870599420076 117.6053072171972 97.70694942013031
27.47834687180195 125.7481827600993 4.135006269540453
87.89617205848997 178.9231298766446 39.82825013810621
77.94129494537039 163.4239029481793 45.91724259400815
164.394432824492 171.8412740349496 101.0815592503393
134.1147912723545 7.266322060414788 24.93473873808524
194.016019562114 53.91462697499428 103.925665200847
67.77515235393788 118.2937419377802 129.8446209117787
54.95552148560633 18.03473654973002 188.0409855128197
38.3160336075901 127.6803255037453 84.3099775620785
75.69740412731295 198.7454219048421 168.336424905401
97.38658642006162 187.0053433670224 69.55618652687427
73.41795873057713 46.07934157678192 171.1410494292639
24.3250348790929 90.32638093382147 52.08994052878641
176.2716253245797 175.6408112955011 86.85051801190114
5.878824086106314 139.5576842285804 80.76063696440146
84.67281438343419 133.302871563213 9.580273218829518
167.8352099120951 189.2241046240587 22.05565327735343
135.6259734171855 54.7328338083966 66.17709953219175
147.1081423281662 70.28556147703567 103.1785972778056
34.94294071659362 108.3792339546277 3.344049787009755
50.69494314049553 179.2008476194305 176.1220861311704
5.643384711431754 94.35440484539119 99.30575490508602
115.4126069979065 96.19135686912902 198.1338417688871
124.9047101855819 86.98057694017396 127.7179543247091
108.2053231884981 63.4092224616329 21.79035925191301
138.3508377185608 127.2887785843103 74.35826982008334
190.3730755350005 141.9332553165025 111.5171595038323
15.39333415054701 31.7616397455449 182.4458428288259
78.0253142086961 154.153166765284 126.1390801547771
147.4558862035647 114.9220724199075 130.554298019721
185.3791790008328 68.76235986419853 131.5967677770509
109.5133450718187 162.766383842373 195.7109153998346
141.7398750254723 46.94878848587182 130.7944273410614
85.87308961158355 49.40321331903625 103.730204554997
181.1130360107543 160.0409325280619 34.5554337674245
66.95700920141753 29.30715995039471 197.3642417847567
75.90971492248643 17.73489109871209 185.3156978944567
31.04738545214249 47.74572361875169 148.7186376239497
148.5585666085867 33.68180444885946 147.9131554730067
135.4270439149111 29.65237223073509 29.93992685927599
95.99603187096623 171.7084918254308 11.61307841168536
166.8155065760652 60.06105384031929 141.3556284959121
15.84143632563298 100.0841724222477 70.75466699849228
53.64491342550797 84.4033639939413 115.5606526291492
50.18133795065183 56.22882210930882 7.076052598667522
103.6279835445801 24.77333581533734 68.94541496451481
58.33623038519723 49.57190678843862 91.11341346934314
84.80875742163053 65.54698310706124 168.5299377175183
159.6600659726015 10.48733518192879 18.98420481940686
139.5497006706525 192.3329273790355 143.0621141413051
78.6723964310778 3.270118129014216 35.35533723091886
74.10455725898484 182.671913525985 1.499081851840359
19.68782876686645 7.85690114699114 11.87511326924609
32.41012034252767 16.74460981090391 190.4069264659852
123.7023830678512 11.53563858447549 152.1307116107447
0.7271438677804174 157.2073947452294 197.1338947464739
111.2017490080345 154.8685622479162 111.3438864562817
129.3311627645826 19.03258224762389 71.79506294103975
132.225648917946 114.0324069473741 91.74526113235126
176.969684644325 115.3924895504171 6.05610702060439
21.55581735649921 160.8907972757705 103.5895240774917
180.002846433018 3.09720684766122 116.7290527540697
69.39703702952066 35.33208197977611 110.5200075293165
138.8385183907227 179.7296483578158 81.48037610420012
141.5369511827026 129.635616103105 111.0214168965209
132.226451820273 98.89994366476709 31.93059342053841
132.1910936023933 46.03003427330058 164.6869013986027
50.3866461701349 122.6325039945933 65.7525798534132
106.2537018861496 67.86212743687518 199.3290008108328
68.81001144517325 31.18835522189199 136.6775064258875
183.3320789550644 122.7548521846804 126.069535344816
165.2709054799168 190.0107742016583 137.1665923427677
135.9676459860676 76.02068594192457 84.24301975496562
147.0809677673014 150.3878776274939 16.70715352522695
40.98698416176309 174.9755501556499 29.43954209212954
56.18562021802145 26.87589982546973 77.62294257687695
198.6248869326606 23.73053382636871 169.4121545071048
0.5230388849310252 20.15070347860398 27.45082490206472
28.8549711643384 72.18610918359288 141.3374164162339
106.5399004638709 156.7607197077514 173.4757428474634
0.9426879712391389 57.69342979015505 61.30875646462415
89.71819020468723 123.6657795536768 150.3167718153248
161.9238963803809 103.6231426406756 144.9581840422537
134.3505411115838 101.0367323146853 142.8426793672086
18.42700993496092 175.4689728857038 81.6938800762013
65.53169324192254 100.5068544567862 98.20801295227889
82.54898618628202 49.45999316195726 51.21851947127453
164.2865313395042 93.2550714463424 196.8647384868638
197.4062576801219 45.77415046444577 21.49638199410071
39.86542824212762 132.2960837998532 43.44454930440193
111.8569303116198 99.60267063698547 100.6126203232518
90.05956859469482 74.65620316845144 122.9425581264145
163.3146558170473 150.0298859295348 44.48286394696102
112.7160895571159 175.3315537895727 81.56810843954639
167.0906740451986 175.4905176531662 183.6147162362505
108.6652377462257 46.25144698720595 54.28089803808079
15.47858035558691 57.20843073610945 37.1289156033561
166.6577767939714 130.8221043750374 102.6990143001252
6.540982181805242 69.95322177550248 15.69479989834132
173.0001905820619 53.98935916873208 10.03612623897227
6.094581855633654 142.1939684606618 175.9792340047911
192.610680955011 191.8843247500465 137.1507417395303
101.3752195620034 178.7430135857224 159.5654462126904
194.7681050719494 10.7425990472915 3.365635613936761
124.7805017432655 11.79319867079127 116.5373374255682
61.42109103132615 193.4178694050345 151.5030806485219
186.8558104301446 160.3492235161029 174.5696979916373
123.6734446820285 139.2309279790016 93.97578767891683
30.77443841461353 136.2740653366808 140.7899900757001
129.0027542802119 151.234219440071 197.363146822087
105.5051211594891 42.80515026185821 89.69427003851197
6.425981645020392 129.1063066089923 60.61051991824918
131.5212538837913 130.3113341000988 135.5358096648112
175.3816341180284 54.65668300046429 116.8781736010071
35.33238485315584 6.543875484251689 121.0059542074288
160.7059342449805 54.13082440026957 94.83098184492962
63.25596921391764 162.1692222979259 188.7053425774818
149.5015125911042 162.4964324769966 63.36409737066302
183.4567272455388 138.5339689371399 189.2405601130089
42.41150609047379 15.51793949410019 165.9079962883098
86.24348899328011 172.3369350684965 180.3434091974468
141.7075603524977 106.9258666947728 191.4226606665555
117.6989483319341 174.546714890398 139.1152049907417
163.4000890150473 130.5108338221077 23.05703042891189
156.3639557357745 53.85795043177919 30.65041546730615
105.8947846128958 142.8538484870716 7.23845552338096
41.07391121946771 151.2334272194263 88.50604254866894
66.20861486226408 126.3491219497704 103.9915194448968
30.93721125513874 42.83535261822125 194.7469428397061
163.6234117028955 77.00473510452714 20.00813930526365
115.8502178326398 124.2309677694823 73.59146258268112
143.0826671246466 165.8017917517418 37.87676557678956
85.60393242970007 189.7320878660398 141.3380695016906
137.5651159147175 74.23299751478305 23.88290722110783
73.28655736630084 105.4588817009796 32.35283094184748
124.6070335819076 125.3138808037883 0.6102989485377194
41.16394532336253 177.2544893386933 117.2878068270727
154.3330826336611 143.7373092744927 137.4881073981077
164.0494767444735 170.6954731316553 9.489219087978721
53.26103250787651 98.11059863880008 12.6462181980646
106.6978825844031 105.936689223411 32.6400638909621
0.1670033036467659 32.20091303138379 101.4282674382405
190.2056029376391 114.2540433580112 45.84435915914746
193.6085985088801 33.58826809973912 75.80029489626052
50.95445389587177 153.431916873812 140.4680066239719
45.78325769489823 151.311664952536 114.5741287134387
81.24830166817185 13.56391102983356 152.052772611385
113.1300262639039 149.8416484019172 67.39273267208014
129.63309365562 143.8757879042745 171.9234352612721
13.08087090499628 8.588420255088648 135.233415496439
187.4190549338757 159.5101439650942 128.9026089142104
3.941836956024471 186.3883455093139 8.309637830474596
24.74802005667689 134.3528010679929 112.2716054095985
92.34398534699207 49.2730116310636 12.08427226516939
119.3642300759896 162.067652117356 19.53214908564981
17.80415808815614 44.32976895603778 76.76305241863196
29.91767620034639 169.5241469798758 139.9923236392553
160.9193428812188 167.2662515526212 124.2658115674282
144.0437108238852 132.1783597142469 41.06474872454982
39.28426035437957 158.4501326793639 50.07300339861589
119.809757374735 98.05952401399193 74.64431778108843
145.6170660974394 27.97268984618353 118.9440078668544
138.1312461970531 174.6585027362097 5.711876402712668
146.7930776649396 56.86814245352385 6.133715823446888
89.83827549826248 9.503006414054049 85.63050325128259
16.38442037137938 185.1201853150606 123.3987907052635
79.13600924811252 137.6223460826956 83.80416537299419
120.4471649805103 62.11666210266831 100.5991897029061
68.36415677769352 5.664833324158879 129.0634505699614
173.2828523719726 61.2885395127083 167.0149131622794
174.1167549819864 194.3444817262788 0.8452581021824374
196.839858815259 90.33063141640194 55.08495814699333
26.18988752790774 177.7327909611407 181.8684129816264
69.69231122382774 86.52291427534033 76.09763108225231
62.07958684369036 146.1159958918508 39.28896845885652
54.59567435891802 70.1012911591353 147.2366475241321
73.02231050428206 9.286403985850153 6.192563023269048
184.2078206861539 77.03729043194298 3.334504167849915
145.8698108072493 108.9648705378573 165.3410803643218
47.6182509696312 126.2258386559208 122.8845816753741
126.4670190216935 52.10136035098424 189.8285506887932
42.96875902365007 138.2779538027085 175.335102296167
199.2401953707784 173.1852302447797 30.78854743037582
197.9058853242687 159.7377970691047 87.45043699179978
30.46194958995604 140.0497508230737 66.96442081315882
165.1115120348393 115.4114117827745 182.3683225285315
70.80340291690105 59.8488185322294 23.30423466266245
166.5747809300017 92.7813537382258 168.6764316191361
135.7025962544676 153.3629037699426 121.3021893362367
31.38654204304576 50.59827891924463 126.1952011754656
134.4774505536605 9.834470032500677 47.49201471939222
71.76487350276048 195.9443030160264 99.45952098037192
184.5074675202634 1.145869950858246 160.6090718948833
72.83922808501953 113.082014071897 76.06764869535827
2.376597066542793 148.3741359366813 22.05343226629634
27.14431860785152 180.8682475148175 57.26887843692007
49.80724703763438 19.91131531585515 52.87337233635449
128.4074570337495 185.4981000528018 27.95609411704503
66.90617730752659 106.0517845795004 174.1180387945886
37.15639011224853 186.1756738961486 159.2811444505937
92.56703713076597 25.82012329832301 44.69728038310047
58.41734766099456 83.04335441292646 33.81503751262883
90.54098215695893 134.143528367519 187.4869423018989
26.75980996801962 101.6905609142321 183.2281938015899
115.1248467217085 187.2021667806099 1.827251862445179
178.5785543010274 55.39644086893818 75.31949736239122
124.0272816150753 116.9917433594024 49.45734224030205
14.52658525216351 149.5742779024613 45.87369656519499
36.39678616418602 71.23372223517727 25.01970256162535
99.91851447020154 110.0040792674886 57.92300837593704
112.6032597694452 136.7502075769998 152.9249370852263
153.0409356574294 169.956771718963 149.4138384914941
109.2158270080802 199.0697147205502 133.7877415406849
125.2642818219305 32.02174756552191 135.4091610863538
179.6381823053262 175.8699327791535 154.3522714678664
4.23888411345372 169.988137561185 146.4820502533891
174.4981548350847 78.44156223174031 62.90979147239712
105.5577053381932 84.60199916831029 178.8101178075402
148.8393377077887 1.145528527294285 119.6237820110648
54.21526265392133 140.8034495775286 1.492014578313169
56.00969208586859 125.3068363190098 23.63941948389463
87.2715303703785 149.9630797943002 61.64337999605961
162.0506413115674 15.28103829322874 101.5302356696039
36.90652816341323 159.7089974822222 8.179049203958172
138.2333041634702 18.91676879397598 5.885795557964802
191.4192042515259 110.2685687909639 72.00492378130379
145.4391121762789 154.0864178375259 96.67694868664859
80.5945508394106 60.34488719169906 81.61399334189198
157.71178197643 132.6018881564908 63.75246503788377
67.02653521842313 65.18494805106877 188.1613124417928
195.1422077716582 35.46619322732857 193.8612595915025
72.6648438051534 142.822309348636 156.9694903883909
128.6627102701812 88.86197669140641 166.5731647619332
59.93523633677341 56.11897643780315 65.49486689169329
113.7917834384307 17.89245274189579 93.21832267230818
131.8578203442775 105.6837668164722 116.8827159315035
4.778655937028089 80.41093339128781 133.4753134015579
120.2402001762861 189.8502038658219 102.4085989975216
115.7941201913955 198.256699263569 62.47615818959166
98.87377541990698 3.638150161514366 109.8315624005892
132.0376433758009 153.9241655110762 147.531508644955
16.60784721818924 52.96734176103065 101.859235635867
19.9494952440432 27.96725371393651 118.5296664170455
142.9671748735215 165.7809452370148 178.5639432854626
7.154457891508752 46.44538414215076 158.7814648962228
35.79698333054505 103.9613685329094 114.743225150724
73.68159474787559 166.3317597279636 144.8037934115825
83.34879830876493 80.90419197508623 98.08989442485831
116.6947926723584 111.4494883040216 159.6230065796148
27.29799503517867 192.1120531497042 100.2960420918758
152.0099138567442 131.1739068908269 199.1498693559474
58.6189774980642 100.4524657724709 53.83601787390216
63.83463691394288 197.7502168661376 56.59450229270339
94.09750497692671 98.07136150642569 81.01697587167307
21.52395457972164 1.136772906044261 75.92310442639624
17.58812243585111 114.4331156139168 151.3695691018665
167.7785397147978 32.11991040133829 81.89928076830573
85.79228520765264 48.74522516720529 126.4264390259675
122.5334454409683 37.14172307403554 109.1800106285215
102.630781244656 83.77127783241481 60.41548145888742
154.3266860730882 19.29031467638492 63.02657970653429
188.7330360728206 146.2823808026978 50.93210566077614
146.1229747061691 191.4885600896828 186.0946095919754
60.63352033632639 95.57316004631924 138.5416737534663
191.3556911115869 103.3444055481395 165.0428008422036
106.0535903197493 60.35133073267776 138.9368027006219
115.7497059419266 61.94145159685787 74.50952705578433
121.1272969644211 26.30342935368368 187.0562620851534
137.5020715080697 184.7681361228257 55.50809828053892
95.32033931108546 29.88156618193501 110.4542877486287
113.5787193291641 128.7481937860414 116.1102829978381
172.6077355853745 87.03382838268043 127.2839181786914
178.5794725111886 28.48734794050528 14.53620657926941
190.6304507786828 22.54240517602198 51.90782695030714
155.9190137957936 106.6643394490992 101.0223087210533
52.4864833278121 196.6385969455803 195.2288642851328
27.88918906047474 68.70194698979253 0.06092981364979957
31.46156376019604 25.54578361046716 143.9700754259202
31.17745026851808 116.1104957270482 24.35849726045082
93.18279965818689 107.850017963417 171.2831450183082
59.17832307428908 192.3462778635414 21.12924611793677
86.41903465585257 44.47166911798784 152.5621500030457
160.8069339567166 112.4398211858089 46.85149057835997
7.297943283209133 116.2039837544063 93.35462089807139
113.894779394981 85.13174863920744 17.90603671640174
47.53814277926934 8.052601263386729 94.13464144117383
101.9198883231187 178.7057980012862 118.2476563002241
160.1058864487615 191.2496536170386 163.5002468207941
178.1345324692969 198.2249183365878 88.28082908740342
171.7091932970456 95.75747746938183 82.76190279192234
143.5610550039416 178.1912632202275 107.5007912528372
44.32388541747283 187.6541755589355 76.25690213389235
67.93870827799277 62.27249610269816 112.2845877639572
80.61040235190006 34.31717141377771 86.5416583556928
