3 1024 9.448287252284983 0.6493999999999999 1.4 3 1 200 200 200
173.1143592462654 174.7052442856542 77.90542725644285
58.31831441961058 163.0004994556615 180.2593052606479
121.885599598009 191.5112329645181 77.0149220102831
93.36079462980487 147.4865651496214 152.079751269524
38.26780869584692 124.8341597922884 28.42211099074056
19.09814109916021 169.0722530265584 140.8300135627763
72.33941991493224 68.84299283633918 86.2370710944228
20.73966652014507 189.202384334543 89.08792821742183
58.45789260380849 47.44640948639545 6.643872948529137
40.6206071138075 3.218247161971547 36.19092805042588
152.3927539885293 54.45908262025996 25.0848252205367
90.06348133769589 134.1575132421306 110.4899623465617
74.08136830168429 32.93329010464705 126.1140045920592
102.1267335857847 58.40617755195477 43.0191393910732
156.3034254105824 55.21946298245391 163.762020780312
80.57672609016926 12.024829503974 197.6473568986301
160.1351631159048 75.26949588160198 60.2127386896194
72.02171351839355 35.48669613371764 162.8874828080137
139.4588966286832 101.3159433009118 51.91504312387731
98.96427746963889 182.0645711296891 37.09624449791128
133.9111429983257 149.1068427541701 87.43684842272981
191.9181417874475 175.6696777820916 38.76168316638855
21.59505987572032 130.4811623880299 61.94793346048926
89.94238915420306 87.98078264611036 128.545463403714
75.52807409401061 1.789925386262453 33.89093333398095
143.0289443062424 162.527262973852 49.71728842966734
14.76155556149423 119.746718322092 134.9121048300384
6.253783165282069 170.0192852604826 6.340302887708806
110.3373273834069 198.5617538880369 127.91393915104
20.9814318758917 163.2316094839886 16.05643695394383
7.778433539738485 198.1325026473903 172.6149764608999
20.84224002365877 182.1793882205299 167.8342242949103
187.3821570004272 112.4645715851808 178.2184515693778
144.6367548375806 141.1609542697027 103.1719803097331
72.24047911909075 161.1745975058003 164.6675807217762
72.22937762788244 130.4544368856882 115.519283304209
59.0837654828834 17.67171414916315 1.277682419500774
82.94869460828959 116.9763046342419 107.1376542115608
173.6471713931077 61.3254908502991 168.1174483328695
57.11455556581575 92.38630049260783 132.1092846160425
184.2728287527879 194.0201805326259 26.34712437669608
72.01252705539088 188.5027998661957 56.00905763061789
112.3159189467567 170.205555680916 43.27445562323155
132.80031124642 108.881354970235 82.63059500032854
145.0900133254421 109.7351156724514 68.30156057261263
109.9600108863782 139.7622471431027 111.0908434346794
21.37578550464956 148.9635719541354 174.0580557833447
2.940218164881261 184.0395416601507 92.77618372702807
109.2250312471275 70.02693392608353 89.08080112127742
107.7586389714077 59.08002819312348 179.9804031751912
88.21352745995398 191.3072574512005 24.60341191410861
90.53677793058309 186.6374737475137 111.6686359347815
108.6475791028562 62.30524875185311 24.46801500620965
108.7339817597747 81.59645607601588 167.1853058663177
190.7276175641608 44.36138908539751 42.71115780591374
147.6780876776927 132.5309240161543 156.5109433119623
158.8950310081295 11.50570087615913 79.99228789638586
100.0277696579914 156.5208424565403 115.7586564534977
137.0669674607203 58.17815978129796 111.1745410040139
196.1544256714303 73.0613849794705 105.1519798291819
144.8501041441343 144.0877575925185 19.65524471714912
123.1131981078699 8.760105662374448 106.9469911183219
10.40259977536584 170.8486499210924 40.35248433320325
198.1964363474438 11.58904804168198 116.8192825226606
141.5781101449949 65.69087091321735 36.91483692075477
14.2730218004704 8.751985976011655 107.3028073289514
151.2400023489987 130.9327313142414 31.61963872236382
4.1035265797128 125.2183756834902 5.785192582317275
181.1857177150029 130.4074502563629 178.8205336477469
132.158269262531 14.74285672391343 142.1662074657484
35.45268791817987 153.1583637725206 103.1555967145178
61.15313083702944 110.5224368006227 54.60484989026692
188.7994736659587 117.696188286011 150.0015802245545
93.68483097367165 63.31768688211258 59.19570156620523
64.67818373546046 55.21886733633144 98.58119930210739
81.54437457039208 67.37725686597297 119.5244935300967
46.6274529285992 122.0869930769477 58.55076835159694
189.5508015564423 110.6229941134267 117.1290299054433
174.8090381209556 58.0521130415439 149.5432123770113
13.57342095324858 51.76052894526595 153.43891997585
53.51237423863609 116.5867793218027 170.3204993408566
24.05865112613081 105.7031657168428 177.3562528391597
124.2462688206278 174.2913117023715 12.57816372643275
6.530708067390087 112.9272195533103 93.40988878363632
12.39810204359291 113.4739486138977 190.1819536566965
197.5109291442347 112.0671002693185 134.2060496254732
98.82584173858014 41.77805789427589 88.61127324959747
183.6166987499103 185.8086946493975 89.01774448986995
132.5574570975252 74.05849228917214 174.1013830755178
171.4080771531578 109.4284489904602 149.0985681455896
20.36725417966982 43.95034876094343 56.52533924557172
54.63798254075228 184.9286132461072 114.6896169302605
185.5610347969255 31.20358688477393 174.8757321569263
134.2353592534687 199.4398828914281 43.61725150678527
139.4089202226247 165.0669337113191 78.94439544884114
199.1722587253415 125.7716404716296 184.6210536029231
31.32375280002983 30.4631745097895 49.1039376280693
157.3127499924651 33.53401012015885 22.55543493791795
18.07448564024527 13.65295735451248 26.81053778970096
160.784311021462 131.4745222357834 92.98996195611569
141.4812699596765 65.76039151702984 127.9105333484768
119.7819556475562 8.282603979802929 176.2036681530346
98.05283386547873 27.48828133875726 103.329129040901
33.8881207941162 40.9807542532644 150.8918662644117
100.8615279454023 72.61516772383888 129.8639598256687
126.6359521719981 106.0035269911653 100.2600860514214
157.3238560957458 36.86328779071727 157.4666334474665
43.84886873723651 119.932263556331 90.15876283060368
89.31202761130019 100.9083964996499 114.7784394180326
9.684245626221237 72.81278924623751 192.2726226926041
173.3233241920618 125.2022721452066 105.6592274616734
63.94249184602288 187.7237039226675 15.90945233799961
177.3775563254348 95.5869617150849 160.493800899253
112.3396287782463 22.29380496193259 114.552832640906
13.22248805099872 170.7496662056721 122.9492680417821
147.5358717274212 29.41538524660012 56.68056535355232
195.2695141651532 116.2942866078569 78.613933053152
166.8428672953203 141.2706005497812 34.21679611243422
53.15101409296253 181.0588499194075 182.3268184447367
89.69030562331552 191.9271662516327 50.27942969808221
161.9595581597093 89.28052154248961 14.03633008516602
68.09540136562146 83.60803567254841 97.23988426912267
53.21341256065024 130.1229530491836 157.1397178455345
141.097799666181 90.00616163221891 121.3428358885062
133.1955611230945 76.66292454145855 110.5460613503566
30.33223226076905 88.49519033732925 182.0028383621078
29.50100689863541 20.46705123731741 106.4872461214643
34.03032078838226 131.1078144964666 47.73417101042534
194.5143341535941 57.08816480241625 57.99069471000278
125.4993022415579 112.5628914538442 45.94087965331844
179.3076058267991 180.7770936974979 185.802697505215
149.577780837844 114.0388595513646 23.31831957998573
105.8681004726997 57.7500228252836 73.65708533584699
37.98669537428596 58.11529910011308 3.296393978487191
117.2036655925107 124.3278663457288 158.761753986038
72.70437385293816 50.39335534805043 82.1685859344951
61.81061945243722 20.47646531549366 118.949717412358
169.4064628208305 106.8631531580656 173.3925506021846
153.1397081913281 36.03166803134649 125.7902960624682
19.84551011104566 53.48902974198874 193.1341111713441
61.24155408936986 123.2118231947572 100.5757943826539
38.71932652960425 189.7815551461456 96.81646500718793
143.5250427621932 17.4495617199231 70.7451561470442
123.5832093344588 99.05471599178082 151.759382784528
80.06156617071507 183.6154575119758 129.6675571350993
29.68590303456977 107.7922719572013 195.2740512264009
172.6040777451267 105.0597503056505 97.88581970052168
19.70178947118001 36.85296915362793 163.3010569038459
132.643654758511 59.7247399311771 143.7242251605198
131.5516036512367 111.0063972266613 28.10765242520936
59.76150750121748 42.17091545990574 150.1565419647819
142.4561688567753 24.68148892487794 193.2933628937459
169.9759573577972 42.4073020191916 120.0498048471611
36.27896662895748 158.8265320365092 150.0944770259999
124.0839873020496 92.9229188106971 113.6557435040221
152.9647722443825 94.80774425426831 87.4581775196569
177.2973187537038 73.91973939783605 104.2876948768549
106.6664425255321 96.80236499880201 121.0255401323057
165.2992866586947 162.6886739845683 177.6815721159924
175.4881687648612 167.8276791442692 95.34506955889077
71.67076358229825 108.2217524475158 22.04117144926822
54.22564473143372 39.2713307609789 167.9888522969419
166.2822125018976 58.56817738122115 66.56459036492608
18.47388138880041 35.79455268682775 105.7501832677412
33.69158422643046 144.9720883112622 61.07658874799659
116.9056830117902 82.32659189635461 127.5571232816139
168.4776605999284 76.94910978467631 158.8174805446674
121.5999701850887 123.3682844300773 77.96570813106177
88.33393562210455 116.4124446151155 25.55389872183416
20.00016255589966 87.07984622929578 199.1361101659631
175.8774147099624 10.66017637318417 31.65651189933328
188.4761977825646 52.71363197476838 176.1908379242372
193.5466559899584 112.408627228514 196.7388869784215
166.5103833054106 193.6529770585191 191.0463963072445
189.3692257737419 192.5369576220316 174.9608542517491
143.5103392108822 66.34530544186535 59.19515975614839
15.03603209012667 96.1396036210736 95.11674178344113
46.47327966392873 76.22606080156689 181.3269786904554
59.31875815764815 95.17663613685737 113.5504428963294
47.1797909110107 12.25616977209611 132.789193166591
116.3941851195058 69.0776756170134 146.0783484219122
130.87238306857 6.731945300288056 61.02998825552169
40.07402331839016 18.93462535685668 61.25176228350551
65.29013480755646 127.9892281820134 60.51027526004951
33.27908945408646 115.6497480935308 110.3552432961894
86.32321180784287 161.1649087498613 71.10415505304283
88.80232370424649 92.35891281451508 163.170362589672
163.473353990164 23.47502636223739 64.91368677691666
116.3993626229053 26.61443632332769 134.9368220957162
36.81054429362091 46.56749397983938 168.7049626601099
115.4645534950287 0.7077990809930276 25.56985078400416
28.25941807617724 98.253115239753 126.9193488614855
64.02033965216249 196.664368516294 71.06147289823438
35.04497384378038 72.73030484850585 17.75738253027432
53.45651905088413 27.9232899430701 103.723620497396
194.27408554781 167.2723254262827 115.1530607088517
187.8937657823167 11.08915087165822 72.0599869673176
172.8550936988622 22.97990278819136 159.1006974230366
89.47319614171003 62.11861872709827 183.6520188215735
182.265715472276 101.0629620162849 136.090725456039
7.634397107668828 117.9902711977497 64.42589415381987
179.9205251600453 93.2880491270099 181.2821881668783
173.4685905726818 176.1138161991059 34.70107751047154
176.7459952333715 146.7007999902008 170.342305779154
143.5788009052402 175.3578328380939 63.65445760443696
62.98129979730719 27.45461592899544 33.28835150702856
78.49240941476521 6.244609027571032 55.44554629328881
64.88285833742013 77.89566870442958 148.121977315577
49.51864336462524 57.81208728338261 152.8977907973674
125.4999496262877 169.8952824772149 57.14767539357869
35.54352375466046 149.6336345635414 15.08522514865272
41.66844058274091 86.42515901603238 118.7891402001452
41.56222271080391 138.4820440035323 92.94065702199335
198.1786650975231 45.64279576059099 144.3490308790223
93.66157766114647 140.5668634873013 70.33719806536779
66.86414705802346 112.3400317945106 115.9039028798245
24.79452114343025 44.13161682343974 29.08475403029974
186.019113174893 34.00367029996152 114.6579975289738
144.2673374179879 15.38159327861434 91.30908956394423
118.0861919827096 65.12103912093349 164.7988334677233
94.03626600991737 127.1254534886775 40.03820597250367
70.20622091436913 158.500878074661 90.01280685572605
55.38470596954739 121.6237868839814 75.28847956701183
192.7892054936045 83.35740040361333 40.48236401553008
184.4337269596463 181.4059502316465 107.3757567818574
36.53666419238814 165.9988192111475 5.690638572586114
184.7534135856786 138.263489660053 113.8456881361798
126.4840032643411 169.0674697675838 111.4857666003198
125.3772868067271 62.05415675050956 5.642660016222999
165.0358649106969 139.9745829440326 157.1249792508834
156.9417258454735 168.5009609945349 98.90207581121673
65.13878219030747 144.593065992716 154.8011404155468
23.72211625477766 48.98092174802113 93.27411969543618
37.15605511292379 37.47920602448909 103.4792630396865
141.6715201818851 6.782079826740294 7.819556809866259
104.1574246623471 98.19609662573322 82.40105412978464
121.7973062288369 45.74181337365446 62.58554516357952
102.2009750473955 15.57394481789779 129.1418772713871
81.62336303037466 173.3502487090052 92.50753659580484
7.673483790129453 52.31088856272117 45.29958587620366
43.61302409272818 0.4274746907344852 62.67603428185271
6.607203450041487 100.5385880014957 77.70844940597097
152.7973526291072 148.7037042189045 87.88875341227212
123.5736921889951 11.84508439439978 125.5840761939253
20.69532620647083 126.4728541178081 35.17496176791408
143.0269955039415 5.437431465282142 154.5087274246501
196.4686786061888 196.1169605262643 79.7637248352591
118.3328992051096 131.8821656541928 21.89796230586456
58.30080452685724 111.1652052783567 133.8477601330641
128.1755818447809 96.21647149600506 133.6510288682738
30.00735654401166 23.07009620327617 155.4981804060706
161.869993126995 124.1389103028789 174.7427918700751
157.0955262879888 180.5611034378508 177.0193786927544
160.4298188837624 30.2365099946139 191.261835086255
160.2554930779239 91.19258687871115 168.1226437138457
97.22625675935484 27.20386898448713 164.997526219588
30.87736597134146 58.98930826255673 155.7603146941674
9.555890470444393 67.77895937908418 117.3819168349635
180.3194760925516 51.57218680603029 6.439995228720381
22.8247610151316 150.5817010690813 139.6986710960158
161.287104332449 174.9915236671873 20.29865562307183
86.36065369053568 68.4543690112685 141.2419908263988
157.7089899550199 21.64740370597672 7.871108796865356
141.5067004757517 97.64581652284285 16.9386390821001
137.7790633087444 47.02831170051893 126.4142358832616
10.83067246606464 136.716646873463 144.2781244690307
197.0178006723568 63.68136237447469 88.31873768032798
62.58716918064953 117.5149770558709 5.765502502674504
131.3275776129537 121.0344349204755 61.79399121701222
178.6017643231871 43.91489247876358 162.6954655551708
54.08076606294981 155.9077942032898 144.468765808755
30.98042311430733 34.25498949550401 68.79072629759278
25.73845168245607 134.9187213459946 129.5368936492062
115.9197387934165 183.6025407637743 160.7998512878764
183.6440522845506 76.93741657013278 86.74680690984944
90.70334970296986 46.5661897869934 72.23543506434599
118.1149555725869 130.6377236762233 125.4889073861328
185.0266400327232 139.5932948470308 61.19543522360931
126.3758196913968 194.4251517467246 118.8189653162017
105.5310227673472 118.5360201759743 18.01577947761554
130.4172327320651 11.53286877519078 29.60798114416166
11.03240416256868 118.2830179692763 171.9589404990601
129.8282285797021 25.06280418725591 100.1500738565398
56.76618604007144 31.4948633048807 133.9156810119322
29.27337678527843 164.8717457198672 167.6065445762816
171.9519880020681 39.96359562907758 101.4177000935652
15.94086122584292 25.09944692856711 189.8852180321335
185.3935792437497 58.09141761389083 74.50907790716991
140.5419079659369 35.47647363864033 111.7177802264995
25.95957802700152 194.1587858612111 110.0492613756417
41.60864763763113 23.35749479322524 5.67829761063502
77.40783018125951 77.28641404121529 162.9434537283517
164.3229749903444 86.06098118329841 75.14823403630702
78.21405494067724 70.71783594264849 43.09447195117812
4.764003122648818 133.3971037057492 53.86805894564192
194.4353380570394 125.3510242363904 166.3327117794544
82.9043385165496 95.95979502183829 182.1926363503618
32.65292673147623 127.5683942309194 76.99103088628499
127.882859410258 150.5377049231887 105.2886223678733
151.5133588400687 146.5799853161791 168.5519914426714
125.6089196841676 19.94333706130755 159.111166052895
116.105312304222 182.1641372373131 29.14372273978413
196.7683395045979 178.2662065440792 73.57381398635573
74.78572510888165 136.0612387045914 97.65571310961268
194.2649564538551 5.861462386217391 15.52961381853532
118.0941175010009 191.8167633635133 9.104453111805196
148.0437757975644 189.6511492492382 190.8941146875414
24.65015166453215 39.52854527124531 181.340398549012
72.75336254267022 180.2578234343197 112.025847048649
86.7553669933021 169.5975476567996 118.9087236892577
19.98372876219234 49.33613977822156 11.5680700382289
62.40309176403031 24.75831020530234 85.50162305000342
155.715528445756 199.403423222229 176.642376704404
9.014289578339087 57.49067671090354 101.5410490550463
26.03783876372848 143.0497753906123 156.7275930102753
153.3893966928809 82.95469538442157 44.32310158552777
71.83045222603116 172.360502288281 23.57901966290499
176.914211183117 163.8693607490321 20.72686556568085
115.5467999884249 196.6755479136608 44.03067288387103
25.58900977503917 12.89222797411263 71.77506457649469
133.6664809416565 8.147212075336736 190.7571506408195
179.1426782766961 32.49426319915448 192.6015556462823
2.894467491010887 182.155724851414 135.9737948579675
40.12362831584701 167.3819692163303 182.8722465938054
6.275056150076026 79.97155807514976 90.76869281273157
160.8403288112006 153.9714624212303 21.57863073264574
165.5614073546176 191.5530123209552 81.92741714816678
186.7391869024102 54.10916384153813 131.919538875357
21.83154115706304 72.1470795156559 177.8130548020626
69.05370210500078 162.9887659637596 118.7442068169173
102.7533708854169 183.0492755048716 15.80189291706213
107.1346376628563 44.98033317406335 167.4153917071125
105.0719755624783 110.9413993895343 51.79534959245368
46.22032940355918 46.87593654781319 137.8449041064395
144.1840514018651 127.4214668766378 138.6571888562157
24.01201197500597 195.6866924732832 31.24239729686801
12.25375550210067 189.0979100806126 44.89228360136604
41.44655603116705 41.26007518420689 12.06817289053483
114.3446309812863 26.19632745318044 172.9345410714339
81.91579429816196 85.96682898591938 146.7756508217145
3.389473021133554 179.8719716319826 174.6982482970571
70.41036047294949 20.13676201337358 65.38358109568075
141.3947895584912 94.43362228862894 147.466706861055
196.8459967395819 57.87348630269808 159.7557923590905
13.96149124485636 13.40239609901657 157.9708804297373
127.5411302599968 62.5834340165048 24.65162306629744
126.5126834233998 44.7461805469261 103.0964481436877
38.10196501696954 28.07354692649987 137.7493625475807
92.62992732178765 196.3062899712089 95.56861590499608
97.37447333758881 147.5478755463272 99.34150831592999
79.74110301865412 147.4105205787864 119.1429662232477
154.0512129726543 7.634124292303542 193.5702073717494
91.04536912692636 43.62854613824727 9.230896534061218
189.4606670378375 14.6480228107943 199.5048436012841
137.4835064724757 50.35600878083545 14.22480224420242
109.6178014794926 97.44878448659767 102.3721698392999
118.1136416445239 168.5744544803084 149.4888057895005
56.20220861939126 100.1203966303116 33.16395594684645
153.7599654129189 53.54430971730412 118.7204891407869
18.90691138795551 114.8008341749348 79.25313330914075
151.8631081650898 189.9427097788776 160.7453459276612
132.5989549395372 38.13827514598695 49.07296380148629
8.550365821960254 81.14264078617578 130.7040556417646
149.9698836583189 58.01821678863371 76.10676117804343
45.23539558396742 104.744733881764 121.7470913178189
21.39795631311571 138.322517140512 20.47266601525343
134.5468466166003 159.7189775333716 6.364185919155417
25.90169987129375 77.50355244832082 124.1644857649549
4.487506230991531 58.20881821468339 3.079923915535819
39.3911752769444 56.08900458001563 101.086417147931
112.4621174931038 123.5695200193492 37.82009476747695
153.6737304674213 196.9786848092583 95.57748596748915
34.33795505565314 197.7431902520861 78.91883720872183
16.57923708104009 132.8815421718496 182.743654821235
85.09029310650035 110.5085563208481 166.8964382243255
112.2629761838096 32.36993328906276 154.0121101306512
113.9369313975364 9.950904403418649 143.6153524867944
77.24022901487622 131.4852570972884 199.6544845282205
88.09878354394975 103.899167154435 148.2235526717702
172.100743210543 195.7202352659661 167.9807303028705
31.47398207687088 176.8437438104053 153.153536515035
125.6504757982147 64.98902303744582 97.74525643074892
153.167773461258 30.03042373836135 83.07509878365859
20.38940092249296 78.72655041071778 55.28004801503827
198.0317105333025 137.253796226385 19.02759680193612
22.85532919256852 179.0317988269353 5.862771494643438
77.73373719757514 18.9528264588695 41.48257518204119
130.6531980720333 188.0414679409331 58.25699260326716
96.86399791093277 161.6532795772902 86.7787292746408
53.90626750663851 184.8148798476693 59.9623697809381
168.6145322831348 89.79367507842012 129.4791722894665
18.00903780470257 142.1971066114302 98.5238198478305
169.1268174826858 87.03353564465718 93.40903138296983
190.7906182479935 159.5202398421254 3.561134053378268
2.084225994552182 39.79740009592124 58.88374368539728
138.5740551847407 164.2022069581175 97.80246100354906
47.3702819794896 138.4885671201476 72.38634048675996
35.70941760581275 94.16069179970506 6.891988390845117
38.97490170795959 186.4212829762501 171.0415765375643
27.49842428379646 196.8883859775671 1.783938250870186
44.53061019932918 100.9040721004036 164.8043499772862
180.182534614724 155.0808793055598 37.13200273766375
100.6756219949938 27.48711610348511 7.262606290192411
0.1561859175759179 149.0855653093293 88.87665315350399
80.60907967216227 144.2604317178042 165.646389855265
1.026540972455687 177.8975572060586 55.16732438813225
41.93727222224357 141.1193880463285 146.700501558246
132.4712696681262 22.27993674706952 176.5618644025787
134.5025462802541 153.8262935006954 164.6529268076038
185.0858960473631 199.2173705341888 122.4845847566704
21.42417012059113 123.6196944204099 97.98516428412437
164.6109192025051 136.8243714948502 75.27519201537046
19.87536820634464 54.62190321014542 171.0220528975772
110.3015017504917 36.17595383033647 74.13867254860732
97.07404658462775 171.0891435552406 103.1488451878173
82.95156772233982 156.405020245765 179.9321910814836
26.42538413156146 85.88914590732949 141.0903647500785
181.8258822136465 188.8370842376149 68.87916696037651
187.5551848624231 57.23893251338728 110.8767439503971
129.4114888156896 111.2890318766045 164.928369674233
140.673036346636 178.4703295626345 4.225803366749461
179.0172962359377 59.46107155061643 92.2436689157649
97.34348053582657 57.01464927854396 119.7985253363262
104.5319703798547 186.1233848840121 197.2425674525635
2.929007242695476 117.6238334345517 43.6257958621325
85.57971563354444 175.7098398022204 59.06458677643806
14.43012433915693 23.34396846774752 119.3777413095109
17.59696426954498 195.5366205458299 153.0047553280355
13.52964807441781 173.7125772926744 81.01656013820049
117.6958853095534 69.59526113327362 39.67186193103494
65.65480811770249 13.83934463801394 100.5768954120999
91.13039986578168 79.74494293200398 177.0462540457357
181.025198436783 145.4149961486559 20.49401341814194
70.77552724100855 41.63046032496973 19.74038066301362
8.979896898610363 178.7280137484513 153.5361743088129
137.2843793278393 53.74157815224224 161.0364370729846
24.17409103302765 52.7695810669983 111.7861686065052
26.23256872699916 174.1331708469649 30.56996493083591
125.8178357782467 129.2853313206989 142.6906396779672
169.7868295195145 76.68721322733808 179.2218820301246
191.2444653473353 31.85813969358389 7.099936534274164
32.18746059576508 135.5132085479847 109.0766316461577
41.33915616045692 113.0498787653315 9.189398076861233
50.12451208207467 83.70617079806374 26.04253055738973
111.5797253241733 186.8075363355683 142.6853145936669
171.5567876699736 190.1427022925733 132.0590867441897
6.040918781977785 121.0543848137061 24.54827668170569
26.94429112540601 34.66298630356447 1.907559598869771
188.0040111466791 155.3025230340094 101.9437959503875
154.6375594493906 175.916022808921 81.67479693922483
36.0432399765186 64.25589798039796 84.37874483131679
173.5357121008539 91.25111661868503 111.2933238129589
136.4938322053526 47.93100553960458 32.93884530062981
31.01563122002787 173.4803112664065 91.15970464231906
125.5027216771798 97.05659083174508 176.7281078778382
103.4819532861536 47.19236495176717 58.16794898968622
26.23158489928458 0.2438252295877157 169.140255539715
49.33810806371737 115.9405819209323 40.88898047526972
165.7288782960461 68.70987086403021 82.49934795296876
17.64834023545069 30.53805589969167 17.92924136834727
164.3731265443611 71.92756733251157 196.6893870555661
37.22038623733042 171.3807495681989 136.0025391263001
14.89208726967482 61.51771628616923 60.82214234608924
45.27390247236914 122.7339490471006 141.6660051338725
170.7580648501651 147.4688408665501 51.63300032730348
151.2357685630081 99.23918064410942 34.9797495456824
131.0829318581769 179.021781973871 41.57215149900458
2.911204566664569 63.52223136488992 134.5513259380091
20.37968246041894 67.66104898574835 6.973605286027794
50.22827750516736 2.89498600781195 88.6570757282902
162.4879684351098 195.451544447809 116.3540515958319
41.99759555945283 104.1698549547258 140.3548852016468
111.1497147270434 19.01787707361988 22.23863614186997
43.27389075267145 197.4016764618709 185.8071446944635
111.876654164961 159.5640108989753 100.8836927594508
98.15580983508396 180.5054210611204 86.80133725064253
114.1240632522281 62.75953460601406 56.95315723990849
38.72019186825 47.46663386660813 41.41446140503016
57.6022218076587 106.6691806048925 86.62414320805604
49.77238629799512 32.75617187908227 45.71784238851034
161.9264812105497 92.20748322774679 149.3244989446867
105.9094940826995 199.9112916692627 82.60661523396996
106.014428027791 127.1517625909549 173.724818154559
46.30477749379043 193.558525767322 129.9563706316465
39.38633637794889 28.00699543736332 171.1418479045665
167.2232534481768 184.3497120570826 99.31791748693212
145.5784991358748 115.9760096842656 41.68455263403683
77.95020794285564 5.621676223771907 179.6469326148749
87.79427933835426 107.2712479600458 78.77644595539361
84.45071127293139 146.9061709372421 85.57039855356639
114.7340114452914 51.95267113596004 89.30493855239362
154.7288179099209 26.68838440871989 102.2531062550109
108.967894153194 60.27137111960083 105.2614183380247
91.71290020303765 39.24611509531081 116.6938988462642
181.5163477485461 155.0476925583798 121.9008126977305
6.53679615969029 44.80557622475892 180.278453163716
171.2965756956509 153.6745279398755 5.841439224573636
112.018304350839 113.2336533820065 90.71534649922204
12.64464067111355 3.346884296949252 11.93205292830952
151.0090062641026 77.01322066079967 177.1332160155361
126.4381059476662 157.7089110603002 42.06349983435212
150.7306287348192 17.58988219209921 177.8562573039093
74.15247330717347 128.4594462587297 78.00002631369951
27.34300957055826 12.56279271885846 140.0206616931326
134.3804053467659 137.5059908489698 118.7555437670736
113.3359297711215 30.34582777035518 92.58953762244064
15.23330528809086 26.53411981625329 61.75861225991975
88.46819708333753 80.77411413066837 196.399711335254
93.20458475248387 104.9200400286352 96.72808345602246
128.4971711469766 55.93996682995881 177.6204240816496
108.5149843735191 12.27250424330934 161.5678719956218
98.08517002305157 177.2059520979301 181.8808161918095
88.71964113332309 64.51008834394953 77.81745176075341
4.957136920156604 70.8517004442128 47.7361080496368
196.9493082137568 39.11591641143183 162.0394777364097
98.8910784927152 165.5203727858865 0.1676408303026006
74.47175647813815 114.2648357919558 90.46871219979795
116.3871002084397 51.18392311867395 152.1517678482205
195.1947857634499 28.51513154045034 72.38630106835028
67.0943583389997 62.14293000863802 158.3211676311423
197.6996487138614 125.4742615736419 108.7568367311163
9.974721669275413 86.66387369800198 112.6883069334652
42.6341425392201 9.392520204005223 171.216557246269
40.64129810673162 70.49527896973973 35.66643018376426
197.2050358976684 95.39555190517277 125.2897192105835
59.28376845039255 136.0509885362035 86.84979242932505
178.8396133539665 3.984819605708296 87.04688328593188
196.2479586331547 17.41580293730226 87.78351986652814
85.36303628415135 49.81387429084916 48.89694389929413
54.88769731115597 133.8184259484942 28.05629128531362
113.3143448767159 128.0330466458444 3.616618721117202
77.56072322027521 32.73344818794028 77.5191783209487
70.41275121308932 110.605658450487 72.15626016571623
73.31915322415843 96.43576656503437 84.31513025355346
78.92822974358512 16.70481357262875 134.4932528503865
71.89324805090872 118.4586472498424 149.2044387877749
38.17128235721585 64.55121493742699 117.9377570728456
20.04386823228634 156.0984379330361 33.52948025985636
68.36170869301422 32.28063583849274 51.05162391216986
135.3693654042821 188.3994801742276 151.6550314795398
75.85442743455467 49.5072374280106 117.2134131699811
2.519640072410126 49.70554594658717 75.09010712620223
26.0677784316995 189.2949383110369 184.5404427655215
181.8494666219856 129.5839350787327 78.01060027856251
197.0177074617189 89.38089148249919 143.2022605303628
20.99309036105599 149.3444198540946 116.2740251929357
121.0402330194692 69.28261117565386 188.7307898910307
182.7698354052131 137.6741983645205 95.0628207637232
28.22191987495243 37.3079788781501 121.8674215186312
180.2917249579426 157.3266837260801 188.0027708584077
95.52418908095439 99.48005280354705 63.3944535076751
193.3448818925981 168.164613374131 89.17223092827835
114.8652037826793 78.19849800259951 106.2203755140159
154.1801453332876 190.7715517033508 9.054648629025452
123.5973094632524 1.15422784437459 159.1243911236331
88.30135894029129 43.57940998733628 168.0383752062657
77.0182311089829 95.76374707326403 62.50416801092609
32.40291407360289 73.86657144415811 193.7830449530497
136.4817316007516 127.1452725387078 19.60408729575611
135.1245944244293 18.82531148409834 47.14692926499553
170.7059252390038 109.678420746394 116.1105078155482
52.29648036022791 98.68682768557734 14.73139552301096
32.59453886167655 5.694811365096502 17.70595489372169
134.5656794063001 111.785041858995 143.1349224241038
152.329831341949 40.61791742567249 4.814759738896821
165.5488730767871 191.8124827131512 27.78008658456248
74.85662302480982 64.21772205742749 60.51723088621992
8.575969556727546 119.9851791762291 152.7654169457065
37.82045118665924 50.26051623380791 60.08165679681233
0.9872723864500574 10.59483141462526 185.0903203154708
54.31453930516275 12.84460386122912 72.07647893967656
164.6929671520746 107.9756496629285 13.73509621661132
58.72686686705271 96.61874051077424 67.16947158173234
46.05378974119333 70.30198876715049 53.76927452752103
39.12696236189606 55.47785740849486 24.29721000572523
6.420074120624533 20.41458886890925 5.521279022213051
15.17445890728933 65.0821287490707 83.27507338809716
49.9641521718279 108.4008143520218 103.8212596708903
198.5922257908163 19.63620662811912 56.05528307031019
174.5828862743221 123.951217475585 160.7640615696186
18.91489447696859 145.791927341289 49.32748192154975
73.95757459603779 97.53688671831385 125.2638472216287
169.5749821638106 60.07449815617736 126.7401858712093
8.67455102894319 141.0190461052569 34.18088056910905
123.2122556667993 36.59611164693781 120.409947639543
140.5425033424735 48.08400032990997 63.03896261287008
97.09874470767777 74.42606613155586 111.4347385892873
194.3618528228675 66.9387100397292 30.7239623228423
82.31416373846405 27.96400067371371 176.8356736046558
194.9168749557181 170.5529106235344 188.7852421315098
102.5509230911823 57.32881846205633 140.8435877626934
136.7608288596263 25.28565356192071 127.1749097980442
80.13206594253424 180.9755818004405 38.20563814854752
168.6033853526604 47.64276634916748 81.80613291433984
56.44204081459289 30.19162623550021 15.18283956575078
80.11047225585912 84.64258223176347 111.9799523839329
23.32233771450514 18.37041814287685 173.6156264060426
103.4197299509767 159.7972242458681 140.4422900537692
179.6401609868961 26.7296534116079 22.45394190596154
118.4740904174057 49.62216916620733 192.3411943529353
23.60421126517694 119.771574171131 17.63254502027073
152.1974920171039 153.156557833834 4.79454848031942
49.77973317866985 186.8543313341135 78.67915249091998
118.1488535038229 51.00788750675358 36.26499516387928
8.494529973076554 38.65319963046871 1.035064597692558
160.1667940509562 57.48926566484914 8.130763042371523
32.10422247699487 67.2229323310123 66.13805416825846
128.6043412709075 26.28594567649533 63.23738032146306
188.1775030864585 106.719568588067 39.09061290644451
181.3797822972865 88.01784956219861 54.8065882976118
151.7690721786541 83.9066810798171 135.6943609191765
21.89890493472915 86.30320590884416 17.92098104742309
35.30015513806481 58.34363454475316 183.4051016531271
28.53214456158246 95.05418153494668 108.2982972280822
21.58268092172632 49.618102495727 74.51000931369032
132.4521316819618 131.1251764513558 167.6136586483676
78.92195475254927 79.66569146969994 72.21504865005808
76.62343308443445 32.3548824793709 144.8296743527462
165.52368904837 72.00756596866468 140.8199116550876
167.1418579162672 178.8307349613817 161.1088059593159
130.4139783487325 56.90533827220484 49.3746281173116
97.52987994119189 3.859656976714219 115.0696149364134
193.1110856502306 46.58890648280629 193.4556067564505
39.48032650848708 181.5469034494139 195.3629130838722
126.5747370283054 197.3043442134351 137.497431683277
36.69727653535801 16.88337311039426 188.466134599718
195.3752418314051 199.7442162249852 58.93014816003932
177.1299841662094 73.93546816823138 68.36472743321181
6.684256307022155 27.31411863858471 173.1307048914086
115.7687167391663 2.954253041624543 193.8832214305842
184.9120267802085 197.6595395155609 192.5942168332306
87.57605497620663 81.73521874989184 55.27983153199772
51.87806209682752 68.29530238053222 93.86622585603399
120.1495582261871 165.4399030394791 168.6773939036702
170.9290098191689 4.202364898065283 67.38643693912177
149.6599004652057 147.9419698829499 39.69836381136284
70.01297137296494 100.3828239764088 144.0267738438225
162.7159542266194 161.5921771629784 40.23070237336556
137.987181580834 4.623790083966367 172.7021077000292
63.83942188335148 79.56688684713329 60.83153466682325
124.0206917071856 33.35972550414092 32.92868352963978
166.9662654404836 158.7106359005203 158.6425607157972
52.27034808061329 42.48158582294835 29.22354759793598
87.97917522026628 20.75723684200566 117.8303344755775
12.44148637392746 146.1962583713755 67.07585769319782
125.0757319148121 81.18098892902223 157.7066693495746
101.5990177676359 158.6399816501745 182.0126722534798
87.16023420325075 128.3988872484115 173.5557149212434
27.58823565075072 127.1362079441698 146.6566150126905
26.81296787363145 9.218602580538501 121.4308162540411
91.65879509318674 30.63478718320669 133.5135324775055
19.25374090482994 6.609358361892205 187.8344070318535
106.4185765509868 41.26284637486251 128.3881001034318
92.76576015847155 165.7849463356266 44.68038023796642
4.143393546975464 63.250801056069 176.945713127962
15.7014791077285 88.24636905839378 170.0467922960133
80.05356691444082 49.82594574282919 152.1928156230063
21.95502752519259 126.6653918086139 199.7594995468684
144.627160639635 127.634537350501 181.6372298554378
34.19197425155748 156.4200953719512 46.05146791551782
49.94337454673677 60.30660655482528 171.6237635649402
38.58891462717102 45.71502462682157 81.76429033709583
85.60216088412039 13.06966359835103 100.7327476359007
134.9398584406139 199.4322693156057 95.2702755230831
199.568349142049 130.2750845495102 90.57698011767449
0.4806465008271523 129.3026006111464 127.0510312018072
114.261486134137 189.7200807689528 180.3227021851193
160.452236702453 8.847118503376107 160.9751929334524
1.824082795157821 143.9869551986579 108.1101439341253
160.260947077361 70.00358454258618 32.40152493838704
78.94915555034669 37.13811124694457 36.17460944301282
178.779793382153 84.79318706545102 145.0471127718127
180.1617640450448 15.52236474410948 55.39950475402897
83.37879887787409 115.3554414819372 7.349660752268692
127.4439360744789 147.941510413823 25.91860218090943
151.3016150423842 166.6479009162364 165.6206710096456
3.785977811398408 24.07136558405182 103.7813638820507
82.74872156649897 158.5053203833621 104.1453717514745
73.87981704021631 45.14063327673539 63.75004943474935
51.76738917484531 91.33879781103157 150.2030883396003
189.6323020364673 69.40600206523006 146.6393415958648
6.693146339528639 12.97600327947739 71.77454769429586
156.0380531072076 98.14723949528553 113.1232444918999
184.7186237740003 16.98332889774347 102.7543658874366
54.7781112341576 41.32075760804452 90.46321095971966
29.09325557081249 62.26371874649544 48.15493895650589
36.27850391323023 143.1076135522451 32.80382989580965
0.9956516285250732 159.8505068181063 73.36912140494979
95.33325091323903 176.8671888508008 140.9729074129053
44.81022685470368 81.64505119148949 70.40027971154069
177.3226512632745 199.1749047614718 105.2573860444482
143.8283189281765 24.29764310758568 161.5954068596522
24.56049878498093 15.46007986973486 3.664164407894035
89.67368929072506 193.5403143000112 188.2282387417047
192.9814682945905 96.18760457589575 24.15490789551689
104.6134243741076 114.8054430623459 73.40179971032809
166.8863623160064 33.71785964571929 173.4580564827392
198.1758585033941 23.05753033910466 22.31777881150633
125.4660582389923 40.39831386080168 167.3084770861351
112.844081192195 31.29235985219067 54.09273974275311
57.13265678525394 76.60041773168005 165.3068034069471
188.1416159327094 25.95405917993065 39.31217869322077
75.14754767077511 11.40581994456671 81.45865882295539
116.7449335667327 163.5151091511597 26.1665389753641
74.3110540964668 100.392950548678 103.2987806723334
113.7026388705814 86.81283133672365 49.00092405790964
99.79582367840382 144.5112142012991 169.5949626423003
161.4956757233469 125.194514278512 145.8968451597968
9.409425439190375 86.60267321879321 32.09839770588169
54.32174532177881 115.7174732070556 22.66298046749733
14.5530252379133 131.6528683348511 114.6609323754556
194.9978938880685 27.27214042292522 147.4253626600423
61.56406479800091 131.9487440908919 139.0615939238227
144.3800323793641 31.05406380958187 36.10794925420611
141.6217361451006 106.3847162505249 179.9283166892339
43.51148770528651 26.41321059239365 119.720140072281
61.2577231392432 82.65816538336307 79.64951062711785
194.5236076759668 1.473524898232384 97.78021240277083
54.99875253041088 110.6390694098709 152.4460999950518
32.48759796285903 116.5263195257121 129.2146619522684
78.9089116899074 137.7399366562127 143.8241452005941
36.7587889444934 131.3332581858785 10.53614934350738
12.29386609164095 105.2625565300989 32.82931197953175
66.20678162456863 92.51819699410942 47.27722218587613
28.30055918798826 5.449960366374414 95.0806846836911
134.9665950660012 41.96502737151339 197.4818063898042
105.9588422626842 9.244067884299008 99.03745884205169
168.8724135947003 57.38824902872831 108.04921387362
50.91244382045891 152.846419443812 84.63302350176869
15.61335993151987 134.3885795176311 81.48381571361205
127.6017234668982 75.95180797228588 55.77639230454275
10.58393618083706 5.12749659322246 88.51787096939728
136.2751367585313 169.7162578627969 154.5816095072961
59.94630674900134 75.43374346613369 42.03356128436831
187.0761653743342 116.9986661360335 95.62725051243602
196.1377910805333 26.22502388630804 128.5927781560363
11.90876914102962 99.99715785674361 136.2300051500911
70.20281761835712 128.3462639413625 165.2185857736381
186.8381638843205 180.7550659347708 126.1072388564595
71.11602261446662 129.6824108121438 17.4388224829083
157.3067892384521 41.03688242451518 68.17432399803489
63.46151855744636 147.65913311585 128.7339770313324
161.3113483770804 183.1701420772821 65.52951809918235
98.41875270403987 19.97907645415329 147.5777091895075
141.369957899342 91.801483022651 167.9139304703171
170.1518950833906 35.83296039108294 8.882917361749492
73.20872059351134 79.62993816056968 131.2482939067062
96.43070329665983 41.11589615016783 148.5143962465457
123.3088217018914 9.876336942277547 11.02864417152284
33.09336611963793 179.7021147656047 73.43874795932751
134.7431525125031 181.1486665837664 90.37350061038586
131.9027489947342 78.28925632065436 138.319577466342
88.64003849130364 75.32892758824127 14.49359862929613
27.01672686186918 83.61179147445229 38.27151339676873
139.989573966732 92.85785653529929 102.6960737084355
44.57353761319189 4.87222034577664 3.115327847219378
165.3201157449615 11.69775638469674 97.76187596470912
199.3153236868515 133.5117253181445 71.96154604692732
108.887308575693 41.79823668698589 109.2380205110105
197.3762723604505 28.60510833647612 189.5244378197447
52.73756937576677 60.65510077274498 190.3089828511826
30.12527682323566 107.4179217571124 93.64130455720803
10.30226592762905 135.2775482392051 163.7299800245858
166.795132781516 194.0555310288654 149.9214836130346
117.1377680966007 17.94707262108645 41.42237853730391
76.96048853802358 1.10529423791921 12.98690075674521
129.4243210405009 189.8953364480643 194.1044517705921
87.21654222131166 49.00094584677875 133.5932285495258
175.7326379046016 26.20954482277656 83.79217657976976
66.83477460109641 97.07445672771141 166.2332520298804
198.7580997144761 159.1729265072331 24.78812147540872
121.8121160614203 106.1710604841006 8.209082024768705
52.9062450983181 172.162769568054 160.2354872546104
77.10914391013762 180.7536253045997 153.8912034849593
131.7103143390012 38.92444400101598 81.80651920881922
98.42096486605634 39.96460948587188 188.0063214268505
57.46283419305298 8.585689123341233 21.98903962173321
112.3728693858802 143.7837271758733 82.75776012107416
71.6745707670711 123.4517779543628 39.2323381640258
24.48201517602192 56.54176555977166 134.1435060961297
58.40873149870707 187.470332030992 37.89728791762685
153.4012963409909 181.9525129653899 44.30989131112111
67.79827000350814 165.5429688369062 49.33611588698508
198.2067867352754 154.8982536220196 50.88941673409887
71.80402782427754 150.0175772173893 27.44774992510826
86.05865476546339 56.67023256264724 27.11577766815385
23.19046347399533 9.29793308631014 49.35944874041909
67.53071779340904 148.5435530430644 69.8179936857882
134.1164703687697 86.56472456037029 195.4020011244984
193.025157139788 95.5652991560989 100.5362696671142
119.0957742443558 59.84728363090861 125.5431096695455
92.54113149634358 137.1066616055654 17.29469504201778
32.47528868608339 124.8903842190315 168.6848331227914
17.82905244226288 167.4617626368458 187.0104631407818
107.8269943500022 145.752737095184 37.07963250485816
193.5572187549687 42.27140405960557 94.93490757322395
176.4226826168338 194.5579672784191 47.61277126262632
183.6641948085819 165.0408246151823 142.141524011014
123.5394514870872 87.53911116019138 87.46687526957719
82.71638450004485 180.5135395113504 5.4347496427339
23.35198395376316 85.21726055927854 76.80408214146915
97.64147803662253 79.12245527611672 34.96275048282313
97.13222885104581 138.4317620376082 191.2762859141768
145.6954748346882 40.67333661964735 177.5472596236888
101.5027683092459 35.20697564358476 34.84962663949183
107.1567987130046 105.3555865108667 166.0619396685603
59.74014842288693 53.00998934348938 47.86564894488045
44.88718767429908 148.2477171956602 168.2096393795412
5.997591547703096 189.7021604381858 195.0853558686979
12.08146605736578 109.1164550404179 115.0628966258981
86.41022678312028 101.7673077184397 42.75759866679721
146.0949374634966 113.7175106251758 0.9142419678483391
151.5133602791155 110.4452758229758 159.9318728504411
104.4506313334961 88.35201340628127 145.9675996746232
48.2849693785884 162.001115521042 29.18777300514493
146.3321996981039 73.69568084707241 155.1960632246612
79.18307208174801 154.4950301330774 2.210742113807886
186.8288065841501 140.2686937867156 150.8670105826242
144.0941922646816 62.19746202429364 192.8437817031769
167.1095486036249 172.2834211061542 118.8142191232279
5.393404238089786 7.286381556333256 137.8872823933712
39.81871022042078 22.90307223129381 86.31751026508211
1.811305137857512 93.46179345125765 187.1936533100493
166.5333957739535 149.190531212943 105.9219298421711
115.9457626493066 146.4164917165008 153.7923604118233
182.8379166212205 117.1405265584865 58.90563362809084
96.00241869850036 20.29612901585027 81.92334820535676
34.47337615564864 147.6551009163713 192.5211955714803
179.3717473707314 10.75817962811562 141.1471620126109
107.9868634131458 10.13320830199686 60.64168103232976
96.32275056702618 96.35438494422614 10.88260839710157
142.0098466890232 165.2693317290477 27.23105209437006
58.36362986962004 170.8121408327488 1.87195790011381
37.46268133435055 25.36346532636497 27.880803616231
145.7047513992129 73.78094305005523 91.85375728661491
50.09632396327833 98.5863273975327 186.6631348906355
167.7917727209341 116.4595862015487 37.15740543028612
10.27421146701489 147.9246698664781 3.203319975363813
95.35931983644835 124.9081263018117 152.7061558308488
55.72743047428222 61.87450472092574 72.46498141011307
144.9063261735886 9.414921817883338 113.176236666946
180.0070268335163 153.1173223489837 78.69055114715771
89.78697215120596 29.12466579995483 57.77387991058701
35.16386346810066 80.54991131440271 161.3215572763109
52.51863547641204 20.98827628346927 153.7537997302116
82.3600687795409 22.13860792941657 19.5156230250707
155.4290322148235 129.0777050541965 119.0370176579424
14.86572506976151 191.6947137204331 67.26696125980874
199.7012114619383 46.69315322656022 22.01768690681999
163.5111993566849 133.250042884693 12.69363616208942
10.36001667904278 30.43745743035612 39.96052361798398
99.32232130709389 4.53329689868447 9.41271593407982
149.7020860656633 195.3792299339447 135.081028775035
142.5692033603384 159.1603184578676 185.1622219274624
25.00956008936242 73.60416310540892 101.844295846187
46.29673769501755 163.4699046616562 64.70100611904292
119.6243520322684 25.45757517111894 194.9734687689088
59.17415069969029 72.54400615857524 114.9087349036803
47.28742896999887 124.5938362401301 190.6012458190736
24.53822844495422 110.7904830905027 51.09571390303118
4.186338305552204 189.8252663161163 114.6654531373522
87.1742334035942 57.9240110795225 99.46057053844187
189.310238447778 77.71628354266393 167.7344981980737
144.9537251569366 74.4493741718364 16.27361921332279
181.8196457639834 94.61175403577452 4.479450896544033
105.440227847298 117.5592419306016 111.9800533344898
15.93401276985453 32.15787927044575 140.2161291362811
135.8262469944279 138.0691442507207 199.7437081271045
144.959483171387 157.7835797787331 118.5915250104463
57.52284251034562 11.66034977191861 48.72924980148152
60.59219541903646 62.71547932469571 23.27130829312204
93.59984101110136 126.4014484237037 89.47742172565378
143.1703770634629 130.3163111963881 78.75661981574646
68.33476261498168 174.6226660678122 74.17780662489932
34.25889660413925 102.4563206198833 27.9460332062216
83.99357590069509 117.2952246709625 130.0624531575265
132.0548638604483 134.1065426475769 43.27991452171486
192.1958270616138 12.31235786362165 164.2323449296771
199.1717071449742 101.6204314532009 162.1688639663578
60.86465259068419 20.5073041251824 178.8514565174771
186.1416989183654 137.6618394771 199.725055795876
184.5690358288273 180.8969913431953 7.858558512146153
123.8450244921645 119.3675834060951 185.3716162629669
188.6918558508632 188.8110027220717 152.6041059271738
119.114799355435 169.951568965797 190.9219021615541
1.656431382251257 98.16160215970227 55.19236249144009
156.512926696827 156.3573634427359 66.87141053720336
97.08279942445037 112.0339065622813 189.5916566813294
76.8365329481165 60.08428251099189 2.558047566327661
97.17062758615957 8.362114906130744 36.56462147231478
75.48538209432589 177.8145740655427 180.1310199270919
115.4792670255016 43.41899384615878 13.94516756734242
72.67676671687762 86.01792335223955 26.53896108894382
38.957601880963 106.1958220912404 72.79268139318805
168.7955510334031 19.80550524109016 118.6512234382097
126.0561979017504 128.6619782012524 99.60690700100268
86.91301339677305 121.1640321985541 60.73602498680167
152.9377221754121 10.64587752145477 27.11522994244498
95.69444182391695 63.96606177649148 161.413365878296
199.6879104770344 75.96204066172889 69.44464632300924
69.98243335059607 192.7922906018906 93.33469745052564
59.44324521766003 175.7297895684958 134.8508007460953
108.5311958812058 88.19525940273158 188.8780662453387
53.28031280404014 172.4279425342663 95.81968036852781
2.659102104185893 151.7502517368032 129.3988926724656
84.75831888860135 145.2519145888322 50.01538726145181
131.085256802215 149.3298905133201 64.89368147962362
45.64837354891902 39.12135543850579 189.8878939559787
1.258863521022931 78.57084779137723 12.5220201433864
111.2831599532922 131.3687333293279 59.4254903205315
132.4801594793061 86.45080673870321 36.27896052552033
108.0228721865012 176.7444315436301 122.1831552780987
139.9900497653133 149.2514815297375 143.1333698184905
16.93880605652372 65.4019761971141 29.27176902673311
46.56977785068931 5.769556034573537 110.8501516538131
175.3849286373798 36.90818081919395 141.3720158099666
136.7340743354166 27.70711504899609 15.02473499845818
154.7492439804504 107.1883025881149 133.8784630086647
105.5670220731435 79.94435168269904 69.02067194745429
165.7947347877484 27.67303195347688 42.7513154288166
7.466916934523208 156.1814608851485 155.4135518006093
120.7362043932121 101.2449133204896 65.01434493527799
90.06948190005765 83.0387411669526 91.67133226537386
184.9145587064179 117.6919156893226 17.03085453112869
41.18788019291645 151.2205347582083 126.413855540058
57.55271708469355 148.3195433701617 105.8366089603327
133.0828648895233 37.0341612092806 146.2179225166501
167.6769187058035 51.41111831060518 187.6165865892713
52.05365166928429 78.70928207400402 4.008364664619262
199.5250678481812 6.41306235436261 37.65828529874836
24.44910870782408 103.9092085066688 154.7125419678775
96.3165581275975 193.8186506993936 166.549292626792
172.2625494276997 4.409614854440046 10.16111503809417
144.2146572659172 194.9401607739719 75.07034895626745
132.0823147540429 175.7458549528719 133.129041287069
172.6479092499121 13.52461849254864 182.0118114109886
80.1960395734321 159.6720534976332 138.212063481879
60.96579249197845 196.5197066819194 167.6963904196986
103.076066859458 63.35263458093181 1.752090827923794
97.53312952414691 139.9980851192489 131.0872619722376
162.0640404489762 99.74828410452011 56.84962711803766
156.3657119556121 51.97032161272496 47.2697117810813
106.1785133842812 157.2834886970846 60.86634266698378
165.0136347291925 114.4080277944149 78.67177577167379
172.2161270160769 90.54675160920495 34.22025268080212
112.2083411735792 111.9769836927777 136.9378122104248
144.3085051087356 183.0697593122877 110.8420249060227
74.37081311049977 33.92096845037841 197.2221898587639
24.04229836838774 189.4249769306509 132.1415292680668
179.0453345912497 40.45482280623016 61.74859807555171
19.93083181934049 166.5554426542016 60.47538815723242
119.9338307094312 153.2465287245091 126.3512837647519
34.30397979683882 185.3045997235764 48.57592160537362
107.9072487874732 183.6807998678353 60.9702577661218
71.45316712130243 115.9615070236265 184.1724125041685
69.58541358978597 77.7210290747587 184.2223242114527
113.8754807561562 150.3675498885375 7.916173173956088
10.90364850832516 74.27012840652188 152.8474116004421
75.05855764268532 2.12537449059046 117.5623317556324
65.87818533388622 141.7932657423075 182.9574062904392
94.22936938170007 163.0425023133539 22.22012113940466
154.0023517830454 52.48481910139321 141.3701523064551
28.44350007380714 153.0847990439029 81.59051528148306
187.7183760509259 133.7686345850649 38.91808130916431
71.25988900391673 96.83014968969808 2.438301407489526
127.556818960943 64.19264448385546 75.16454449472853
11.96325729556141 163.8645161456776 101.3811520094007
4.501791675863627 45.7240907452236 120.5921595985163
33.7667522836667 173.1800277666134 113.6650334566836
165.2707316034477 147.1810719580037 135.6260204089542
64.62238009637196 0.7140519589712915 141.8288681691043
55.86639468775807 143.135649631974 7.408002864629103
134.7609251560547 182.1919621746823 173.4558099145997
157.6083988989653 75.64281971296272 115.4028846092592
115.5148289115842 188.6359505690272 99.7738969122563
161.5866126750257 172.5596624697024 197.7556611801531
117.350154648682 169.7258175684868 81.36519503248957
177.9302437099365 67.26440724043317 46.34692487292416
136.1377391125508 190.6767371694819 22.78993187458016
142.5007387653012 86.75312552915709 69.0251367066701
44.04545020785368 89.54209878366635 92.70764572629231
171.4311771964691 116.4841609505493 193.8257042779074
43.7755560239741 92.63795904301513 50.59316576710584
69.92044807620259 51.92648604559615 178.3632713608703
9.388634291991441 103.65505557601 10.39858349424382
53.57378461505844 35.91792368314857 67.84795420831249
151.4612446031976 48.40953972825958 96.62935933487233
199.3078345145772 147.7714948662317 179.1302979709705
159.2883474380359 93.19428061486281 190.6889211568113
40.14916874373809 197.7212272731591 151.4171126746238
14.52465369013665 30.3220324694755 84.10289071413658
155.4236119439539 131.178884523083 55.32778616121138
153.3649369767988 6.835889818765676 53.28891679883399
162.9959823771648 142.5748070134204 187.8950766793183
52.85053478441361 143.7395105176327 48.34273907022138
185.4124155215758 167.5655787042076 168.4152529000961
132.9333126263529 114.1714066964491 120.6442746392141
50.2394329901977 127.206123948433 119.9972900410992
91.86765463532016 199.275717809968 141.0487568802903
154.7466510685072 20.37625966016964 142.1134326493475
184.3712613841015 96.64657310059619 75.56105667576155
41.52119668295443 184.8513897942971 17.70286024052063
5.629995453153172 185.0355406556863 23.31974633074134
98.67723678623521 13.85912053108733 183.7271713042653
123.9111346227345 13.65037144904393 81.471524274796
66.72622755971206 58.41878271975259 135.9593399030039
119.9581292722933 145.4965316696423 179.9243764628453
176.7957478339727 169.5193954470886 56.14010790601525
53.36272768480543 46.77433876053878 116.3246107373776
187.3000970911943 68.48394142165604 192.4415334956896
147.897219650943 113.7556102999699 98.83291332847361
63.98972628109706 196.4476254026611 194.9797198747409
173.942933261159 47.99080803028157 27.90344539463596
178.6155204159258 124.8076000171532 131.0335379739903
117.4516826655606 81.03093037644155 15.19369950409607
111.2647360014416 101.6739373187602 32.04987821788893
175.9989725952541 71.60005472751196 16.15483488193968
45.24960916803518 73.79925610101606 137.3940844032185
86.46019585231417 193.8311688927238 72.66568255468532
79.50675154461332 14.47135139742391 158.828396017909
98.79806880768456 167.4696286213789 161.3160031380943
76.41200831758617 33.79882139283006 100.8699545068658
156.201537560819 170.9498080416398 142.8785353774815
185.8902005509921 75.74613476081817 125.1922231697546
