3 1024 9.447778000855555 0.6492949999999998 1.4 3 1 200 200 200
173.1333022572831 174.6909568903904 77.87651903422356
58.3310591253695 162.9820209130928 180.2035525760014
121.8888484156338 191.5090657753983 76.96056581888462
93.37925451424699 147.4782480934781 152.0458135056374
38.28733482480191 124.8176723454897 28.35830513578425
19.11907702906068 169.0471676051835 140.7820464753632
72.36955898533292 68.82260168110481 86.19331045337053
20.76352255753958 189.1958981488346 89.00011402443867
58.47322936589018 47.42599420282406 6.607813276830612
40.64758329401517 3.188556342797907 36.13756534948363
152.4036816925225 54.46104677455283 25.05697347410348
90.08845831706439 134.1398827831449 110.4588786485875
73.98389234857872 32.87072927884151 126.0058598122254
102.1597507710009 58.39396857703654 42.96542643919515
156.3181721185458 55.20605807663489 163.7346492320118
80.92598736489916 11.8992077242899 197.827278786691
160.1461468171844 75.2251084092637 60.17801245896995
72.02591868431021 35.488327713029 162.7996757337101
139.5847780131057 101.2540132004933 51.8274179607123
98.99584990027836 182.0576901411423 37.0401410300778
133.9408932019647 149.0784907832587 87.38153320151905
191.9472002354044 175.6439221736397 38.7337109320199
21.63768887812455 130.4490374184227 61.91160831724778
89.98129729541576 87.96921406014339 128.5181643127614
75.56816043335934 1.78266697560551 33.80902106519639
142.9949989407814 162.5412433831164 49.70792748987756
14.77456576669623 119.7303284645115 134.8543484007099
6.286341433235461 169.9915668499734 6.297652608158819
110.3582253597179 198.5501002297369 127.8684530838956
21.00989099291695 163.2102433048646 16.00706772940837
7.799138313551759 198.1302941997689 172.5761609194994
20.8647943970617 182.1701532345009 167.7929207552237
187.4484208457052 112.4321160793167 178.2379226577535
144.6521333387884 141.1510083134006 103.1162116746061
72.43001679662893 161.2730996301567 164.4836172049982
72.25846062910233 130.435094925298 115.4994572538752
59.09179970800976 17.64356431282044 1.216650085930895
82.98154329585518 116.9557856735744 107.1062517827497
173.660875514822 61.31222149909264 168.0920585685428
57.1564905787436 92.35709790341083 132.083760198794
184.2926438890639 193.9867326538307 26.30725969201199
72.0425607838535 188.4494256407134 55.99079333895716
112.3251816764009 170.1790778518956 43.22636851074431
132.8353797432412 108.882114168742 82.57418527748453
145.2040479728211 109.7546286927471 68.24494945660118
109.9981504951055 139.7491830961903 111.030646913261
21.3907924137348 148.9868206249444 174.0049687442317
2.974852666926008 184.0197803875544 92.71670616987407
109.2008989943643 70.00252019670613 89.04725515020363
107.7953389295563 59.07341365912714 179.9396228349222
88.26546660720904 191.3043071726469 24.53410501832161
90.5726171480085 186.6440824236161 111.6750182232027
108.6709729220659 62.276972567514 24.4341336657641
108.7681578729512 81.62854590899964 167.1733340560559
190.7279658382031 44.34778722286876 42.67300612281757
147.6997382023017 132.5481217862959 156.451640355298
158.9205979745805 11.45493347242631 79.96409828115117
100.0478539143555 156.5175356625974 115.7140739498775
137.0783074138717 58.15071131329506 111.1461024340384
196.185453433876 73.06965284967436 105.1338327218077
144.8791396122814 144.0619130192789 19.61628411120543
123.1323170228251 8.743339395849974 106.9090702922122
10.45806591513268 170.8079575087065 40.29947833673764
198.2473044445014 11.58184950177347 116.8151411433637
141.5786027126903 65.63375053835311 36.86370861253518
14.29047834366682 8.747704465601759 107.2429852718663
151.2995081794812 130.9598083397901 31.62274029003253
4.134091002245171 125.2002502481839 5.752458386434399
181.2143662783201 130.3909343124596 178.7857661278441
132.1728761259316 14.71249003382171 142.1364381752115
35.47732652547106 153.1249689686412 103.1251613981352
61.1172200277368 110.5223956865687 54.57669550225431
188.7775142838366 117.6856669746651 149.9821807258421
93.70284973873811 63.27447445007631 59.14267438482036
64.68755453002262 55.19972605981911 98.5851871889202
81.56544549648865 67.3453507750196 119.471456558437
46.66835737611319 122.0466157720437 58.50921815939751
189.5815402235273 110.5997528038782 117.1070526033063
174.8031540290889 58.01835610504678 149.5209151016626
13.60270210787072 51.75482747364116 153.4145358282762
53.57213741508691 116.570452121108 170.2882798105728
24.10836296987437 105.6779808845305 177.2975583731076
124.2647543560088 174.2584199685779 12.55358638435712
6.535849632537929 112.8946444228038 93.3612046741966
12.41244797550801 113.3443114863147 190.0884564121665
197.5121981066514 112.0741779992259 134.1942602107547
98.81095449102095 41.76782199971266 88.58930615298122
183.6764357055593 185.7837760691881 88.9595470854758
132.1190972512101 74.60013951871535 174.2250169519962
171.3987908004137 109.4143631369938 149.0789988528515
20.37428303818963 43.93387605468299 56.49319741587276
54.68326105844945 184.9342452177333 114.6425020641527
185.5800723156888 31.18607692455148 174.8453370675283
134.2817837132559 199.4275931825158 43.56954322556916
139.4225739052615 165.048559975736 78.89919849828289
199.2606116825251 125.7450531104586 184.5845641296397
31.32699984242173 30.44040691670626 49.07664094837368
157.3281398369123 33.51242344374899 22.51774639722425
18.09962114393788 13.60238220374318 26.7817724811364
160.7998339517684 131.4607977152723 92.93955970194104
141.5167236133683 65.73942154053563 127.8719443949341
119.7930586491754 8.262551285554615 176.158210696842
98.06316866841829 27.47047676081561 103.3014199324443
33.90039266688173 40.98043292511884 150.8677349903444
100.8966794585511 72.60093889800046 129.8267472156389
126.6677067635523 105.9773782621115 100.1970213930727
157.3306820443681 36.84532740334687 157.4407618955314
43.87661121402565 119.9015107885421 90.13205510185729
89.33993372282181 100.881961131688 114.73806318992
9.697749376807471 72.78041547368314 192.2276082784018
173.3466207113356 125.2082952236013 105.6094594963438
64.00322526600731 187.7217564061552 15.88899801879981
177.3874921182259 95.57738601868985 160.4682671073433
112.3412032124249 22.2555884636095 114.5256972724023
13.23551520807866 170.745643311944 122.906349472308
147.7626819111235 29.45655251282339 56.30415916618801
195.2774490002904 116.2831715064399 78.56903879776826
166.9175455411466 141.2899269002569 34.1540182504897
53.16932517688657 181.0378785079533 182.2974725470284
89.70163823969274 191.9016159635368 50.22182080131883
161.9845044079769 89.27671936825662 14.00168374265732
68.12299002495918 83.58371751773501 97.19867794017787
53.2057915579524 130.1016062968883 157.1043812431761
141.1264894245052 89.99234782620437 121.3088720805912
133.2297333500882 76.63960266663089 110.520583965682
30.35843253647406 88.46802467073587 181.9661483138196
29.44111766094231 20.4515097809483 106.438272593989
34.09021549518498 131.1202335672846 47.71563157762
194.5564108254883 57.05763289927335 57.97404979384267
125.6194061146457 112.5018631664192 45.86958457535881
179.3445840593109 180.7496209623645 185.7554989106772
149.6532397797994 114.1041673450176 23.24305413196417
105.8850241851622 57.70984231572457 73.58622452863925
38.19255289664049 58.00252770377359 3.657489255490581
117.2223247963843 124.3634670925226 158.7188046170779
72.69850026573967 50.36339593358613 82.16944213704916
61.35290685584608 19.923816739606 120.5398230423232
169.3906874102174 106.8560122387163 173.3479236802881
153.168870353702 36.02221700045191 125.7567810392203
19.87581437497589 53.50272472740834 193.0778667554824
61.25509439890559 123.1703424228751 100.5319516036357
38.7408641822222 189.7633455584042 96.7647241629578
143.5426495431372 17.37457956391655 70.71647942654661
123.6170922021127 99.05719313596485 151.7195249989561
80.0776763998764 183.61823094298 129.6341874887295
29.71262443416723 107.7435017244325 195.2242943087384
172.6280412295338 105.0454527504429 97.82141434918944
19.723686046604 36.84608919895688 163.2788491053373
132.6655890286091 59.69395668467251 143.6908825379369
131.6932231218314 110.7500766142347 28.0627893498596
59.71759765489285 42.18831783751016 150.1246118173184
142.3270913595124 24.64719574861044 193.2137695778526
170.0009574565505 42.39793824735094 120.005896214372
36.28186690941239 158.8269143526192 150.0574724236172
124.1218166282614 92.9058893023776 113.6021059186475
152.9864752745633 94.78037814138335 87.41282072287812
177.328193617322 73.89345953517667 104.2580265451967
106.6937973322532 96.79228358780526 120.9958277897848
165.346505955258 162.7047817136459 177.6627061702109
175.504602889112 167.794998875771 95.3082347724278
71.64491737317624 108.1894964924299 22.00484397679395
54.25254168310016 39.27618863162364 167.9766185970444
166.3076685559354 58.53195473977055 66.53537852759925
18.46352966306662 35.81283049589646 105.6870704861885
33.71567615517466 144.9549768882992 61.05027435007081
116.9395892634961 82.30952502781068 127.500823752405
168.4851932500362 76.94929093232277 158.7865826135085
121.6131302801564 123.3633217874273 77.94841248298643
88.31372519123039 116.3720710915066 25.50317818119947
20.00598351839868 87.04468631881431 199.1060403398001
175.8958366167608 10.64206096789134 31.60936344624022
188.4887617216629 52.6715552110465 176.1540001139173
193.5704443096595 112.3915192676623 196.6819532927192
166.5431778896484 193.6223856114804 190.9954938499475
189.3892038468073 192.5311660146717 174.9230120324696
143.51788634983 66.30728424786447 59.17052436722114
15.05671213876128 96.11786681099608 95.08646901267244
46.3788871707925 76.53746936819478 180.7978930744983
59.35160618871856 95.15269710861936 113.5255289621417
47.42881213485801 12.37276617841335 132.4813236989305
116.435794723813 69.08431629256063 146.026848655951
130.8559918341251 6.701276093138178 61.00422190989638
40.0976400017796 18.90805523532525 61.20603244016633
65.30961779795911 127.9740804402179 60.48469852090441
33.29598937915183 115.6532345573936 110.3003213079625
86.35049451850765 161.1445234317105 71.08810795211829
88.86524386431229 92.38175605113108 163.0816063339443
163.5001960165601 23.45876380954157 64.87148958698096
116.4511549071465 26.64416093123216 134.8358295945634
36.83775359392357 46.57539253013881 168.6753209507256
115.4808654635141 0.665301838298296 25.53580763931014
28.28669518749978 98.23761264420439 126.8751382887608
64.043946044688 196.6460234265636 71.02008696602047
35.05687066548205 72.71665510549651 17.7195688673505
53.47652615334714 27.91881727783966 103.7024316633138
194.2692433518494 167.2402771433264 115.1023098008946
187.9239296798248 11.07065333598224 72.02961984853614
172.8781467981209 22.9770583795196 159.0546337415491
89.51524491694887 62.168685775871 183.5864456820532
182.2772751954678 101.057518779477 136.0842439885524
7.656601388259552 117.9828907941676 64.39478757658667
179.9450200339926 93.30256885169287 181.2188883117905
173.4991485598057 176.1051176896251 34.67187806456771
176.7887113337785 146.6804310720336 170.2941470343757
143.5950450317836 175.3306375641556 63.60503747173665
62.99734572541469 27.43620841467596 33.2595748874685
78.51119274052222 6.219450558676678 55.40018282232375
64.90779794494154 77.89401926961015 148.0564433521729
49.55505235595083 57.87134241012007 152.9187774640515
125.5125474072595 169.8736986661309 57.10931030630878
35.54536767050185 149.5956449807246 15.02509537188612
41.7005036563466 86.40618262870839 118.7501775536788
41.57831113249193 138.4509453841075 92.90298736175568
198.1989002455164 45.64270545492649 144.3367401429624
93.69042758090346 140.5418661048536 70.31791782324939
66.88898312110382 112.3220695295394 115.8583785310577
24.8023714945881 44.11572106879069 29.02039378137091
186.0482499394058 34.00994211403371 114.6051671101777
144.2863397631209 15.37005606727111 91.25798874357505
118.1342346035396 65.11383557471991 164.7649840368266
94.03007546039571 127.1612908155563 39.92393070944843
70.24051124153225 158.4933505859554 89.98686922249379
55.40573650705812 121.5921594179685 75.25715195425545
192.8020739888748 83.33763293964263 40.46320640745068
184.4588318341872 181.3910786665361 107.320752267599
36.56413358092412 165.9624627523368 5.637269864759187
184.7673344581968 138.2381512865701 113.8009705893375
126.5015706268248 169.058373727999 111.4267558275616
125.3895622657159 62.01894221673659 5.615270073270168
165.0717713763093 139.9545392190732 157.0836413273657
156.9586758408456 168.4881091871964 98.85931801736461
65.13489944098845 144.5603941574865 154.7207490024348
23.6918185956886 49.03817966276468 93.24532582353649
37.1585970451592 37.44337179189265 103.4787328382595
141.6919622387271 6.756018455503542 7.783713804053682
104.1888505894803 98.16873858810558 82.35052018516571
121.8134464150143 45.69349226830474 62.53812404834554
102.2254653157499 15.60155442480652 129.1146021017589
81.6507432664777 173.3522696359049 92.47503887050316
7.683976835527577 52.27788064684271 45.25153153775453
43.63717994129281 0.401564080704095 62.62842675428289
6.606632393306916 100.4953955714791 77.88229798705066
152.8267040656791 148.6695622905326 87.82930295913366
123.6024761172975 11.82550041011449 125.5456230086712
20.74186875875981 126.4784931182513 35.17301593286735
143.0507535222395 5.422724176992049 154.4820306788741
196.5188442441451 196.0866054515559 79.68775734901276
118.227798358027 131.8778009457777 21.94357601022251
58.31307334707035 111.1387471271149 133.8024574771549
128.197983313794 96.20009714681748 133.6116775887753
30.01483080944966 23.06614953783621 155.4527866707553
161.8738462509698 124.1387645468262 174.706374852864
157.1184557165378 180.5553151534509 177.0040484753495
160.4460055374462 30.21192604450454 191.2249903342796
160.2343048436936 91.19571034274935 168.0604281814308
97.24389428892533 27.17548429442937 164.966576875636
30.90314366552649 58.99257494334549 155.7278931623314
9.589406954752253 67.80827791618772 117.3687789514003
180.3450714091931 51.55793747258832 6.399938993012678
22.84098263353641 150.5554043432026 139.66677571379
161.301467473425 174.9225743609105 20.28924445497511
86.39388909700716 68.43480545322629 141.2001318797128
157.7418659977966 21.62329675234133 7.837163630208296
141.5067070476244 97.45684988031591 18.26134708758186
137.8010616749381 46.99859266789038 126.3825678165318
10.82974997338436 136.7057348284486 144.2448370860068
197.0252785292839 63.67173248145226 88.27556432794121
62.59977840676365 117.4795058312688 5.744350776690761
131.3389064486402 120.9889768808495 61.75347018644597
178.6000075613563 43.90492760056883 162.6484351081266
54.0772309297996 155.9012821713824 144.4176426426135
30.9904465120603 34.23050580955019 68.76352526163843
26.27806945074639 134.3556398523197 129.2146864630122
115.915313756924 183.6320294796909 160.9331449952553
183.6406340240967 76.91676886929048 86.70654170506458
90.70383552533019 46.54466478535898 72.20338863355862
118.1124480123046 130.6453566132828 125.4639537237267
185.0579165960404 139.5775467562045 61.15000544327127
126.4037474028093 194.401679284042 118.7924591445148
105.5115208468064 118.4799048347011 17.96429165739946
130.4317438851015 11.49958613346637 29.55219094789098
11.08795819666378 118.2590930711936 171.8914096219464
129.8153552325625 25.063587696834 100.124652368478
57.08761484590309 32.01305222533055 134.4214534691494
29.29938637837602 164.8898444895648 167.5559602982846
171.9764518416485 39.95043045289844 101.3739837841224
15.95283096497015 25.07967659546616 189.8587398500048
185.4024076456926 58.06314776054725 74.47358586446816
140.5649813433575 35.44177781981051 111.6909864284564
25.98759332175556 194.1425246485529 110.0017509437674
41.62318071164178 23.31778318362703 5.654269138633994
77.45787028100266 77.3190352418834 162.9140934836312
164.3398877637811 86.03686746462898 75.09646265348083
78.23378402419974 70.72650505869854 43.04388614716544
4.805402858823789 133.4003865580643 53.84900700490367
194.4646822263954 125.3012344517237 166.3131633065356
82.88968078008546 95.9605172154666 182.1965620226885
32.68407078301815 127.5408473702965 76.96356740613729
127.8763314268725 150.5158142791569 105.2196148807112
151.5452513052333 146.6056339601199 168.4782897124132
125.6338871998675 19.91897381425499 159.0827062635329
116.1346564146402 182.1174150314658 29.08403880301237
196.8056324202787 178.2306847306743 73.51318493422839
74.79918905214906 136.0221686544527 97.6284943793888
194.2778960585626 5.835356800150141 15.49306456368933
118.1232096596592 191.7847439642111 9.067788051661239
148.0663789946055 189.6686988323898 190.8621872383439
24.66815278691691 39.50832605445218 181.3206474410659
72.79397490312191 180.2501271968315 111.977339235274
86.78484924294709 169.5960299353 118.8901886938584
19.99183517546943 49.32096243436495 11.50451550080732
62.42683720509995 24.75013814665452 85.45446084780497
155.7495018544356 199.3969111729111 176.6012823469145
8.975215800615867 57.49720430374065 101.5464385651289
26.05592809763627 143.0199202378502 156.6938700555461
153.401680695557 82.9213281297983 44.29336994643807
71.86984451835988 172.3222548092189 23.50565779236645
176.9369019036336 163.8542909813714 20.69782952551649
115.5934044255915 196.6712070466289 44.00406374691086
25.62042758798568 12.88267604696285 71.74865818624082
133.649070814981 8.046436118288273 190.7341224178264
179.1577063975845 32.47172051810098 192.5693914798012
2.855461850501545 182.3486037724573 135.996398309248
40.13971177773343 167.3636883064121 182.8336990715165
6.288409078288129 79.95737809451509 90.72789303985532
160.8516701768709 153.9743258359439 21.5305093826244
165.5754017810754 191.5432829248344 81.86640538881423
186.7583074691406 54.1048210234491 131.9050616743842
21.82417005141154 72.14515411845096 177.750441538506
69.0853749381539 162.9830066753761 118.6955490963582
102.7833635555063 182.9992953473134 15.74211077137027
107.1632762423575 45.0013276729816 167.3452284434549
105.0919898726474 110.9201576516488 51.77165344702053
46.14637785338131 47.04006645745191 137.8155918219806
144.1993720349494 127.4327564590618 138.6016440572881
24.04269911126471 195.6508150763067 31.18763070122643
12.2944815659234 189.0718544878346 44.78272398985143
41.46496032792709 41.23859908653927 12.03707849220668
114.3625717476068 26.16581193956614 172.9021264658982
81.94662561141678 85.95156395717166 146.7161799100213
3.412660863578633 179.8695930301826 174.661100519665
70.41008161411722 20.10330209382504 65.33258859607233
141.4254011109239 94.41761604987862 147.4323725242091
196.8730626157214 57.86394393363408 159.7264188286673
13.98862820530681 13.37428234234263 157.9567630587331
127.5639374261578 62.5597715212498 24.56810600722515
126.5310256079042 44.70901638665682 103.0765628814206
38.12427867978808 28.10435999839395 137.6993057150146
92.65071975587382 196.2938546384609 95.56274437750254
97.38888236143931 147.5321242390779 99.3057177426556
79.76326191817543 147.3989493020615 119.0977088862982
154.0828834622733 7.597127644831257 193.5429658686554
91.20708224571919 43.80283968159136 9.123030683901618
189.4582967636937 14.63580351473836 199.4816439350143
137.5260579666197 50.32947059348006 14.16532138528285
109.6388846264192 97.43377337238225 102.3422261470955
118.1538868721723 168.6135780490618 149.4827541164088
56.21744493168418 100.0817455257426 33.11234811623154
153.77517893641 53.53786813381286 118.6944769829837
18.97602460893113 114.7231962952474 79.18362016296567
151.8902507687959 189.9276568577686 160.7116293463561
132.6173444122519 38.09753771742501 49.02445433696854
8.615496352051469 81.19148328927102 130.6722856935503
149.9458336716107 58.0153253720685 76.01897275343629
45.27257685244851 104.7205272479498 121.7279420619988
21.41627848534274 138.2701932652645 20.42368482024343
134.5596665328478 159.6960558694933 6.309066422221557
25.9472977643197 77.46665008901536 124.1319310539582
4.512192752675276 58.17486025344007 3.03638471177708
39.41035996046985 56.04595094187866 101.0466387686002
112.4657640774416 123.5171977076369 37.95215183520073
153.6888863264115 196.9476884301988 95.52455914876165
34.36155967359733 197.7198816485385 78.87074884776041
16.65135895632028 132.8863500636853 182.6856725921049
85.13782602720777 110.5121848054868 166.881047258701
112.3947518463077 32.48326906574326 154.1933500324148
113.9476187904708 9.932994727291883 143.5641798322424
77.24331757365675 131.4981524334036 199.6363738738637
88.12331816009328 103.9023237021506 148.12272636967
172.1272173675732 195.7129132049194 167.9271568830515
31.46511776063826 176.845657527474 153.0849609586515
125.6681614050411 64.97697555503346 97.72028692416256
153.2028023898925 29.72376232568649 82.73602588638802
20.37937288421916 78.71561549784515 55.24243414894899
198.0616558030052 137.2349799747461 18.99378886951082
22.88851277343567 179.0005860644707 5.800320367913375
77.75476605070432 18.93022423306537 41.43933351365776
130.6792497511032 188.0167909537069 58.19340460760912
96.88667728713314 161.6573330613397 86.76507378912602
53.92811548688751 184.7862499923842 59.92650780627363
168.6333728127002 89.7894870044791 129.4572416946988
18.02258494145659 142.1635351496844 98.48772535995654
169.1361290871465 87.00945521938309 93.39973001942282
190.8223097478842 159.4960329890117 3.513893119151094
2.095594569966305 39.75227919324992 58.82680810759062
138.5963987600864 164.169356820175 97.7561964805885
47.39913173354587 138.4581626876622 72.34611536777531
35.7150898320594 94.12206115288758 6.863399777740432
38.99679495707475 186.4120838560883 170.9989323205305
27.51424116776747 196.8673859012601 1.747942327215726
44.56186725657814 100.9080815638995 164.7613771477257
180.2063352486161 155.041003358529 37.08923946843973
100.632394021678 27.54689962629606 7.135581581806603
0.2064307582167649 149.0521401260964 88.82908952416902
80.5935166702866 144.266770007332 165.5829175567961
1.093741988045262 177.8978921025175 55.11364329830592
41.9579270106538 141.126231302681 146.6648106717961
132.4879411333461 22.2532336656863 176.5359318900173
134.5060861671393 153.802827936394 164.6170375295818
185.1208994185386 199.2109715615105 122.4454433756608
21.43450221345772 123.5874017109119 97.91500296402448
164.6261408843545 136.8172803333157 75.22771470848384
19.89062876260084 54.60109707530962 171.0043772395447
109.9193305285886 36.40024846022853 73.96386942168436
97.09490720991356 171.1057444413543 103.1274051600704
82.97379298113381 156.3852113523101 179.8839476306119
26.43866633632124 85.87585972049084 141.0459997064185
181.8585549690165 188.7969706389594 68.82487370686229
187.5768153341487 57.23179923681621 110.7991274516041
129.3978723187059 111.3018530891526 164.8987813629363
140.6571879412839 178.4563143440605 4.144814309869306
179.0254620993815 59.43868076532372 92.20728103383981
97.37153089696766 56.99553231737722 119.772571482256
104.5633362420695 186.1180548010322 197.190917688986
3.003747606192921 117.6236142744957 43.60746152786616
85.63681120789302 175.6851494042329 59.04225529154837
14.47235831274375 23.36182570795191 119.3283699332674
17.63721629815992 195.5206729273621 152.9589494803418
13.56320702468685 173.6829966235518 80.96598347987911
117.6920016516039 69.56958742648847 39.64963740262313
65.66611451009315 13.83298165264977 100.533074088021
91.17214176835478 79.7960907763035 176.9856034079603
181.0894057628354 145.4084841380401 20.53865725053625
70.80015690004059 41.61387353021144 19.69627704058504
9.013215072719293 178.71623270533 153.4872537172351
137.2876016147173 53.72872421016976 161.0141160220561
24.17627792240438 52.82477258360618 111.7512428577659
26.27112393118603 174.1287907270879 30.50349923035872
125.8424254754782 129.3364814445225 142.6562791587656
169.8066731735367 76.64172888920915 179.1905375435712
191.2727529305768 31.85113858680368 7.056704268516363
32.20266404407639 135.4793525270246 109.0370746136613
41.34772636575121 113.0259152426488 9.144153881175351
50.15900582429411 83.65596500881414 26.00382836298857
111.6652072011522 186.5760989134587 142.6332553587373
171.5852217557638 190.1295533275425 132.0034238609441
6.130938088723368 121.0566161204412 24.48820148271489
26.96489469038444 34.62941009365885 1.882837220435185
188.0357197882633 155.2704557608597 101.8770127826751
154.6532073065294 175.8937317972244 81.62901257670174
36.05575498054911 64.21161992631897 84.34005035940552
173.5647133114978 91.24283962839642 111.2745173109937
136.5119196305231 47.87296982039179 32.87305061612183
31.02381816978318 173.4693641844501 91.1082808373975
125.472958763058 97.03163776663897 176.6460325092423
103.5058812624054 47.15476076782314 58.09519996439226
26.25303653808535 0.2337996752740502 169.1019311831946
49.28905069470513 115.8690717935289 40.84536509114286
165.7445351525138 68.69093693948605 82.45768684008458
17.21433031977201 30.5107128493577 17.62245579530727
164.3643504943846 71.90212953908987 196.6536209298041
37.23916236164999 171.360722504671 135.9497056121927
14.90747710634276 61.5026730553154 60.79355932830357
45.27791262114157 122.7268214306798 141.6188032465884
170.7791534420077 147.4447725762942 51.5967172017529
151.259219313155 99.16824853881425 34.84894365702283
131.1059446781433 179.0130565837266 41.5456432611786
2.923854096235543 63.5311456787368 134.5244849644299
20.38465696443779 67.65347787414274 6.943112505922003
50.24047278034129 2.880500769883311 88.61646509998087
162.5133553232761 195.4370852031908 116.3007719899277
42.01246201971938 104.1601257386778 140.3316884409127
111.17701116179 19.00304955924922 22.2052171762354
43.32653017143961 197.4194916560327 185.7343380346378
111.8785801449158 159.5637589157057 100.832292672867
98.18330690826357 180.5083429802935 86.77355319040993
114.1412046825681 62.72870289153027 56.91879141230122
38.72758891805693 47.43327913313551 41.35424849563589
57.63155972533084 106.6467916914841 86.60278213016349
49.7733760361729 32.72466585156396 45.67733636115755
161.9399314827629 92.1809030062991 149.2678161189529
105.9223269302115 199.8967173990459 82.59609915007459
106.0119790797436 127.1448623187614 173.6731958269324
46.38790864089251 193.6076633614692 129.9519860900198
39.40456178320989 28.01096595628178 171.0868306052596
167.2514227836331 184.3294602652217 99.25012499996788
145.6194466910423 115.9584651832753 41.60964677715332
77.95902696984322 5.581402671152476 179.5895768086233
87.81289877450487 107.262451868425 78.74190253468433
84.45913425667436 146.8691951283107 85.54257297824014
114.7248990250946 51.93365345901199 89.25575428588181
154.7698287457105 26.65838358554522 102.1992755740749
108.9859049980099 60.24345747018646 105.2261281965246
91.72228013369551 39.23506007288496 116.6591674501886
181.5332695867042 155.0205772711997 121.8590677350144
6.55579041386546 44.78233222389878 180.239411240818
171.3325023773035 153.6550215952159 5.811341560520778
112.0320882546421 113.2068786986637 90.67995797578183
12.65595245669282 3.315963260202694 11.8956079602179
151.0299855855515 76.97179242852525 177.1003200736291
126.442252004946 157.6792083788328 42.00021637704874
150.7484058305925 17.57595703639817 177.8475470680919
74.17497510786579 128.4363587178343 77.97006494198475
27.34154183208009 12.56264969619353 139.9746862149797
134.3866474002301 137.4695289903994 118.7094686375738
113.3308651843865 30.34129350476065 92.54512457191285
15.25962362767252 26.50478626998753 61.69982861488246
88.47112707291235 80.79293793327049 196.3646882591441
93.22963050170632 104.9060496450424 96.69038573429316
128.4986069572041 55.90012023647574 177.5996680761191
108.5343708638858 12.25623175730038 161.5180470728897
98.09841726171923 177.1920876052714 181.8425079165022
88.75847130968161 64.48467751130126 77.8081605250878
4.959583003156627 70.81463070016167 47.7027697919106
196.9773495429754 39.10895893028339 162.0245803509367
98.91613062593416 165.4946678308012 0.1280325714714191
74.50220839944613 114.2430511605847 90.43940680310632
116.4542471877566 51.19152003679872 152.1005156760039
195.201863741585 28.50531400490105 72.35544547150944
67.15317265631703 62.17016400654812 158.2916965145185
197.7201469637412 125.4510474133838 108.7258963889496
10.00173318239077 86.64013739823685 112.6325368212229
42.65265263970968 9.396747948932868 171.135256185839
40.63947374391635 70.47569866148633 35.63196898597153
197.2458725168832 95.37267429620501 125.2578662682798
59.30156288321111 136.0215983456574 86.81805518219305
178.8659173704269 3.952106400315816 87.00694888543447
196.2721734830939 17.41010541360406 87.75093298893921
85.73454323306724 49.54498132323217 48.75177057449972
54.91168495684997 133.7925619646192 28.00586696673989
113.1295786930501 127.9781857721302 3.467611406892397
77.58731581422242 32.72430804713134 77.47859512907304
70.43444933048723 110.5805301455315 72.10702887582651
73.34819900515342 96.41930468856076 84.27303206515695
78.92127703360201 16.70358767381311 134.4490560681814
71.93783964227455 118.4248175542698 149.1762620841103
38.20397788733181 64.50639302002516 117.8991552266356
20.11151413292253 156.0665761175659 33.47712003903678
68.36942922454639 32.25175873810282 51.00454854243488
135.3976297728262 188.3850877821813 151.6201197838247
75.8533485578421 49.47891338750151 117.1902460374404
2.735167636037492 50.42492312952341 75.40674548316548
26.09233738937507 189.2829951043781 184.4998496404393
181.8637159124901 129.5779240526312 77.96627222689172
197.0372205562792 89.36270361954433 143.1709498431275
20.99832786780542 149.3267897776222 116.2203819275822
121.0751143578402 69.26395207904916 188.7055923626877
182.8096489109563 137.6688646821098 95.01572636455033
28.20636481382902 37.3416846573232 121.8048184037999
180.2666434180949 157.3801730271091 187.9708347546843
95.54056070433921 99.45800499881712 63.36609376975862
193.3571888220226 168.1569725800816 89.12313166488016
114.8947828811423 78.16415563240238 106.2139299770735
154.1320072547484 190.8138609801514 8.915794629472279
123.6126335861064 1.131836865656678 159.081745812929
88.32885724246221 43.57933179380437 167.8782022112659
77.03812975687158 95.73022552816172 62.46847274219212
32.41195714504504 73.83806757785459 193.747028224379
136.3749388532409 127.1312262669791 19.66468147816506
135.1589871494734 18.78148279212518 47.12637132427795
170.7387204496849 109.6724981587939 116.0440058280386
52.30766391085923 98.66366930974256 14.68018714575246
32.62752245803473 5.674147593144914 17.66449398141043
134.5668451048005 111.8065629453528 143.0825086241899
152.3339646856087 40.60261762058483 4.762722258897202
165.5292041116454 191.7686208153658 27.73094925840588
74.8746859738706 64.18649247375986 60.45039879673035
8.603757135973737 119.9609765372667 152.7123894185783
37.83472628937457 50.23805422513733 60.01913524231316
0.9941085585545488 10.55121228706305 185.0843194692044
54.32230883399691 12.81607800151709 72.04984263020719
164.7693095594623 107.9636869329081 13.71201382429214
58.74567045568197 96.59518746197085 67.12462130969615
46.07201532337447 70.28039857854199 53.72867367453131
39.13954976368379 55.46378784909111 24.25503165297884
6.426241088354953 20.37959201972072 5.493268751587667
15.187936120839 65.05926792828049 83.25218165615532
49.97957732625952 108.3628264825742 103.7941874096378
198.6054516726769 19.63245577591352 56.00324930298581
174.5388295005546 123.9917009298893 160.6843124487524
18.95294885634368 145.78007658105 49.28495223674243
73.98928823439384 97.53337314977271 125.2350372529401
169.5958223263999 60.06063188842381 126.7071339813796
8.71099989052755 141.01225282761 34.13860120690752
123.3051039026595 36.53404009321622 120.2668326106033
140.5570927521862 48.04089839659249 62.99341082592026
97.1135731719058 74.43216865602474 111.4045703863323
194.3798212419333 66.93130182402768 30.69130520771587
82.34111097536577 27.98942978085239 176.7718593529436
194.9513927546135 170.5226928407011 188.7353464166474
102.5936890239529 57.32435434124243 140.8171120029419
136.8067493927122 25.24915250482211 127.1515163296544
80.16262477577087 180.9673922530088 38.11843723161228
168.6156196172641 47.60870456902857 81.77997786012462
56.47361961562888 30.17831293511666 15.1115134819241
80.14248701753507 84.6153099599527 111.9371752982041
23.35524715830656 18.35783183462105 173.5923768654417
103.4547545753112 159.8096711947286 140.3794581448654
179.6360236336961 26.71659484598246 22.40815312299812
118.4603267008833 49.55590805866213 192.2974867623263
23.65315384388009 119.7301768057154 17.54165457643755
152.2093265614588 153.131338948107 4.748342990234834
49.8066246426093 186.8368494687277 78.6437653400274
118.1759710994698 50.97455408891862 36.22193240137568
8.515256361377936 38.61064040238763 0.9869577132239801
160.1859412787211 57.46196888562638 8.101956723459862
32.12669857963876 67.19351627569691 66.0996484553532
128.6527473759834 26.26328404168483 63.21156699599454
188.2456945766192 106.7539614135972 39.01480261070058
181.3834689070677 87.98803590027315 54.78211457391822
151.7911814702895 83.88149436709973 135.6602915357672
21.91041870114356 86.28807683245137 17.89014686336967
35.40001689148678 58.29277618702874 183.4292199318566
28.56237091178376 95.02669336679878 108.2564514742559
21.61578831568899 49.61102472744119 74.47290721744815
132.4804134315046 131.1473541834513 167.5625342964982
78.96597946786001 79.62762632839944 72.16545850459656
76.55612526379129 32.38704498050812 144.719267194839
165.5505878873978 71.99049803198916 140.7910229452328
167.1636620129114 178.8093292832708 161.0953356339624
130.4288094904056 56.86316886321418 49.34573062056418
97.53594986248686 3.881691437824072 115.0541894576154
193.1316891833697 46.55477782443752 193.4187060909013
39.49389018382569 181.5243367176633 195.3277328523374
126.5843028352133 197.2766788244746 137.4671408401136
36.86606940120903 16.6683608818982 188.2085395802373
195.3907873419413 199.7259936296169 58.89239257384715
177.145980485566 73.90674967905453 68.32105773027119
6.711286654613082 27.28948690442528 173.0967226660874
115.7345656990806 2.885086925760698 193.8119162825235
184.9393329175705 197.6438677325623 192.5610472211986
87.62074919708404 81.88141110876944 55.09667758596822
51.88866503844569 68.26012342327124 93.82532666686583
120.1908783961367 165.4588297042175 168.650780043467
170.9656274825637 4.167135867489042 67.3606476719735
149.6730585394389 147.9488142631868 39.73262961926172
70.03203594119149 100.3591011459632 143.9762797122492
162.752071992647 161.5784271357703 40.19613751055553
138.0140469064951 4.60103547671584 172.6753848206664
63.87785334329945 79.54864610692363 60.7907412698188
124.0307039780985 33.3216626705801 32.8843714619125
167.0042681988737 158.6901344020924 158.5951768362113
52.28619337914267 42.45605450249099 29.1709237408221
87.98950504870986 20.74737401122428 117.805317189117
12.4790034203387 146.1631799029008 67.03271322533006
125.095514918921 81.18497751093207 157.672673536831
101.6163006019133 158.627554703672 181.9982751891125
87.15999136444158 128.4151646758714 173.4980823208504
27.590185167614 127.1098079877122 146.616358916314
26.81018103080837 9.199337679683707 121.3884755137203
91.64818530643326 30.63694049566067 133.4849963211388
19.26921998656413 6.591539479281338 187.8015369896522
106.3999134961909 41.28495563136527 128.3812420858872
92.79818099578446 165.7773035232914 44.63424398724226
4.145423364218742 63.223889993375 176.901615891487
15.73671715595829 88.26620781941213 169.9982448876926
80.41036121557906 50.15063065669393 152.0302546285089
21.97301569911071 126.5315801944003 199.6662166692992
144.6206227567625 127.586010936614 181.5972811049786
34.2446600754563 156.3872247777885 46.01479428223248
50.02844120219169 60.34345508391709 171.6459314720167
38.60487142496985 45.66956560683121 81.74462120592919
85.6263598833193 13.06470242605959 100.7046139282591
134.9587253192316 199.4251354158206 95.23254244572395
199.6006143549402 130.2444570463634 90.54545241795326
0.4890747577539843 129.2983070710742 127.0172455042023
114.3589539426141 189.8877838500339 179.9537823239544
160.4775381756435 8.844436106227715 160.935014309795
1.842963707471809 143.9606477260852 108.081042693469
160.3081433113672 69.98380381387136 32.37854287113221
78.96273810413965 37.12508378902472 36.13601296394762
178.8001903053289 84.77914268359626 145.026630896179
180.1768407124022 15.50526827653542 55.3755621454437
83.37025028105258 115.3471609102754 7.294571277335351
127.4644137705299 147.8869141447315 25.8723504390458
151.3559676841312 166.6441832528513 165.5884402967874
3.789751286549849 24.06543863581633 103.7582453042902
82.78428564795364 158.5133502299594 104.1182122889729
73.89144724701886 45.11325240821574 63.69830009323392
51.77654823893836 91.31625051695013 150.1673081446657
189.6240709774229 69.37197418318466 146.6092793339472
6.72501500359857 12.9273579159111 71.69261946596112
156.0662549545325 98.13766584554735 113.093105234093
184.9515072590904 17.02607511575831 102.88580984609
54.80622417086638 41.30780737767069 90.43559977552675
29.10891136604926 62.2228762222436 48.12112665904525
36.27361547585198 143.0854231086584 32.74877073740456
1.024484784518591 159.8131679171069 73.31867522367997
95.3931069254995 176.8890069990696 140.9691244821448
44.83098973419753 81.62074448313504 70.3539896169535
177.3625789429032 199.1352459216697 105.2162754501839
143.8536565415319 24.26287552935484 161.5752032755374
24.56887869730958 15.43624345054502 3.635890675027349
89.70814300119396 193.511353449207 188.1519075547068
192.9953831105627 96.15430665902998 24.11078473679164
104.6272456267441 114.7867622801771 73.36770858322744
166.9061797167792 33.69712879867186 173.4232667437677
198.1690365716939 23.03514769137513 22.28042251911688
125.4817283809415 40.36772057126272 167.2708406267564
112.8962750338328 31.2624616663627 54.05821972580292
57.16897965112431 76.6259369188999 165.2478472036811
188.1642523717925 25.94221295813004 39.25189426110557
75.16969242750781 11.39624010635866 81.41286161835404
116.7728759991125 163.4646133462878 26.13322721829362
74.33644756086498 100.3663273244779 103.2632420265206
113.718709776299 86.78692644822931 48.96925964636883
99.81198880805567 144.5148027323295 169.5637841445816
161.503374480843 125.1847681322223 145.8514575648152
9.410416946327349 86.58457728386549 32.05714906401769
54.31204758915641 115.6876367333579 22.63057674865813
14.57109413749127 131.6287500618886 114.6354983372081
195.0250167768254 27.26688968299199 147.3859328906519
61.54899966030491 131.9779054103299 139.0282500902033
144.4001708149793 31.0025989546193 36.06803907982366
141.5814804313438 106.3672953347565 179.8714015867367
43.46122998752593 26.40083352526007 119.6533403406412
61.29027976328867 82.63971374356572 79.60706244245675
194.5456289245614 1.439846145655137 97.70139503746995
55.02053365634194 110.6506345226757 152.4025351870382
32.50223705853974 116.514711571487 129.1595292319602
78.92038940193717 137.7104922889661 143.762597258739
36.76575164126574 131.3140265049499 10.40610238937833
12.30816438212851 105.2424994272364 32.78260422313126
66.22459262095592 92.50060088372317 47.23414214217178
28.32140965815946 5.43067963572965 95.02938611334349
134.9685775857633 41.93073594132017 197.43324101757
105.9705669280263 9.243130674079502 99.01816414179581
168.8875693516216 57.36764584924644 108.0178835809651
50.9294428389883 152.8360663713555 84.60082619355809
15.64086257445983 134.3591297361946 81.44482147495752
127.617326454633 75.92110856090873 55.73712580414328
10.60861592634258 5.121483642210293 88.45650702557914
136.32571492491 169.6890395243907 154.5493190809082
59.96029350006674 75.41844449796521 41.99163612572923
187.0971126887199 116.9910350131588 95.58735284861179
196.1565637781065 26.24174714725763 128.5521757035296
11.94097419932015 100.0367254855619 136.1822603820569
70.19057002321995 128.3058329090103 165.187337769813
186.8672904327698 180.745021617882 126.0510459990124
71.10991572855687 129.662769396755 17.41427915952842
157.3285101416788 41.01736783395554 68.13456239179833
63.47039517230302 147.6602188892629 128.6641170866311
161.3080679123519 183.1319215834776 65.49323067129616
98.44888083402317 19.98660580277101 147.5335655331141
141.3498432768129 91.80276328989753 167.8355092243742
170.1570478065175 35.83242746299329 8.840085282534659
73.24422134045362 79.61516872828915 131.1868499799063
96.59902267591345 41.09833487832147 148.4212096186709
123.3309740062969 9.844883989966197 11.0047192220834
33.12781329105096 179.6797263038609 73.38692786219525
134.7688344016711 181.1206217845341 90.33692011560505
131.9323196698752 78.27238646993921 138.269339454796
88.66426794240506 75.30834931557852 14.44572153203929
27.01574904427608 83.60795794827867 38.24050791953812
140.0214023290289 92.83787128107835 102.661528904676
44.59568622433834 4.837827972001014 3.066370224599398
165.3482712344047 11.65241248158248 97.73170949317041
199.335135983296 133.5043176277903 71.93511498708041
108.9027769818948 41.77374918090651 109.2142154152599
197.3863759054765 28.57049935000113 189.4810663281855
52.84104241034967 60.58170684448535 190.3294608702611
30.15141887462098 107.386815562665 93.60242453041909
10.30667115280845 135.2568073547117 163.6750219373223
166.8205081790279 194.0070912034956 149.8724966221337
117.1749588177627 17.90691449011874 41.39472327480262
77.01508975868711 1.10003489546412 12.93010911526498
129.4445045231868 189.8843906227831 194.0591718038548
87.24397133550055 49.01178441779843 133.5832248050094
175.7441250888732 26.17516640264567 83.76189108970267
66.86860040899653 97.09951316573007 166.1913185090495
198.7763421320121 159.1562680961273 24.74584448731558
121.8253240492977 106.1448721134616 8.174172308320779
52.92332977668243 172.155521814455 160.1849677942286
77.12713180549328 180.7413074604105 153.8397512533392
131.719026280391 38.91825005941666 81.77652248318273
98.39063825897072 39.97480393389948 187.8759110436993
57.4840286929664 8.579445354026408 21.93853739976294
112.3921334422318 143.7775594055587 82.72424439801975
71.67796091420669 123.4187927618448 39.2048400529474
24.49448498301299 56.55399778584685 134.1148699622252
58.44581401769334 187.4834536544443 37.87076492627737
153.42781388356 181.9238430571921 44.26630001392556
67.8475067492992 165.5535138478914 49.29387584317745
198.2290193794373 154.8918864115795 50.84790470826334
71.82724184246152 149.9906042644223 27.43448911387158
86.07221592895148 56.65958741471193 27.08076320539799
23.21319219530963 9.268326466881433 49.29882389863118
67.55617419345278 148.5251039866766 69.7985517967499
134.1525009864322 86.54059063111481 195.3868868735856
193.0452871276133 95.55359403920306 100.5011832455567
119.1264597570718 59.82920214559406 125.5026264146496
92.54160911626366 137.0652651368446 17.25353769787646
32.5333115348415 124.8627662890902 168.6312717912333
17.84338130834706 167.4324831937626 186.9579038156019
107.8449611019908 145.6968475225608 37.02992100340956
193.5754541464978 42.25277828734338 94.86847326817481
176.4396442483666 194.5466169631824 47.57123071715324
183.6748252255625 165.0368038829315 142.0884762456486
123.5426519031112 87.49197136714632 87.44303235165422
82.7514034844359 180.5054701037964 5.373722159062959
23.37344773501841 85.18589799800333 76.76710432591599
97.66938454350394 79.10911035576649 34.9118636598336
97.13829843160933 138.4103918988896 191.236966403557
145.7125120819861 40.64638367147327 177.5069223354105
101.5153351409629 35.1774462132128 34.82192511004041
107.2079297537028 105.3806730987397 166.0335619001017
59.74114053315768 52.97768193584668 47.82191189215099
44.91366829742469 148.2358307904504 168.1533541627102
6.021574406973382 189.6739397665399 195.0427032429023
12.10846557153802 109.0913131203712 115.0088591000474
86.43227303829752 101.7462222794245 42.72770254570547
146.1023675922652 113.6824024856685 0.8521318338838898
151.4975146589383 110.4605507264953 159.8949686823902
104.4808198332019 88.35118454061421 145.9468149224444
48.29783270282159 161.9630301046565 29.11632236136007
146.3428376053117 73.6759183581438 155.1616092894455
79.19587874038199 154.4893287035684 2.161142102643919
186.8575770119882 140.2639078468308 150.8048434518488
144.1030982001164 62.1630125350731 192.8120318954296
167.1404659040899 172.2660948974097 118.7640495964553
5.399943003587582 7.23758540675809 137.8889915720056
39.84365135872557 22.89676147062407 86.29370407012868
1.830599362896117 93.4307727890056 187.147210791932
166.5616624698332 149.178406683849 105.8634649729059
115.965135750674 146.4557173222743 153.7698398341699
182.826832622656 117.127627541449 58.87767994326809
96.02408499504442 20.28468913128953 81.89240284466796
34.49327190341557 147.6259186039302 192.4606617942249
179.37672698773 10.73194602076998 141.1112187994476
108.0024037415073 10.11424626691741 60.61134738075476
96.33583582627726 96.34427690058345 10.87133092816101
142.0075248067836 165.2315010636146 27.21508892049385
58.38705288376462 170.8202872806096 1.855499924084138
37.46767133550038 25.34429164101222 27.85257793873402
145.723804882838 73.75718396266535 91.81950670941794
50.12283140485072 98.56109944819514 186.6178895256139
167.8345204260648 116.4406557839528 37.09327074329261
10.30236925361959 147.8967203966496 3.162424366637008
95.37879078443379 124.9002736772203 152.6597500222374
55.75822980792552 61.85782700345845 72.4202983507549
144.9294440271649 9.39565161674925 113.1219559767963
180.0290070773458 153.1037665148593 78.63976603620262
89.78929912700472 29.10285690685246 57.74353774712836
35.19384262581661 80.5556836498324 161.2742655989869
52.52557540577707 20.98393318703298 153.7006345142822
82.39795642704382 22.13097446329503 19.47721683678072
155.4480549185541 129.0741413571107 118.9824542511942
14.88659643342595 191.6241597461689 67.1636787199926
199.7121996639757 46.68482670789908 21.98576342901237
163.544128081329 133.22004100661 12.67279067405394
10.38499937788479 30.40939795054117 39.90231284249247
99.35070782286094 4.497742829388989 9.403844681469229
149.7327242320499 195.3685696728009 135.0301940140754
142.5964971351349 159.1486866611475 185.1135431867614
25.04569500658024 73.57337657043378 101.8122095440666
46.33629812687528 163.4560303059003 64.64233618148356
119.6312569519803 25.4168697235864 194.9434408362575
59.19767980838984 72.5180692687259 114.8630696338178
47.32109945096379 124.568423119154 190.5638073358805
24.54394263675606 110.7529960499519 51.05990148851915
4.210009925221983 189.8173865896403 114.6028236125962
87.18179340788225 57.91896165843487 99.45408018356466
189.3226935582319 77.70397179798181 167.6954566490696
145.0079193846672 74.41329142764801 16.24091629211565
181.8388057899553 94.60250909403871 4.4317806364914
105.4700475263624 117.5466557632938 111.9460382325158
15.95423683979812 32.16957038881928 140.16986821577
135.8525096351115 138.0427657072928 199.7057530836159
144.9915802163285 157.7630079125848 118.5456168323759
57.54342811232706 11.6355929890425 48.6802078709271
60.60545797983792 62.69644460772405 23.23330503195264
93.62392229673149 126.3885072930929 89.44546445141201
143.192410904296 130.2849288074609 78.70101145227775
68.3626997327319 174.6068759819339 74.14489366128804
34.27465443504618 102.4409440481674 27.90768244155403
84.0083168973262 117.3050637573501 130.0140562805379
132.0855729469429 134.0768301320005 43.25236636321662
192.2134159811334 12.30310758535052 164.1882984593701
199.1807508343826 101.6131755498509 162.130679868075
60.88884482181506 20.48486272894648 178.7926112754324
186.1678384159523 137.6356338240394 199.6931283530027
184.5929857316628 180.8699347107303 7.814050545750461
123.8250606322089 119.3623963059899 185.3465615359121
188.7229603755206 188.7959122148967 152.5680599733623
119.1429796932847 169.9347198440276 190.8922618366065
1.643063500124482 98.16359734132006 55.16585707188812
156.5247329873495 156.3486303539696 66.81750521572154
97.11034085503624 112.0093557248531 189.5686245443414
76.85017762173467 60.06439758348251 2.521397727516567
97.19788784361664 8.347367409493939 36.52935950540655
75.50046127750456 177.7920201459052 180.0782098171343
115.4888648493235 43.38376275965586 13.91265130329892
72.70756388602587 85.9911020324042 26.50401988952164
38.97572423056258 106.1677633349865 72.7509118012341
168.8397224016502 19.79650622423411 118.6033109201451
126.0843554683838 128.6352314270091 99.5478561169338
86.93289346786139 121.1528803859833 60.69796737995397
152.9542234953376 10.62560164323677 27.07952086286783
95.74208441139878 63.99756471290539 161.375906412394
199.7021647561065 75.95277510532819 69.40361497455464
69.99917028431442 192.7871423330198 93.2917267610234
59.46171272425675 175.7169211859497 134.8005687005492
108.562988213591 88.17309691398579 188.8820145768648
53.30896366094996 172.415298373217 95.78706182071284
2.678642324339497 151.7449412780947 129.3612344170025
84.79357286966895 145.252446768712 50.00051496471006
131.100063644692 149.309630503199 64.85774380775686
45.6686706445205 39.07643454866071 189.8606411318582
1.279442503143267 78.54204077058218 12.4779477874828
111.3077899635681 131.3495275569403 59.39683885525071
132.4966072512454 86.40046101800007 36.23031415329993
108.059145248697 176.7258384067338 122.1626398727496
140.0061438785405 149.2587842426428 143.0940192957768
16.95545527758954 65.38816544905109 29.24218999042818
46.56595474525192 5.755634842238069 110.8059168731946
175.4060657097335 36.88510583982436 141.3256694501415
136.752342193742 27.68273204868157 14.9818077909593
154.7508856156609 107.1713807789199 133.8488756172854
105.5646609060864 79.90896102318611 68.97788072642059
165.8202431932654 27.65414948151071 42.7094413032714
7.491753632847589 156.172232872326 155.3827737467326
120.7413264454358 101.2073281319749 64.9965855228549
90.09658066555957 83.01955106555447 91.62683163119971
184.9986811835628 117.6639318898303 17.00108104174335
41.19159598934741 151.195963631793 126.3632656572764
57.57969344539889 148.3048481060216 105.7994667957162
133.123092484344 37.0017078288868 146.1895926030222
167.6907249265462 51.38759043063055 187.5856120708629
52.06622155255065 78.68274845489965 3.963634947327324
199.5336068258487 6.391955805609128 37.61934639493622
24.46515792295914 103.8784910390648 154.68971134818
96.3657515768306 193.7775826776736 166.4782902910084
172.2709385311182 4.365954708800652 10.12422890341225
144.2226956160746 194.9116693175805 75.02124416464719
132.125421318818 175.720328498576 133.0988950705485
172.6690540109856 13.50326866654689 181.9752790414873
80.20337251572953 159.6481596150822 138.1739625764305
60.96474755863063 196.4881100795115 167.6461376088122
103.0910439677756 63.31446759928676 1.711703681353688
97.55585323090874 140.00289925889 131.0502098102109
162.0370420808318 99.75768720039203 56.7876826119864
156.3874163045561 51.95064630557876 47.23731606562782
106.1948998655898 157.2650176099389 60.82710659394283
165.0300976834829 114.4006697837906 78.61486548176764
172.2280886549127 90.5161156279873 34.19260728670748
112.2403414557405 111.9690498424058 136.9031146485724
144.3336638386525 183.0503046454528 110.8046953253531
74.384956216014 33.88969117964892 197.1764876202421
24.05465110123342 189.3999737040936 132.0904680870532
179.0684057211869 40.41822701592542 61.71908025172984
19.97269921696559 166.5195779219005 60.42958835408972
119.9627764411451 153.2356648532716 126.2937223937524
34.33376832993245 185.277958933643 48.52653746643918
107.9193603797483 183.662368113276 60.91617598683497
71.49934644158141 115.9554701593642 184.1582659485293
69.60067871525246 77.69562964649755 184.1805661281801
113.8981825758704 150.3373885896326 7.86982168512765
10.92850350136245 74.26349600548092 152.8242652351494
75.06488621050069 2.119085308021831 117.5209425725953
65.89662370445798 141.7790741142321 182.9122992447089
94.25293777337211 163.0003333592539 22.17736706207067
154.0295742534465 52.46865275303195 141.3424869100382
28.46024621688074 153.0617930434167 81.56369123648984
187.7667836473268 133.7400649249365 38.8920500631128
71.27879537626269 96.80003607222207 2.401612875211273
127.5597792531984 64.18561259437361 75.13853876794684
11.96960670786116 163.8592146310104 101.3398288881158
4.517022169882305 45.74246270032256 120.5543577106126
33.77721633016964 173.1563355607655 113.6129618460808
165.2859125885441 147.1655509358398 135.5872240134837
64.63099831201731 0.7017953472646322 141.7887278582877
55.88133585964408 143.1239717850473 7.363098011726609
134.7874682244347 182.1694003232338 173.4176641523752
157.6365250442873 75.63180930237645 115.3646241285022
115.5468353918793 188.6112268895526 99.74676608791886
161.5910949878631 172.5483658792798 197.7410812224189
117.3667232435864 169.7212003274973 81.31698728097493
177.9664128246112 67.22577467315247 46.33271408201113
136.1679970116928 190.6435038323227 22.75074316762134
142.5149932395805 86.72295233267747 68.98551585440413
44.0720454134727 89.51303414072322 92.66194233516319
171.4404540022861 116.4709171007164 193.7805538619219
43.79387349980197 92.61515560455787 50.54924276636081
69.99762567711988 51.90489591386782 178.308470142965
9.396434782887594 103.6299480138754 10.35357562407389
53.58303663629247 35.90119860166654 67.80281097748374
151.4759023306186 48.38368724680389 96.60461208250929
199.3291910379951 147.744396500107 179.0923740920355
159.3161579316601 93.17120750027831 190.6302024223088
40.15194754046487 197.7194828563935 151.3638766487153
14.54911409391521 30.30730229251741 84.04206132279438
155.4624680007724 131.1362146117901 55.28046335553865
153.4121354068039 6.804778273477872 53.25185659234583
163.035953424698 142.5792881099779 187.849277909102
52.92330899843057 143.7347967615748 48.28732825583347
185.4517194079785 167.5457745177399 168.3629461376509
132.9490068888831 114.1420634850732 120.5865440678155
50.26406150418217 127.1874832337964 119.9535959027654
91.88522070143061 199.2906547859043 140.9962782535331
154.7584168056171 20.36523407499533 142.0807371828375
184.382709185361 96.6311140795512 75.52919674469256
41.58201177976834 184.8425239218416 17.6608743542775
5.652093515491619 185.0008710736518 23.28172986074179
98.66839619271614 13.85630008832396 183.6867740142492
123.9182362645183 13.64301794394176 81.44486984904837
66.74603281439629 58.41656026132017 135.9336407678888
119.9704486458417 145.4797683646505 179.9004072569201
176.8200028432639 169.5121498963497 56.11121636576893
53.35937447694602 46.75779252593424 116.3206419630277
187.3257838236033 68.44970681153934 192.3970770671821
147.9279900545513 113.7329913521983 98.78598909290689
64.02060770874469 196.4173745955402 194.9479897061143
173.9509810449613 47.97968518271991 27.85808313042698
178.6257794503437 124.7885216388213 130.9919140206399
117.4584905330849 81.00292829508619 15.14660475251426
111.301477287896 101.6614283527742 32.02683793825013
176.0147693552329 71.58849974320741 16.10380091340155
45.26083015826325 73.78497822275911 137.3477775674129
86.48414993227424 193.8191961400608 72.62819854069068
79.51298570651358 14.46521370735002 158.7856599573885
98.83461283181346 167.4486394206655 161.2958434967796
76.4273298144502 33.78913521571751 100.8304980633969
156.2539651432841 170.9490071956934 142.8379162687766
185.9046605533569 75.73831379201397 125.166895802755
