3 1024 8.673857684252113 0.6549999999999999 1.4 1 1 200 200 200
161.2378466239587 178.1791996827043 64.04436196671881
63.12156776686179 158.3022915128739 169.7369370889644
113.818670547302 187.4062642313889 77.29383595968785
94.11615924216933 145.1286758607943 152.9918575960547
32.89654670517255 133.9832732418322 39.6811275154728
5.885482253761049 174.8381588826288 169.7263319283815
64.09056250623753 40.71904450573813 87.7775897566716
30.35093194798553 169.9893404854478 85.33984774400525
36.15771926484847 43.55395099937523 18.53025944824693
29.7710058027747 197.9729568322288 39.85781627543096
159.8098587175767 73.94271733775523 23.68909255258568
76.55883167589833 119.493304442199 96.14890553868257
72.72852368998565 30.48086909554526 144.319445906372
103.9060994105299 53.30082746895843 33.31760013847882
167.7869344754452 74.05085514918008 154.3187335048494
78.29567330751952 24.16008584544512 0.050064028310399
148.5576382341336 73.59082344024293 60.74245844849513
73.60657264300762 36.65747176706399 171.0459942416595
148.8014808207022 92.45888205250033 30.29331016580389
107.4569865076358 166.1202619558503 30.7238837281065
145.7797759453931 146.1183096911648 78.1766589555958
190.956334247779 182.8159443304964 68.9648554226346
23.32754762264712 130.4518204751211 57.62662046625424
96.31748853326015 85.46998254006854 112.3651055823489
83.63773756278063 6.787473865170921 48.93228147432563
138.2013440280149 158.2372835201759 48.79813474074646
195.096328507336 133.2255568383638 133.5228133364635
7.445145504403476 167.1336491661523 0.1442175126374203
109.8569395424218 198.0422359399678 105.3648737250102
36.6692149213823 168.6739623700608 19.29657130704131
7.278423891650849 191.3741518917506 174.8660700655523
33.38980660750434 172.40573155782 170.1235749710547
195.3351403906775 115.0735695374624 188.6577715889524
137.3460173750621 153.4554503995166 97.86009247060343
73.89097214418904 167.9956976869941 160.1974859808067
68.90525153557546 135.0524853866759 96.6252483281074
56.82215286344314 21.00376855018112 194.9228298823345
80.37968091819565 113.5365635997454 119.2728180739345
176.6450088056327 62.2429619049836 163.4301537147024
61.36568398529645 93.2716777900626 143.6035151496689
176.6606064375984 175.3819464480494 55.05732900378275
79.54521781044527 190.1253505814953 51.48164396496595
111.6581854943122 176.2225096382918 51.48889103606792
140.6306563410767 107.446678685303 82.30599291899192
153.8527383313277 112.4795888069797 72.27941928812645
102.8553388566874 123.0475992655156 112.5010195285147
42.6772162075477 125.4121975725402 161.1225716745711
187.1796244075025 186.1348618903204 93.02945189762018
112.4155042947294 69.64206568135948 86.05345422950522
122.4266740138827 70.48399434328695 171.3289440299877
80.16668973557768 0.5850795615135245 33.10750924805983
104.3097986112882 187.3644898031193 117.8555515822337
99.1151064230705 39.38757329322079 24.1221065513856
105.7980636275313 94.02561210570852 162.5206587449075
183.951248586304 46.01967196120652 31.80940679222689
137.9921242469238 106.3676417434794 156.4078805500187
182.5023300676383 22.01165698622908 84.00523589329877
101.0253039824781 141.4428232928683 116.7998780722279
135.1142020585466 51.11011608950754 101.9448447969785
2.077861769952282 79.60933117257686 95.62929381129594
156.9581490467816 154.9826735877184 16.73139460201544
114.8925668299506 11.52427512697161 95.68003525872211
29.51164272401547 163.0960195521389 50.73823610514235
3.763630237664138 3.229631643121237 137.6075213586155
119.5577078275132 81.13308011189352 7.992893147807116
10.14246873641461 198.8255777203984 99.55051940356691
153.8329735352904 128.0426111668508 41.55798856420096
19.48034028683382 139.5018461371337 184.7006003857291
176.5870792987325 132.1272472767212 178.4860981638703
139.1813779623206 21.60687424183966 139.7563509200483
34.1488708604859 148.1858267107087 110.7775373885884
62.56972984486788 96.38384685922598 45.8587635470746
176.5937556505606 114.3614581787926 149.2802215262288
95.73549234125282 62.81155688618489 56.31033497904611
61.36542126234299 54.98863010258864 103.2464556784382
63.26838700772629 72.09167791138267 105.3947481628023
57.62070133158375 108.598695124172 57.1342008150144
195.3950310318225 105.8201589346355 116.3738966793183
180.6974049600008 62.04856678942583 145.1352025027921
188.8781895142499 47.9800089228515 139.1297771581586
78.9117685053166 124.9610649770656 187.7946785106724
12.01328427852604 107.0448077743364 184.1478812292494
118.92537267324 178.1510361780968 19.4968074692144
192.26898046061 117.6893521411043 99.04385288151353
39.58689475214283 89.38263332747943 179.1249823274714
9.636085531814041 125.6245947007807 139.15666039362
93.61063624406164 49.89893116921795 95.61842686944748
174.1959619678369 174.7996684403049 91.07751710805897
129.3021799804767 77.95302013472518 157.2652791553777
161.9797323257608 111.325899092905 136.9700990243633
24.42417063119488 40.83219323401772 58.60218809786497
41.08193437079526 189.7559846565016 117.8728668831846
182.159236100619 22.7347612200801 156.0143789787519
130.7971116720096 185.6020372317723 52.08222776542382
126.3265143031675 170.093533316674 58.43275224249665
17.56090311390146 118.0057052159723 196.3865311945243
45.5128721055557 27.96538163573186 61.538585407277
150.9191943002001 60.42959918118676 17.42494694671865
22.04873789374613 19.69564013288209 35.17968207390852
136.0985534437968 137.3361270189025 91.58743776446978
159.1711613447897 56.16958027952472 122.9405679221052
124.0333365728859 23.65530973275623 186.4718910319771
93.70196488860344 34.9379145415881 114.7012005489633
44.22914980022313 28.08525802406417 158.7981564603324
90.16458202136469 81.57939464997081 128.151557142081
127.3697041051101 122.4638714887069 93.42796262301162
155.5428944116154 60.79829790195256 167.7890428666102
40.74913670040659 118.1401396583829 93.32811130918512
94.08569422999332 101.1021658577757 120.4594567088982
1.267751103745448 84.47492171699965 195.2766446275677
172.5909218601211 107.8814788827939 114.255557916527
68.73104813531157 184.4812392515917 39.14828139669504
173.6835835661432 123.7068691314694 163.60255711416
114.5825557210501 28.79428421701109 102.8455852146019
34.13604599902608 157.7117014160874 125.2745188126553
157.3593472276015 34.49578228028923 40.70473383092607
7.312335098339321 104.1563869103749 75.53582167974069
171.1712964817374 158.0241609410078 32.62600081531554
36.36816018509784 172.1184650618092 2.297308896608444
116.0999736994944 190.8796121775553 59.63606012556009
168.2116677197093 86.2158189132218 0.5831339485765706
48.78515218395334 85.57968827734683 100.6412994070476
45.14176200287829 127.3620751967134 144.0628400112416
137.8945525820494 107.1392483268402 131.4444154448097
140.0883066548248 68.94349012756838 98.2174364574503
35.2080327685837 97.30587217276387 199.8425133338357
20.70688881586167 12.32520988598678 102.3761175536037
60.79001596736845 123.1710140787369 48.27716450338728
191.109650605937 54.38082780666278 46.5452143019833
134.8030843719531 95.63482201773071 40.03308091346511
172.4717836841789 182.5576376229527 190.9794382183692
150.0774958965469 103.5385654125384 14.04615221450503
90.45012409045128 51.17481189470804 44.50898046675744
29.17710715658945 56.76686641722231 27.3370387951395
119.0010554235535 142.7791313824121 152.4875842882969
68.72075867175218 22.98791700444776 84.5273262176235
61.3154238384509 13.30086786532726 124.2349446927944
159.9517928108992 131.7230389321992 183.3605768264875
165.5099365688686 41.0407612835729 117.3044030023938
6.561093870121021 53.57269488918207 0.6722864352305919
57.0090764800003 122.4644535915644 97.54008548129028
51.82561616608142 6.650844811869741 94.0411093880262
152.2682053191078 18.05815775576799 68.52753065911794
113.3179640266638 109.5240849772076 160.4970726364273
70.16671888103376 188.4191767400665 106.8198219694461
25.98833640262193 115.1607996874836 11.27729099456215
157.7048905922377 104.4964323685885 104.6892511396473
25.63777435789657 56.7418212593835 173.7392472293192
121.2110746462763 76.43340017961138 139.5429006893384
132.5120957837186 111.551565583988 49.26114332881112
61.55874870878899 31.39565262294805 159.1983941298191
144.5362894456489 27.68697595943049 2.804082956252928
181.8126092125509 40.42484502934421 123.1905562057983
55.26394449596079 154.4638697606931 154.7610096952655
141.7538447565328 101.2832197625444 113.0155938605339
156.9604186367221 104.4937800109699 87.35859051658829
177.967509956157 76.32447668034189 112.1661281244396
112.0665715479471 101.0988027499605 111.3871880557494
171.7997052370083 168.2991822594934 181.1229336106329
171.3832896973082 170.9395895751206 107.7517625039323
52.449941523517 84.77470804845736 30.66448322875641
53.50693100653059 48.75993807490043 163.9517186094922
179.3027587028076 67.708455122723 49.76520227457939
11.78898193458314 42.78754664153157 105.0107746852756
31.50195970120419 146.2577173581313 54.40430296528091
134.0416587806864 85.77648256289824 112.0376212441198
170.4093883984175 89.30677622395407 181.6348277856472
138.7103712203068 108.0391110152478 65.0764069079634
94.40390422491102 128.7248522227736 36.1798368663904
24.48752403853272 88.36545878602819 187.6040852412945
171.1647743450151 11.08866149142229 20.14026852578155
186.501838454876 50.05773550755319 170.8648320109394
195.7285269294356 100.5136343295949 11.33471427604842
173.1636781865468 197.0513248490007 181.4770102740721
186.6810436475231 171.4527438746096 189.4524292606465
133.2082669753833 45.47315126820413 61.44654794669194
15.43851014516694 90.25943999730323 87.32353571544635
71.44686574577605 76.01597083737849 176.3839656865723
58.5540193443515 94.0017258691246 112.2401302925374
46.00103931285648 27.93000948757847 128.5315719095399
116.2094855911815 60.30444774976804 135.5797527572649
129.6444904519581 186.1392480905096 69.38320084660087
58.44255494577505 16.6742434870595 59.0446587949489
70.4668301892012 133.3269132329919 59.22386966859307
26.15184920557098 115.8840628414381 104.8056410594788
92.32282724217593 161.7043742778177 78.47923507543909
85.06108232085376 95.66984412994177 154.3367732101524
162.4938485678444 28.49127547489596 77.87521337604545
121.6049045636785 31.88932191585397 143.8125379291631
59.62536729658066 70.74231544572611 189.3129617488981
119.4764406862863 194.6540184850569 24.80689469209803
52.86323811816901 91.05052042054398 128.6464094517057
77.64678521538877 194.70791078832 69.36038259650796
20.99775188993781 71.75175831564279 24.26562580002481
34.62032690205492 1.94292697999271 107.3649511517921
193.849888998639 161.5724115244966 123.6507802091228
180.1375419545494 12.58318156367357 69.63819630006037
167.1176481471003 11.95138135579909 152.2955641364199
105.8162750887165 70.42295643254806 176.3250517394235
195.6971117618326 115.6841148896578 133.6812192439655
4.624185605168149 109.7449840474736 44.49149591497982
177.3493040421279 104.0876207033618 163.235920288399
193.5850316672625 166.7142835680842 55.33659882042297
189.2912177520595 142.0332804653776 172.0726421682959
145.237970380139 184.4168631757677 61.61136140911862
64.22871096282975 26.55770359567506 9.908154678453361
95.50099621162354 18.6275338124769 53.38764487553647
51.83117573329389 78.83417665659186 142.4130063520409
40.76237873407307 73.22365882494924 172.9295668141899
116.2681137133114 156.0815275369651 47.65308224285128
42.04028983875019 156.5953207259684 8.063385604556396
40.82900244895561 90.77519760256168 115.1526241401778
38.36945024097112 129.9702996737409 111.2414585651604
180.8663199157669 47.46073833968002 154.5077207198337
97.66971523447354 142.2070569920567 76.99461413409456
66.48759051705099 113.3909736150105 108.8870750905481
19.45624851399359 42.12295825195086 22.99337448272373
190.0585117157065 37.28450848707924 108.2561232265395
145.3774072370278 37.27812296340349 104.007733047669
127.1815741670779 62.9980030610522 148.7412309728942
113.474546285043 126.2500223598503 28.95134171185249
76.39340299652723 163.5272061590454 85.27779041067467
55.4952242410704 129.3889901148662 81.70725084138667
12.0722972992173 83.2344699669042 41.08052698433285
184.715767273795 175.1928918156705 118.0003045269494
52.78705946132487 170.1989210162357 7.553182918228436
166.1990625265987 148.4373021981017 128.274170697048
123.0858827575941 170.1197670101103 118.2181795979862
126.1480556591823 59.33362513214961 184.0827055359231
156.2657290826691 141.2697379634544 145.4057749097523
157.6366731738299 173.1129268455866 95.96098698926654
57.56371020305791 132.4054294480707 155.6246335122395
8.074010401889696 43.08743720385886 88.06902264261043
28.44118538808724 39.84111758982678 108.8708692330381
127.1484061958764 4.636304003516579 8.131988325474582
111.1193180845161 95.91271660553531 86.74128215036653
120.9140658760281 41.20379864165526 76.72710476565528
106.2869717169769 25.28520993111488 139.0535530204062
87.7574499874739 176.6082480800221 86.0894056417566
9.447775865165466 43.85734557470622 38.26931603650032
47.59329798357881 199.3498233070854 56.39869485386247
198.4768109161065 93.71125043810332 86.19854600030038
149.546715297706 160.259241588376 87.58031829659774
119.8748269285408 2.174804819096488 118.9086249877318
7.665595025053386 124.3279996369649 53.37619537978338
141.2391055987074 9.839159092876685 153.9764149039634
177.8184188078432 197.2600280112152 77.42982213802934
125.4962437449338 138.1023797468767 24.96693347554961
62.24150747545083 105.9523044080688 124.2621636596025
126.773076347942 98.50856024732606 121.3079517981364
23.40791634983782 20.4712467130532 151.4473125834455
136.2516020224312 141.0194899574153 152.8451243198784
140.2347016617317 161.0837929791937 175.7072313877994
155.3039723800776 9.175729484461419 191.4696776873108
164.7988561367944 92.33102309335753 165.5048186273308
72.39625604451415 24.91973116383137 183.7564994130627
39.38723089362853 58.81201427352821 163.3751602447521
9.299234191963158 66.10168590030085 120.3598355488685
190.1773971834272 55.78353305196914 192.6898969923368
38.65572956796048 159.3615346785014 155.8150201764371
186.634713901379 165.8835599805159 32.73603968526234
83.62034479775419 65.21013863547661 126.7847716696613
156.8895384678305 192.8652824070384 185.777742723728
158.8813038396204 99.6869557059522 194.8962855065081
143.1641329332217 52.69477089224428 117.2296591612317
6.151529576422416 141.1045132717889 146.1585516717969
193.1234333312524 69.81403320235012 106.7976344940749
71.44460103406378 130.6167238428235 2.39568853170586
121.7903223989177 125.7485189443601 61.62597355489702
193.1574840143068 32.6686068383632 146.0698440766969
67.68756475363955 159.8577562418775 143.9234899014006
33.61987169845878 34.92107066558532 72.06821576561056
40.22666613538217 140.3521985252554 125.0123572409817
117.9159682963802 185.6364991697094 177.2601135060418
185.0199903991875 77.50161277715209 93.283117511914
104.9474476846229 38.5616512353244 83.6223301795039
107.9859920744064 110.0998902951629 125.63232924091
172.0807564573258 142.2538052082486 63.96102634196973
125.2685529845583 186.6379110359779 113.3990929733365
115.8388158526515 107.0589841190191 13.78134873883852
119.6838884207752 194.4672425471453 42.1494807501322
5.342933985364292 120.5957466152627 175.6155434265497
133.2253368263322 25.19220330185329 89.93867532266361
68.52733539391579 29.10168792691112 123.0125127395045
44.15448559082945 159.279818920805 173.6960131732367
172.5972075713508 25.79393864719571 121.6732005680546
17.39835243469648 28.62986520159494 186.0455967508856
163.8165826864671 61.1483753463749 62.3192481303202
129.1262518265446 35.28150212821676 109.7355851174226
21.9382240578469 182.8944997671742 110.9997435137732
39.40505653225228 20.35264998941933 6.226186204335363
78.09564845088693 66.39953077441839 163.3841761016766
165.8612735335114 100.9627393387921 67.38524309667601
80.970262958533 69.86877719378121 49.11405121104352
198.18002030457 115.561012544828 65.00046463231867
188.2791948990719 120.794191984784 172.5107659102693
94.97319205255252 97.03191121574869 183.3107595035785
57.17456761818929 123.9360177529111 65.22632321534262
122.2223055321735 158.162471914942 104.9281678942005
135.8464459923798 145.2585552885042 170.125325119496
132.2997255542184 24.63869962899484 155.3859721177462
109.8087006126002 183.0962387417031 33.40231553721507
189.8489971778558 170.7383871628134 84.79900580872828
67.9994669045753 148.3769434471691 84.31763329678242
191.3685708446648 1.495374328506701 10.35541785773493
116.4201733140486 191.0077477128458 8.126806795855435
157.1388678290776 175.5554727841992 186.8853039868858
38.23357015498475 41.5631872265291 167.927159226132
77.31566609467345 174.2318305090438 99.85426797174198
90.32293241025093 155.6123364804494 118.1636542206713
32.89536610639905 58.13327475876261 5.406853499878333
83.05868819604822 22.06978503195966 98.31505589683815
152.2408629232627 173.6043682655945 169.177895048444
9.385748813165417 65.08459536271116 103.0467155749958
43.18314208006941 142.092967986186 156.118386899448
144.5625227578317 82.93501412816121 46.68998386752009
68.97066685630341 191.6279388442414 23.34356865660855
174.4159062439836 170.943837573632 21.5136379876932
96.04941733923408 184.9109704417 50.34511569085584
32.06264634339815 17.73992414341206 70.22082377186314
136.8520448746517 14.80439089771007 194.1036860390283
167.2241739619461 37.07174043734203 189.0576762945841
180.6955574886731 188.1996979663086 128.7489818762716
41.9747986913786 156.7471015538928 190.7174347222442
17.07675333980953 73.1667737351132 89.76778123760702
173.8945244923033 176.4242147495079 37.96404119416389
165.3422793769334 189.1436887893355 86.33739988148763
173.6796607075971 52.76447676051082 132.270588933778
2.746036210049808 67.65673115511323 191.2912612764569
61.92961058316856 171.1144730822284 107.7972281095005
103.1866655964943 192.1399978103387 19.40218440073332
114.3446272621444 55.1532079209081 172.0797953310641
116.5585874721848 109.2514848876692 55.69918115930347
26.0448104658306 51.29023536519255 155.0056688972783
153.1653643614596 137.0073459888084 128.8798671107815
17.94146663007182 185.1144442937804 48.74144378306071
4.210894730528683 180.1412532563518 58.10170869635882
28.37830144040347 28.03404061089239 18.21724607316698
107.1479987958731 21.16522258115515 189.5600377021478
95.51259565934181 85.26378520954309 144.2379209997399
28.02866130859837 156.2542737726819 179.3257213634326
68.74543991093732 2.88211395947096 56.915429941308
149.5445085263207 100.5649512338174 142.4888008968971
194.4111257445939 65.47216158670416 171.7388657500548
18.63723891537852 4.938692163393408 162.1172549663462
120.8901297375138 54.59403397223827 39.23424262754102
124.758176539715 39.8808026848896 93.58986820483513
31.54084882645999 35.6993375777275 149.7448023671205
89.99815109659853 193.1714224458682 81.44400599647101
85.16370569646881 148.6828684104909 87.42898201192538
93.13671571348327 148.0208631947963 102.8210896613166
133.5127189191411 190.748755027683 199.9125573009158
95.49756072588333 51.68244979588753 2.691910806141069
1.304843503282261 13.18973661655 199.8618373162507
134.2638382764449 42.27388481243125 12.98665233361951
98.36568351368447 98.90424399141668 100.9890233065602
104.4452645220998 178.0314132668331 146.2167229417861
41.69134768624787 97.31236397897723 36.5746223107382
154.5330737958306 27.77427421432394 115.2637900079676
18.18955492049657 114.4699702372369 63.16921438606745
137.3760907746023 193.9132757932602 147.9814102836367
123.224836235252 34.28395074679767 52.46722957881317
3.467950574906508 100.2238334810407 130.6712479365687
146.1066630113301 56.75684330829212 64.13566594620912
16.44174974135873 109.8119961848766 137.0442004011315
15.87413185438638 134.3991077887559 1.78703378303317
141.3821553585056 163.6933021264938 16.56989758899802
28.59635513769787 65.70117274569373 124.8914694464718
15.48369681331172 57.50959023830812 16.03916717909308
37.55087989759201 54.95408866095329 111.9331501867688
114.125887247204 124.0817666026847 46.15019032990775
154.7721134932276 189.7160947505155 100.0773689425766
37.01116999230713 1.738583535812559 78.06810464888751
29.37783285689766 143.814367131293 167.310970596653
77.81774392544519 111.8528854188193 151.7329859351342
113.2415112473917 24.57504046255831 157.134814204291
109.9941229560683 196.0722033985132 152.5846131068155
89.56291323914152 135.6657881670005 196.9318670492825
84.02511697827941 128.0963934362302 151.5606504246374
165.8869833652897 183.1940671712425 174.0004590772912
32.21120543560905 174.8309093543448 151.3308777023372
123.6551834142183 63.4238959700868 97.70550830226115
148.7917772809269 21.85917837506114 96.82955734670598
21.8550326627208 79.63991705200176 57.79907826012213
170.8304052951537 145.3762955074038 20.75847160082738
21.34184994424917 171.9089539313136 10.96289516129714
90.35407483483593 20.04653139357285 36.88533904422329
102.6242178053261 180.763156440608 65.84404645859392
91.72004913104627 164.6203448872838 97.98555200933578
51.08422927968603 165.342019990488 50.91854045127727
178.7120220585599 110.9252200447124 132.4101534546886
9.838810608278369 151.9343452056318 99.77818532833115
168.3479534563252 71.32399068057649 97.84732626285751
191.1288438583854 162.280675999321 3.481492909927054
188.8617360895483 36.6191529466562 45.53642020075059
129.4882220377661 150.404347798542 82.29549955850229
52.4217494317312 145.8341905588318 77.12275486743725
29.31440691657047 107.6764075463275 187.2350135210512
36.42099479647776 187.5905938840258 162.3040637576126
29.56530779068242 190.335226973055 198.9894858672791
55.15187883521808 82.04396741489272 176.9377149158119
181.3760048217275 157.6076859295451 47.04310580915685
66.54538842363119 36.13025156161633 195.6293506937897
199.3986485500106 117.5344189775419 83.23207511665919
90.33256669738788 155.8803454473492 166.0655069606642
1.117158059073036 168.4349803732146 70.86600147944758
37.35948342121464 147.3139004544607 140.6380404559514
153.094148954466 26.92860194617069 187.4718703332067
128.3913342798318 155.9745764979305 158.7031054826726
173.7675581061488 7.381762184470571 122.062044452084
29.29581517300046 130.7820878167788 96.47942133183483
151.7109612271647 144.1731696224732 94.81495865810588
25.94923204845904 72.0550802442929 181.8816343603226
116.3870746542681 25.70370034785252 85.79873035508137
89.19390020717591 172.2439483154418 113.3619682282201
78.40620198851278 162.4676741066594 176.7986036263051
14.12300026029986 78.31520602004998 131.687085598081
174.7570345498145 180.4114442245797 74.675741244782
197.5303736108465 52.42436645284302 102.8432808398798
109.887282383091 121.3295403665424 173.156854115453
135.4531084629165 179.865985011339 14.52879027232956
180.0572319023904 61.29799243784361 89.58005128575813
90.54969670737273 51.98692253791079 115.1718901898509
74.06546808371149 7.370878988746494 1.064462779364856
0.04993963797683201 122.4967874810846 30.38438591622248
88.833418875715 144.7746042884023 43.96468060930624
30.87159935826167 24.67535194532567 136.3670114909961
15.16675458007821 177.51975585438 149.5426326952367
13.75733832322933 165.1063982079597 82.27140722871664
122.7368691412754 84.11078521807927 35.29818852768777
51.21182122428947 5.114043602599335 111.3074228861579
110.3908166302334 87.09571021424975 177.7463399435622
183.7091919509496 156.6954032968799 18.13007102920121
49.55419259016061 88.59443437086746 10.45558246736386
1.78143202690568 179.2531136312369 185.9920968055025
142.6771706146103 63.62698275178357 156.5080731921602
20.4985507459925 54.00843917252264 114.9624404837735
29.42990996665731 170.3338170342641 34.97316146524913
113.4001602848876 131.3133442379134 123.5195774866831
163.3853818893947 75.93451680737584 170.9896089789052
183.6754430496669 41.34920216551885 185.5992000148536
22.03559996091293 135.7896740258403 111.4171527102248
66.53980516663258 90.56515237162544 13.34677275478215
58.54537268911081 74.37282242979263 6.239948289425479
111.1226215748578 181.4540043845903 161.8566382504719
154.5863432779124 1.120652464255397 147.1382803572414
19.87888117759247 122.6152830241149 41.18066574611773
29.44407033996632 40.69738475055043 182.8575823961885
180.1634293876768 149.0775938998444 118.0025087929286
161.3207121104525 169.9481562055434 79.3093407985256
28.03167654693135 76.37360739201729 76.71425506009901
166.3242485742982 87.31354361945625 105.4919978197506
131.9195985015579 54.31001516417723 25.84782510690991
17.4492265773001 172.2753332238883 97.62614294498911
109.2758204860158 104.3816457064563 176.803205796704
95.30759011320093 42.39717794816626 61.35799514692273
19.58196880218759 184.315653360569 164.8794583396488
49.99762477634523 131.9091067244654 37.60608012410734
171.6399366006192 68.8243573598029 76.41314230874924
10.54968954439805 27.4150646529825 13.58384439426623
162.6713491317885 75.28750697090399 188.3075509727804
26.69639980263907 160.9123834280222 142.1182203476092
9.911291888124513 79.38013024280173 74.99193121074444
51.68342271358794 117.916233186548 131.0690410149276
160.662948595319 152.5502528596902 72.01146431385709
160.5555263639721 90.21516364847089 17.73423750544193
144.4748162877395 174.3556200814432 47.50115737411433
198.6855586881521 84.58573954479691 136.4864713240014
49.99369712487279 59.6427773878573 2.8948871824981
35.10042421266025 11.01701950228204 92.59879176317105
140.9606520078402 193.1933520828865 109.9793465772473
41.47928447319118 103.8987094708066 131.1429720887725
78.62206612468761 39.80581886319956 7.528014345502224
47.14758521233166 199.3715457214184 174.4953628389128
119.0696544680487 153.5365181044672 121.346233826714
104.4700960270291 173.7348149741287 82.45109636952591
110.5539375405703 68.35836418619992 46.19620585079214
40.78195065486018 45.82918624639354 55.74501020051001
64.90344123796645 115.2662380275395 78.1093622483201
57.48241803873353 54.36960882664809 57.13050175096858
183.8793449206418 79.02798190365344 143.6058498817452
105.2243403863294 197.2879231680431 88.66593716380306
105.6933312518527 135.9365494930778 190.5166773292572
49.99558943745846 175.0391180474611 120.0613635850249
54.76136571815675 16.92831756158942 166.8927719203037
156.3608149192226 178.7131819455238 113.3904016414359
146.2369083036512 120.6158652712685 55.33745410251677
82.18626268712966 198.8343970241518 171.5051340466646
101.2774182936412 110.1328433441881 88.09542978890947
105.8690860653391 156.8921917211839 110.5727994390909
114.2403709725691 52.51465109228243 88.05506604128371
139.5118834746829 22.95196848031751 122.4664059475045
103.0991103287181 64.84893129406558 99.98283279571115
70.47846171308261 58.43929452608943 117.5961889294997
165.1664193092119 156.1385372096759 144.1513346391248
22.57247246368195 57.99519204597753 191.4656197812288
182.0631820983315 142.8743102991842 7.777745237967818
112.5203277684377 116.1904993689518 99.83434374594063
198.4104917801311 190.0102177063999 21.28152671578605
139.5130550748019 73.35994048587133 170.5120377969401
128.4866139728639 150.5860771924033 36.63407135210096
141.5656878221683 0.9361531145967408 184.8139302235285
87.14767847985136 129.4956073561808 51.99337210689245
16.71878854153825 14.65245141958566 136.0096812565944
135.2031129784976 157.8371469824158 116.4438332838025
96.61854272884652 32.87119884658825 97.72981428301721
16.58249273734561 37.52195837964045 74.01406898794724
99.79673205805155 82.68982276697407 191.7869367922402
90.28572395120301 113.7073651392193 105.0378534992352
131.2290036178924 56.02982639160998 167.5137731576513
116.6314052549759 16.83027638201046 172.344470020055
84.01117255638191 191.9450282705919 188.0236125387087
78.06122746099905 53.92451779474314 62.97882630807809
3.723882368848102 69.42336677041402 57.39426213849743
1.539486313264877 48.62872272637196 156.4707301438117
100.1136340256631 172.7723033040262 12.41988720875944
78.24129928984991 131.2429145812704 78.41636588514179
127.6188096038812 44.46581862053876 128.3558283454225
179.108301943652 33.09026156538815 66.21220523061916
71.90008236481198 48.77413137642338 154.2192539534589
184.8825273403386 137.0569655207035 97.15307832314983
23.28515565372613 101.1253679854629 119.4111341661752
38.71840004794966 7.683664726729386 157.3800174321228
45.67360168828713 58.43106003527491 39.92384094836512
4.206146048701998 86.29670718587543 115.2211803637952
53.65875780954181 164.0967048077399 89.975099221207
194.0146301644157 5.107451669602579 87.87303044122389
0.4681210135049598 24.35360673090956 73.76433389638913
103.974463739368 35.10207912924254 43.89565182866575
46.40815438020724 112.8679421192157 7.950166816115082
109.6863255380688 126.2262074179156 8.487618051069811
84.40016512331071 36.27476831006429 81.22432151494831
77.30646650551721 113.7937844884309 61.460224501247
81.83254913588205 103.4389843679742 83.99438377231927
75.37888172723673 3.918113980642241 140.16124822439
71.36187625421131 123.068514766641 135.4302970012056
32.34313502135471 44.03337698724222 128.8722185140066
21.65649939854483 154.7101982524846 23.63565956296324
66.64114609356731 14.82120325621141 40.0016173748056
131.19721068343 176.7262323273456 159.0291399929062
61.90654086697528 61.70019785525968 136.2797157365246
185.1607736650179 56.60565795959386 66.36816444378437
22.05039674725447 174.7482059759902 187.4194792207803
184.8657049445459 129.3347623438745 74.1280039892648
14.79786593462309 91.87244289360876 147.4672094421504
19.54889052258819 143.7956357181324 130.4567601759044
129.540411499151 79.32631096977011 188.7780685546728
165.2507089562131 136.1390649849587 111.4044645295785
16.74222545892071 25.34381376451981 118.1488472362095
181.1811254935538 151.379967611542 188.8008378331203
121.0730862641489 110.6708545444116 75.96280302848967
189.0980475603916 160.9132741538128 103.3942624912672
115.2867116763633 81.95984410610247 103.8620890070499
153.0120814393081 185.3336422827644 4.790739941078907
126.4454860487385 199.9157279621654 164.7471448545806
94.19784554065301 52.11193575665606 167.8229233613774
99.88474511945738 96.65885121415749 69.2329651323614
40.77320813996578 76.8443456993885 195.6877886953768
143.5288606949429 112.5529052681386 31.62734423870767
140.458786631318 23.64268666500246 46.14415808324333
151.5893250174713 118.1306906310777 120.2654000954384
70.44742968319838 109.7965692741068 6.404795121207528
19.65581871540668 186.3136655542797 25.89663620656161
144.9981011426034 123.9470065097294 142.902529073246
154.4569569744662 45.98179184545717 2.870327535386523
168.5719443605145 190.7807785831719 23.86174525185863
80.62631454936802 32.82049859719875 50.12995521258092
10.41137046706046 114.1295138036577 156.4937959596117
47.17605731462897 50.437193996627 75.0023830738902
7.68763293772684 11.88526728379055 178.3952376793173
57.48068315845797 2.666646421147127 74.4122560632603
170.397596494285 107.9383095316771 13.03628229263903
66.20236175156784 93.34608394447199 68.38514281898183
39.24983510934995 68.65669405436631 60.97966141688426
32.33084524589029 37.45698860182703 38.66319299742742
9.820585982188899 7.130460492684101 18.16713862757207
0.2521752928070183 62.0620312077058 84.58777165270325
46.08790395140235 110.6630410234986 112.0058641866166
191.1725467333911 17.03314716628045 52.5586374981071
151.9614574210034 133.4852053490351 164.2258086701444
14.28070294772342 142.550855980638 43.31845762665377
79.0806716738668 99.7747417118552 134.8275013663966
166.7678254230447 72.3498884322168 133.6020679733699
192.2385401203187 145.8688454617462 33.72430090396346
118.7031605097756 22.63379238553141 122.5679242053623
153.6381872095835 37.55125043803138 61.35775150605462
83.92583491347737 69.78616837545042 106.4826067475009
191.236940660584 82.41490426471387 41.12659011835226
97.37435409354254 30.56029123402903 5.355485059377126
5.68199316740631 157.7710645916221 181.6438069712895
103.4224948606903 67.34160956147085 120.7437529076451
151.0535028070629 39.38199855188151 132.1899630625443
87.8537895128221 181.3061488322076 31.56014741206131
165.9280868423599 48.98685712662677 79.07537859885583
48.50620523638033 27.55307699841629 23.50610961776889
78.65219715203389 96.58639833392435 107.2398209157308
18.74561111614238 34.47840673198809 166.1183719016938
104.4930390755008 168.9301666925234 127.4970386654561
178.5309458295345 44.28322758141914 5.551455668130763
109.1932562857747 43.16747564763845 188.300802051978
17.27270571434859 130.8713324443054 22.25014199013141
157.5618017426833 129.3430560416282 21.11929444971059
68.00276760685887 182.4597470127323 83.15626340868323
116.2895553611899 67.92148685331016 23.91950834078951
22.50821680426019 40.33164130488869 2.481198369393954
168.0676984653168 66.18100270710457 6.231585183133827
20.0373096096667 57.84623850020704 71.15488429651371
133.104309185141 26.13662651174855 69.14601045838502
181.2369615432234 100.8621652247102 53.35376594263748
167.8174426820743 81.47868815172592 60.33644022979544
138.546866505601 85.77730732387946 132.8205032703457
18.05744581999596 74.14672173881904 3.798484754826935
44.04113554022528 55.52641420128062 183.3884038263004
22.4739364496308 115.8974659796602 83.62679513609092
3.733897351834274 43.03946126888381 58.59869943552126
128.2449707791198 123.9781321607535 161.713235692363
84.50831786033726 76.67071011147662 68.46505879874849
92.03846988902515 35.96497185984669 149.8231264159375
182.7694802556731 91.82437906206764 125.2011043024395
170.358473921795 168.1187277672109 160.3635196654853
113.6185341188533 51.88702678291928 58.55009034784997
99.6411790823034 15.76386701010768 109.1961883134153
199.9370456551477 33.75362508905061 196.1454252809668
45.26091392087652 181.3484871718655 184.7306494333428
121.6691609016558 11.07355484587868 143.7184381514234
34.53009745202149 20.17557649545031 177.7813194325915
2.567958921037399 199.6625594321121 65.13673800934663
168.9259239355251 87.6551092320268 84.8438922157334
3.187217584583044 16.19041655793391 153.8780139519681
120.668022047359 3.179654911475508 188.10591081259
192.1521863230659 197.2675577995834 189.9900939001506
111.2003998997278 74.88731313016703 65.95186189557386
46.72621979051147 66.13239838938443 93.52349861664111
119.8188919798986 164.9235283994436 176.9471920930691
165.5707991261077 10.74342842092295 88.3990876032878
151.0582581515178 140.7066429084198 57.84317262045865
75.84482840422699 78.63962175803923 146.7013833987874
161.432883856361 161.6759848087173 51.36834507170674
139.7537956574005 18.52282074511789 173.8301822487351
61.05783640130645 75.68060963811324 47.37087406393464
124.9869104268146 35.60459156266897 31.75373776100257
158.890141520739 152.0868871406624 179.1886938843816
55.67093605929775 35.85108926735394 45.17031137348091
62.94688321208545 20.86270292952154 104.4132690776055
193.8753270677975 145.0198953948967 57.93037068332257
122.3664265380071 95.34592458280541 148.1884546013373
94.63417800981421 175.0838261549063 172.8514034587867
92.4541905758639 134.0946767695997 173.5347817379364
25.91051881632171 131.8683998617878 150.6197212192576
18.26403994004927 1.196574722296507 120.2068396238832
87.26662634701998 22.56061645225697 130.1452084272796
27.06186857518238 197.134059189556 179.4747931829794
103.4112610757472 44.7725159278983 130.2642390414146
95.07733919166789 164.33444680947 47.35426865167785
6.793800085479509 50.60079618932043 180.076753216675
23.49621179897517 98.13920964009995 169.2512755842259
92.28108368028386 60.45065746780222 145.1005550448301
35.85586690272729 116.0263230325889 29.58364924508174
140.2405743107591 136.1771286231036 188.3325711598946
41.60838511274313 152.7380431277933 37.33219703353103
46.71263833768008 39.16423545293191 1.135991037601617
25.340225793131 54.69588512103655 94.63322539222222
78.4335520111719 5.585180745058587 115.2033557971786
125.9582348312875 192.4545599952758 93.42486002974707
8.311370726883291 130.7328125797956 96.62814264958384
184.3057824863234 150.3562879332798 138.3628108212828
102.9961756513011 199.1330621768449 171.9454181655739
149.9801746633487 194.1088405936076 166.1815982551022
14.53791675617537 163.1505164546449 116.6724249306665
148.5101352016872 80.38357809199671 3.8991754508331
73.6816740016241 33.99600908383117 26.8974659595293
192.1229654936062 100.5478988410917 148.1186049973373
166.945582548195 16.04599708347552 53.91292380487168
85.08446506247654 132.6667395153365 17.98740008528905
149.2639101500469 147.7153417779222 34.65451771522482
149.1493178368365 156.6926045363416 157.4302034320917
3.393680252279268 25.14329437588295 97.86084619710361
73.2661136017057 154.1657858955244 103.6064481348187
64.17856165444128 34.62860763777105 67.87983440308768
43.10016002717902 88.51892868375337 158.6280656667058
182.7932700944254 81.90581441895507 166.4181074056882
16.27416116790051 21.93654189058777 55.48698738421436
158.800609212152 95.14335997851325 123.2486285485322
181.8657838293265 16.78960443772109 105.3521688263884
45.90427615509566 42.17180757136798 97.79082153521234
22.44637153283651 57.99760077377599 46.9958699122909
59.56595050974857 152.3068138809435 20.82306123795778
197.8856914153415 151.6462372329282 82.73910580620904
86.80087963208267 185.4715489885576 129.2568510534466
46.06205865655098 86.25566923732606 79.95492335712942
174.4689737871817 191.5073105304563 108.614335648784
163.4250966603901 13.23432735541667 172.739821060461
22.16905819618728 12.19127729291125 197.8863456457181
83.84502452441848 172.1356731012984 194.4077859108258
0.5162768507676144 120.5021018907986 8.072292738978566
98.71428183955523 120.8858877713808 70.463513459041
170.6344065742269 36.03216474534899 168.5575080589784
187.6796164878713 21.75986698029342 13.3145758582888
124.0172641912676 36.65936158535217 170.2186973596038
118.0223885214125 14.31781312684277 48.18698577958566
57.56018916950433 68.75652737678953 159.7117995540937
175.1865930392528 26.45574114174222 33.5885174140106
79.96932081024805 16.1835855415246 68.32880994384307
126.3999760475955 171.2655423887894 37.65198282423137
58.79054154457052 102.2055309492989 93.11346874216632
106.3273402677167 89.27408848193586 47.01413946757655
115.6142823357721 141.3415468406776 173.0355143734479
171.2942243736212 129.9353016706866 136.5270830033089
24.5605254727494 103.0408790774224 46.91976515326424
58.79671415122156 104.2622775065289 26.97312070362272
0.04241508337997613 143.2478309542439 115.9607865008501
173.0409407747601 33.82242576737921 140.8749191313816
57.46545003537842 142.8513313006482 137.6277915003645
142.2845359430536 48.66417189549423 42.9899527860995
144.0011651308081 114.690115920693 177.6684992917603
39.2818894932377 22.09459330281799 109.7149402346361
71.65076519310519 81.99859816028125 89.13583269760521
194.0008984166827 1.150298978433618 119.3527635380841
57.00456682704414 111.9959399953667 151.5735310065276
31.3636629582142 121.9752749329992 129.1323736576643
73.79663448054635 145.2962365020004 157.482977565758
39.92740198000357 138.3467887455556 17.84485832840517
189.7942515633599 104.3909053600033 30.90237636901749
82.54864699436794 92.79807852060962 50.43855634135234
27.78401878034082 189.4937815095528 92.14618151839436
133.1019756554157 41.48617187508593 192.2186965938754
91.10697229695947 189.680005825731 101.9357893157791
178.089103112705 55.67975510443681 109.5254121872112
26.85974363724787 149.6429598834851 88.01674478796137
36.69362648310062 132.7217404168342 73.41714606317608
130.5638370764125 67.9709812307713 51.91608516004629
5.656717225531766 184.2327104330133 83.63411955302807
108.1603040069661 160.1528667794809 156.2066530831117
68.57984806874261 73.06191938333798 24.42805974230735
171.8031606487496 116.6704722159989 95.40160899568303
194.2029955661485 24.16570196010231 127.0983028148445
33.74807359854278 84.80515986908412 134.0255103160282
71.43754450682384 123.2051389729646 168.1116789086018
160.310036329442 192.3598090882541 129.1479549993689
61.48419863875584 127.4868320395633 20.40522273627763
157.9482720433257 67.21866338486907 43.2956791244818
72.89919136097397 166.0835120862098 124.7588542542005
159.0224570099084 198.3760545524552 68.56477195343746
97.03616021676042 12.36166868598205 152.490544055717
127.9232897776744 96.61073766028485 171.7943601659241
164.910495947843 24.18892763843882 5.231232502074525
69.96606924275184 80.50182726289607 123.2158047294946
112.6206695193225 48.58609977102007 152.4036701290916
130.2010294341812 12.31736442042039 27.27513304526204
44.70253886324796 182.1097954449098 76.36929476080739
125.0653837560358 170.7290734645702 82.60866442228432
109.421332986277 89.53394156069263 128.4811187869631
92.33952277049889 74.74306089804369 9.521301160332289
32.60870749974537 78.90218196621004 39.99126075263623
147.6034142332948 88.27179337940575 96.44339411647623
44.76104803074634 3.88905234636855 194.6711802962282
156.3684808683398 7.570643337602156 110.6382883928317
8.866986814768808 132.5983426885076 72.43472271024584
113.4185953314443 48.88854585535085 108.5336490170747
194.1905528661965 30.71567351091752 171.1270770745348
70.71044150177653 58.12820617288217 1.615322047184391
8.703092165411583 104.9934484647295 100.3900219215764
25.89988998655226 122.6704530021423 173.1295297053432
171.5094204046623 191.8135159540127 155.1828861142845
137.0411041933619 3.880962786980905 59.82995997549299
58.25027364144336 7.176612140520938 14.59188576335583
103.5210761680295 186.2367558569133 192.5045146859775
79.15831229582058 45.38951594677872 131.2930640793211
166.0158984160703 33.49623270161191 97.76631980592781
66.64067329435045 93.31730196514175 163.7403987119209
2.856527054406982 169.7030562826286 20.2772473438684
133.0840166557374 120.3839497397497 11.1670994138593
52.34876366830602 174.2017008110456 161.7239437245383
68.34217770854528 180.6507400671162 144.6276320031933
143.0413787703119 42.56540495410311 84.01187377479036
99.03661293240584 28.48395527678852 171.8402014381649
33.72954490648114 8.323990596287921 22.23742869355314
116.6436305922672 134.1980376633792 79.99491358875147
76.86738716193038 117.5103707605207 36.32902699468609
14.95945282531394 58.86436062139089 139.0388362231668
50.77510057375202 197.0508586501331 35.35448650206951
159.3849241935556 188.8224473679869 46.25803781620368
70.9310984486319 163.8937085598722 44.8111482134538
10.44331019172863 166.5266759428548 43.12664787806973
71.86538561751364 172.5551470863009 15.52476026878186
85.17874631417702 54.46828549466504 20.76440986615197
9.424677366135743 2.893796576945743 42.06897103618206
83.87823110179235 149.984444477587 63.49176260414978
138.2417182311763 101.2997175247151 197.0718832667932
184.3894133715897 96.73361583125738 101.2224306249086
127.513579716489 66.40216405336248 117.9361068904848
100.7548462236148 148.7859321358655 8.807496685386074
45.42142120154132 108.2550619778363 172.5763874016895
23.32175439073493 153.6901382016933 199.4371937613206
106.3564236911563 145.4235308639465 32.77501030367247
187.2952149472204 41.83611219485242 88.13277950428287
180.1004800909043 195.8387054660234 56.78901786408453
186.819048351167 175.6832917248537 144.2058244674979
127.2427595297261 83.65377560277069 81.93907752007797
85.28197854187104 191.6420479354835 8.798152072562081
25.67121858440788 95.97408663786965 70.12455398803353
94.56668345518231 72.78839359102739 33.62590610264741
97.96728730220224 154.5632638892068 185.3860371611722
147.5229638128008 42.22620055943558 172.6937803203321
107.400436163366 20.31373482332685 24.94309370657901
92.26607680409198 110.8049510089125 166.6756978651138
70.3296540167421 54.49083305023222 39.97218656112562
47.54098453861396 138.8985560675555 176.2149898914538
9.527110349998242 187.5077859975369 3.860353430809911
9.389796279481979 121.0250838318911 118.8578846955208
96.93409189142828 112.2553577757796 23.70153517772517
154.1731839329934 119.5042757179257 199.179792569849
158.2359966357255 110.7673075447508 158.4104808928399
100.599614070375 105.4482030743498 144.5290572583421
53.0890344269752 173.2466709832977 31.24774506892991
149.232346226623 83.47007617564709 154.8984438441554
77.04359012542285 150.8983284328318 4.022458457133605
191.1695553292391 128.6275719368468 153.4418983221097
146.6230563688301 62.15398754644361 186.5437835292468
167.5565289378579 169.2084251770027 128.1387673151474
1.234102779398602 192.0073872086949 154.9560571199546
26.15188424943624 29.78143257800187 90.79755140467506
14.65360511959352 98.45970843867504 2.923344296254337
155.1329020523861 158.1745664254065 110.2348081353649
106.4509003509894 146.3896934616061 136.2781217340897
187.81629185567 123.4136275943009 47.190478324077
97.81647994754502 16.35018442639753 84.79780962009183
34.80472802917116 129.5298545093184 194.6467833993084
183.4896412544684 6.954798110606125 140.461359059173
118.9957436143935 7.490655598270888 75.6763526222926
91.81166533757442 98.4587296847654 4.382935717344081
155.383225844998 171.3177654586991 29.92695103543556
61.47230527642981 163.9680287681783 189.69493458342
39.18723650601534 15.42192325418386 46.18905849418442
151.2759984111564 68.28802397521818 80.67781257579192
54.41394449708375 96.5583842912631 191.8501904800951
168.1211463818777 113.7871428560136 36.49290483771384
2.181384731024005 146.6251686574247 11.58801047557511
105.0199604061802 127.4225456117259 153.8573015260939
61.38060966674678 69.68859979087706 70.9019823222587
132.944811388486 11.9947886852893 106.0307158155787
169.3008002171219 154.5699426393177 90.84236235549091
109.0225103216431 27.58821984675108 66.41955327141193
24.5079977368257 72.95268651332171 159.9268018873358
56.01774948239397 18.08067834242239 143.8902922115592
84.31568374561378 14.14000641905897 17.86509863623605
141.0845113021495 138.4283845077358 111.7676097536508
26.34351420528219 0.3566007300504039 60.2495770284759
199.3987181167364 44.43600153043321 17.95012463945328
178.9264746749065 124.8523897803893 197.8435285486063
2.156212964060021 25.19781062655153 32.50442800491898
103.6125656774763 7.097459454673272 4.930519075012227
138.4852335834399 2.965163736016784 128.1919452519286
144.4316642754643 161.868127298976 196.0704162769624
25.78275971483023 77.70263039124453 108.1221682349849
38.58864705847203 159.3329303556508 69.0890376610101
123.7289803399129 25.15916536370237 7.559932577796361
47.73581140860976 71.57496555455172 119.2262168027902
58.47904248642126 121.0668852433127 188.5394291416988
40.7608907063242 120.0734143823127 53.01887324895552
5.754293140090976 183.5272703325332 131.1954609829006
75.47948854561197 58.12146360497105 86.9339627340142
7.971276282173725 80.69900474667436 175.9336376680932
132.8594678546826 62.01461560588937 6.542270166038861
183.4552571935003 99.05622286519193 194.5907697344988
127.6937485393002 102.1015963811171 97.69888179175014
13.04053465157082 34.68823753420853 140.2576701653232
140.3835609582946 143.5387636796877 11.47359499266991
147.465137033914 156.5482742825428 133.2140140284905
61.05662447186679 183.6114693892724 58.47905453752189
57.03791791398514 50.28800535156515 20.08834489713989
97.08494286739014 129.7493350610506 93.65752033780868
138.9661390639276 126.9454848973313 73.78368555281521
62.75661786905391 161.2025252409692 67.6472899227612
31.10369515008212 91.84651397780929 19.50707579624039
82.37738799553897 133.1703409639276 112.6618432953412
133.3531644138151 131.403776817451 43.05644954240445
186.2721987239089 6.342838494068066 168.2449542239233
196.0106739552688 101.474655165605 172.0705006242164
65.54472696886337 5.328925293585031 182.1931691178379
199.5116369015198 135.4595540765826 188.9701236443929
185.1999390817377 181.8362460008325 7.4318645942708
122.9916699981674 118.8111638463823 189.1336951156441
186.5569344194969 182.3059775202872 171.69564537827
122.5943685471768 173.0266492216537 199.6599983716331
4.925922970392251 93.67466135688642 57.71612765564431
143.8564215681834 164.1377832554711 67.93919488875723
97.91938432847125 116.665027377341 189.5378618173913
88.68129778297089 65.70958658317959 187.1587957293137
100.3948524246338 1.083794662433062 37.99031201127001
70.86128386665963 181.8221316762801 175.4626158385707
114.0345169681914 47.01943332351412 11.77932740884288
82.79448530355606 92.67275341211082 26.16794120132181
45.00857031002437 109.9380230774946 74.67576874981813
158.2008679980464 16.1984548959448 133.2557093719923
118.0160223804775 137.6049900342317 104.2236960755001
97.40457959196479 111.8352371164357 47.97263581111559
147.4871618300193 8.210472245213623 10.73628760679686
108.7832190322888 74.4458035609226 156.1181501894886
188.9740866271968 80.6329519703683 73.08617244052149
74.94095802249554 4.280871764779339 91.20728003389088
48.37755972348516 165.3347689385079 138.4035111054601
114.3912684914081 97.03630629755635 195.5935832986987
50.69658269638255 186.6432593872497 99.67328225139777
5.939090648702674 161.153274560174 140.5903565267413
68.99415978901079 140.2415553232351 39.65005361091657
127.6466927325969 145.8215494031973 61.74383397888862
54.41344703321054 34.08145533987827 178.6777556515682
5.061207922642133 84.81052928089723 21.31057159053895
104.7906361214921 139.6604057652437 56.31395122226544
131.2709330862426 94.18547072099358 19.20445513542451
119.9308860577047 187.7712748432463 136.2908634290299
129.6669965911714 140.0396664457417 133.1291469315726
3.660155926258102 63.34768801264535 32.57176808774572
39.99358779373402 7.457385393007431 129.0545369986912
161.680366004864 53.57478711207753 149.262056666395
146.9432480105669 29.47112928784288 23.39809258448913
169.0686274779559 93.55788985754104 145.177333902148
97.57410367582446 57.99533437041269 76.85208797171872
164.255352202955 46.40172290230429 25.08436198380406
18.61839018874379 160.6933444654307 161.2984337975477
127.2806635479465 91.7234901397737 59.04007015316149
95.92186302512184 81.92080095427757 89.22119881066169
181.7597264537036 127.506371169726 21.81320005807113
52.95179326784785 154.6856198417636 116.8990970284341
48.28934488345456 141.4991785311499 97.04466060381125
136.5214424653353 44.53350139205123 150.9511052730147
169.8705446239823 56.5699997141577 182.2789003643484
42.6175449246325 70.47509679852311 19.06357564753319
187.7655690781876 5.572110234701452 31.41953943230461
33.03537962539381 108.6750103285604 149.5598037916188
89.00188025457956 189.5056886848603 154.1566251712175
171.3401348940796 1.005089050339606 1.930148290222647
145.6806095533467 183.5532691476485 82.40215002511268
140.3233835481238 178.802002977794 126.6594826381291
181.6487626740889 19.10662789461944 188.3834270452665
81.32036125336471 145.154498630525 133.7502172601363
61.2830927628513 198.7061214405677 159.2340551608051
110.9799696467049 65.8548110487184 196.7565869519349
95.22804999560285 125.3593431010973 131.7284405877276
153.0550169685137 101.4429973545815 50.98766307304004
139.4388165270266 73.47483751473071 28.87673412362384
109.4469083499486 161.1226055153806 66.65917576159107
161.6949574287719 132.9042943537014 80.43860934627138
181.2721288908138 86.56673884106532 16.78119073263415
121.7927274540548 117.8657773754425 139.1256225085945
137.7920256935291 173.5922908553468 103.0892161013492
84.96449486730762 41.72352280952637 187.7309382150764
29.2085849893175 177.4405272354584 129.7230101661318
171.4793962385047 47.71196448774398 48.38792972192712
22.55872678870502 177.5130508376985 67.56266039040193
125.1460010651954 163.9645290990853 139.2714591387659
38.47268549322617 181.8593315677248 49.75297887177806
82.66310116559764 174.9082857049755 65.34000046340213
75.61272541242555 104.6779611965487 183.2399835197577
90.07639361202736 82.2868923245144 169.4686430264692
121.6193645668292 157.4071587397564 18.21091100226857
1.118470470078751 72.71053432975589 153.4092839646395
60.51978957772827 192.3412008543592 124.8446650248072
71.53825877651065 143.4092206130636 181.5867835227674
85.14692652148311 155.4245715143924 26.46497323385765
143.4347544930901 62.17302164457455 135.7604961910086
15.24180693031486 154.5910478117848 64.37408320936508
170.6647544598751 140.1596809183743 43.29676089157227
74.69378254086645 83.71962803493041 195.4651338703603
128.9514128320051 60.35171956320691 75.36594816914547
1.496446654815321 181.4081736675404 107.3821193056411
1.583100404650451 46.90815848439899 122.6752413377419
36.04216010834367 168.384476992015 106.1258795899097
173.2144035986579 144.0031252995272 159.012642979399
45.51963915799339 188.8609174190813 143.6237728171951
54.75474204403372 142.6141563071789 199.10038140612
137.5385402935669 180.694184660156 182.1350947565376
150.5697707372276 73.63425703194073 115.5770708871223
110.9762947861463 175.4558209359995 102.1484777881543
167.4796056415003 165.9752218908382 2.529123463806851
108.1454036404428 154.6258023114341 90.00633087227962
168.0606356891269 88.39786811702263 37.0632453150896
139.9493490613394 190.5509746844987 31.81381163616525
148.3290488889171 90.88797253054094 72.32013529252545
32.53277663702155 97.88531153122703 96.43018418377528
168.1233837470923 111.6341705126207 180.5724573688157
45.18866780643678 91.73952606045337 56.31950944614878
67.64503253712499 55.46229849083549 177.677409901752
13.36281232174213 107.1790529699487 25.77495186097376
48.03688545579936 23.61671773761369 82.26971637803173
155.4927199215153 55.15715859715873 100.6436389085344
9.138004227932411 138.9910607458166 166.6469207340516
149.7107582034136 89.1335955597936 179.4747826837689
22.36866692834177 196.1309641943774 143.6353086427602
17.28072278118242 8.930572688423666 82.06878580409628
166.7686994987218 122.2438800411867 59.21730872941557
155.4496645722064 9.184585925047612 33.65454266463424
162.3423926351875 142.2861333825445 1.137760692760154
51.77302206028258 142.1183861309095 56.65778989982132
192.961864923048 159.2809664527095 161.0215387694756
127.7616418939611 118.4975285205732 115.6006990787665
58.49457521474654 131.0563484158664 116.440015265148
102.659324786151 3.814060871563302 130.4802113065126
152.9596278964654 27.03390138920005 154.5444055639151
183.7488051548795 105.2629052622602 77.10474004459064
43.55293722414176 187.6381775842577 14.16623481051522
193.6211440226012 183.85340786174 40.57393168481228
88.61964006589027 12.18324157645513 186.5186782150566
142.0489274545752 7.549031366062904 83.30453898836264
50.75672676020604 41.77490178830799 144.5385188054078
120.9909502753785 149.1755883097358 195.3857329785006
179.6168948214095 160.8133139831066 69.62835148328031
55.02420629492735 44.74541167905482 120.221629233937
183.4356145753877 75.26019885109982 189.7670637994781
147.9102504644751 120.8967710518979 96.42279830702704
62.99108886222997 188.633991433317 199.6407695311975
178.2281371077623 65.84455543600744 29.06222541284077
185.3290554227783 123.9969227137656 117.6245487465086
106.68573126596 90.10941288647201 21.67065439876925
118.0106274120905 106.891195492513 35.07453799306532
193.4371727680537 66.64229755094415 10.14857196265824
38.59911656037288 62.7732723976608 142.9689670871495
98.55925903728577 1.111900205165665 64.21044306523974
76.19688038354542 17.2763410706488 163.9315068099639
87.60115804052289 165.8991802205087 144.6734354343608
76.64208457078531 40.90956763506736 104.3763555772616
152.5566363620515 178.6473288914825 147.6325348977567
189.705291028487 67.60059203818349 127.2108497231409
