3 1024 8.663803782703795 0.6527249999999999 1.4 1 1 200 200 200
16.05932541866284 32.488498449773 118.4616623886933
62.71474628869045 4.386028863969327 40.12248474557203
155.6755935997018 2.668104589370552 193.449111802479
88.71430213976306 92.83601645319105 139.6473762204745
75.28760814479746 79.71770862712951 117.5453638908933
143.503105084799 170.975446634008 65.51191987824103
72.52786837566593 71.94659000440451 80.19487324643656
95.75297675311916 122.7545976986824 85.95738192522596
11.92622033429728 114.0754067262163 148.0808858078368
0.4796114632363896 38.20014598293905 88.30557536122569
38.18553856025362 156.3799296563719 7.037281232424652
116.4425948460075 137.0938924241725 140.8870778512103
54.9119516828767 156.4608978498797 2.513811813638978
47.49775785742851 174.3938529002699 72.94614902245246
116.3284613168508 70.34272909297712 133.5668095679531
185.1740011900466 181.3730700968961 155.2092898942754
167.9395664329636 124.6984360572532 64.74096116744494
165.542978027437 35.33672795772269 161.0918814938968
182.2777553849085 123.6246128053916 126.0468857025292
126.7199310430834 22.5187219853571 107.666331520382
24.75980965953715 117.9596287776668 71.60060986489657
69.1138740908042 75.61214110276471 172.4323667124154
137.8531599530019 25.13828527366992 33.27154911656988
55.01284279493365 83.75066727196989 166.5018805313529
126.8586193184582 105.6687704239663 45.68082111403317
59.4057645506678 49.14803110523751 102.05452330811
195.7270934629601 9.332639296806004 95.10197754907453
144.7312761367646 7.10649293299569 30.57054406854396
199.3647360199976 133.0017207068771 137.3349639417785
141.3126154922717 10.88925806989368 79.52415328924366
138.7163683973552 89.43471163244253 36.50936371478501
95.0926091001303 70.06852310955782 146.3903157970077
183.1314213166152 94.29635053987555 99.48149880007364
9.133528859283606 120.1494521034002 60.54436206612721
39.1438757545706 95.96137764181995 188.4976772719172
158.5151685343733 24.0618371175908 172.2153272130755
28.88472233966931 179.521680910188 48.99573633472199
85.44512055559348 185.1090704867682 139.772322027196
142.7296013421937 198.6441168335183 174.2991682576547
130.2038891395242 45.70253623859413 37.95278915947986
15.43449208324813 11.57961101052602 85.04449707846243
193.6106022611886 108.0949848182587 99.6466803966709
183.6282931952548 169.3573177849359 192.0253383865449
181.3799224586217 157.5927467137286 12.91501647972196
110.8038896869179 15.15283725162131 100.7397159584733
31.62841803678784 124.3383516258343 8.390034081940133
88.58646046982091 105.3986454146071 53.3069494573855
93.63649682995712 164.9395216241055 14.91192061289784
183.9914560170271 94.53043916939855 198.891111070238
112.9389693949173 44.57371176123705 38.89719194080551
140.3710906911368 11.28974246004979 4.608767381731094
32.07173497625624 139.1874647390896 152.7089682920216
30.76211279214446 18.20725733358614 89.66881303572569
174.3165149166364 182.9049942006522 42.8445032158859
115.1641672329313 192.1796361642618 151.7413094251964
140.8455305203501 153.0366175520925 21.68778890546899
33.18722759049655 13.73316733140268 170.7337456271154
6.894742486939399 23.33656018144289 94.4833809332119
182.6649866516907 122.7867207123302 80.14734399268629
61.82171547014749 25.39631159206694 170.4610393358514
166.1120756945944 14.13588509522851 158.8508577093639
181.9326635043038 195.2323791550169 145.3271486877108
125.4794858974899 10.22254546710101 138.6227193561301
88.25110771375313 195.6109522983457 43.83682266953581
68.10514459765641 122.1310707516202 103.7098083512781
198.0022692117988 86.32010862593283 192.8116977251424
8.547361779931446 117.906094174324 77.71612133684575
160.5519859701421 33.41673570592386 61.50702890352236
34.6822548437218 46.99810088654635 81.06205901313044
197.6022551591964 36.58073171930442 26.01251982949292
174.7726802390293 39.13347346968943 121.0332180079038
140.6991204130459 53.71648997814841 149.3390905208491
8.672776006073827 106.9688184025071 91.15507939275437
125.8888125039855 186.8535954397996 116.1020400740977
46.24330102058879 47.45416405518108 186.7450829595875
58.45264260880081 195.424554909455 129.6749504017881
84.82471701361125 82.97322676404963 170.0593733450658
4.681285252630585 20.76539636946858 26.09080319277897
84.07392126870867 93.63170916481121 122.9717010522267
56.39598784010445 171.0425984374478 48.75874370638454
110.3439447951224 95.07427215567971 24.65174082142779
120.6640352359397 145.7178302962816 68.6788697849663
24.97366377084455 25.97498058240629 141.6183033997964
143.481032451943 21.4521818265162 103.4033482255935
95.73307243051633 163.1668096240645 40.3832954642597
147.9537166128257 25.7162059859355 135.1218556801133
172.2045702117208 43.49199337304691 26.47989296545982
51.21659549553556 136.4319142101916 151.4325309725826
130.5718322908015 26.19560037108051 134.2437413545476
95.94612136670715 167.125026148313 57.25131340434436
10.05325281363835 107.37943237113 163.9522934276219
21.3904389636517 104.018154328533 176.6178254834554
16.2580634437772 148.5444648436877 71.08286469273239
13.89915311914137 59.19544218702268 43.31451571065456
184.2523424233836 197.0543982802063 44.18847726452943
176.1261860444951 69.32655474941473 114.1114202870828
113.7960152163199 183.7323406596412 82.77523505751313
91.28323610444298 161.2216695610185 185.5742036425827
181.5352522656268 122.1477427750125 31.86811151892449
196.5691121564144 165.2179486484092 4.367413819106357
196.0541088474828 128.9560283683359 185.5398192606777
4.911961698650375 116.1070256836783 178.0107999904554
165.2074694334874 21.99627962871537 188.0649623138175
85.42387181099323 83.37500533003923 78.37028084033483
81.80123825102103 70.74245677347118 157.4867410445216
60.31884768139956 37.46253293916349 185.0203543069539
128.1148821184469 140.9308885434794 126.4245547197486
159.2834322213299 37.03877337741601 128.5125737163389
11.04834176617701 6.635031023616669 64.35189317821794
83.61232297090069 188.1942655236729 58.79406222826172
100.7082845827298 137.3589787484763 77.78605629527479
8.3780086174499 37.03201499352708 133.3142086891422
2.027780409893796 105.5676428734692 66.63729650840597
90.75659404017006 156.8370451681516 96.01194630772649
36.87067395888144 36.21191908350802 148.9606463388046
78.81000554962716 182.8499551570089 100.2182060009925
116.1106563332538 71.94646566235515 68.45768599232841
145.4692506252686 20.3764563302642 18.4538199420894
119.5296225932913 3.877177108513444 39.30187069686873
140.4232119136018 72.44843330297974 2.653512150922102
57.73006271519899 15.65091639687692 3.340760797166034
49.65948647983006 131.0054286713293 41.33111876900846
72.25986904183391 85.18158143556516 158.3336282316128
184.1134751281939 34.22097959262219 15.39513727739314
124.6624702697025 16.05560831585317 199.0617902650788
14.73799502037851 145.9976892918937 34.16816859433979
108.7432669603546 157.1116386880776 11.63254397177156
115.796871977832 34.0382156487676 100.721345553541
26.37796878231546 19.09149991638818 122.2421340855297
68.5230901480615 140.8061771568116 69.91197050977037
2.727332882833115 53.5010039356983 103.7416793214697
1.790317474759975 25.77904228710058 144.7253719709263
121.0193168423834 50.97264015138056 125.2594848659756
37.42695423586456 62.81876920910413 5.573130996571948
95.2395840224177 195.8931268087698 130.3905480171292
176.0542854770565 3.38778994953993 186.2010732301497
0.8634255296581638 151.7036578614008 78.38143901696101
166.7106597233787 21.92251621871629 50.09656710464856
174.3428492239521 17.18804162427077 173.7902081845882
167.2105845826307 77.26386590952552 36.28856328349946
52.98763607201089 29.93541283669854 150.0046300856159
105.476216490658 138.4987198257661 61.16647443957176
155.9205097885036 174.3639229064679 77.1124074400947
76.78170762199349 10.0664128067871 164.0824786056383
21.85455722335189 73.45206163085327 37.50887847382683
59.38116110779035 19.41388117102776 99.28841949407628
182.1942637382084 127.5824240130049 195.8481830577073
58.3127849082147 127.7540911924864 64.84862925820963
129.8820780066388 39.55552798270483 148.2719364689975
136.0675542468273 13.0458350548958 45.55278305010189
85.41488218262546 20.19394288063233 149.0040910601517
5.099054585504359 129.9217022048325 0.4149278376786558
13.36389068150271 25.03904934073852 61.33925840509064
167.1199049733857 159.065846711387 44.0587382450706
103.7446746894256 170.868526991847 72.26504211238461
193.1717715335024 177.1673993031233 118.3679314257774
58.51088313721377 165.0329590865174 139.3798812467217
154.5411331402961 20.83990115700418 1.671644767323914
195.609788725803 4.340990334718821 158.6848401817448
5.396898930304287 14.27359138137071 49.86192997001368
55.84616738115595 84.34212270256391 94.41974163580234
181.9617629830204 170.2095452329891 98.23778430237493
14.39728365337978 160.0059490244414 85.32049356806451
84.08388557706556 158.002051401559 154.1191144666825
52.10505112744904 138.8716978710489 76.60054273523967
188.4104115001572 4.031679855503338 199.9952156702547
99.05073480979078 116.9492803837518 29.72733604504407
187.1320606360701 177.0593403822315 64.33633034310452
63.0347797602967 145.0134535303343 192.354178698199
170.4368462237611 26.46714123144618 73.9262533688201
126.7947471605721 139.9535024105519 84.16701296161446
172.5496864917211 72.87154394264535 167.8341833329287
89.09327222520729 108.8248618116705 165.5593346496788
107.048304057473 99.70854840507322 149.2573139174189
126.4215304150143 41.8018698508705 81.7569844432396
16.92772404882927 53.98450226111526 73.01933155394454
61.74102238987467 64.08802821618212 129.5609550879307
187.1972572628684 143.4924539096437 130.8433133255469
38.1462057906711 110.0020222901492 198.6025924630106
33.38117198889401 106.0971338653182 62.37033656098497
39.49214136043586 32.67688228674302 72.34706347422039
165.3854328310472 198.8557031372306 148.9746951870078
188.7409396362226 119.6438860281882 172.8888306527007
92.90842260389117 60.19226507194095 121.1445852791381
142.9794387867014 79.35927612457422 94.69435311167088
143.9001127891261 87.25659697026009 66.96563128028417
180.6017105537325 142.561348112804 146.8394341227407
38.44094105115883 174.6209898376046 20.70377121012562
45.91277930370449 146.7165706987499 190.3091821296331
155.2796593416268 91.86124160330399 41.06441858714812
104.9802691062076 14.55411118503852 167.2880147332277
21.39384410273833 131.037884541586 82.45762418741833
39.58299161866967 30.5424293729291 28.22126204974776
28.04283294353871 37.50822603661395 99.17973397243131
20.07713207707674 133.0147287806785 64.41303899902859
92.97492756403241 104.8827336274792 188.6118095703625
120.3428417532545 55.65910518309425 72.5876200841552
58.65873902778394 169.171027338062 31.68184902178777
43.39570386498963 182.2588097806461 58.06128292678982
185.476410644653 124.3659655446961 143.0605103533188
18.88260689082703 163.9841068104935 171.6155903255666
154.9052821636733 184.0823629934683 46.82237934443582
114.5599015750294 144.7525382534893 0.9712251793877018
25.2361053329815 75.15152885355012 159.6461579982851
0.2410853243127665 34.11337334061984 9.060049431316854
7.939847609722115 146.9192471446483 50.07985178750371
40.03137444379026 67.54915228454031 129.9048750899011
61.78383179933648 127.0459590151792 141.408398642426
107.3949025772014 175.6196754736415 11.45229340097546
114.8516032338915 83.40225391243033 100.2742524090973
144.0103668588255 173.5023058471488 118.7665451026791
123.3088962618508 34.84197014774261 119.3602645415952
56.94925515950608 115.7127527634663 44.96953251095908
47.2178894963879 100.2172616707918 9.657404395768779
50.21666866990218 161.3373550137242 18.7346436094902
66.81776031800165 90.35567339699446 181.2415341032304
151.163912203185 0.9440385232735143 45.43287755437543
105.3950841348489 111.8755406881384 173.8328030309796
185.8590003743603 194.3859240729189 92.94679354682253
191.1914516879866 78.66760426837946 178.8368162886176
147.1625518457679 168.2878040700653 14.27225204407181
31.35403779776982 156.6410047551745 86.49802909802678
116.3231985814342 110.2693324950924 58.64554361542429
112.2128057892851 196.8721585749067 119.6853083523688
94.05612685405663 57.25688991937152 104.1060623402117
61.11408357359411 90.4026436874547 6.270022558252261
94.16584203566259 100.3838719987177 27.86449037538814
117.2448794478747 36.9302590863209 199.8159906983216
94.28319160112051 155.6377732116449 167.9259187558428
144.4405789975442 107.2345560304661 11.38904681119193
102.0305217437991 83.66372523432938 154.5924831760174
39.82891683460409 19.01655564999551 147.1991329564419
193.7163857710104 74.31632512206963 71.42405674899123
26.97836397839789 63.80139660663419 24.06057255052623
62.67933675637112 34.80343085139413 51.90679865919612
81.61958631954764 98.41997211730843 177.2267102771865
112.8161837292656 85.51760243469023 141.158338736695
97.64821245856474 25.36000632801917 107.1788653224034
145.9546572661752 165.6691359128737 192.4237902475759
1.93554580539349 28.85575411724299 41.16567009869181
132.082239452252 171.9041430150984 22.80275205388734
151.850461304541 18.75332633175904 41.24357666302768
98.96946942337568 92.55626564886988 84.06817390667061
115.1548896533122 114.9652609884694 35.80709767448957
193.9506727542998 109.8345189652859 82.40996638260492
27.91432763585837 24.99462433301134 158.6663835833342
46.21716130350215 84.64443445428508 199.549346287509
95.53550093020027 26.95404054284982 57.91215831220146
127.5405604333862 112.1378064160341 182.086391084454
12.08890485931451 172.4929682222722 1.826638596380782
196.986973177495 147.9839072716381 148.3769724604563
105.0469297933326 197.3622455253951 164.8190650715997
11.49173279826791 145.2198018289143 139.3096114012055
89.5875246706937 178.444183356625 45.77567258628338
60.4541860775939 21.54993258876395 40.93703529286409
22.47045343193272 26.70687998629361 198.0894232319291
33.57164040715882 33.49972988530298 115.1048357961963
142.5584222491476 96.01175476459883 52.0729479788938
120.2800203142504 175.6431488982124 152.5271666603468
75.62190126846617 18.91144929414964 105.3073439198432
156.1002317019759 25.48553490747829 150.4132171815733
33.38726485228337 194.2654085513524 67.49432047021091
199.8717751168522 131.6482700974035 51.47563232512761
15.04319041169136 37.92809005669488 149.2834187638375
78.52593180082751 30.17399225214362 57.16969333566584
152.4263544277799 53.32404445421769 170.5082986858343
183.7396979975836 174.6701683097126 11.17232256671184
78.73375780865668 166.1694755593224 85.67641208917129
64.87274293965109 16.60194274166755 56.94444289567461
170.1805883257793 113.2328969332838 160.8841138598386
130.1513262706389 77.35379886890482 106.1687945188126
140.2666892020427 138.6394760401353 31.31238974297319
131.2382211394587 140.3932769810137 199.2177629524893
113.0026065192853 187.2328549211401 197.1710531866912
199.0945854319618 193.720583188603 121.2717740695802
83.32478451732837 96.42231832783558 67.16284832554582
80.5542227176493 56.46185806517852 167.2209126473815
180.8780335505944 186.4653810798662 182.9067626024589
180.3671814058492 104.8598226229357 31.96247050122286
178.4819440699071 137.8806082567119 116.9583037033712
9.787510528488427 98.28211660778734 188.5380627095226
190.3908541183359 93.83760246786231 137.8451171703481
149.9194438782291 76.23270954310971 35.84310922142586
133.3822840293361 47.53630996843304 64.57273101962821
79.63062359172882 103.191873733779 108.2248983194609
177.3432642633741 73.95218737523201 15.91929873288005
38.18187825325084 179.2297695194697 189.2718985855167
25.91358537511755 123.6088509313833 25.12666756992164
137.2788728293545 196.4272545055405 12.96280833470777
156.5268810683312 48.51731318497645 154.3667810641817
25.17238692804069 51.99438462765125 11.50753756457777
43.23724514789269 123.4607541552563 24.78878375229243
44.82868853601454 64.46216047371104 189.7402614663642
142.3374462021717 65.13906685861612 104.5745093692491
108.2988120907778 156.6683394930426 63.44118379369615
149.5230946205293 167.4956939687045 49.64066619710244
39.7913208536776 83.91879221976406 100.9240596475776
130.3545176369553 156.8349441714493 35.03097774561541
116.1362269723143 2.730328833085351 6.279340430647714
117.4488301623232 98.11123463304313 183.3741104802313
30.94782264732699 176.1693056222927 4.716857727311503
48.53917697214958 191.725078488659 76.13136995923141
34.27255346281543 139.9076767722294 89.92148213088791
77.68414920827507 142.4193880645651 31.88453842541512
151.8340872128765 197.129518890695 159.6342605304436
34.54904443542851 160.4012374349601 108.3659566474628
180.7631888841473 136.2560435777599 63.25030342188744
159.1586073339927 165.6222923752254 115.820302862894
178.2961336311939 95.90043538587975 17.27622738667029
6.324978219826848 134.840526058513 74.79523578903384
32.4200609500139 130.6889137594495 186.4225161215715
80.30686091270057 129.3418828529443 113.678075832876
139.9889151059089 110.5400064850388 170.1394025556888
92.85425472681165 48.81924904164783 184.1788127260437
184.7110751724238 165.272411365811 51.86826266603946
85.20181696277442 174.0120144465812 68.97196965252451
55.27350819795107 73.226867252216 81.13938505718987
42.83026074104072 155.7292058421354 73.5477299299794
190.9398603598577 131.5643456596399 10.26704726197278
149.5000190733525 150.6632098868139 41.27408678006709
198.6524276573063 198.8970807709951 54.14221050637103
72.94630241308546 30.04990348175888 5.008869819303087
91.67663591299804 38.4300970807825 97.29561432857584
135.2772029065615 94.38169027338785 182.0676712174564
82.9838479147231 127.525223334976 96.65487665421868
77.54426940521776 109.3470010597972 195.1132543517566
48.41020061839551 82.61273340941622 182.4816668899509
55.14601554752712 194.6563199771025 112.6832184952108
31.29279020792009 142.812701068943 198.7507883994043
185.2891032209088 147.9636831064205 51.30496531991636
112.1601564470034 122.4886493007153 92.6035322005858
113.4985302381603 83.63308810479641 80.98148241123458
145.8368885306482 90.22309402676538 196.2492635668791
67.00935947475709 107.8515212146826 10.46101989274651
13.00301700592354 82.55885557429596 1.374162222533252
191.7355186470412 39.97178119993829 165.6356761051089
111.9575436575762 41.05557384047982 151.9753646580997
62.81635729007124 182.5696928667801 21.51180055311955
161.3270072452492 32.83563738433786 37.76109759910007
76.84468716643325 173.8273996661806 129.8223537304488
193.9650965377824 125.6345482272451 66.8750877206552
130.4680415925888 121.0184389941594 196.7307744767909
125.5141996023176 10.65919198025583 175.2042759696783
56.26411509465308 32.78367744709419 1.204086346978092
11.70944923145531 19.33489711109052 184.6288101766103
128.2909771210331 124.2631517686313 29.38563956369187
9.600721460625968 197.5343644805587 151.0579555229016
18.09372103040254 130.2644155594325 147.6763191399941
140.0345850993478 182.8079224954722 180.7950599526717
66.72187416806634 20.32893384205342 154.4013239095077
135.1732903680826 196.5135761808077 40.44120801397519
133.9926134805075 149.7379995112263 141.7946838451477
102.974949324306 107.8716571431132 91.11365698332031
71.01090154826441 0.3490804761574809 54.78945732662474
73.88464406851381 173.624878438075 11.62616748582087
149.1544939509493 146.9795309341177 182.8408330503407
83.32617830330561 39.18161386885289 15.56698567186041
145.2642913356567 165.4203725822404 32.9733041941982
14.10473802781183 14.11395459315565 148.3231934272958
108.5758283541492 131.066875140264 32.92286981475038
156.9728059074724 113.3593492955998 172.0994395688905
160.3534580668918 7.673349379370466 177.5333699414202
87.1228214675713 93.9668079082694 156.8645551001101
166.6745313935772 29.57283659827085 104.4734433220977
51.57585858925431 158.859403131386 112.14982663338
182.5588065611766 185.0483429341454 107.1651920344835
12.96300334637121 118.997471295498 12.93613551149832
133.1365602561633 167.9329518573234 140.6483712421452
163.7295056582717 186.3150935373705 137.1325294733376
68.11777700212522 185.0932320479157 139.6796853539391
21.81412280167303 65.57891650947211 173.6782301149019
165.1367334328842 169.9940825098727 131.4853944434178
189.6781074898692 138.477279087324 77.94159320352436
181.6236299424741 83.97008660184068 29.39394020858906
101.713495311324 25.4137873872501 154.1868486529704
20.96054707405345 153.6134774440402 100.0278019453066
69.13323814820674 158.9592786399492 124.5338832310063
9.827031597841831 154.2857806244801 2.140110434796703
196.6049336441562 157.3144601263456 42.09840520462399
69.63009032278525 15.53480325155641 83.38081225300972
92.54563576762276 6.946624812792747 157.6009186712987
43.74040921442844 164.9553877298839 58.90896008831694
89.24648819028381 72.86105508844285 109.9045798472869
7.898035093115525 0.8613304009873747 189.5459514665015
55.5426552664626 54.83119077092997 199.3683258731381
26.79576328507044 75.80019225598913 90.73212478932187
170.0524882868155 178.9899098332289 117.5155859065979
28.90567594117954 146.235049514589 137.1993085631716
129.7152599691074 90.50674138623584 94.89708452654422
138.8782139755318 27.2421975211508 119.0728932371133
101.8247725373258 97.07111655461327 165.566958801004
188.8261008447554 28.20788814257695 133.4882581937071
109.8348735793081 181.018494389471 113.1088307975362
132.8538236377064 169.681021595239 172.0563453828323
78.65562179918417 192.3398550789848 12.22645019507704
40.99147011116556 128.2992133548802 162.8146143950991
183.1492646225465 129.5362793361015 47.4581257468974
77.36257990598394 73.0334517469971 28.09954559907904
22.32621749111933 47.38730572815465 112.2169051197044
169.4109224868938 51.68448927632051 165.5119228507687
91.07069599551798 14.39896094460033 181.3420631585038
21.973261970024 61.83172404865918 58.41764557910808
109.2142082762707 8.453287716702198 151.6324097701167
54.99530034715419 100.1075810968733 172.2196164404885
120.2636280453938 132.3437599693565 188.4935185992145
135.8667757861802 112.6362400646178 111.2400772639937
104.8489700121051 160.3528588811671 105.5600843639846
111.8656309512046 167.5619851262247 50.42321385496553
96.61136536005112 10.41783879349685 139.8149222712769
155.2980343997958 96.66231148253388 176.4175344529404
111.1517672085963 199.837065851265 136.7243199538412
198.4150196520006 196.75790300557 13.80749456214543
137.9733996362018 78.70268408874668 50.09295124623004
8.53409705046492 43.37932353794069 47.93098643562287
152.1545659037526 123.0935931123528 57.77659835293574
46.46645655242229 164.0115556357729 189.4024819290073
194.2297442788379 93.53947027877695 36.44781242417405
108.1035552306281 110.2351008525057 16.56636825834173
193.099756855113 95.70918644568953 120.8332146006574
181.0862237432254 177.4128139666944 130.7826372332268
0.9890725955701961 93.57253628186248 105.5544982906922
166.8965484533568 54.02197663122412 116.9658013917147
196.0731497432739 32.01848973130775 180.4064337075115
32.22329569505553 142.0453607853566 72.84881785454976
8.882147424921403 35.28627819334437 191.6089385005496
176.5384313728658 36.27168103728699 55.4631324869728
130.2531727525598 162.0834910733888 156.7018956452637
50.31046518695488 86.01230350427636 19.08608746801434
32.62304493642981 182.973767910398 80.61526338777817
137.053671240379 69.69659119250719 167.2550862092919
63.94412394035723 44.41075319564867 124.1329324571854
103.2529378129681 27.24233243125789 90.88715845677653
36.59802876971241 36.54850401605901 196.1407132467676
124.5943083875422 54.73115097735234 141.792414255786
131.3009994177364 84.81526436063727 78.60810224986965
10.98341960149935 38.35601258794424 102.0954035197308
93.12059365623072 108.8677021800847 144.52727347395
15.11032766539916 111.927658616015 31.98842941594908
197.1385220713276 144.0046898381119 63.31170515419093
69.74262220576664 1.021823985207809 0.03865285966814571
180.0827464917761 86.1921248969286 114.490597002859
138.8098839592966 21.08449919878072 149.092591282221
89.34617701734221 21.87484969746826 165.7958866204825
10.27058222927091 47.30956670036104 4.008864215912883
11.91258542526044 20.13248182265595 131.845098762176
72.9163646869397 155.557933184234 141.0977413223225
70.11885083126096 101.4601464709034 163.8713630308756
147.5296404673997 179.447165915869 135.2152784498275
186.6382421057272 194.3213089382032 65.75975177411306
21.42933105707416 22.67797609445894 105.2268199365174
47.39883600793637 19.64105381245453 162.7731636052313
113.3088716251074 67.2614737178225 150.348693909327
122.1024114616935 196.7200906288009 54.87104137243436
6.422208212010224 146.4294883389221 93.9226434419321
180.0674201623814 133.0979293964837 161.3446699008942
9.439764347562098 98.90024846125468 5.902535494674011
41.44161693788822 70.08802321792781 148.7450945862608
180.3227783012728 66.86068251310428 31.80651189810531
76.75293443657937 172.1326709001452 147.2759799531417
64.13830798212352 76.15144218467185 15.6509590638181
117.9881974242431 123.7703406262084 173.4001874918173
41.50487360712597 170.5050256828208 88.73235285458168
70.13167039934945 183.8056703509555 198.1164690731075
180.4847630398245 133.9921852753723 179.8408855444438
189.3841381842567 0.8869281072727163 108.8381646387443
58.18147145210433 33.24291396184238 110.8542138021316
129.950066797596 171.3908033677713 189.0531206971125
64.91748149782136 2.545632448617285 72.59582849872216
128.7298057550482 180.5340506744082 4.495298432393756
50.06667218060976 117.3032780947827 10.10239788749734
19.49340982868349 184.5793590356318 139.8082158131232
39.28776429876807 127.4540588609688 78.96700296321325
24.40287189090942 96.16841480256251 197.6027993486178
98.5488136428812 194.3492144851467 147.3289880502162
162.0459851651435 173.1883923315483 35.39534901009932
13.18101288872767 75.4853501847945 52.37440565426903
151.7539351710952 127.1613715637601 162.8719214640513
15.47287403145736 180.5699630384239 81.1972426312765
113.1694394223602 22.03988348818283 141.6321115995436
45.41712615337622 173.5520627457485 105.3350788416406
27.56150074253323 199.373637315185 82.99622338649917
102.5410686976854 197.1772580420089 86.58226544140858
5.455766516613867 39.50706495775488 66.66688120346954
166.9528989089822 127.4945061671359 171.1858322178994
69.5465702498883 90.70793354199229 56.54616486199808
40.45912702852502 101.0654258383698 103.3308821107866
170.4118230999727 11.21625686866475 0.5931102161694648
80.55583398024739 199.8055664550801 28.88920622535129
18.8715712487041 66.57376463913263 4.580665854791415
157.340372603582 117.7492451931849 6.56385597475659
165.1996892286627 179.0841451949225 19.40973737408744
192.4827442611594 74.0651806334325 117.6862857408454
160.4778654239664 95.10463140706814 122.2340925551612
46.3199780190086 124.8389125767601 194.9557070031772
165.1902479189824 85.20123177418544 21.01894641245744
117.7874813093938 37.76030267618441 135.9941700310121
1.88230041644407 65.49168515779451 7.811507137674018
193.5933540415169 33.21991311906479 55.71239662591308
88.21978439293498 129.1589913128138 35.54620117202045
191.3044931516798 120.417787962913 111.6080734885602
144.4597123783485 135.1418733734114 47.75716831284696
84.58617134502313 133.1401805803578 18.98090455324096
148.9963718379693 14.27061413313056 161.5490366214229
12.26524681637424 73.93743237790866 18.81638725623122
50.13581385159708 94.44311496178665 153.7688369804454
63.93459940610565 66.86146272040112 96.41355029753413
56.65482999339292 15.49919283966913 141.1508846387182
102.8860403795569 192.3099102677092 10.29067921585217
138.2967363055957 182.2555237202453 104.9151965721357
122.1018896325326 119.268800969176 11.80365417338542
138.3838736193938 35.47945062114357 94.60028296371999
112.0764854501454 23.16060098079211 189.5037745105483
181.6334108164932 109.0523595320352 64.56991663041005
63.34229388481746 141.8083801086516 110.3711833854535
124.5243516102462 166.8892490884443 121.7514413613504
92.22527483178578 160.8999591706697 135.1767491215425
190.8285449600115 146.9447864909045 196.2747808750536
80.40316717520697 113.634708533612 127.302559621202
198.3296391304291 58.43434421042652 84.02679817959769
67.15936379369033 51.97929160229908 18.59509953936904
146.6345173923914 97.35288993908406 84.93621365672051
58.86359711260339 156.4699906083526 174.5101930703864
101.6254139912321 47.08064028006699 9.054830606123078
57.78926916191155 176.1757761199057 121.8394385959759
89.83730537768054 145.3008238417421 49.27069551626699
6.639336355546883 73.85841145656944 102.1220853868516
39.22710905905612 128.1955415364795 136.5742527789004
97.22991302484417 147.9281956261217 26.31591180953002
58.46750104009759 4.97820288471164 172.511415953872
161.496191839963 146.32379430259 108.4410532789097
159.5474090700642 130.5024761304861 28.43174549157635
128.6508384593302 159.7864803034797 6.257862981774071
150.8129510212647 76.90133100283194 181.0796698933964
173.1854634148297 189.9984561867685 1.898593381707774
76.95236087672964 75.58463443589325 137.855328229546
29.64519854207436 14.65938528375241 69.05509956961443
78.19315355426511 120.8856375097848 152.5949349349623
181.1918566118448 69.73333442928066 52.38174041399609
25.95583919615678 41.43544308144679 59.11378645303889
195.1448144283106 84.37708673150618 13.31566705549358
109.9312492617931 167.0820916880041 192.663319144259
90.63776089046829 173.1158430781141 114.2789480029562
199.5793112320461 72.85332037815795 36.86891659427506
132.5219463363672 123.6212625551135 155.8048745321635
185.2574405970834 22.27921795597966 156.8401583971766
164.5168373204033 179.6107040252438 156.7993729577419
120.6573950256423 103.1546696100974 81.06647434770728
190.7246663752325 50.4694069869127 39.8745126811587
192.3702053452656 47.79049189808359 193.4403731370944
130.5397556572135 197.2898597343325 192.3047615685696
160.2068254186659 104.8610751688373 25.60231843736291
85.98105452421952 149.3142729190484 114.7990629906614
181.7467603430427 157.0687284663082 71.21273049838936
19.15664126596248 181.467835273994 160.3642554092023
142.1399144349072 145.4367945137546 160.4362682718292
83.34942220838099 55.30673905084278 86.38848237235787
186.0240542467952 24.46438325742453 196.9684657990565
105.5846039453867 15.99295746198201 73.55604261199213
98.96516959981126 73.14614036574636 91.52469818814691
47.59642924093593 138.2271362355293 10.81374791849334
155.6442578384448 53.03924046765776 66.32612079537131
81.13342624959799 191.4934320141139 79.46940930749302
48.96846078069442 127.2217193408276 97.3675501130698
22.5470196641073 66.05346564396719 141.0589499794898
84.4524973892417 88.27871122994769 42.25412258818382
12.45708975877531 85.78470411810532 172.1355730157995
163.5537487592625 87.29134627509205 99.30521824228735
74.28196516192087 146.1596919348028 89.16109694891018
137.1606037220101 32.27265858279935 3.560965656261698
54.42011577819306 196.8280674691923 150.0247200119552
56.46101273946068 103.7925922365015 27.93945922640433
43.33753113573128 64.14944925362248 95.54376155692135
45.0565685749683 52.07259493868307 116.8161390808285
113.4637695629981 147.7428037676717 44.3410538520816
19.69310072176408 133.0852447309555 103.0837132323546
28.37305806466689 148.6600434879729 53.51555186167613
2.219083696823915 164.5668012250072 184.0388992892554
136.9496043408693 57.19074298313962 183.866414572537
170.2479835629796 42.16570905285587 2.091697886129875
8.260875131921006 93.61175535816074 148.4735440431277
35.89425353644042 186.1787001302446 118.8344395321304
31.46290984476992 110.5664895992708 154.2740798015436
144.2097508094305 132.3847887355823 136.4379634600108
2.695179283176321 186.3785806241461 102.1542744289068
86.88600599003881 113.2799805496287 13.26830806978007
19.33683491837581 98.28088718191064 75.56186602232026
128.3451071816202 49.80999191190274 105.83457218803
159.511045360304 130.5887808585719 190.3532468819787
28.02796909161539 105.0122975427239 16.06893094520393
102.766063899175 8.912049525320962 50.52610275306334
118.7626840487069 79.53160819912105 166.224859981526
13.50422012720307 186.2168434837344 61.28265441462713
199.9959141200875 166.7961171121313 156.7076662883869
47.25485128202853 39.91365682222566 167.3939192738648
30.60736456814611 84.81795097781702 58.82257631612528
193.6918523965481 11.03684749611837 178.2767032502492
62.06409421547467 13.5404000341865 120.1290359593451
70.08118627906532 164.4715972218405 104.5073149623057
8.585212078046315 54.10564603792589 23.86690530529735
13.7280476928749 176.6788053807698 121.4589426336885
111.0228534994286 38.33962839083544 65.84078809961605
89.36464503161049 56.05424922434786 27.99357251387303
20.9341884611748 126.2559430800438 169.4879207898473
182.5618333767226 49.77636781686093 100.3020420392365
170.531030085859 103.9242379621777 138.1558160242147
91.98804239542929 182.7780096487626 25.46708486602677
129.4318089032163 189.9345333811268 136.3580794421537
97.28192241101414 78.91414106535238 23.8879723028001
151.6304072558646 109.0535574262403 152.4711459837725
73.70663751504928 59.44487709957429 113.2019696462495
105.018370354036 69.71209977550494 1.00593575389225
40.00690608932121 113.5438420448755 177.431628006172
0.488167243410385 130.0829426836245 28.67863342037639
136.4839500044429 67.84749214003065 67.76479281983184
78.09789255433471 194.477964625856 182.148034162883
89.27211211515599 126.3696135225692 192.8687679677458
167.9389730691235 197.0370172254287 57.08125281691509
148.9287771412575 53.45876884371253 4.627857275741019
69.22717315476915 99.14383170709384 143.2270096183383
19.16091360653972 33.05081083884078 17.61954361731835
8.178553666686112 57.80076902971176 123.341401387077
161.1588126969187 74.33489567040084 2.870507295440858
27.72021282111793 1.406406653540011 48.80627849672915
97.47345552116664 141.6642334980642 148.9936169728371
47.98134657018029 30.741211767808 129.8392869436707
38.86183016037075 169.6879406010763 170.809917946527
79.03771249104607 169.4556477568667 170.9249823800111
153.8265524254618 191.8088149968412 119.6939482982603
26.55788283952801 53.73951699818209 190.1391677031446
15.98562113633096 102.7313069332892 51.48846480087505
144.5688548031851 153.4623061473731 124.2836153774523
25.82899046413548 166.9162179990433 69.28627739022045
142.779938067821 54.26849981453208 86.85511821964366
122.3889803370289 67.06242922718297 89.85384685272038
187.4633507773868 59.18697054035158 172.5952862572684
58.14563804213202 179.653042180619 181.6409538551573
174.216754652153 39.7692126783307 142.7215351897387
47.19042901936844 21.39396019457303 186.3617243387463
10.40065444566931 112.2003905367126 111.2049367484092
35.03633156974066 145.7836885922185 172.3636190959555
49.79251191243136 109.8472704132431 74.57502926263402
114.792349325897 157.7360942707966 143.4952658033501
152.1648080709412 86.11189616678453 140.0451283121323
28.94071061430698 77.84789307904377 188.8781445240205
50.79555368289406 152.2765989624106 92.44179169442931
162.1157494032923 61.40627041747945 23.37406514612605
112.8351788895075 54.55734165552978 183.7522004722348
79.59553359591392 145.0295567658677 179.7807557898873
120.3313466114222 79.40892611177529 39.11060522995358
149.1860692379025 184.3757312443065 0.9076057101258709
124.5756568498903 118.4488545537202 133.4762381913901
28.45869043454323 46.51858019512716 35.5263065503248
70.19683578298019 146.8161703475927 12.79490799045596
124.6113858524256 53.71210999409019 162.5605395318323
22.14704464540326 24.16183011406147 42.51281944598526
67.33463187795077 44.29624360104297 154.5070930030521
104.3857872996465 43.2379491126602 115.4691243122575
78.44326375415754 37.09845410698023 174.8357208495721
156.3175537271184 15.92227601279885 118.7978166821951
38.69159557174294 20.98910528039648 9.774247936803606
154.7288223789101 112.6387681832174 102.4892964059247
81.10816934863037 36.42034699847446 115.0894244278244
165.8958180703474 166.8715093715911 2.59549632980585
19.05538452934809 128.2969743043549 44.18806387671164
156.3409680556417 75.88839951554763 79.1452386261293
162.1493850491262 62.78723080291545 98.71790323650166
30.08795105933891 1.085320827308833 151.1912098068606
139.9705441458429 44.41145305050742 130.7507408778282
55.2675130123619 114.3243301106608 157.0486002905149
127.1709492296117 35.10262923587987 181.6366884807816
138.7172700985292 135.4439934785725 67.73931671754697
148.2764810160282 5.30448687230288 139.0729204511162
143.8276559411571 59.16554978926818 46.04550812800238
156.9208266650526 3.136753802841854 14.199620594822
17.71999283264788 139.2064600814804 14.08452071514877
119.9789674461481 188.7679828524883 21.5883742568965
113.032192662171 166.9019486349921 29.46810926623421
98.54585911668278 182.2625128407489 177.5504341681355
64.14898260867227 182.9741808965413 63.92033779795376
62.18183150725228 56.53793282041686 176.9573501144419
35.77602455218398 91.39207763727151 168.4943673834954
103.6313189954024 93.61632737071415 4.897329954476386
76.09438210307334 191.882821625376 119.255000811348
100.5197772210781 126.9276659941668 129.9665690045218
21.54231235446493 162.8930490808017 17.66401680996674
144.0936540385756 115.8391299723524 40.03551299852747
158.0840772956246 76.65088429944223 54.96158754525875
127.9682386484413 99.60842992333814 1.247138163301766
178.6271345782488 163.2338800411152 145.7914044521195
52.22549233998279 146.0596917494545 57.08973306977092
68.00608652146079 123.614796539779 82.77227156559248
196.8444323290061 180.512768262086 44.59751167597143
42.04518955441423 67.75702799139005 169.3994462510063
146.735714443507 140.8138324702672 89.99552624844468
130.3898100331004 96.58071775506123 142.219528723866
198.0608841813023 74.22886733924204 138.0456145573005
124.9985232844952 77.60738861255247 189.6871568518917
117.0464620400385 127.3760835382067 112.2144112414784
70.58241180609342 185.1283075095111 40.62972630180104
183.3936478518247 73.95341751919916 95.18717044087124
124.7648504952402 56.12896152063824 4.816013089193532
40.79193255853379 88.13755096365703 80.58803306577798
56.09661571956315 145.3093033851362 133.2560974365393
78.79176391185183 136.8058872165214 134.3011290628962
176.0801689364635 106.595373081599 114.6921214989819
186.7951926479061 13.34596481412259 18.51516399253631
21.96378525497442 106.1916432589285 131.6663134942269
133.0400736762484 72.97015460478799 147.1176702454094
62.39667599590633 3.246953413109409 19.3630921434522
141.3633479318055 89.59835024028256 162.6962808857326
3.832464673432677 15.14390928323094 113.3471474524003
15.22255847164872 3.274939086675993 170.2359356464484
196.7824353327539 47.5980239264296 146.9616307404492
63.776619183073 126.69856773934 24.73397171573345
39.72052573661464 163.995265218245 38.53079505345437
95.81794828817131 31.21232123871073 134.7659622535959
2.99791304697667 163.8872008855166 61.6674306947322
19.21813267805308 33.09926762981816 80.87570799662173
78.25590453343467 110.9178729098804 36.12650745096112
89.53201248881602 153.8946624268647 71.95400703147496
142.9516572408881 93.09430740846592 110.7227924497914
31.62902996255923 88.23388951076596 144.802663082818
121.1540822915498 38.23100250741398 20.78797627981285
177.1470755655176 86.7725029207772 73.05272144296232
159.4802152351819 57.8333871142738 136.0137213482106
35.35037325820687 110.9688035720155 39.42086518741259
127.4869096692238 20.77773584873942 62.84266733181695
149.9936796824802 148.5774487850666 3.555467950511696
49.24854664273116 11.43803086639373 82.97676614534498
107.6360088813339 21.38843201414765 9.739467412319842
180.7813173541809 169.1272344452957 171.4293655689578
80.23123938300776 51.68881691127655 135.2631660143489
44.08176242233647 10.98805226287455 33.67451250920915
27.85801465766654 44.18429541816356 132.0029480520646
117.8731637844816 104.1864897347264 105.1425709888717
113.0789460787719 60.58692604284315 25.63418634194338
170.4601773983938 16.15713483681898 138.6181606623568
107.4790858981973 48.03821583139078 87.7920639280895
17.70744056311166 183.2313220591078 184.5151048525278
174.8845504666411 92.73202966647122 47.93778415545673
172.6826664862904 87.24675965312289 182.8571381835048
6.524737130450495 66.09086055111372 159.2733412097304
155.1688904990421 69.08970710309711 157.0657533565496
38.68443696175046 125.908333640705 58.24031812564113
198.7093702869393 183.9902556417966 139.643519226465
134.2852152307355 66.90405099978219 123.6633645159624
72.19784439237027 163.645740737638 193.4624492198867
89.66394334167994 34.04889770449779 76.55454803184912
19.68578325852008 164.0059552997402 142.8151013965208
197.1891714985023 88.17637164984909 56.31814535869941
94.06451867158299 128.683671705577 169.2012462117899
78.38971322512957 162.9871995710551 28.91469532425491
7.99098014939148 25.72671787019687 164.572088970886
188.8944496621113 83.14159411575882 158.6613198638307
99.74133187291055 64.35403705386049 165.8346717190356
110.5411866757309 114.738639057489 193.7743931428458
108.3954027191556 3.328876755531727 184.4542563211145
27.22411726329396 51.20397749932174 159.662496269201
96.34129270582712 195.3184682495431 106.3423702214366
178.3011214995263 7.925108030613529 79.09325915793181
103.3733603535898 102.9719272064475 127.4255100638011
164.3844807830722 42.15076136307189 86.16336104305289
60.14501888078083 30.13176757628596 72.00908913173775
162.1239706415694 125.8526699611667 121.4415124341844
27.48084245600679 68.58202617509417 113.3589559830552
123.9599877510776 0.2497315516524613 75.27783190011596
199.011555246367 139.565441532782 114.1215950276398
61.39548441712048 67.81462094114556 154.76947639779
61.5425782103931 179.8914198417351 87.84040434393118
14.37013641546747 147.497309310879 159.7761988671323
164.6241331761805 139.4392782020651 50.45570714102807
173.5176817530141 111.643584333743 184.5764806717398
156.7060063809102 74.9121661047122 119.0113235967946
1.343276225709013 162.4847929612387 106.1204232674257
15.64553936063019 165.6020695956947 41.0382815910807
104.3257393241391 130.0525040450262 11.53168041687932
97.0269803853074 91.89194000137252 106.7994141736776
22.30881103126341 186.418938054193 30.51498468707874
140.7501884372174 128.3519755272953 13.24896857395342
181.578950878278 28.18812477951445 36.98061443300213
166.1951484369827 148.5681420298739 160.5847301188332
152.3541213882224 161.8011456127726 145.692203172874
166.6412154423782 147.1632390684715 132.1329454693279
198.2955610195149 161.0519820878165 131.7603024979783
178.3028370577987 62.92272771214613 150.4457502688607
126.6571870413533 12.08909041504834 21.57884176620863
123.0322339839077 175.5283382178918 66.04991446861338
121.7376247892652 24.74585873667094 160.3835125764184
136.2517142388613 111.4805455360821 64.45407410833265
158.098390256532 18.87465431538937 88.8416590615186
161.3344257298131 155.959563804782 23.77575670671089
76.4435107378152 83.45565271306585 97.12380063811754
133.4221961380817 155.7490553187633 55.56783769008375
37.72987865453745 87.10850965031028 35.74655309748101
80.17322590725877 73.37672660625633 60.91128689339606
179.4855390435263 160.4902155627034 116.451942522585
13.93530626787638 91.24324305444674 30.22116366238392
176.1911068085585 62.57029450025057 75.01257237386034
194.9432186991579 112.650032227838 44.61056937436339
70.31394705289551 60.20404021429356 42.86697595509442
171.9341867878564 106.194654677272 86.62057385107984
73.71462951491216 117.6354320781534 176.4322477923021
17.98519093778259 0.5757885306456685 126.6106469165703
48.90888467525009 52.3052573276594 140.9123527292859
38.73228111480613 65.46594955297103 46.65856085630284
169.014699467663 138.4962981595009 80.25915505663593
118.4268298728018 24.59613263774476 40.66585471343063
57.87109908609626 148.483815438778 33.62217121456106
69.6610885863651 131.899791803559 47.92579110420295
6.823836266835812 14.83150757326452 4.909196221257544
117.0852824877025 125.6230141791945 72.64686630795731
65.06246898164061 91.06235918118304 76.84690738971288
96.04143817644926 175.007754611576 154.5383211630201
158.4903488390148 101.7950489055316 64.11788561590085
85.29980331874253 128.9700621630198 66.62562086046877
30.97116352813001 81.10025642393518 13.23668098852484
81.95571159810534 68.26874857504707 8.387749116296291
185.889970831088 40.37674999760615 73.65092572216588
43.99593151701326 25.73570251857553 52.93530605734524
133.6912762340758 7.118659262779003 119.773797355716
71.64511380680446 29.01840828562094 136.1637823331499
199.0043544139334 20.05514030560158 75.52768144971951
49.90017155992725 198.6321609173001 194.3013807379001
46.54827193282883 187.269757277913 38.12880683847401
184.2751458226812 70.43452948982183 196.6338633017403
138.3370169187417 129.7493063347119 178.5449004536991
111.3457942848208 66.18461275275257 111.4351338899142
75.08529220466795 48.62587937290596 195.914614709814
128.9566443056983 151.8498035473835 182.0163405761454
175.1568406771434 181.3521764218396 80.78379872383042
166.9730879673315 172.9247423513437 59.5591556459168
99.33095088044951 69.52132407363702 46.16022566247523
59.90084605809083 27.32286851367909 20.96914947526325
27.0034076359626 32.11375546251343 178.2346407135394
40.77408366310322 15.46039865587964 107.6846212909727
160.3663992968976 186.9771480853057 179.5367849734841
95.73757711080762 116.3340868584733 108.6737720191749
6.738176486637356 68.13783159810932 187.7675982240239
88.81931396401691 12.25162629921818 90.68481741954332
177.201876135956 198.0953803674298 166.0669177093216
77.42921485729885 190.1052270540877 158.2962824491892
132.9017859302919 121.0341151216955 92.45075204536025
18.23408040189873 152.8559407297217 120.6274312796014
124.8542648413057 127.0085120868827 49.70796047955201
106.3509357388331 98.40471728883544 44.78414930529257
198.4668629217306 112.185914217559 132.3251912557097
44.2265659609442 156.0147746702872 151.5035505211384
1.632477067347599 1.677258415816084 33.75244923371308
192.7893947654237 99.27490229460606 176.5706342712793
120.8659505199771 87.04822837759161 122.0478589683332
174.819372337842 126.0499231436552 100.2558637988844
17.50449088216117 191.837400021759 7.194791683613606
100.8457418297802 85.5250324746239 64.59012564382218
184.9414858550592 14.33346702630288 56.6075792822443
46.77891330507543 105.1449241070243 136.2601666013153
71.66420297126434 35.03397677285722 92.78773140963462
48.20058625307298 66.00251990571243 24.33069716849068
98.54922271479617 79.19780582522679 127.4154567493235
121.6630480826386 187.2056060814364 172.1059863276662
184.4152889414746 56.20739503816745 127.9508333930667
146.3848772275319 108.9175997129446 128.7869544064526
108.8117653185406 120.4042429526841 151.8105780093057
137.9806406523061 182.4156996296165 83.87073822675617
108.4772776287958 186.623699648486 42.83912890368046
152.7363485988195 38.85722621186166 185.6336948705697
138.0926532614552 64.77038058081264 23.15088837375503
99.03030140384507 60.0884534267666 68.50765330864276
120.3247454435227 58.88736166219947 52.04672527913323
96.16701160364924 176.2435215719824 90.8671620025749
167.0278050069012 51.49059596999379 44.96138567191882
70.02059750373772 111.063733088127 60.76125974685803
25.90792140237485 161.3433246275003 191.0068305142337
168.2571610339556 7.500710234989829 35.19781779328364
69.92830067198614 143.1552803050051 157.5171368292236
53.55155196833928 81.85385028254177 136.6079696337828
144.4757898670915 33.26068730038664 74.84378270172054
195.7317267786716 7.815588208656959 136.1839258788441
132.082171668415 3.06680344280096 156.9952534215735
41.10850146388021 6.872305432698824 130.369670321149
165.711489132255 160.7290566342692 89.38333377026477
188.7286702144926 106.9303327143818 153.9128233676778
140.834479994185 132.8078156703429 112.1214018576168
121.387843967168 172.1379862919301 98.27612673317066
124.0587657245574 90.9634337554984 60.11224330406543
55.37414638165431 75.54658252434689 113.2550487275207
19.06375312413459 116.286548639519 193.2438998914433
57.9823797557898 121.1176605561979 121.8441910830652
59.07084186568699 174.2509010644242 158.0096121839319
177.2142064069421 116.0966800544275 12.45008462874782
124.4671405782589 148.5368136354442 102.9621778581733
184.1088554482744 26.50839184860593 93.56439102987505
166.5221873149628 58.80194998882335 184.8341909016008
151.2518107338871 42.63925762788374 109.3480709976511
91.90263794484324 148.6408119449126 2.117833463616103
197.0342791595073 171.3648069486609 83.96064669275839
109.1327947021747 148.1400750061028 121.946173839796
165.8672386340365 90.72246160952038 159.524959281947
195.5705305387254 111.7210274199453 197.2063515196386
170.2151312317215 151.5068879334221 184.3267683693337
63.04475096969767 160.5892561034099 73.22388509991067
38.53179139970874 178.9473725546436 145.9863504353652
140.2888566000254 180.2710860745981 155.7800894163752
197.8632327709854 186.343932839627 170.9136626217512
61.39466189065074 82.18960707554618 37.81117701669109
88.07141198071244 12.91826045793588 120.8453462441109
39.65433178796638 141.5864307419951 115.5972861191015
110.6747061815232 155.3082156139292 84.18989391771998
71.72703936946959 17.95669901565758 188.1382430292539
44.46685605542011 44.54582343156287 13.64713021575174
153.3363110736369 120.0046648835016 79.41800391849374
144.9253370789079 87.1624649166919 16.79555072201806
74.62771187070658 5.175392650953971 139.494415969763
107.6619276783416 179.5578517383242 133.7362978748324
153.0532075306677 164.8204297004558 172.8983165810089
196.3716388652828 185.1066005404594 196.7071230316153
20.58013469544182 56.03100687540898 93.38645730488901
57.36150739331287 105.2668069383594 192.2229020493735
37.10406506296077 193.6278524192805 174.3091042892569
198.5332156952134 89.6704127913784 84.59236180926223
146.7046007934453 109.9923826486998 189.8639612162515
156.6873324013866 196.9229781137906 78.57209571263107
59.62793582438648 104.7152084152177 96.14834460122678
56.00535894527094 75.4257524123331 60.47585829287025
76.03358889144094 49.66916506441735 63.95685236965363
130.7509727121801 176.3667112806422 43.067543449939
101.4671000603704 84.84666875932969 182.3831275377538
84.32624231188714 67.78274132197618 184.2491471779226
91.57020513850571 43.53523458936328 155.2251406816663
171.7539709092404 139.5210937108704 9.295127759770658
52.61124291793234 44.47512436992408 36.49761986497283
1.995036804123996 177.4780085687163 20.7227742167527
180.1272175923609 142.8929717885011 31.81158190262603
180.2086173665377 19.54481856095729 116.664473632948
198.0007257729118 107.1457952860519 21.18349404269198
154.760568672978 153.6398319331089 67.77026009718627
111.8690748063978 17.59463975212055 121.3614716029363
94.97085216774406 45.86295893335969 49.28168721051653
24.58370361230239 176.2918267523783 99.39185913946251
36.21323216939322 90.0709515152964 120.461163148543
105.5149828549772 145.613136997659 182.2682750993423
12.38386811280283 85.94218338327461 122.3571623954807
51.72843590724675 176.8732486641298 4.869690697651191
101.3890569776095 5.111726104866067 26.6069631182805
75.74447601695046 164.6966847790713 52.96774590683101
143.3363658003387 35.32605625568053 163.5508670901135
141.2194453381597 191.1018200517099 60.81442341806025
21.95740684094419 9.580652046666589 23.12673739003846
8.685429650062805 47.66435592407127 174.9027066216082
68.52735992893125 0.7853629051145562 97.99560289230847
54.7986773742206 132.7689575725086 177.705305221356
112.9140399506566 164.8385816937978 168.6937067452851
142.8716052892557 35.27018571079406 50.72181279314284
143.0186655154163 16.65024703548333 184.6937721726739
39.21846421357443 162.0881124543983 128.5576603284263
17.00876866222665 129.4594639161057 126.9190739796076
1.463766607189583 58.78465315898506 59.97422951278708
11.93721053695325 142.3717865831093 185.2298219194699
181.5251389262525 167.1076241897172 31.4028146495034
50.29606091263959 97.93185577006513 53.45037465285645
167.6198865666782 115.7916672529453 45.95052239864432
39.8821125891971 194.8389385325175 16.06644382706177
29.41510148794307 114.1182599561215 91.49847982365588
59.69137762234777 52.91357431675772 81.58810421608833
82.29803538766434 18.15986009534744 19.27492349098297
165.501497076048 128.274576429829 147.3118077988854
50.19269004145918 1.909139726302544 57.92853420987899
176.9820125352644 197.0207057801293 125.2113394612614
27.50410846668408 7.577708024997343 191.6792699213784
104.3115881675187 53.79215583338286 137.3111461504662
119.3661162915277 196.3072010972045 98.76893075054474
199.9033214306903 128.1527878341208 157.5475973960247
90.09486634326333 5.274622988801258 0.2581557020278962
101.2167784255664 121.5581450597645 49.88701807021478
14.34142723391511 74.59046839165357 74.04827401771885
118.0697605673798 142.1588638174437 161.8007177496846
144.5005156820188 162.1234039443575 101.3702044713207
80.40689516413414 14.85818309890918 43.23302471385939
99.39731997660701 109.1395183934656 70.67005583571819
134.2367375195919 158.8284022596725 79.61642380994071
165.6732321573582 25.27027681431219 18.88706103413362
42.52304275074758 192.330954947379 96.32464601717878
121.5106211236376 103.5022080891682 163.7072851643585
121.6495148474801 80.59093965565449 14.91694775212789
49.20138149488989 48.28447073887526 60.21095289032358
98.6260001377744 33.34708206377604 28.82535216617575
122.0316245077536 142.7450480038458 22.20302082745061
185.0301520978026 147.6427798002042 96.01756434236162
157.8352843766675 182.0716885894655 97.8045106760262
147.1535273394665 185.411173225252 27.57411832620499
129.148343335011 103.9374188661384 25.08687428566772
198.3061428215408 127.2991984137158 93.20455494420341
185.7725121823626 54.94611365819178 15.66063306272413
199.6423630190992 153.3631045280464 21.91151723767349
37.13011869284751 65.61900057964321 72.13903685505029
62.98181820046127 73.55498776716495 194.2275896661631
47.41566519610342 34.83284995211854 92.11729213535045
100.4655723429562 138.6243270794489 98.53900206674351
63.28290264529885 97.53693417095977 119.7629316841751
35.00336611755777 117.7906574181921 114.8172573754878
169.562703848266 2.704295062745567 102.8254506541213
91.39244416443185 30.73567899684468 194.3373023129239
21.20521400099593 2.051286056666268 102.6120127205484
143.0911242982904 1.331759698422869 98.17241158346755
196.070184286098 37.89860702057361 116.5777306524046
77.16001357612581 91.92112845885069 19.40652423403533
163.8869786049662 98.43646621156883 2.501349819314778
146.987229229121 42.39891496520023 26.13089141082134
174.9625646340386 80.4389367217647 133.9987830285724
82.67015279853206 104.9369192010139 87.72930464464046
75.86772480893755 37.58772754005887 36.07445500517083
81.64846012488569 88.97310278237754 195.7499098673958
176.0036586314102 37.25985806101077 178.958806699552
34.79634295149499 141.4100763928712 31.17321329060011
2.06750144269203 196.425827347375 80.08307295360599
181.8417313871465 190.4011526440391 24.63658169304012
125.039798678689 21.47867122695937 86.96739208338467
102.6277159420704 190.8892846924557 66.76288592581945
82.42300331190535 12.43053444188312 67.28550031486293
151.1692313407754 14.13530879869709 61.50590377215756
90.30745396366652 179.2124561963694 0.1623073761324924
103.9677889284107 34.24467470559055 173.891780314204
66.28257330213323 126.2081455246289 0.610221137810036
192.2073131769798 147.8035930287599 169.6344099938486
21.19210705307443 93.21090697145969 100.6493426409117
