3 1024 8.670481732198796 0.6542355000000001 1.4 1 1 200 200 200
161.3618893461235 178.1105906909198 64.08842677747906
63.17917638417596 158.3339141655702 169.759311627488
113.9789485069593 187.3854458280081 77.25346845431984
94.09481405790785 145.2354062793763 152.9565930964439
32.88283833866312 133.9182272741457 39.74991988155309
5.65969501926915 174.6159386822443 169.7289640229091
63.79394348209167 41.21274230891382 87.56415211290633
30.30959840202267 169.991693388936 85.38737347702623
35.96243827117638 43.37153909238135 18.43844743582815
29.77038993244648 197.8684721445707 39.91950925167359
159.5732722558947 73.83496244692751 23.85680469532516
76.64345687510573 119.4050211081626 96.30539341525309
72.4327153868461 30.68794622547498 144.2816959968032
103.9292103844277 53.98284428482184 33.08081860639486
167.7115200876997 74.07913962694637 154.4870399370151
78.44439589590495 24.20932194271083 0.007739601273600359
148.2940158765432 73.35280083718752 60.85025382064633
73.46135221359347 36.68123250401545 170.978217437256
148.9777799230247 92.5581594353322 30.01920557296117
107.2075026073977 166.1411803643971 30.72720826476082
145.7388770798907 146.0454892258496 78.07468537809586
191.0662906116005 182.5422833581671 68.88059602348511
23.33536866309434 130.512763358127 57.62437500983378
96.55370637597495 85.44643934003568 112.2193919810347
83.75581552632407 6.761268800676617 49.29527994363413
138.1535327410064 158.2117089577252 48.82598291387087
195.0030883185286 133.3034400270652 133.6194904716515
7.670457870243879 166.896098206213 0.3469204080859402
109.7370403224351 198.1867044417429 105.3985538067858
36.70652993112694 168.6799187756537 19.49356648059624
7.550714235197111 191.3626566260133 175.0731483536193
33.49987315993626 172.3045029602905 170.1749466355105
195.4605542440522 114.838742389583 188.7091711994802
137.26982518515 153.3809963510742 97.82696488443172
74.00214024824163 168.0684707075506 160.3208653282477
69.03607694266135 134.9867511242367 96.52075521001051
57.50703011050042 20.8522166772488 194.891702294628
80.3209775577965 113.6742293496304 119.2828416944359
176.5149570933638 61.91829355749378 163.1658595758726
61.36301199579241 93.4604841558512 143.6509519565988
176.742482763497 175.2530067385912 54.91171207316408
79.64542437950675 190.0697907484041 51.57731867500163
111.3169781513383 176.5210985759223 51.3500349763941
140.670516777617 107.4911687180022 82.38755747860374
153.7976180342784 112.3780178225883 72.16479801568505
103.0282279347661 122.8232059317614 112.5701420782377
42.63622282327404 125.3655309492743 161.23764645003
187.1759320272209 186.0159495317322 93.15421427838085
112.6493240280484 69.85621082753968 86.23560088215396
122.2857952999926 70.56571296897631 171.2171017371537
80.24486695590895 0.5461883517010131 32.83805735309602
104.1409362065365 187.3799309223753 117.7518858114572
99.42124644219352 39.62514962144903 24.18955425104706
106.4248655144596 93.98278701235569 163.4264410533661
184.0809107465448 45.86605952903355 31.68890696145516
137.8162802879443 106.5531522157621 156.3962621244007
182.5842207188051 21.85297753190124 83.96173308458087
101.0718923090769 141.5150642306953 116.6420489085133
135.0961886895645 51.00331521176483 101.957877483262
1.978652024808798 79.61651949014887 95.34919946814458
157.4474262290322 155.1273484049673 17.15868799132375
114.8574655994171 11.7405583189308 95.87053828987764
29.37879476315321 163.0607976157517 51.05553093340528
3.699469347633379 3.150575502352106 137.7516640197929
119.7379982106111 81.03606121801744 7.94414903416993
10.22795517301855 198.7048709694662 99.58895090323132
153.8128366018423 128.1019465118024 41.54382719397208
19.2739382844838 139.1860965263292 184.6948601508659
176.5875261287901 131.9775149123116 178.5587945444573
139.161617859826 21.41854807007659 139.61730784098
34.20313288157783 148.1907106774559 110.8537992085101
62.51628940794288 96.22210019087987 45.84960376924427
176.40488237225 114.3400338816849 149.2766750130068
96.0367978322606 62.63761600722512 56.33597413884203
61.19337163034496 55.14560092676103 103.3858380511074
63.16710893531849 72.25641300616347 105.3936467007167
57.58111105570435 108.5139759614742 57.04164673074617
195.3270463597128 105.9111654576421 116.3489719182118
180.7589759343849 61.99004194337819 144.9478664242524
188.5677257317907 47.71597458804624 138.9492560869577
78.85582453543265 124.7840864405847 187.4954331015118
11.88254682277174 106.9201357286838 184.0123523031437
118.8919669853779 178.1445787831422 19.59545783981892
192.3513653283 117.8036713294168 99.15600740223805
39.57771571338106 89.27105783092861 179.2034730408656
9.67435070114308 125.5425825174236 139.2178584957871
93.6010582303353 49.86251707982208 95.60794701981142
174.0306141978164 174.8897528213998 91.12518344757746
129.3401174196727 77.97578828894156 157.2158502185805
161.8789673528551 111.4290290665753 137.0696372680066
24.43415389672865 40.7103115766683 58.42645201217906
41.06170290041482 189.6599793471776 117.9027001295707
182.6508897804109 22.65383692425038 155.5281300029577
131.1397411532352 185.7049931825543 51.83574845283641
126.3797029449989 170.4611766528611 58.59417429913805
17.5573201226789 117.8371015867341 196.2321897943844
45.4475861443069 27.96825943713048 61.47925291266785
150.7587549831723 60.1855135452961 17.79828605984769
22.10130767244366 19.69974005001555 35.13837316644625
136.1827906994565 137.2506084007886 91.55504329898558
159.0187711356161 56.27669389428279 123.1263304630974
124.1845619082889 23.63822453018599 186.3970634300543
93.42810483300536 35.08499840712596 114.5714258913483
43.82155841516725 28.17742555323257 158.8151592859395
90.10910249390187 81.45769751390448 128.0747838459447
127.3465529325285 122.4516583293474 93.45765965005528
155.279366525621 61.00575263239038 167.7129070555923
40.75362195917359 118.334737897638 93.33803112848051
94.0330627960783 101.3566428504245 120.3252051599768
1.120300929595182 84.26250639992683 195.3781288702496
172.764526884958 107.8404901796738 114.1601773380908
68.9034329219767 184.2447345131763 39.27337184622106
173.6246637465832 123.6538203288292 163.6374746656582
114.6493661203521 28.71229436832639 102.9576471517572
34.19342176335935 157.7273728915289 125.3369221486048
157.3269292451495 34.40315726410345 40.6862618241905
7.256348117856477 104.4109155663985 75.40534427617693
170.9461404088583 158.1325624854852 32.97855626623377
36.46721801321407 172.1513471158037 2.505315720022684
116.4562668739952 191.0009331749671 59.38937881439809
168.1961045060196 86.08168767369767 0.693391341485906
48.72656971405348 85.51892142457532 100.6813884283354
45.1575646979359 127.3863491137245 144.2003931729812
137.6229387010743 107.0757414422341 131.2418141709694
140.1011597186894 69.01328729713532 98.26135559379276
35.16698003046443 97.25446797387954 199.8349730478257
20.90305584821244 12.07260914844928 102.5255731029486
60.57131603579312 122.9965576634758 47.9850991875721
191.1038958094331 54.48473481447018 46.43181270683667
134.9666833465225 95.58370462103338 39.77848873358074
172.4675223949211 182.748327561996 191.1448633578121
150.2573970240077 103.2392863737728 14.03945838712645
90.59591922030172 51.57515076098736 44.13633868156828
29.18169357379691 56.66437109773021 27.27194800289781
118.9847385677444 142.6878032387885 152.2799912118623
68.61502278381252 23.29941812192574 84.93949578517015
59.72058064166887 13.35699749044857 124.0444941224579
159.929934029403 131.8355647458068 183.3766169297421
165.3844710263834 41.27336609930151 117.2029877706665
6.75570723249739 53.58256611798397 0.6892716323359264
57.04644266731353 122.5022509550438 97.56703656173678
51.96600207136535 6.845408787148507 94.16349997165287
152.3358166219997 17.98671024841935 68.78578250918926
113.2954849617271 109.6322309701253 160.4941811542039
70.0585370982682 188.1890494425663 106.9897125730846
25.94226223224951 115.3396221146483 11.20428603546048
157.871504235848 104.4331971328707 104.6064604621559
25.78569054658144 56.46336344741053 173.6559883123699
121.2958238287204 76.42085353439084 139.327890606046
132.7263465883999 111.4490303775296 49.12264285197529
61.69045323702646 31.45839571344795 159.0451007116354
144.4381829004989 27.77014837923853 2.784123153580897
181.6729862756622 40.56346183705573 123.1096156665846
55.28902654504315 154.4442777865578 154.8152649824702
141.7373978745456 101.2753467250037 113.1462564629866
157.0400830245289 104.5325212947217 87.28574054428448
177.9830309784111 76.58324408300022 112.1056684845969
112.0467950616911 101.0806421043294 111.4017788872819
171.8925379075069 168.4866028753401 181.2969520817897
171.3397694785701 170.8348681350685 107.7692530816731
52.05840291570777 84.68040215271672 30.94510457310773
53.5935117375104 48.64557635188243 164.1515699654831
179.1067473742286 67.74193081000676 49.83486412834036
11.61464780727119 42.82509487346252 104.9605629471602
31.53323680474444 145.8704550635488 54.57621664494602
134.0829533551343 85.76631934871513 111.8859226301273
170.2981514442689 89.17890833070734 181.6974471348826
138.6125186907208 107.9537296435757 65.0551399936533
94.18649141992445 128.6430661535161 36.13267846994641
24.41240966448222 88.07493957443292 187.5276317857128
170.8646849459917 11.10562293667218 19.95347374765719
186.4956126801449 49.98563959860809 170.8279025475739
195.7192809919162 100.3442861515501 11.28520590055852
173.5365396317901 197.0691754965205 181.4248837993461
186.7881618836355 171.5956946740148 189.6133424768958
133.616147208003 45.43782044216248 61.71370663346729
15.44703937480785 90.2362168201649 87.26727426314804
71.50354070847371 76.23392846555724 176.152669349874
58.39245597286904 94.00644680966541 112.3107160980866
46.03270138073676 27.82319332330072 128.4137443074886
115.965317516424 60.34510890582835 135.6043430108043
129.7132506266132 185.686942441531 69.22415232372279
58.26595612886709 16.56878484238116 58.93960737485397
70.60319671671769 133.1958168600931 59.22773742603476
26.00488179830799 115.8093843098526 104.7316692287161
92.42950439838157 161.6253460083982 78.26081566154734
84.9847594524534 95.65354441599095 154.2860640230615
162.5377206033593 28.62341112067761 77.92305629699095
121.2286062902873 31.73986259932181 143.3950521268505
59.53578751844714 70.66969502562183 189.3829251326705
119.4503356174703 194.613776215692 24.99563212650441
52.80578092460266 91.08748877000107 128.7562689661663
77.71863206204529 194.7819624550447 69.50619652410533
21.1313166593375 71.69028209183945 24.09042116195347
34.52377603239209 1.879369331328796 107.4792260268333
194.0078171061767 161.7220916263086 123.7294518932511
180.1521732156518 12.48370905594376 69.5594574513191
167.0105902623962 12.0015525971268 152.2926440484759
105.599696573989 69.96317758283095 175.898906977001
195.7151709128093 115.9777578018315 133.7698402739593
4.729463452541803 109.5392195878841 44.36401132289484
177.228955226634 104.3796089845483 163.4477546890655
193.3821313742338 167.0289477474628 55.2840889674077
189.1763027666454 142.047445724697 172.1692664333881
145.2866278648086 184.1779887750421 61.74739093381579
64.39584379084376 26.48592207900086 9.915456416727462
95.58467955982984 18.73233710315879 53.47606185968466
51.83458009091574 79.03394985859134 142.3124525004583
40.80285098093157 73.10858421115914 173.0405215398864
116.3013657650548 155.6731809973933 47.56761232733496
41.996370164689 156.7048081705123 8.121531524662821
40.81954806018437 90.81930439254562 115.175987360025
38.3622689265876 130.0643667891669 111.3093506187303
180.9206150136815 47.53928578526026 154.532012660128
97.58758218063451 142.021875366422 77.08384263913993
66.41444112203503 113.3446508810645 108.9287105895134
19.33485561140792 42.09815966693787 23.19353242132876
189.9594934455611 37.35207559914927 108.2190334480975
145.4423312694084 37.23337715864449 104.0560394343032
126.9061419970454 63.0159567092356 148.7904616594743
113.6029837525644 126.11004026378 28.97261884420884
76.1547785018949 163.475923013091 85.23845305687423
55.43802218591235 129.2435119893432 81.67121302795871
12.10763894936662 83.82939653086916 40.91463140101281
184.6827937768318 175.1585221466675 117.9662240506141
52.92048388835632 170.1624730662253 7.608554570584523
166.1126016264835 148.4831017853161 128.119232799903
122.8971417382247 169.9984360171683 118.0356129148423
125.9917682263221 59.30714786288037 183.8748396564145
156.2379863908124 141.4151250869409 145.4072447009208
157.5000773596331 173.0567883696644 96.03333844349828
57.45078312507533 132.520852163916 155.7570203289727
8.165472711879568 43.05443349629622 87.96763774104961
28.24364701392249 39.85764579896602 108.882143605325
127.0556265213182 4.676877680694577 8.189555242270831
111.0936154616814 95.92302304089303 86.9166219365563
121.1433870233173 41.33511114073625 76.61749034692764
105.8927583170571 25.16267715649424 138.6768639828203
87.72377137188835 176.3655546705037 86.08966385721591
9.844523350957546 43.64768571547904 38.0105135379232
47.75812765960351 199.3270067477036 56.34245415624916
198.5226107932013 93.78147234760789 85.96209347384452
149.5071385361177 160.1566356484399 87.57769501009871
119.8658751003421 2.169629530037238 118.95503430059
7.827410307397662 123.8049553910901 53.72347535675897
140.3086777286414 9.744492390383444 152.5104205290573
177.7553816874436 197.2796497224562 77.54697454934596
125.3588184952183 138.1654683188661 24.8283045107557
62.28114901119183 106.1370669167307 124.1759569448523
126.5723950281545 98.42242079578583 121.057788624885
23.6854806842446 20.71266382733755 151.4132087460806
136.2438883897296 141.1000258802465 152.8352216434925
139.9241652928202 161.1147617602723 175.6824020879939
155.2633205356688 9.351470137189429 191.4951894997014
164.8168381842268 92.45821596653651 165.5757663405689
72.5206658647752 24.96460233902812 183.7274647793107
39.54355542249429 58.77847819765756 163.3569863206688
9.151879576077462 66.24103030412101 120.2346817331995
189.9506623111849 55.57112203406626 192.1890517576161
38.6492434433375 159.207902057564 155.8804228694485
186.4523856865445 165.8926206857837 32.76273086972544
83.63403244698758 65.32073785067018 126.7351308258962
157.2556555333165 192.9409391127784 185.7375824415669
158.865415114087 99.57368683383508 195.0709172686669
143.0371975845275 53.00843705467442 117.242789944061
5.98234433930716 141.0166396066687 146.1193546960402
193.0929555635412 69.997982580038 106.7174369956012
71.24455542157048 130.4282225951907 2.018562492306399
122.150351168366 125.5216927477486 61.48664194674497
193.2209181004643 32.57994096230068 146.0172984906559
67.74366676063181 159.8401764633311 143.8927147043256
33.52868792364082 34.89625779971801 71.99827521156088
40.25378527246297 140.3912975400283 125.1109973160436
117.9429203675711 185.8445739708419 177.1330665533429
184.9130529019698 77.323429897361 93.2959714102272
104.9891393906171 38.85420916208705 83.61418924094777
108.046259897136 110.0862731234126 125.6706686335787
171.9918150203059 142.267286981705 64.01054307780549
125.2402142952425 186.588521253044 113.564882147201
115.9156191578021 107.1708118197853 13.85017940229906
119.6669922417088 194.5831953217888 42.33518760807463
5.264997849600594 120.5652672704171 175.6024140841951
133.1930902451551 25.14514107755543 90.00901915787593
68.02682356019103 28.57616399197353 123.7233633968212
44.3999931386848 159.3075903698654 173.7772120160195
172.459347672187 25.96124058991996 121.4989607254285
17.37350545146016 28.59786462071635 186.2288008159089
164.2136248657598 61.0280103698697 62.31721529760092
129.1399863568281 35.53382317168489 109.7176264478608
21.96444235661602 182.9737307621835 111.1476770953835
39.3980431470306 20.27856580569333 6.285014939761577
78.24180299179388 66.48619370101082 163.470781109344
166.0196739986719 101.1505726129419 67.13755310475783
80.91006396949955 69.96106303581406 48.93912511340584
197.6103149710842 115.5138673453143 65.23962047984227
188.1979586243603 120.5937389166373 172.532529635139
94.93349938593336 97.13329772423953 183.3975476132961
57.42233694628327 123.7349281063559 65.34862540361735
122.1731830226606 158.2574070740932 104.8284416653408
135.7885548035466 145.0593121649915 170.6003053886471
131.9955502631655 24.74901171236654 155.0530866154573
109.6675372118255 183.0838077976084 33.48477247814618
189.6664361727819 170.709156051604 84.90005755092737
68.07192947351778 148.1610276630454 84.32727025058054
191.5427414827147 1.430140187033722 10.57187328102512
116.3185919560763 191.0603673917638 8.314095205280015
157.0942546752765 175.6156311062996 186.855351695258
38.23747752528179 41.66570008453454 168.1742990124772
77.37244303984856 174.1594218926067 99.89145483468165
90.01518384918198 155.7490330650293 118.1331184630776
32.89263542491672 58.01866162078966 5.522957001121017
83.1428289566043 22.23837444754117 98.21051254560868
152.2052699823315 173.6872887814186 169.2396041744168
9.288835362024304 65.09128724054094 102.9324576880542
43.07978984267471 142.213335018648 156.2459784344935
144.4156038410569 82.91370492739446 46.91272583595129
68.796026020407 191.4610976716128 23.50563630349065
174.1938318179831 170.933200710454 21.58112733905696
96.13787366252598 184.8487918222257 50.37369055712912
32.09157430114329 17.68948762248477 70.3267476045185
137.4644052047173 14.80651038636065 193.6179915157044
166.6600657717716 37.12174316140187 188.7447453075147
180.6989359401323 188.0752543401997 128.8287878493121
42.00889065658578 156.8904128618649 190.7815739263517
17.02051921563391 73.13280892279764 89.65604964756878
174.0701483891026 176.9117857358204 37.85839556383809
165.2450770381237 189.0329677945963 86.27584932971531
173.4271724766656 52.82965607390634 132.1791160226754
2.515970214739873 67.48327251574037 191.2286312746898
62.18742500924323 171.5784931942107 107.8578240274639
103.1749475483496 192.0634273472888 19.58120783047531
114.1058129426973 55.29073133714834 171.9039915244277
116.3421183794945 108.7715262742123 55.81782081642528
25.192021718278 51.80688602328028 155.9509776761986
153.0511028442307 137.1045547932024 128.9156866765751
18.08127584985803 185.1871371537244 48.6509471800284
4.3514400268618 180.1846762582717 57.98773322263497
28.13948601440284 27.89588190609491 18.5585855011286
107.2316123536726 21.71929627843708 189.4993378820014
95.29199194467839 85.31792137459784 144.1665541392861
28.27202414252598 156.2867814565989 179.3871978790044
68.74905624382123 2.882279225228223 57.07073929306393
149.2578291004867 100.8439267202256 142.4891537483564
194.3548759682761 65.39258784487694 172.0795808024406
18.62479336819105 4.746763321414981 162.3194493649887
120.4790398664704 54.56658431725108 39.15101733178176
124.7918208515059 39.90554770734251 93.50991109223919
31.36211875917351 36.17675547404864 149.7884177868077
90.42233652271028 192.7769451541676 81.13825620734207
85.14814895244334 148.7353329140408 87.29066036716495
93.12973394300244 148.0258779929356 102.6692041488961
133.469070771776 190.8784866713918 199.8720639720918
95.8275903176369 51.7776864477515 2.299210106476569
1.473328700041181 13.05676318086905 0.2232188424464664
134.4921676395743 42.36746476516105 12.8124594428865
98.33888913743199 98.73203723186106 101.0439537750843
104.5189617204055 177.9875712518352 146.113819572085
41.49986721959193 97.25461467048959 36.52323042512931
154.6807245599176 27.76774715204919 115.2704188286699
19.07533736567862 114.6735614328602 63.25293289373487
137.1456607815653 193.4518454777922 147.48372614876
123.4701462210702 34.20462984586352 52.55362176367034
3.765640804919965 100.1267629944206 130.3503813855125
146.6303728298846 56.51540915622902 64.65066213872964
16.51645386771748 109.7503580091959 137.0965961362897
15.68637599691303 134.1453083900326 1.822352394382229
141.0507291548276 164.3445703476689 16.38858539275605
28.4437538622531 65.69135047977312 124.8474487409829
15.33195984555341 57.35342935307003 15.98504866838766
37.1605358373648 55.0911168023492 111.8608273374414
114.1005574218895 123.9693371356501 46.17374547052897
154.8013088252381 189.6959232952559 100.1032335564743
36.88566468264289 1.591731229961353 78.03531904705176
29.22585098497974 143.7227493185932 167.4731673446942
77.81896075550408 111.7370961493098 151.8083941444889
113.3702914861766 24.41977138062553 157.0101853138264
109.9838137462804 196.1687474743081 152.4115267488521
89.26989371036237 135.605295546816 196.5365975643242
83.96951933267978 128.0080308835706 151.5752610178104
165.8118409608196 183.4076619610337 174.0492452067413
32.28839846918015 174.6689845202418 151.2756330322122
123.6840598141141 63.4363160654449 97.97133007294303
148.7839114591292 21.82500429724688 96.83628599080048
21.78679984139918 79.6294648454688 57.96727143631721
171.1372804590602 145.319810905401 21.29498898746349
21.34079343319237 171.3569335741833 11.01418744156329
90.26751684023635 19.90622884427217 37.01221740189104
102.7644538895835 180.6868637673128 65.84863646244145
92.0704184707715 164.7501163803305 98.20977278528841
50.98050307430228 165.1848243344947 51.37312376579896
178.5740110093996 110.9874952694031 132.401725018842
9.786905820563863 151.8953633443267 99.82269020348738
168.2990831294604 71.52796745759413 98.26068261630515
191.2486063052945 162.3812585026318 3.609999429804959
188.8728461362239 36.42389118655134 45.42177415319647
129.4535029102015 150.2657946290828 82.27982426301467
52.47974648882327 145.719046429569 77.14194605651558
29.05842140914605 107.4052550491588 187.0870350149656
36.373051125091 187.5291484562929 162.3862696350909
29.8312896794139 190.0053268444625 199.061871111274
55.16145481114555 81.99039214918719 176.996823668225
181.3569298435818 157.5838436030031 47.10527730499253
66.58453887054642 36.0820710127108 195.6384924682347
199.4063539280353 117.6968539988621 83.31542642604403
90.36448645627608 156.158470541101 165.8979795440094
1.129106037752458 168.375956767 70.73978994303751
37.41043481620078 147.4193257031995 140.7068555746073
152.7185771624628 26.63400851232032 187.569934149578
128.3953645210904 155.6127016309071 158.995346227305
173.8051030953501 7.300255127191498 122.1005971808144
29.18908382824955 130.8344016166017 96.6134984461216
151.7027049699265 144.223310128299 94.90502710053521
25.89119892307122 71.7771417359951 181.7914566204982
116.353148568267 25.87446643540972 85.93552219433006
89.27160366397833 172.495495615308 113.4703292281828
78.46723857353223 162.2443217888379 176.9490531686254
14.03272558259662 78.38988757725278 131.6052435854489
174.8735536170757 180.416784903114 74.71027871998233
197.3836044763323 52.48411907562756 102.7494922735849
109.8106767945552 121.4589459013935 173.1430518749756
135.2686177973214 180.5763564844296 14.43794965597361
180.0787200128055 61.10592605260587 89.51039273396945
90.28886579562506 52.13254033107524 115.0556553319933
74.12026898873063 7.454802887713067 1.146267553992671
0.1067438251049518 122.4042641654386 30.48591378054429
88.84602740466704 144.6835636200724 44.02135518564583
30.82873336714733 24.55465433623171 136.0860767912446
15.20184549105168 177.4645670838955 149.726215648592
13.88700560705225 164.9893439825694 82.38476236602108
122.6675813121005 84.21928123922217 35.27399978147542
51.08383123915389 5.206180967325742 111.4042374832638
111.0120055605371 86.26730282492257 178.2635026359435
183.7260417104783 156.8425763377752 18.21966058057178
49.52664160669573 88.58543473868163 10.54226925094581
1.989973468191292 179.1450627391361 186.0608029196696
142.4036278967747 64.04676437977507 156.5023829007943
20.1980083364955 53.84159824870657 115.2401936081019
29.51740765539256 170.1035780840724 35.20974943389155
113.3457849178258 131.401968642578 123.5547547590956
163.2157766915424 76.04292417942035 171.11955190959
183.1892691191589 41.13291765667157 185.3677181822242
22.02375014458456 135.8683102274025 111.5810116365381
66.55706271218111 90.44310542312277 13.22952194241826
58.54695843867256 74.3990283823225 6.289222285539189
111.2197127576021 181.5773325532472 161.6997914943349
154.4308457847867 1.240558890211327 147.129316808317
19.81581130128695 122.6173447712975 41.25048523558942
29.43297959340048 40.65437846273939 183.0795663045434
180.1002316592982 148.9650447439488 117.8809371714359
161.2433736862998 169.9499958948562 79.38870034817617
27.9304594029222 76.50525909472921 76.60588505449473
166.3641379312992 87.58340195899157 105.4194362602244
131.927877415812 54.38575145755568 25.8838968534304
17.46520418759753 172.1990396898828 97.74462585919571
109.2529622489801 104.5725703599597 177.0478572650248
95.49796727621067 42.63935932334984 61.4666908101669
19.68703590746174 183.7718189102902 165.2442829085776
49.98246759348581 131.9491666928144 37.49409499326073
171.8240429933603 68.86624732930798 76.38231831126754
9.887821738352805 26.90573911179517 12.54745531176144
162.4553266681466 75.25310122234576 188.4258085382353
26.60515134293152 160.8968893906747 142.2264974044542
9.867228988445394 79.49697548801794 74.75446688615337
51.63023354038216 117.9703709908091 131.1561494731062
160.6575761941289 152.5827279964305 72.12445764630534
160.8285830164138 89.96947244711049 17.627043131581
144.3122201342277 174.3663751137653 47.48236648850007
198.554702431409 84.31842988551708 136.7032819174515
49.96448534283522 59.54990681338926 2.8930850848188
35.15318818278202 10.80386139633007 92.62447639526781
140.8985284208212 193.07695413353 109.9006895020447
41.42137764798738 103.9530562528932 131.1185198814738
78.61345604610301 39.81470926263857 7.567605797251244
47.1840401579918 199.3680427428823 174.6266108381659
118.9253428274851 153.409791815897 121.1582010325098
104.4096785051688 173.7753748557307 82.14262148164035
110.3382876690327 68.06839419965533 46.36126773363004
40.86994086106261 45.59610633833257 55.83772374430667
65.19290591341418 115.1390445781204 78.24969065250016
57.49318676172606 54.1356587040055 56.70412415251788
183.8085911676272 79.04193217194695 144.1476467552236
105.4035106662155 197.2686773651732 88.63292162145841
105.5921866865239 136.0969839117556 190.6317484043864
50.12446056828307 175.0465842827927 120.1439859629901
54.983001704655 17.17694118856823 166.2394774110349
156.3036541412876 178.6631866265678 113.3972089116437
146.2200305410448 120.611095000647 55.27165988865426
81.85074086940031 198.6576268448028 171.2299753019152
101.0298125508564 109.992395375398 88.13381409200946
105.8017716673657 156.9879245950969 110.4028604104381
114.5078712358541 52.69699187844607 87.912856928728
139.555111049375 23.12057394276297 122.3645879435641
102.8281107928875 64.72555498046717 99.70230787982851
70.43407737099938 58.60674074582403 117.6455167966967
165.1297487488863 156.2575804343613 144.2466778064511
22.97983858503521 57.57188525038156 191.3016412609639
182.1084062743741 143.0180694818676 7.876790320431298
112.4548454966594 116.0936907684307 99.66428046823984
198.6034179051287 189.8198132341643 21.34479996995039
139.3555499688636 73.57110941333734 170.6694177209054
128.6430292160801 150.5465096378622 36.51729376853304
141.9592081572323 0.9621775546318073 184.1924976812533
87.15289011287038 129.368404534831 51.97664049119043
16.61183404208119 14.62672391684105 136.2425931570554
135.0841120105471 157.7461563843241 116.5976486633643
96.78918198575964 32.92583267793341 97.69690727866831
16.46697947891414 37.39308865930984 73.83458920530764
99.62370209438862 82.62019641550403 191.6485633984549
90.37195648452605 113.5765018067084 105.1521796313639
131.1798771506745 56.08157326629208 167.5752601465994
116.2184418708711 16.65386951624624 172.6318438761715
84.05562716400726 192.2254055887499 188.1220017457234
77.97253074141834 53.75323308497261 63.00260604311433
3.685045241117718 69.3811790546298 57.40175840311744
1.614176415160233 48.46597548059169 156.5152863992322
100.1429271943127 172.7990002872453 12.32108182526366
78.48105554181542 131.1524241575966 78.37933666126408
127.552448853364 44.65468075290227 128.3538859357427
179.0689106396411 32.96683802543555 66.05400798827196
71.89009049558187 48.94942929150672 154.2438558023549
184.909640763055 137.1426749742954 97.22746544444811
23.28152528832324 101.2040068125458 119.3705260233578
38.66910725880947 7.633702346946634 157.5329225283715
45.57305708146615 58.24074153399152 39.99433311768308
4.044718833008381 86.0448773509969 115.0323492835917
53.77976231474982 164.20389707901 90.30939374924186
194.053392871703 4.956730515056994 87.96116892834131
0.4253439625461216 24.1427248645645 73.498929309712
104.0308645681459 35.2200259921934 43.99776486192751
46.34271175506243 112.8060201155234 7.975800942484599
109.7579645684314 126.3208468924099 8.522917606047839
84.49016880689986 36.22016642877406 81.19057741792467
77.34893464000868 113.6336888931495 61.42752907342414
81.6250263554377 103.4952617672075 83.85210583084563
75.29508578557859 4.017496978519675 140.2836334777137
71.33283960514201 123.0097864461976 135.5641168508085
32.49523504983866 43.98616136150058 128.8294990674957
21.80184871239144 154.6631031229993 23.58738185337156
66.89799763465882 14.7685113785191 40.09106587378962
131.2324554022139 176.5170484282135 159.0722698837685
61.74102941894732 61.75436141898124 136.2880381894052
185.1322477447913 56.47379417503327 66.2662103111909
22.21094711086357 174.4552537411232 187.5229703163496
184.9400372464164 129.5356689119557 74.17273875147293
14.6932719196175 91.81536055736113 147.4904686975754
19.5545063571011 143.9113426753831 130.6133005110738
129.5061887219019 79.36682993342831 188.6362477381831
165.1578381187582 136.0631119420462 111.3017569952511
16.42368096160371 25.31994453434073 117.9355232255236
181.2708111874657 151.5435562483933 188.9127669988935
121.1026275903824 110.5386742743441 75.99782793906471
189.122702432771 160.9312972905513 103.4440313096278
115.3430658384241 82.05913527199495 103.6340515920019
152.9845980908542 185.5044606805524 4.697477468447695
126.3960162834095 0.2715494200106311 164.7465152178625
93.99502566153039 52.041856339077 167.6587948590658
99.80902587320453 96.35566514504589 69.43829939587046
40.72244902708997 76.80159814235672 195.8233224207059
143.5062944670848 112.5902821690844 31.36001346331461
140.3506327853278 23.68247431531057 46.15345601410409
151.4563503617604 118.1947458236158 120.3778735228467
70.37627110746848 109.7383472269231 6.4377976245026
19.63319260246193 186.014351245372 26.14500779185629
144.9251095508976 124.1167630718613 142.9978071394133
154.3521016884114 46.06521834969913 2.941467474426117
168.2075319590995 190.7714329392298 23.48617857410305
80.66963774082454 32.86099735380168 50.16801561023391
10.47519891495967 114.0417976657529 156.5415635963185
47.23740624210413 50.24204094906008 75.09620927158375
7.644986312387422 11.91606132192612 178.4768848697253
57.35588613679069 2.763576101988083 74.48337666307145
170.5342233210042 107.8493526053389 13.25328735194345
66.13935106643585 93.20559136535748 68.2410153611673
39.21202782368015 68.66072299759212 60.97874725207087
32.44017967319186 37.41147598073766 38.6629854553876
10.08494797348584 6.900394983166108 18.27144901150501
0.2451542955373562 61.97354348065055 84.45242312848639
45.99835627745173 110.7185916657635 111.9795869990066
190.9931886428525 16.86433507617991 52.34599984055319
151.9489695398789 133.5962206154639 164.2396643353493
14.33296163992449 142.647637430028 43.31638753570581
79.07130366859811 99.84286820684741 134.7796231670708
166.660103986867 72.44342241990303 133.7689681509453
192.2639569665253 145.9359251167202 33.74925774871758
118.7487482820228 22.80432581405906 122.4848530654246
153.7845749554128 37.29058326803234 61.15156607487848
83.81993961418715 69.93819157200286 106.4456494743912
191.2848699325021 82.35747318873011 41.05436346656543
97.42313315924039 30.77046030062111 5.464645282089566
5.71835508027814 157.5679503565511 181.8484618549883
103.4028770485281 67.32460028861429 120.5547037452739
150.9372499125227 39.3737480709502 132.1817264966134
88.00023193892891 181.2787598799277 31.55740115137938
166.0056729622967 49.09716254536213 79.27190218078724
48.61654495579614 27.62526966984059 23.43335874226909
78.58291977616091 96.55238942616515 107.2059788358638
18.8230572445156 34.41354811562987 166.3015357040888
104.334092592935 168.9327329574136 127.3789267777894
178.4435295943335 44.31559834213388 5.376914881173352
109.2012675065034 43.20283724231982 188.2571344325803
17.27816013036179 130.8454672977228 22.30639196727305
157.7225584741555 129.4124598735115 21.14732540265728
68.05196476868572 182.5425899413602 83.28206315257358
116.3499737811916 68.02868437075239 23.82968196377142
22.54569271234498 40.18268445859142 2.723029201657337
167.6926310434879 66.06108486642864 6.345024972926724
20.02593935713418 57.70430785180746 71.04041440114455
133.1509816190155 26.03485077261556 69.21895279859379
181.6998220963404 100.8946102094672 53.45958316160354
167.4375684018671 81.49995431411634 60.43965650520315
138.5424696274075 85.96197168170897 132.6541240940851
17.92399931528598 73.9110076990161 3.650211860771308
44.16242957334072 55.35086065027767 183.3553864538042
22.44206365640031 115.9345191280239 83.74917596308194
3.758004235382765 43.05790271793916 58.36166608217252
128.134397283949 124.1622614478504 161.8000635422528
84.45262885769029 76.52686012561941 68.36489599208521
91.84899676419975 35.91907132598557 149.6355421248
182.8535652712897 91.88794584858407 125.3368285764105
170.3064678504423 168.2225013545276 160.5500543933158
114.0102881970392 51.73897034798041 58.72601547405174
99.54567308079632 15.89712325157491 109.3350101251384
199.5009283204115 33.41949268105708 195.7336586365786
45.34371445296476 181.2770283107373 184.743341473907
121.6041731898377 10.93422897368354 143.4690180935764
34.43210329815063 19.96824640354953 178.0096492083416
2.429115629455583 199.6135030824781 65.34788381423382
169.0106547406222 87.69673888968325 84.77961970053401
3.502875367374651 16.28968710353875 153.8868213613204
121.0830945498981 3.146051361653592 188.2603175046754
192.3911831578587 197.1313710477998 190.2292751450565
111.3632462316421 74.73420388065068 66.04723301861563
46.58015255389273 66.12781618712017 93.44280901695706
119.5440799720689 165.0975297092803 177.0268149201673
165.4670340709532 10.8827130718749 88.39718572572178
151.205418105264 140.6360734108392 57.94862350844024
75.76594685610588 78.59631999935159 146.7305654595604
161.3963477371515 161.658586586444 51.34679277619678
139.8740465929857 18.56577527698462 173.2936017226844
60.91966375845646 75.5324474039442 47.40152648088829
124.9572714519143 35.66091874162512 31.69837299143791
159.0185360061701 152.2067030499631 179.2285188989649
55.77007597420291 35.73956193718881 45.16749950963128
62.78303445906495 21.0944117958685 104.7926185665022
194.0305011334887 145.1415179099945 57.9491011678027
122.357141649312 95.34373149061928 148.1267858192202
94.82101622384133 175.2609478402685 172.8445735011005
92.32390430377041 134.0916042326604 173.527778996812
25.90328761579042 131.8549206002958 150.7060618365686
18.22243713125169 1.234800324855992 120.3970159623434
86.97541758937571 22.60944891189475 129.9253505511284
27.1327885917315 196.8688355373089 179.5987050473863
103.3407385740248 44.70140642076644 130.1368983795721
94.94846666545281 164.2820162102481 47.43883450416003
6.940061860056459 50.45419166691946 180.117505073038
23.51353998881595 97.98409680583326 169.2513790400846
92.44651529196398 60.53566642869961 144.9686501519304
35.70995605705468 115.9924415803263 29.56691206977037
140.3920244236304 136.3548402769388 188.9322522698795
41.49796169257127 152.7435027112511 37.65031016434239
46.74736092846734 39.06315090230868 1.17161322544083
25.21895437092142 54.64552113144381 94.5576942554348
78.34742623321573 5.511311362502346 115.0055971607954
125.8592153123592 192.386782553874 93.58945767547233
8.357567948491591 130.8732433786649 96.70488094323295
184.1920112695577 150.4762437716971 138.2277875531528
102.6535036399794 198.8720233763104 171.6982845659232
149.8574653038546 194.194618070621 166.1676454352103
14.68524429069606 163.1485035059287 116.6272458192528
148.3827572861331 80.56352129499204 3.855713973612328
73.71004821179669 34.00307590867056 26.93774577793314
192.1591457173693 100.8479847921912 147.6069397416755
166.7908672003943 15.86203598955655 53.9683263869125
84.89693010037951 132.5518666051797 17.57888329036085
149.2982993147756 147.6461802658631 34.78376749072984
149.1214048632099 156.7565680228107 157.5321352226229
3.17351142683442 25.28990458548628 97.59292020741785
73.24823544440734 154.1006969534508 103.5872432939122
64.16639643452024 34.39550693004393 67.90696586024346
43.22207459112851 88.48214370806795 158.7311627352385
182.7194154419697 81.77623203270835 166.6746636652397
16.08337862275778 21.94703652171978 55.0762869276397
158.9025943696431 95.26814151647133 123.2600836967806
181.8398752894757 16.68813881766806 105.3563343168533
45.80165249257017 42.23167765119441 97.9688728997312
22.29244628326922 57.88228615256931 46.86979355044263
59.68176787424766 152.3217683170895 20.88295324271439
197.8731457500835 151.7064846147912 82.76260690851358
86.70855663766454 185.4900588741656 129.5200285014131
46.0075693856387 86.27079891795273 79.90322999033833
174.4294739755167 191.3924474427818 108.6990546068363
163.5305273744962 13.1352130664687 172.7773679187148
22.22333425292313 12.0590337973702 197.88924311805
83.86559174215883 172.3598877720977 194.31433056114
0.642396589030831 120.3110485600564 8.105618510635013
98.82086689674023 120.5951768952129 70.36526195684648
170.4907716368159 35.9629832477647 168.3241395640485
187.4997319351932 21.66490786060426 13.26037537926178
123.9521107121087 36.61840101710792 170.1341760066513
117.9467051596393 14.47303868084767 48.20499944621697
57.79251180253855 68.958048229993 160.0854599747259
175.1038875800516 26.19998453269638 33.63591184897574
80.36224322402492 16.3100930772802 67.9264599565365
126.1735765989334 171.1688389849285 37.79809405145713
58.72330508165101 102.1493507474855 93.16382004054164
106.3404910549578 89.17189154407893 47.18694443151394
115.4421609000935 141.4915515834089 173.1132637382078
171.2423104564238 130.0064092514186 136.5907497881349
24.34345572999153 102.9749175311568 46.81673400142378
58.69201751566087 103.9903595692763 26.92745227389165
0.05256406833565549 143.3304774253181 116.0986016670803
173.1028123704045 33.92616935079958 140.8724414180671
57.48199631236247 142.8351416362841 137.684042929462
142.1900373879283 48.49350916651856 43.00082943938545
143.9916392919314 115.0890699098431 177.7878699798959
39.02351969554226 22.07638156287441 109.6823290407365
71.62461183090581 81.9962968014577 89.06514623877372
193.9630614402987 1.098388278179187 119.4757526973495
57.01281841317081 112.0876484356164 151.8438617458879
31.31993742457382 122.0413909577559 129.1714717596283
73.78604375302415 145.2946007934373 157.4918100526253
39.90790487113983 138.5281090483283 18.03442353708259
189.8030394348562 104.3285434746585 30.83365142411905
82.52329287555624 92.66828900071737 50.33395437608556
27.67539845250314 189.4693811131744 92.22121128917253
133.1214963322916 41.55561017914746 192.0643935976581
91.09407070983465 189.6977567511981 101.7073818982349
178.025161164335 55.93037870881278 109.5607558941656
26.80637478200292 149.654549369578 88.06104512547861
36.63357337158256 132.7396589464749 73.47422480057479
130.5327808264223 68.07058843340201 51.38151083660668
5.604216392112563 184.0340677586074 83.69422581459578
108.288731149077 160.1242039499744 156.0992513983001
68.5488802605206 73.05602399835914 24.48751683169231
171.9315649943826 116.6444620871249 95.32099113914245
193.9195160865001 24.18913423107956 126.9727623911063
33.66008596887639 84.86542705443371 134.0239343914839
71.3896391816519 123.1062177751118 168.0082060477288
160.350044772415 192.4077263767433 129.2417837311367
61.34704864826692 127.3947076844767 20.44173641431925
157.8242859283901 67.06103730103659 43.45461357872145
73.01729275764784 166.0210453577641 124.7353099157157
158.9365494910774 198.2523797984668 68.71949176444981
96.86133335455943 12.31850042897844 152.3326574539125
127.7825987647676 96.72387432300368 171.749807906687
164.8257082931385 24.22147440352975 4.969338259702446
69.8857036614028 80.54921468852065 123.2572520382925
112.4663819478001 48.45353106150286 152.3186484261868
130.0949783015412 12.34592073302878 27.29370739557036
44.72444758538983 182.136423816153 76.57043448596382
124.9637564804808 170.5798693871528 82.72376594950133
109.2952379858313 89.5046519533246 128.4735018032332
92.3276293885736 74.74243645652516 9.473495545202155
32.35954175446524 78.89784076666267 40.05909908101014
147.6621502089947 88.30306159143443 96.3234369852478
44.83997436859507 3.782886935603746 194.8264649119882
156.4148097729794 7.546583468280752 110.6752728972006
8.952789495285659 132.6964789534262 72.503571677411
113.143130170841 48.76700363289959 108.3018714628382
194.005067161072 30.58012752260848 171.0612365702488
70.69094901997653 58.13804022007483 1.693103737441452
8.621607577668671 104.8878865822362 100.3731060067804
25.82010244967337 122.7568086498579 173.2139854887884
171.4588877272056 191.8966856635722 155.297032410903
137.0413148018353 3.953703426000801 59.9088651476881
58.34604231850242 7.162747095528442 14.71491911322277
103.5539772704695 186.4526185063494 192.5389884756758
79.10641292844934 45.53368284657009 131.3168788787444
165.9914862383717 33.48124437213389 97.860257982242
66.62441464699643 93.26044756066017 163.782966608579
2.820287582319942 169.4634650911353 20.41935661629898
133.2954209865476 120.8958930976677 10.96050358758538
52.48832275877386 174.3724312290742 161.9176928098811
68.32521616615365 180.6287095936818 144.6133783891707
143.1470676740863 42.45663948703821 84.04430836194143
99.16454850243674 28.65351199306503 171.6147050202098
33.96703260831974 8.293341505718931 22.40577528942368
116.602513199096 134.0668883071073 79.9420373275168
76.76032222099491 117.2703499955248 36.23151137252507
14.78107687249578 58.96411917827496 139.0281047028402
51.00431903339184 196.9995567720071 35.50422756393627
159.258547471414 188.8012815313999 46.35982109133236
70.78527622781795 163.6685270903291 45.16887972348729
10.39367677998476 166.6031623272694 43.30715562532394
72.02637422422065 172.5235232370306 15.50852315382357
85.23593625358926 54.46337050064511 20.78046101118978
8.898215292947901 2.692931289271307 42.15187388666435
83.76412452618284 149.7119501409902 63.56378746584081
138.2545690592689 101.5747362199297 197.1225616404508
184.5512439790007 96.72616434928047 101.0997916235457
127.5541708574099 66.88354283470497 118.1247011256062
100.5900921253832 148.7998953690121 8.684201317356228
45.25393416888926 108.2145923310977 172.72722458313
23.40911913696958 153.3159904667111 199.4008535883677
106.2538834824388 145.2308332221649 32.63360626135506
187.4015554172799 41.68437202853351 88.02723505661403
179.9996725252945 195.7073831470243 56.9190321817762
186.8421223449552 175.8080883054198 144.4747601765688
127.4421360049851 83.80704808617953 81.81242091672577
85.32784060540412 191.7225427572048 8.886128688743828
25.58402961354165 96.12279371791534 70.07395777292933
94.63616808343882 72.83627352550833 33.56552966039693
97.76714030031698 154.6226684784367 185.2851575179118
147.43248767564 42.32881511229057 172.4688415611735
107.2958287916207 20.38326382536922 25.06108306417151
92.26646993946511 110.7784975833032 166.7539381589305
70.35428826847911 54.43679818575254 39.96175847886756
47.42651162433503 138.8774754832156 176.3207724053662
9.798194706800311 187.2739726544109 3.984810711240628
9.345554994706529 121.0773425504912 118.8961160336269
96.85334825359804 112.2844260704853 23.55080157192744
154.5013599723698 119.4914663084097 199.2250340892016
158.0760114583402 110.8219694196317 158.4797069800949
100.5681666473282 105.4429608935735 144.572928757572
53.11447202244954 173.1504213777193 31.48584828839033
149.2361858996372 83.64218022845728 154.9672440727085
76.91810563847682 151.1321496590186 3.827713918717504
191.1491157642431 128.4114032864194 153.4748450950352
146.4420088324232 62.10157948759552 186.5203529174595
167.5364149706891 169.243423115316 128.1658547196597
1.294137698492154 192.0925465346221 155.2146301874679
26.00355570090429 29.90411800746695 90.74577894411649
14.59085067617075 98.3017050865609 2.758211369171351
155.064522603902 158.1207295068048 110.3162150352647
106.3416005059355 146.3934200396301 136.1728606860796
188.0105167559717 123.535419174424 47.38026330308502
97.85590894301238 16.27004501572077 84.75970386497728
34.71020180806077 129.5268962846745 194.7666612084943
183.4410911096182 7.00091208232664 140.5431543790203
118.8763697213618 7.563641875666629 75.88500171160966
91.75520426026614 98.44464148830409 4.252255248288587
155.1604600937085 171.3557169551543 29.98174444165342
61.56672234272455 163.9207495072339 189.7394965712553
39.19684268438984 15.33513457286442 46.17073386394451
151.5035758132346 68.62210417830076 80.8586971184363
54.39381068634334 96.47892983718813 191.9137040559404
168.3024474406519 113.9967830921087 36.6331429647329
2.251572703002201 146.6463883913345 11.63296810074018
104.8842954916354 127.4638188171401 153.8378217863663
61.33818799988145 69.56011744470156 70.92905071240574
132.9827605334891 11.94083222511154 106.0907523367985
169.2834254320303 154.6300800943181 90.95059430788771
109.0817996719163 27.70900353533343 66.52463316375254
24.53999317171305 73.03523084480565 160.0584630521751
55.86543400739417 18.10048254855616 143.9638720955957
84.54192478877019 14.28570475838012 17.81203439114631
140.9966364228034 138.3881306471887 111.7677451604801
26.14880840988955 0.4678599879219068 60.24554399407285
199.3700413018087 44.11118315922266 17.68237170272197
179.0547175957763 124.5643029565375 197.8454782091273
2.166724548242242 24.99654994884658 32.38592866188709
103.8717954421079 7.373280834753135 4.852099930836865
138.5869503426741 3.093975656565914 127.9931378470927
144.3816674993607 161.9074472945256 195.9929547350131
25.71000248200458 77.62687989779387 108.0222140320871
38.69336859108079 159.4931705243881 69.31835745565985
123.9302967864213 25.23886715229877 7.513504088127491
47.58637761388462 71.55057602126645 119.1689395064559
58.41519577977662 121.0420407289736 188.5899373581532
40.6223704842831 119.8830984008622 53.0215098179384
5.741976489497796 183.4711428079283 131.3043822378795
75.79961508819055 58.19084870695031 86.77181408914791
7.938213246375601 80.64801049876614 176.0526940971449
132.7951868199761 62.15461618557495 6.598908015656205
183.3518413412172 98.97613611747211 194.6061029211185
127.7380515604459 102.0985310068481 97.77223446167265
13.03201609442037 34.77098950862544 140.0389963052548
140.6371502680232 144.0145408675347 11.96825270279079
147.4281175745747 156.6507472124697 133.3142606676487
61.15951356890288 183.5652027213714 58.5759861803541
57.00204238469264 50.24494065269081 20.12406993997628
97.16880230718218 129.638837672832 93.80221657286758
138.9402467811182 126.8627563619471 73.73626382976121
62.87036865582005 161.2540874104753 67.9924216437888
30.93443824087199 91.56817603393877 19.3995374953367
82.36356270977289 133.3053569411427 112.6899128909973
133.3024717378346 131.3167491512549 42.96126675234521
186.3779127279933 6.38944873795077 167.9619328940572
196.1641567416759 101.3951655696935 171.5453733936517
65.56544573546064 5.405151737124311 182.2880472136975
199.3015800867043 135.287525655293 189.045334555558
185.1208810073817 181.8549440653671 7.640763174197747
122.8596711435541 118.8311818306132 189.1380190774938
186.4851471598902 182.4189818797651 171.8430481390647
122.5556874173879 173.1613311455961 199.7267808085914
4.800382066474018 93.62993917187818 57.77704569690669
143.8552510504723 164.126613625755 67.94822149673764
97.94669244097301 116.771754154102 189.5837480252215
88.64476639776947 65.53279719800474 187.1203718795602
100.367981833521 1.116522655092199 38.10640968390069
70.90775591122238 181.6076022407904 175.9805356335099
114.2640882061669 47.11641655779975 11.67593925836654
82.79146357887569 92.65373116367645 26.05823710487057
44.9658968880518 109.9729459491892 74.75422683224542
158.2919273500458 16.26220535143887 133.2562522120725
117.9369796987737 137.5733305215958 104.2194198798354
97.36028506222648 111.7184687084297 47.81623279184512
147.3866653721993 8.344344085635637 10.72964503020885
108.8275667704712 74.73095473152777 155.9021701054134
188.7903736256432 81.82322648078971 71.98700248423479
75.09523088527665 4.466916313136721 90.96976312180105
48.42112446105941 165.34417519035 138.4738005066096
114.4458809414651 97.03516330129189 195.7358373834071
50.63626978173595 186.8159168520701 99.64730683850919
5.844069003927387 161.1430285966615 140.8346632039862
69.02488381930533 140.0906496505663 39.65760914141373
127.758524117882 145.6499441358402 61.75521608106252
54.36246252748933 33.81223611247368 178.7255501688604
5.126968609579554 84.68217737971578 21.24578716647633
104.7746725751329 139.5235034986354 56.37742987615585
131.2908785760261 94.20091857615493 19.17969535203087
119.7773967590441 187.9008975971354 136.0179844408402
129.6085057894747 140.1638221505725 133.1346223171235
3.642886734385179 63.07836512739484 32.22116444102157
40.10489210536166 7.348094748839801 128.9512012693357
161.7026739232898 53.61126765640795 149.3531093209977
146.8969162240281 29.4272820387042 23.38089946462978
169.07875563768 93.69948646379208 145.2456570659342
97.78998758462225 57.53632218730619 76.50613003522034
164.358838111818 46.20960483391653 25.05999481982016
18.65019499836664 160.623876497462 161.4531461681706
127.5438241458234 91.48697895839808 58.78210737493789
95.90146805243806 81.87067963354134 89.09527399421746
181.9185801608768 127.5277266930288 21.77041742942989
53.00282795856132 154.6829606505572 116.9727940039785
48.33358975945014 141.5411989313307 97.1011798432654
136.4571818505906 44.65352881774088 150.9391519328919
169.6701613255273 56.60816851604987 182.086013846874
42.6930839174682 70.33013486552852 19.13911290953365
187.3654004941977 5.381051059957224 31.26609427558239
33.09394487444437 108.5767213471025 149.6197500826883
89.0077779586031 189.406404466111 153.9899331588654
171.377435130236 1.070250210366699 1.731282128529522
145.5455606314821 183.4539256618446 82.54227542264735
140.3266710624538 178.9121561063813 126.7274137838887
181.5979479223455 18.78985623502608 188.2787021488803
81.34797091728448 145.1273621099895 133.8699981727681
61.32285125838585 198.5823926355953 159.3787760462239
110.9638382569904 65.90930926641032 196.665163956114
95.18844630788512 125.3017092923678 131.6859814280032
153.015386982401 101.473248458557 50.73457439843779
139.415994273778 73.54647849694611 29.01641390864552
109.6019409367392 161.044739444416 66.52238802330987
161.776308174468 133.0192359906512 80.55190899144731
181.3134538886911 86.39487571519224 16.84444015583242
121.7573764830173 117.9210240291019 139.2220724406685
137.6511305059346 173.4759290104247 103.2184109486937
84.98997383363572 41.5371256184179 187.6073948283648
29.20789586438654 177.4203429185054 129.8482594630278
171.5453208194717 47.60507436675419 48.20723707322961
22.61901875646866 177.606694364729 67.61414525386577
125.0889229605157 164.2228831709285 139.0597878184903
38.58395790235273 181.8259746486964 49.81798486046521
82.76508064797426 174.9475494018019 65.52745614250078
75.54209963685376 104.6814434619149 183.261770143611
90.21562561805587 82.41472287824541 169.4647367075828
121.4795817000476 157.5295805183157 18.27059865471954
1.100226405327645 72.5801864945696 153.7531071013876
60.44204675009164 192.4696228046487 124.9402205830122
71.32346681670218 143.2508629785749 181.5572512178554
84.97266630489177 155.1476511364285 26.45660691121758
143.5981961242649 62.42500189760618 135.7909553683699
15.42021210506654 154.6460886262624 64.39346949270889
170.7210326467396 140.0959552204984 43.35403776490063
74.70939220502684 83.63548629389021 195.3349703178824
129.2900316502338 60.4482960895302 75.46111270747981
1.541259493019322 181.3971467618574 107.483366879346
1.434994938091164 47.06198936066428 122.6083105350227
36.0377920039924 168.4203238726576 106.3353511540174
173.2648124694825 143.9107137141866 158.8888397340302
45.50438610457671 188.8641926868847 143.7353415270846
54.64633717103929 142.655947704287 199.189645550065
137.4840386351634 180.7431436799632 182.1470745330521
150.6897920244132 73.76895586147805 115.53228746939
110.7151060116658 175.4049947337642 102.0547493324581
167.38818721194 166.0829148290287 2.523928561068043
108.1840815570217 154.5577832534874 89.87388492888664
168.0421092252707 88.14594513693795 37.09758762615738
139.6449288558272 190.5631904520451 32.16167569418859
148.5148762538709 91.11439495544046 72.22455477871736
32.50927306778357 97.84617649314478 96.431832903791
167.9450365004546 111.5156113275231 180.6497048619012
45.06926715611267 91.74552854301474 56.2698646194825
67.7791022070361 55.5254287187627 177.7330681827731
13.33989885158521 107.1139480765663 25.57576173926507
47.9575684900365 23.67839481843255 82.46028638320232
155.4445773239821 55.16540897807428 100.6770409344831
8.988435114016609 138.956462756048 166.6068840940644
149.6119539049275 89.40518324236014 179.450569127169
22.32594836166072 196.0850638015359 143.7642761545681
17.27946095044641 8.950224611890555 82.13111041922345
166.9750643832419 122.2374670472759 59.43046829656274
155.3320044294572 9.113952221714518 33.65709150379094
162.42582693017 142.3576862189972 1.155131531978124
51.83293722350595 141.8228056677682 56.71110708340033
192.9107077069284 159.398512054008 161.3058583042451
127.6407440114145 118.4950184424956 115.6754995251929
58.49279157003739 131.0394974380109 116.4890972225813
102.4805943144771 3.931608819737464 130.2539565603962
152.680478522289 26.93604870991957 154.4435859373803
183.7030196199605 105.4815904022125 77.21530829328108
43.8268358358817 187.6500136017583 14.28021192334049
193.501793900813 183.8302280111247 40.60918787599597
88.88386216077706 12.39543417920076 186.4258271256249
141.9529012856265 7.455218855900251 83.42487915068749
50.7356835280066 41.81811616839703 144.7031996607269
120.9241882056321 149.3231553986517 195.4292287957627
179.6073124771284 160.8052856992481 69.61123486909189
55.23881866695241 44.64674070757699 120.3368726529905
183.2028876407269 75.13611891144488 190.0212748362534
148.0570921979417 120.8904803582017 96.49133305762797
63.12985856788237 188.5435811618544 199.5838033533377
178.2690338439098 65.68382932614045 29.1396198458438
185.2857341108584 124.0877207373815 117.6926445643746
106.6783941559261 90.17670520787561 21.52446360422073
118.01713470921 106.7437257228135 35.17561260283909
193.4763817604437 66.45231977837483 10.2310291808858
38.42575402732983 62.8063579481932 142.9720934271376
98.79064092553347 1.021806901700258 63.92017111208094
76.11975348009454 17.28300349207673 163.9312541844538
87.63038768491784 165.9088591932202 144.7348580139315
76.5266768647536 41.09208855854401 104.0226469092514
152.5675180250076 178.6808346274876 147.6915288733771
189.6169963965918 68.13619806463076 127.1495617466063
