3 1024 8.846947710748342 0.695 1.4 1 1 200 200 200
1.967609594281473 93.33123478796398 53.50549758082662
29.18372534343891 117.4157268226993 40.62967980304973
77.01491304880751 112.8798629614414 162.4939944220624
167.9069746601391 186.0877709999785 30.81801553938007
63.28953151326768 91.74744254636975 163.0811385971402
149.1146775099706 95.70299130600434 122.7042290426637
196.2875742819258 15.3836183661065 161.3601683600721
119.3161569251563 0.6868198473771358 81.45686588992015
181.8045698448488 116.8585325500704 68.95354589487874
123.7929479589968 171.5664250663358 27.48268072582416
32.08650170235849 26.09543898243678 151.8578080297099
29.16186830275379 65.90502981542082 61.43710903425062
34.41366482274947 106.7943986478915 197.5852274082044
78.99365167871434 174.8753399799644 169.498235702367
108.412368287082 164.4652057667701 168.9063834897756
153.7434936262002 112.5355057027095 196.9028748617903
99.26801589396337 109.3491709644159 147.1673968797332
104.151990270458 83.40979277583683 199.3666632839763
130.7641215009394 168.0107985859719 121.5756865076251
131.2184562842912 33.88725739512908 70.3254196561044
183.0409631172466 186.2740781456623 142.0207914022481
118.3574620670543 127.271635694743 163.8670854064765
67.409320753663 29.78536478061882 23.70797329678116
69.97190029827561 158.4878291495112 197.5143879288771
193.2795417296677 118.9600547419869 55.79151730370414
1.894758353307824 127.1443736058656 183.5474967926853
49.31717330930884 91.97559061197896 28.18420750985836
42.7463924881657 82.40722788222813 96.91878430709966
122.2175889947111 76.22549029230163 103.3692027614455
46.38223039484668 163.5058273041913 108.5357177492716
32.23262886701109 78.58494209052645 8.153984626542238
114.5720465394171 60.71568828803853 100.2208141723138
38.9500868140269 41.56324700744091 146.8749925344882
139.5905536281167 177.5777272438935 72.86980250305915
183.664732993071 32.34399772075407 1.925445086802414
45.20276278475759 61.32156011219182 66.47384769156669
145.4365238401051 80.49339960388753 114.579068836244
50.30533668415352 34.29345728462595 23.70333415336456
65.95410705066354 124.598585905349 194.8010184919138
47.74789126109084 117.6205630074752 150.2981151781923
108.7038464604968 72.2207834562642 116.1231748785256
173.0727662560526 64.41691130563967 137.4443123975306
173.1905484327262 171.756541077388 140.9322990204593
12.19234156947506 182.9731269935088 77.68501720025652
62.48217941517932 45.38049951248773 17.28982926940006
28.51193412230534 88.8505979479129 152.430686336791
144.0061739282007 67.39887588340522 47.88312106875384
147.7582721556282 199.583629817127 53.03214913039669
1.022078438202916 85.908925623279 3.669485002794306
15.62402141000606 96.17573241483603 186.1300239842339
110.0531247674992 56.3137923458583 9.006652659280723
157.6521638332389 189.4653535368573 83.74861930826589
192.127713190538 187.6275840493402 101.7797454544245
60.23390490560956 105.5265886228458 31.35573563198855
125.2916810223696 58.4672159932185 165.9337195765226
102.4394196555321 191.7805486512988 153.5538328418844
40.94515318908412 92.15928872222482 190.594187143022
15.17047122404306 131.1752710791407 170.8864624858562
146.7703955150577 79.36823712719504 60.57297117325359
156.862902325247 102.5819348320848 11.15275039386849
26.83152841913345 174.2242590691789 81.69627759199561
59.84131890966551 10.55697576188472 177.0453625010042
11.55545209309119 136.8529356121162 154.5456819801878
102.8715222569551 99.52313261565102 164.081365300462
122.6808113871668 44.69281301823666 4.41721311370935
72.01883575402962 181.4768451889483 154.6734038209727
85.27395702785225 109.5190203569054 1.046849826210146
38.5536524676949 116.1367799326382 135.4544431552657
164.1997727527232 171.9928435483771 96.6978380041343
116.1842872210438 2.282069433184616 156.7964616961572
163.0147301293998 94.95872151407613 40.69061991020012
120.0317850303294 195.146170778706 56.16635477354278
2.173902089695068 176.9902107862335 64.53002125607148
169.8573815115128 175.161941441717 44.54493621475143
56.2403697455461 180.7384349650092 182.5086428897571
100.2508285096152 116.3100188106341 78.00855245332006
121.4416192421556 86.76980612852581 60.08989297486895
172.6410991676485 195.2041072173563 152.7174352109627
25.20473443202539 122.3130190871921 24.04712080884167
111.8136414838161 121.6132092267741 148.7523127768627
198.1654846079702 30.11478385546581 192.4778397656697
133.4206986350113 175.7813816024404 146.4299114861673
38.97179107869921 137.1127363487446 15.71179496583584
12.82357686651914 83.84774921701276 23.61257425189857
14.90601905532167 190.1100426703608 33.49123057599377
108.6851512897148 105.3029886381441 111.3682500251662
180.0331114611067 1.493080519694271 107.7801298851497
101.7740878000104 72.57715798539159 13.11596685134717
198.065574569546 179.3744872232171 87.38049061553059
121.5650344246579 87.5565733150742 40.88997640818776
57.95179141730826 174.0392495925861 29.59829165736913
18.22117642575611 140.8616737908061 94.1313955115307
52.23770780302856 90.36143407307181 84.37004268325006
104.5257992353553 175.6751024482728 181.4508924064542
87.08421872698381 66.00355085748417 175.8518914362387
124.1132876596424 113.5604472739431 111.3164466502965
189.3681406102353 2.385539230739353 92.81779080900068
143.7241146310066 121.853369326805 90.64147282576381
10.49517222276186 153.3227542539753 114.5663621296098
8.85411326352718 87.23673529761105 95.10404638886574
125.5397775254212 154.8692561867323 3.740533671863596
120.1323595865707 17.29295567973216 86.05168454229384
111.3521567791598 140.2648964073689 2.831776885045965
18.4426352677012 170.7527848449328 142.8974410939429
69.77045691342131 168.8023339018798 183.156636857599
185.3107714734518 52.911030432112 173.0304178062872
142.8592778105253 154.1432408379115 60.99609990704284
37.19155981207668 15.70884406477628 3.53413671215835
49.19317582286627 125.5843010174072 165.8355040488723
3.463645671709953 148.9413425193608 98.99396632423041
124.0372330808472 50.61419253630169 181.6093372432143
62.88037387340186 172.0798619769123 73.16945976862377
149.8814807826695 104.4144233038195 162.5885243981579
160.0124475978223 151.4399624715763 63.83622748080379
41.99671074665203 138.7116941714923 113.6686212807613
190.9965084963696 154.6252803816429 8.300534116615385
172.106551637557 5.256277106320071 92.45166040499342
134.6896003416698 20.49556175355494 123.7239370741422
119.4371877501764 120.4279096167295 197.5880469621972
126.3118284775382 43.8437793595966 33.26975359691941
138.5922791809714 115.9581682678328 74.90503642640542
43.9387376241307 12.89305862481565 165.143029236664
40.96357964618593 96.25495094075529 67.02547388824891
110.4513754733207 14.54928200014045 167.9665853168345
99.59097561018704 137.9303461903598 16.97154713863786
81.98448872199968 111.8090564127289 145.5974797936308
192.8099829753978 94.02859665875373 89.0644004424625
156.7273197286452 21.129014098923 168.6827714331544
14.38876890832308 63.86311234539708 166.6254011700265
43.91184662046274 184.6555964167614 162.6861425827684
11.86610177908474 129.614622601206 82.18602234498478
114.5908344286158 69.18044055310784 156.9175498743654
52.67415397488944 102.5983105523842 198.5814848089972
125.3262561941506 35.06813021983312 189.8507415196605
166.1050233391149 90.7510944225196 61.38828459250612
174.7779474930652 18.61406805741084 8.449837093137351
28.35929551655231 38.03106917081733 118.5986774313404
25.80431299164704 48.39134175442076 156.3518987153272
128.591994738802 122.5230792817767 143.5737088382326
185.0089807954973 28.50413866601826 153.5267621392541
25.72139657243915 73.82036438928228 46.17192946651261
91.74244424565789 103.8381038307433 38.99339825263841
113.52546599199 27.70733285663756 5.036913628512131
153.5823858249751 34.95613208262675 191.3035632645293
77.51107838543253 103.8542940078684 28.89192508047613
149.8765307435592 173.8736183449363 86.65378760430499
144.7104420950263 175.7729119782298 128.8412845422404
69.84423174579761 145.1092503023719 8.934671640316557
32.63232251881015 109.4796744217072 14.85508060199067
73.20807257568644 3.975447212891886 167.875759529809
28.03000346810324 124.0514521575235 78.6433104598392
176.1914249333717 195.4228373206413 176.4200998898776
134.2508469911849 160.8502168685303 137.234493401173
44.13369851046185 10.08126745603787 98.33875050571856
115.4817761718751 86.80834720974232 163.128761949957
121.4132587094732 135.4559467929904 188.5522140920087
134.8587545181691 147.8730372310333 190.5921662635448
171.7460502095836 138.2802169539285 54.2575921799596
198.7291754859399 30.80984826209045 62.3228497233354
28.83930354864605 183.5051887153965 174.1465673656596
97.95511735226019 179.5607552750087 165.6222576117329
158.5827774989961 59.90975366966816 54.02272792852544
119.5767761231141 170.6564874248355 8.77830386130403
18.83078686549383 92.43779244528149 112.9436177417124
73.03265760568904 100.7379382223608 174.7229407784839
108.1706055958341 106.072411389723 33.22287119179499
80.92813641625482 166.9068828523899 116.3284798541641
14.38921331351933 11.38512889675407 59.18620169139739
151.0691267449726 190.8663577969971 122.4044817516932
139.4783920236724 3.834342492369198 194.0243302579013
133.5253793172887 93.48039722773409 114.6787273844259
31.00186714635826 30.60508321701312 168.7534690493059
77.20187827034241 80.58900229216096 174.6825493274025
135.5267642066771 18.53303803684709 77.69393428715496
116.8777822191115 101.047412759762 51.07653714059196
197.2337365588122 74.45434978846059 97.75975005495187
6.124740413626707 156.6662606432581 16.88424745155853
111.8187838811712 49.18787165721033 25.10564979663402
88.89135235848107 179.8121502476125 19.41153192674208
18.83417915892219 113.2939213618664 118.2708652052763
89.86188850346855 184.0653532617577 185.6271558201824
129.893438072865 77.04398127533662 160.5710691724452
122.674322515567 52.42314214661643 130.6933136747875
39.75677899085911 105.8390513216647 32.7020001065187
26.77652440856969 21.61252092419393 112.3253121733095
1.429170937961258 68.66642155416814 199.8267626879378
7.953570477100222 157.2913205458002 147.0777482988951
24.1140230073723 50.22173978513362 67.51972400707328
81.14804674090223 119.9629101146709 129.9847240460697
67.40322894220441 164.6546712223368 127.3116827694707
139.4234124020576 42.19442264039913 180.7348738694834
88.51854850935811 197.5139920752156 66.17034201747258
25.69372142593632 14.13509005882598 165.5657139291772
56.54889484287757 23.50887660875923 36.11557078074555
135.5498387031257 17.53060424627945 95.086051333317
172.4187757401027 97.79426704729623 152.5288174790242
198.9006024660043 125.7554795548844 146.5088560655315
130.1354519727285 144.0866393062761 68.053368896211
127.9120155990172 74.01486215551816 50.14299254432454
163.5213490120669 161.5878486688851 20.41395071275082
72.45597343511548 13.11835767297602 152.9151815692218
166.213974673091 32.80168395861573 3.269471958396304
76.94073242603015 48.31794847528711 83.5395185862006
16.21292505958082 136.2313950745369 18.10404281198917
98.35846954993981 167.3098827694755 116.4536891181799
57.59316692844063 111.5251289166785 136.8787893806507
41.19397449784764 65.38430562934219 93.06425477715251
176.7677059258382 121.6783595872693 50.947001628972
154.9934785403007 176.5561392921217 23.54662320899721
164.7077756442598 116.7446107993615 106.8488681838899
124.6839476853371 147.0429607663392 131.8340740870034
191.9112994688701 103.4876359896588 63.8666745371603
18.32770487155506 135.538615573177 187.5814298388657
41.93242557195168 13.53776494840529 116.435077171922
131.2628266331922 57.58801499545393 196.0150381665711
144.6730834273021 85.2899358185492 166.2824781015629
141.9072096670367 43.00026540994914 41.64549916517717
28.17048283511464 4.109299331539132 84.23764137800403
14.01338538297732 85.88095461712747 41.0972286031659
128.0159525106284 36.48160033529798 117.8736246107865
85.45001314052259 74.73987427808765 37.37538938525586
36.47806187542145 122.6530752031748 118.6405423160481
114.4092819586274 97.5584321572304 177.0667085143685
98.70746357989884 163.8458178519213 45.73766264119505
76.3518749399628 30.12638235121117 152.5712031519553
104.5091081016602 151.2710834531877 146.0132082613542
166.9679552161785 125.3921063830923 65.08948625408506
141.8325250141841 5.850132486439055 14.1597586085783
139.4272861349877 54.13691460306146 28.18281659595374
188.993546328052 63.54825478136564 57.33657423819488
90.47754258978847 19.87223914776651 125.9985154978464
40.56463739570388 94.08947486344417 8.108988552677244
151.6717921077935 97.30959760494949 53.99233951006047
105.7879072628489 198.2114870319457 69.26306418486986
150.6701223610218 119.5856998334128 62.83062793366918
172.2357017973319 137.599154334628 152.8244045439585
119.8777659678588 52.29304347326413 73.68342828463287
128.9727471837312 32.09586766074747 87.71386629768321
4.655060326814658 93.73353357146746 70.9177072991488
177.3535305767886 56.33664217484025 46.25604916536772
116.1174868141015 105.3797341819384 144.1726939507691
137.732588426206 189.9230308546589 136.7952537971395
46.89886774909571 31.8473930278422 159.2576354653173
188.1056246948514 5.617784191142011 122.884794985942
4.399745397139853 21.32897365997659 48.77530437691357
156.5337978291817 104.6367499245976 70.23325207537719
79.6552462501197 132.5373602219715 24.54275587365061
154.9602972030447 65.64621183033232 114.5156348907892
118.8525564044057 187.217294269915 92.51868310875685
169.7150235729213 175.8512122613562 157.5791691314643
47.68326681870138 134.9667587069278 147.4202024150443
150.3648194765567 26.40508006449285 72.17104946346822
147.9949297536669 105.518327560422 85.61821899861596
22.0745656065737 92.71216781293474 55.14896985723625
52.65275436665199 120.5462661179039 109.0353533809251
139.0509312102235 41.96283864129406 198.2943279793625
107.4946697961798 63.05510083896316 82.61607727033146
114.6649967855712 157.5835061263767 41.48306146465448
120.7932850058552 35.1550539821307 19.09821104606738
185.7635171767176 61.46638428114323 100.3524640926359
41.07409109708837 171.1943717543708 176.8378266977662
78.76434259034541 56.03645664640609 164.2787227989627
151.9532857474821 165.0220629283809 71.56170066956193
30.29465941271027 186.9680326846857 151.8006097697794
34.31927656184425 167.8580904518146 136.3167739322807
78.31769402142668 43.42685331551476 26.31599520385876
28.97620626556883 188.2589277817392 91.94651109162595
15.20462433178474 178.0919264599846 96.38356801675708
177.14915206075 42.50810611773085 161.6773992568061
104.1441874771776 124.4133929209785 5.060636069157823
15.20501472366029 74.56361810009868 8.863387254817882
93.1345300820179 184.4635015595634 76.93931013796248
165.9093759400577 9.766386287098205 145.306835729869
88.77950248366639 21.684246264206 26.4977488659128
123.4974188702158 52.80223858259072 113.122209601308
36.52944064725742 82.89035977368083 56.60632615632078
116.5036877838196 110.0836648812848 161.2000154557112
169.3298596954261 154.9792262212484 49.36779603168818
119.4044530860647 93.46084696697122 104.1385464361507
80.01345511455453 3.574365749656471 80.21093273044519
51.14108295392388 195.4797206536914 174.3376575151156
45.01232271338893 186.9432268640042 142.5142097693299
99.17916195344061 20.31603915996894 198.5330322409997
123.6792691734632 27.23771472170455 103.5599240693184
153.2533787331145 179.1289619895103 40.93337294427455
22.34977389228812 185.7493681462703 18.20845605411375
57.29996038125838 139.4992815871377 197.8847604673524
123.8716887068657 81.55376920028968 142.6350512864283
51.68705437083901 6.685627223416968 35.38184537070613
175.4409781493032 48.97368185329643 83.73746749108594
136.3413729497905 89.42728991346711 50.27709154989289
145.7737653775309 118.5090255091716 142.6803093001798
65.18918537175951 12.23157782930029 49.17696766956374
26.09609944155647 79.3705199693663 121.7583029749276
22.77104210693682 93.59905324864208 168.3441034691573
68.53258613754443 33.07649824831864 6.45803207477135
159.3901359919925 163.0079550434415 37.30512453818653
85.33300757491089 191.289776886385 169.4858354232917
32.72396101493842 106.7623091392743 54.16774021464803
151.3524460171793 82.72856897672219 43.99856573866203
6.911841375888209 172.8399923904178 48.05015460893701
128.3084542473439 107.903142493112 174.045308418393
0.4857810092497964 103.3031235146386 1.810545957980872
5.591354906912832 161.1050240243795 163.7706109672381
163.7440504255932 95.6725406869744 168.4736132230061
30.92559214412386 189.7058354081931 74.73044879489953
45.09400850055545 3.280415256939786 69.98940551607463
177.8424278312065 124.1182962043679 15.69487290239789
97.54680231850006 184.6690333366654 33.93809163552839
126.7062503810996 191.1776159092065 34.10195615224291
116.3972674459912 138.5088986408029 148.1763536175598
140.6350486076329 70.1044672271217 82.46658155092983
172.8640740020516 49.80778786989421 101.0562856143795
112.1287239873974 39.04704903113879 109.7089665535471
182.9515325095285 18.07957613762063 97.35038924901532
94.79322510852128 53.35026791764375 143.5871293233596
131.6625420597437 195.1457130138364 152.4520108049339
148.1188030593212 40.72423516817751 141.8590921870299
18.37172898461052 171.2355551924088 125.3026044914144
181.6675902997387 150.9697662879184 61.32502763510304
8.9769617520365 133.6190400516413 2.371484964165607
89.86532589874211 162.8869190234537 101.7052357798023
180.3563781530673 179.1421194484285 171.1080731722474
179.0328595455271 175.5715444237534 104.9985350370772
177.1445419299547 165.2302474750842 9.835411625916956
16.30544083375474 198.8215318055426 71.38966377444983
117.5522448619155 82.3354348065931 188.1173986242556
155.7292990507768 22.68680540643507 101.9110401231121
139.2992807969946 154.8627940974879 78.26906319354606
170.9242311526195 111.5164470118633 5.431765951589135
176.2187131413681 170.6125747571767 28.72573488015506
60.14147602391061 75.11061531664255 138.5400536702114
28.68872298057042 17.92966711299959 95.13953178082855
51.1081074573048 29.56337988544665 84.04060307794984
144.7085143000596 24.15666787257533 147.0015246048979
105.1199455134281 173.1900866896997 149.4473702275708
54.87102182957776 69.65935450941188 82.94269841142062
133.5186154308064 169.4333217073626 198.0261371197133
146.0709854744678 34.75258601337051 56.68098308680575
89.16784285089223 180.7379289469606 150.4715845603356
165.3444438453282 147.5454051449844 165.476086190841
140.3019289657026 27.77656145042336 108.69425704617
100.1059637627398 14.85935104132851 74.47962437326929
180.1534136083476 84.62234061480764 29.76726757611848
48.0299820505281 79.86137133946472 0.8326408132484753
69.33099258205085 78.39004988515454 153.3200085604205
139.1785772393234 19.0794288597044 60.6923518888345
150.5257784297268 64.41173153724351 69.07228969830642
31.98733819876064 159.0778166870381 88.48905979176216
188.603709085209 158.5408918622634 25.15864971080314
70.69330436917802 119.7458419299316 32.38069134042865
17.30063422118659 85.47590864717384 79.78995176119719
154.8773214312396 135.1408522720646 158.4354059903665
182.1613743470238 163.7786837274949 117.4742813186802
40.27975480536779 110.4330872691406 164.6352822164199
187.2784060746037 109.8252318019953 11.57288480681323
116.8713871433711 64.78482964333624 188.9277410493246
11.91073551873399 64.85330317612136 39.7783198298284
42.57038366544473 120.7732371268227 24.24064332394734
45.87336781998354 77.20252294906147 19.19911464890986
77.19263042886202 175.2928060294223 138.9677314762992
146.4212938543298 30.02980917747958 88.91145584754487
100.3601662079841 127.983093982545 64.9118259334106
102.6338872880736 150.727820013676 119.6339039511452
0.5610722303700869 80.17266435299928 81.35369052874195
52.92794634069982 133.8815545199451 181.2690948780887
95.96604953620268 80.74671207789409 128.2820376337582
150.8871212912115 32.94252823427293 12.02258899802461
104.1698302000269 16.92065994696588 15.11286690428486
99.98378324438376 9.9152885977308 57.54696949237213
184.3199900719142 125.3746715697622 156.3352144155564
111.9427287472989 109.2225826874778 9.279755451470136
87.13289489621764 62.50261760821267 85.64861751402462
117.4763104685483 132.3537150433018 64.23546009805784
98.98344823733269 66.58820646027156 44.73107432851781
98.51959369607989 97.95846989147775 7.161261959041983
136.422651592955 42.49949879656447 15.46572528021883
40.02836941214954 185.2069028848232 187.5774397453121
60.2313304048915 108.6343268482782 158.9571183460462
20.31430777517934 170.5172409118541 9.921822519373039
124.0040895024125 2.166396727286017 2.128487716367221
84.54226609984568 121.590882211283 69.59287053525217
157.2806733873698 82.13429278806593 178.0680339997659
67.65418068307139 133.9754961881082 83.08249638478263
142.6470488785617 80.55391563622615 149.4043661004067
47.76929272400744 109.5746197542692 121.9989366586035
94.76101504145917 40.0348500346032 36.14880217063671
32.28640921979502 90.37878072257136 40.9492052876119
172.9311043089078 103.4842388152428 115.1445207860603
33.69530052521836 106.7875852503679 111.7806297990264
82.02354130993402 97.26610841343378 13.24580390493051
26.48972802820786 82.40628514888488 191.9918307663211
50.1238600759248 3.771016290815749 52.63941693234462
167.8173191931444 132.5636400612448 119.8517080484891
108.5376075715588 156.8958659560797 7.718094442427104
83.14014694685696 75.23870264445593 97.25195927050828
154.1420374280216 10.94773597935456 64.71479692022618
124.7867294040443 63.3336167879071 86.30718841954332
79.57377640558717 173.2023574729048 197.1352955154073
20.90377173666502 19.35203399159086 139.946840001886
115.4400577302652 0.09695316329788531 122.9387906486551
43.59291453487461 38.61912604639348 40.36444304376435
59.7886632341437 20.45133027315162 162.5726703308742
87.24165719741191 33.24533867075537 197.8968620816557
30.809793085277 15.65361169396261 67.59235864528257
151.932790669321 41.80918309418545 27.24755363532309
170.1348246140464 166.2297291276561 62.78023106483366
185.0250160030191 125.948538690047 83.57568387250788
107.7597667128899 93.97896586562067 68.3645773816209
106.6374473754808 75.51549543256456 95.12137765535542
51.37578272242806 170.8650954255183 145.4069499251455
29.00766387313263 106.7992397202096 151.6401716647373
35.32785178481554 147.0610759176978 150.9456822780047
66.97069716606467 187.7542770984596 170.3924340243303
119.0073218101807 73.00616093157252 173.5359473999741
20.98930982201112 77.7963234536609 176.1009454702196
178.0537557315783 67.08321932186973 29.60859660014959
139.1289446172338 179.3857171439059 30.4613217540876
70.99609505805547 197.4170340404669 104.4537795347287
18.61387063770307 115.8912819421798 91.0348131503396
132.2025492604653 71.90043132069836 67.10643426148434
0.08882397204622078 16.16266390115011 94.75479176825216
129.112901243486 88.50171233822955 173.9692558941525
20.72793393324296 160.5118575467797 102.0593940593959
83.5041362526095 79.07467472173788 140.5699761680652
132.2585726310341 126.7276828758255 103.0304543297452
22.92825718127207 3.263885016094948 19.05761566223488
167.2343271684108 167.6004219929533 80.01067828522157
77.8104224744451 4.79220169774919 118.8496591063616
30.9072969688641 102.8230116515391 180.8855550291149
138.9925164203862 85.73254456272612 133.1004335049139
69.86778715609503 105.1420182887844 193.6451694538942
106.0053995770569 54.89467058590036 114.278498787678
154.166974074738 15.65126636405267 22.46307283053297
128.2496354967013 59.78121107498183 40.26639572766224
92.84212664583039 15.74169416803264 42.53968459251901
32.93112993008091 198.1184568172675 165.4259257425534
44.21451994896454 197.0070340396824 86.475200312749
31.68866542629581 56.955814450285 142.1357428945362
163.0260810769388 189.5096767871067 166.2556848601085
33.3339351086185 146.9316711689254 100.8311494112855
35.80756757131123 54.95367410131181 79.92630174562898
190.8414183667776 158.5118604592804 190.9362787414869
51.83090640499734 78.44660360800421 154.7332605650055
33.23277532756828 45.68725086336102 189.0407024126034
154.7901991816165 165.2002776629249 54.13475379772374
117.6093930824294 120.5405726191992 180.0325170846246
191.8529306360985 110.3058728185827 151.4513598200438
76.68829144324091 21.31071598069614 167.711413673975
134.4756351670752 128.1873049945769 62.22566138183678
43.89040421233885 177.9038976718446 44.00542006311996
14.23066620686121 26.46678860132595 123.3142101105581
173.4815305051601 153.5200939747623 32.45766751936733
170.0596694624417 107.8145765646115 59.45999117522771
54.12872128719044 17.15893067935672 146.1664829784647
198.166197940156 129.4541992134951 166.4616547794826
90.46447300792281 100.6371009850407 176.5696698802329
72.62101719956526 71.01720814759922 49.4234490495108
6.929975170188543 88.10623271951081 173.1200253926149
11.12608422797701 42.57768343688061 117.3745213864891
66.34596310160117 126.0811171860013 169.9671874004138
174.5640031145944 49.84407057709065 29.12241771048729
85.57390410304441 135.396757102894 58.83658244162861
31.01822784330584 25.99888288034451 190.8495995385742
16.6803600890267 61.68998582848602 149.3684925032498
47.02273357430818 113.7393654780704 61.73054111955721
132.3564312823243 42.47710698179247 101.8910712077316
174.6312126654207 84.01066683819495 175.7789078660308
85.02596926379165 149.9176202557015 114.7390757147702
105.233766179023 132.9479777469164 81.03868665993721
58.09649175105043 34.68608520308321 49.51743493253229
62.7932172542293 42.83323566106314 34.68698532205544
95.90727835859828 148.4167312945163 198.8834432885193
8.725790698862586 80.46177793206205 188.9185752587877
197.5650843579414 2.977858339824177 108.4029243386378
23.65972862042904 154.2805528191488 139.839306160725
169.6897243371675 66.5692374073262 105.2371362589197
75.89517645602569 189.7331905833531 27.55836406583184
156.3908724792343 77.16393413008863 101.2037538218077
119.8645420263842 46.98164985387737 90.51420973044161
88.54833408822438 21.43934650944082 143.3741143762366
72.55032846767234 185.7467403632832 186.903029779299
147.4081173328733 159.9105902469452 187.5158609856696
55.88469563606546 132.1015746887503 96.10689314447923
95.91721364497577 66.29868943016578 105.4523687350035
165.5943594117722 11.13749134140939 110.9839562304632
91.11280074399875 69.70576622449646 59.98472516817398
125.4558064795553 109.5551509394876 33.18999662465654
172.6279744937434 69.67294099854612 13.01615743954287
15.12139581246228 80.1684662881508 159.8979042998789
108.3556887429955 140.4226163976003 132.6645054963911
22.8901174549011 111.1440459508079 167.6196526373833
19.74209846406422 151.7787569530988 158.9215602075161
108.7258200576569 138.7340796644546 36.87013053859034
41.00849113471337 15.61929940908732 81.89204846989418
72.01266675667651 174.7809069541493 19.10388274834009
28.6119930170908 9.842411922276682 127.199856677036
2.160193997080915 70.85096260132933 153.0051671179178
36.25094733902856 89.35831983336128 111.8234710712463
99.28834958294821 186.8208345276651 57.36737874121185
125.7182589398197 56.32237107830358 17.36053000125444
49.55215915353421 105.9694099649071 17.44783444930388
73.68678314765013 156.4328084169385 170.2222039100495
170.5764098462741 86.32403347926441 138.8123528206143
170.9402172119139 158.8840372199475 153.3094607920994
10.5094026225581 119.7237856138533 158.3620977786675
26.97537586258617 127.3572223170559 7.273459106709235
62.05473728920109 183.8423997206833 140.0940760261397
32.89862276294366 88.59778893235082 22.89260746011606
174.0160785590293 18.12223605577521 41.71199975782383
186.3093986521467 133.106438033353 64.65362806596258
179.1716595755233 119.7864893544678 116.5100878451868
193.2224631878509 33.80685364707087 20.55518260076231
194.4445495326471 54.4397922533656 34.00209618525551
151.6486388607433 56.41617373366208 190.2264058934353
122.5042737103254 8.945435072653366 21.7714622467104
41.79801008716198 69.48520083117006 183.8447380747822
24.50480586600513 144.7899588873177 74.80151170512971
161.6166877559813 171.0287869864168 176.4839132420074
50.13188370662 143.1841372916084 54.60125543658464
95.44796987385024 51.20201384239969 69.78956075039289
69.76868674176302 62.38696674204472 30.55008548409673
152.8783902062733 9.853801131830812 85.70825244070087
36.94313800408505 194.9094528300369 5.963462927192097
172.1042969480768 141.5268956823724 77.67565097995205
137.0521827211754 141.3974067180911 147.5864054955879
153.3570002319864 18.54785419651928 45.06044813327825
187.6491324416025 83.05527142880049 64.90900248908279
190.0668683146575 37.82816625326931 94.18335866331481
193.0613983466652 33.59600204421366 172.3721124432178
68.17275928050208 86.36994881126476 35.70886626629458
199.1409219540844 173.8890412259166 179.1575539614026
130.45728186928 166.9225706152186 177.484902883475
100.0454421763897 175.3663279939269 1.967498997633168
170.4564488451999 24.01513089092721 184.519875103367
17.24233613867214 44.98924322066402 175.0909651737537
187.6190133758338 190.5549914353184 37.20205150005878
62.3780334111968 89.95230487246614 12.06085946626786
134.5001764266617 112.2027116052106 13.48020751260027
3.282844630784207 147.0424940304113 178.2746000676055
42.97001468183007 69.5838906532273 114.9720607987431
90.66550054237497 147.1142953440466 76.13729205098528
177.9068966857755 152.3355487982286 134.6553237736141
110.7362848323719 49.81359907303814 46.1365636294159
79.14129322836082 179.2071218783003 61.62477593358543
42.84699196916667 160.3115938338058 70.44762187481059
88.81356526460443 61.10200869044396 124.6080360708495
46.96755835786259 54.74058725696223 27.7882175448865
172.7653164221628 5.776921321512599 24.78504476594212
171.6763184834757 66.08125532339155 69.09331182867797
91.9393289026408 8.954452920246826 159.8739348490136
113.775227555188 21.02311880386267 120.736537306002
182.9529131766399 98.09757092554288 45.8719110007573
80.89961925492578 15.98260376715889 7.687049417133657
181.4896042858556 103.8065323993982 134.3110909507595
53.80416095413618 155.3752750761344 184.4965019493432
8.093574014540335 7.256355826471665 128.2620550392308
5.594265559683955 105.7044879808617 104.0179123133657
196.423738758301 97.01899953230942 25.29282728016124
137.4320855250443 26.62487269835801 29.02059496837443
160.5949708833497 84.07095918511286 22.67529691308278
127.9368008789354 107.8090529973836 91.31613587115011
64.39071762807396 61.39207069667651 122.8805780454466
109.3607393649615 25.35651606937454 33.84486583221217
96.67387135658477 64.4049175267595 194.6394776857813
65.60358224128841 198.8891866985015 65.54163557768209
183.3853668252566 44.82977457857751 64.88898315402989
165.8271094864711 84.01875171223826 118.5868851236553
46.1655273728375 176.0729388279461 88.94831813272621
187.3724440852809 183.8074241148301 121.886680002228
187.8680496589751 164.4324933193238 45.3348062709279
140.4193252400418 21.26353003649974 182.1191198046815
36.58046506064124 58.05582437007277 5.899513298881859
29.49088565603063 50.09270208570795 101.2375112471365
133.4056099856697 23.05657547986035 5.287948571288617
120.3451399305866 5.249919613708282 103.1586264852067
158.8874253488479 61.00569336070043 88.38656946436144
136.1460336456754 182.187224917822 52.66528679242523
82.13729539538494 138.5214867078522 162.9830928282822
181.3762905095124 185.3686448312601 14.45622055602918
77.37886419205965 29.86921364993362 42.38758763816325
100.4995804990691 145.0003510407049 99.02080660059615
117.1192966720455 186.9709929948424 139.1013679291123
53.15695392697673 89.32668653914112 124.3971214699085
86.6993769321313 127.3857796155543 89.59789384719303
196.6500717840325 70.17513234113251 175.153528983052
43.73615882534801 110.3649932842395 82.1513580695291
153.7514166350907 29.61151470943627 124.8316776030562
150.8576403204244 137.2939311942198 51.1398518663557
27.22867976159645 68.68396683818585 25.92886205796587
169.439634830139 198.7272477759938 127.7386389447819
167.8555623706208 29.35879280019419 85.9431165335737
11.80757351957922 130.0921527542601 37.74258297406443
62.41532694246042 74.54698321482125 102.1117009768579
65.57025391414081 169.9160464651736 102.6085523131341
198.7798151775351 28.07211798929907 137.5629315760619
91.10684429516083 101.3004013657222 129.4150602414403
61.19001876083292 11.17617355053438 86.3240311557124
47.19833993512658 122.0229708562257 3.801402934317144
190.7673535109115 118.4564872453523 34.92960604702034
155.8711612301042 153.6773634287661 91.16975280956871
58.84244179157807 175.5754367883994 2.657985833102901
195.0587023646023 77.09083906655725 42.52814632129854
97.89032907809293 37.015927047888 15.44008580708853
46.96751955094898 97.11072147436506 147.0442011681064
133.4123556786289 62.06538074848717 146.0027990939666
99.99069532333867 199.9379111372521 89.44454674634447
175.4805177740229 1.436520798961218 196.5886089116541
10.06309447011615 197.8555267649953 92.52759243620091
163.8089475444239 119.408336081658 84.99516405500948
145.2662883539707 98.90864045409727 182.4309186027611
81.20630788055531 168.2582476959262 83.14683364613795
68.43803211279366 113.6916740506743 12.67324389293917
53.26053389866397 1.14243118970937 129.3822252484717
182.0973040805342 45.6179371738256 141.422043158254
71.46256368271223 10.02878614481979 29.52250222375327
131.325416164579 134.9113546090836 6.96681681595091
100.1942117962304 167.6669171752334 66.33797795786882
72.16032560282537 38.81918887602495 64.52735335057352
128.683320863026 70.89071074285269 122.8009473707851
62.20687818920052 101.3877504083208 69.42972284069317
170.0865948594729 24.60428363098978 61.80358288461529
153.3637345081123 70.55443574591931 134.6605783040004
22.4929593734524 59.09470939995074 122.9134464856554
143.5214198382873 181.9402491220311 163.7983446884699
105.4679566981623 41.99337332147847 192.4077587791475
139.4719750856165 190.856292054212 93.92813614327794
71.42016712728248 82.07187060896285 81.02385340922002
43.63445604003428 30.28800427541212 103.7071542421313
113.8597826803559 178.3130427338376 44.8210385278656
35.5903012656356 126.3179236998911 98.02234477744022
10.79570125374777 75.92817628099158 61.04932201454918
157.2530967158903 3.587505118281932 180.5557274853732
114.0562985949299 121.0744047072107 46.83550968532653
24.86259813065175 172.0846145550949 37.08039314391891
109.1807079703241 67.11615672271496 136.6863646247076
103.7381348957928 166.2669480175418 25.71320726557194
171.2094460982693 76.52624151205502 47.12401803547444
61.62512736201587 67.16024814580682 169.5459191762056
138.090276133314 127.7964630437504 125.3408131041189
103.0474637523991 109.3651355422712 190.2153204842739
56.19988217516717 49.12447050168596 79.39837563136911
188.2621679154228 9.673625784974346 54.84693192201463
35.104835111812 136.762316200481 36.00160075811046
49.73645799073491 175.9206593774201 125.0795476279788
112.4207734376938 154.4039249091969 187.1393249898067
2.277969747361773 174.2646434456888 27.65948664911808
94.7012614862216 182.8515338849593 130.092121566385
119.9864965057101 82.47788385981184 80.67728165273159
137.5778525446518 121.9400107859468 186.9719720272794
198.8089563279672 168.1056121468532 105.2133914380834
104.1332187051777 23.26199731890421 98.05177247061606
36.48963781900337 6.778359083760503 184.2971012644528
108.3491503230643 1.633673271700813 40.29847396116752
181.5671716897451 70.39261958747721 193.9072030748314
142.3522599108248 150.7890651299735 120.8114532297793
27.72338060936832 189.1710944525137 130.9475841019792
83.57349177198202 52.9292240482444 48.27940524643022
89.32820753632176 111.442049239288 107.4454088028931
104.5760620952626 172.1152450340905 89.74114782401271
158.798693822196 118.1579189040866 175.4654321515227
84.29779933685258 102.6197318820926 78.79414706210237
17.02509043264568 6.894807997581314 199.1644253684479
121.5579824624207 74.04642192989493 6.9953191419373
60.26398131724478 149.3134208201056 114.5973055870706
47.47337921919441 183.1801173135828 64.06545283515052
13.98495240870579 22.04885874192852 17.80553969645454
159.8267190458164 78.78688935009286 198.7145989331446
100.1360128870391 82.07025369512112 176.5856525032909
96.51033409361546 88.46605394746712 25.7923060146232
54.11069650366917 129.6748002300785 127.9653411106389
57.78447757858758 198.3195343551814 154.6860540238932
119.8466126152858 93.6624192174034 20.88067371565056
162.5389076120466 51.10011462985265 11.71639108072898
59.27692161764143 64.42779352755026 9.175195327511913
73.28448010528669 67.91849262391538 190.7599418229594
72.11576646327352 128.7807527941352 109.3529288712791
28.61086850046915 52.89145282115927 44.67005336666496
140.7824957515802 89.17144782984127 9.433039257728748
161.8944240040835 191.3561458229262 104.2941945838607
77.87919510913625 55.60667539523942 103.2796022033803
38.14779283651835 20.30519490302811 48.43797183596898
158.1409627878945 170.1553306924322 2.229673459659706
129.5058812119269 143.3397646368922 170.8503239949802
109.1042325326937 121.907905472901 98.45172706710241
118.8024394629581 182.1223855078978 72.15038405689064
179.0980674903067 177.1890303165369 192.0540971283488
84.05109437343178 92.2631649642184 158.9410060828867
137.2162403423364 198.519111525916 70.87149571337805
67.96540154056201 33.6070969235615 95.48040490159761
176.0438846679881 22.08089334717224 131.6108357108514
138.5951144753421 125.9635856423923 33.01989701965876
11.2461045308173 37.12929788373193 36.95971074127787
145.9620338020488 170.8565783645182 107.1784451552035
137.7075565246617 76.27078796392254 188.5590790746305
182.7639748006495 110.6664665893339 97.89012441095224
16.51888461855534 117.4825555613042 138.5404673316414
16.82169519086188 64.16312537767868 81.18161214468776
99.24015674581244 47.50003602818711 94.43544163289525
199.2576006979108 121.3034947141824 121.92124911982
120.2846809275469 184.5087243772214 191.5021283050067
114.5618363166018 151.8749172739412 80.1833160915627
94.26971484451792 24.67218456229576 178.7422571443191
52.45212744646425 121.3263164742105 42.96310120303493
10.11413062346153 55.0908300867349 15.23814718982249
104.375299898425 146.2645421831678 55.83983506721012
67.42330344459359 187.7617258226372 86.47195085950408
128.3000148763203 33.94876610116354 138.6293069161725
27.91408998884329 153.1586601734659 52.43019262341981
27.54098762197623 96.97921190796755 94.35680751520671
15.76647131031638 115.5791320030565 193.9605357246575
96.62273386957735 108.4321481073454 58.63365059750836
19.39720240864188 95.22106657391851 6.947214395249016
92.54654008124623 40.62229587941995 160.3353347449412
157.8881058453378 62.0496656800004 33.01866012791497
58.62603774704772 133.8222686653772 22.64072257366888
152.0533889699462 145.5154711813593 27.9125449037542
13.03324361472818 180.2284015381627 160.6558086742138
82.02891803249295 39.45286379133569 134.6335101804495
30.22445393590741 127.3184095150239 156.6235255834274
59.2744512871872 37.18178165875311 143.0229542972823
6.195876600103674 117.7705473847827 16.06562720187903
153.3864438388449 97.51585188019831 143.2138219624966
175.4098241664675 12.64122826808263 163.6322862596437
74.76876566447045 60.24664154315698 144.4630479354852
105.8199185249454 143.9227279263115 165.5210499319359
196.0774143409381 143.4654901717463 80.00884344751077
51.78350149629633 152.4069180867536 91.94112364693517
92.67074635424946 1.249790840909292 22.49236016635986
1.166801992615418 50.19147528561797 157.2450226552927
83.29669430294398 4.034444601052083 186.3060399270173
156.7780128978717 83.28269798467801 78.74234990549726
22.34256830601773 104.7891996586428 72.37495782684348
87.6294149516936 30.45805574631773 81.29041720758764
105.3792104021204 99.4832866929906 89.50957597543963
113.8194262074804 48.66988565229748 151.54817821309
104.6130036685756 196.3257102715498 176.5976205618646
21.08437190072456 164.2421290749111 177.5925678242774
112.1674824405172 117.9104430060923 128.0144715436365
86.92561739205016 34.38864126697392 111.23561372725
30.29911724013411 198.1729176941307 55.74319323921241
95.54254404423199 80.04139807193181 77.82695140531101
27.92325815239037 1.226494605569962 108.1569370962989
33.37159369984883 69.99681634517394 160.8359440148215
50.81888596424544 154.0611241322943 11.48171502277397
125.9207561672457 130.4220886103434 83.22522291505966
78.55107024770118 196.7414978259432 141.6785627105576
75.1158666821038 94.60773397925784 100.1057432057943
40.22319965055813 174.6498927224038 18.59913201239251
84.82298683739671 159.5063949138447 12.34244684541344
13.25821159026704 18.12612295914272 78.9318701866861
0.3770215904171031 172.2545872278438 3.697232973669162
89.60900609974811 159.25255706727 133.8254042080751
113.0040846102053 164.4186087180553 131.8953995084752
143.694051436961 65.2595597681827 11.04136979089001
99.08479075867523 30.99847441936596 55.64714359464103
50.81579652718252 192.0666299252932 106.7333724724564
12.33021552269981 4.474356624931772 152.3091490461869
16.50510884416022 38.0265553039134 199.4299605943063
30.65353828910429 155.2500786164064 119.8621015155805
80.29021281536983 87.75107355775953 59.45323361154738
149.6874043279732 4.664853463936989 157.8072579317295
55.28729370787331 110.795349914511 179.4682997725344
137.2822324981559 42.15964500274507 159.8910574166472
193.4360324275604 194.1799654874706 164.5317763042703
183.7220521993497 68.20233218634566 120.1179393450098
35.67768206750137 193.7099373252831 32.62595367549629
71.10362985597651 25.27110057714208 187.2931083536639
195.2476152508431 12.84986710392922 31.68009808114295
40.35380816914546 26.04154189362271 132.7162948271668
74.09165281246877 141.8052123265474 185.4351088104847
31.2204075077335 177.3014522244015 109.6155930484888
188.7479636979349 19.82235221861323 77.23316564724146
148.886765823618 197.8144295270501 32.2032496113383
111.0583946422411 33.73091731622319 76.80578965502183
186.5320519323033 115.0432212058244 191.3441330983007
75.43532579194391 140.2283099663477 130.9849973644263
31.65074606864708 127.7699720379705 58.50509483043994
13.40407634316906 31.76295599640403 99.49978032309615
136.5629022572361 76.73773255293861 30.65455671549459
60.98449034401738 87.76265725839481 186.1535190737042
46.70044737026509 74.97950019809797 40.19086723900403
151.9956221803527 133.585364934442 105.9489044960296
129.3398645099974 169.3298546766886 89.34974325326179
158.7061046475829 41.71521234002541 172.0308492412049
7.920468519449302 132.436748427338 61.80803291942498
58.01708007203406 55.78952877298682 50.72222084959905
122.1571440146976 159.5651266375163 154.147060264176
115.5651730059008 124.9852261852186 22.71981575546972
135.5298222152728 110.4454025805866 51.53774601661086
77.18227125322375 191.6799753261369 6.591253842036875
12.24172877474041 28.46499653352968 157.6657904877389
79.85816969315874 50.94945654726845 6.712658271250492
1.323163173388485 59.69509428719498 134.9282369790322
67.73328761463658 155.5436791056819 28.5411201400062
50.73344018601932 97.64952609016056 48.45019178634541
144.133625656869 99.5706161673742 31.62267893803307
102.269565390245 86.47883796475121 49.3770032290094
129.7522210024163 18.81052915997314 160.5026535215975
195.5864191602332 196.3851384347709 73.85746345460039
162.7229651907055 41.24989221206535 45.37578136845173
166.7045957790722 129.2561934299405 195.4268921861211
179.8520702004151 156.916727463359 95.26557617408942
9.122302744462525 153.6368993666508 37.19949877421463
134.9400850603247 186.2658351183204 10.8558033488981
56.43917305316813 78.52376521516165 62.27414369675988
131.4685521517812 188.1528583347473 116.8883810638404
12.23515340074425 110.9482440111991 51.58630782018931
19.68338731881602 183.1872923797276 193.2385812227366
167.6640644468137 198.9835809536024 47.63742689504068
93.68253257754942 113.870085529471 19.90571896239299
168.2353321739744 99.44449219119933 188.643061492709
118.7063124383594 111.8140248545871 69.11017122987232
192.1175597216456 144.7010579339848 153.0557931581879
6.561517908298431 52.18885071945064 55.77701346205517
90.89947700791616 124.7715141915904 41.35754457103685
19.89050213941814 40.29178455445908 137.8664360151558
139.3137925670668 48.92092417717689 82.44983651323217
71.68676592907751 185.0035798695404 121.2622259929945
82.69421929618156 46.54959050743967 182.5399627106768
38.91086323993103 76.06014049723575 138.1025413309241
15.24192435742945 153.394629128062 198.5746644386082
164.8145159720729 175.0868387799165 122.116229540939
148.1944617340222 7.973378971768984 134.2374023333394
53.77677853068292 51.95403078998787 102.9970713108387
159.2989030427901 45.24380118029607 69.32317103422049
191.4218714824573 144.4668622411368 115.8451316966032
108.3579505521117 24.92371537956922 149.7513989056633
194.5532215082625 14.37887901990372 5.494388982805963
81.46155871732141 118.5564126155075 182.3878670780001
158.1208516307365 192.70650449619 10.42938598943917
195.5439448983138 138.9379646019928 21.65007567698268
45.12993435127039 158.4860049861727 35.94921990345193
194.8369477327285 73.83758608277266 19.01221920511112
18.45518525494153 10.14599029143167 38.44600161279089
86.36670259002835 183.5803484093821 101.673813599918
84.7812929804995 196.72944266613 45.47890657600439
191.0187097523357 91.52812512264373 186.3247223393601
4.648313257993061 98.43237401290222 127.5039694386152
64.72969289961819 40.60890121427829 166.6763192479613
187.8882521156787 33.34855491522297 44.25158077236757
31.36473436047705 135.7581299903965 133.9785916122909
36.18588990394711 6.25565311197441 146.4328728808018
100.8893131701706 5.369520492613761 137.3413407284053
187.6582624337513 89.7325005767933 109.1270827232319
19.29261566615734 102.8359350156755 29.91878785904012
155.5439249645993 15.14635023305198 1.472952378300776
94.68202197131791 131.6996998961758 118.8196915528894
105.6176817705291 56.84804478604582 173.1096660692955
168.0162985290698 64.32334601283485 174.7096507789028
93.62980732806324 130.0646083031114 143.3819941695851
124.8154404358125 100.3314646587048 195.0638357554671
156.875670488472 184.9198238997232 143.4983741163977
60.31953786500682 166.0125984740031 52.97886743258564
48.85410465413163 152.5078392851374 135.7492109686587
29.01075125340065 40.51338164940104 20.9562230694806
175.6736552638467 133.799402069109 100.6658379740504
144.5552567331739 184.2662607958846 188.1581742688538
124.7638146035853 9.822348587282265 139.0042250170825
179.8047593438324 109.2246123972664 168.800705141306
191.3914589684226 11.94683884463067 181.4434546157281
144.7773342899359 7.372154124925271 110.7064535526672
23.91185191821011 74.06600505040724 101.4592271736264
131.0153455662305 8.736558583323717 44.53094079613548
157.7603675177147 183.694184781404 63.75642522410968
177.8151161775386 184.7779691076687 86.53301570119699
18.49101908889025 133.8378495121804 113.6312535909909
41.92116944385452 40.99858164798196 61.37195238510891
178.010162338818 78.07103451023619 89.76807084578969
34.29072580071308 166.9534938719316 157.2691036269735
70.06223966640077 95.19940301622168 140.4905932937322
9.73610860273395 187.1729721065405 114.6624465792801
7.357127026997754 140.7910071447809 134.2233910919467
180.7803387492631 128.2037481974083 135.884417251707
147.2606696769318 157.7530882725348 162.2304433891988
61.35229095330304 14.80670713761576 110.4332824109205
57.01773565358883 15.842862708769 10.85665586035699
81.12677673810744 172.8152703597656 38.19556276007768
103.951281205208 88.79287769815124 145.9733920298716
190.9884628139483 140.2895265972058 45.76277319373271
46.3894966160183 134.1695856573113 77.22859011538672
34.37734184923114 123.3430007630649 180.5541185639846
157.9540026200098 136.7477625958465 137.4898686584674
160.0076323571448 114.6041270329019 127.4080796544356
191.2238398875954 169.6119403806281 151.4493433341577
115.0922705839732 90.67933463329391 124.7105647056044
4.460025951214122 185.7479131543605 138.6940559854158
144.664818171956 110.5095132888168 108.6896039855401
160.8866721928574 54.54231903098762 151.4698113991966
61.87922186843659 188.8571365176601 43.66524958253805
73.59044097917905 62.34642985606735 68.49564125791187
189.4602448055041 138.1536533302058 196.2830720958491
66.15977321800231 114.6168947683954 89.97323192304025
15.04901388957733 79.73703619271004 139.1111349474714
187.6417957468186 165.8783295184357 74.74978039641776
81.98142170892247 14.06440462027395 98.16900670660371
7.693651390654942 41.82932294414035 77.93249665211744
138.8967250700128 86.69821719559368 95.44214527269332
138.7722427482185 161.1924803144453 41.02120593532378
58.18832835445203 169.3802373106482 165.012103316487
109.0753841646377 184.0681581130555 110.5733728367577
162.1171313893711 78.70998022047016 156.3143744589203
65.59369096803553 151.2941684991961 71.99384883047495
70.49274422839018 18.1635145479987 132.8511139282679
158.1054417935853 115.1050768081327 43.74268457773942
139.8808415324177 163.2717139619721 16.87686756933835
58.09974996515552 144.2168744836136 163.2437370621507
90.35752230242106 148.0392029872164 33.56918686306761
171.2598697468542 132.5879705386367 33.93459855404453
75.80572478837053 148.4990033054295 95.76373898446697
118.276104086815 137.4973788939909 114.4258372884751
162.3052489669468 97.09174833208104 98.28502258413261
55.38233005880951 21.12336721393581 65.33863660477488
13.36471746907516 22.19705329214706 180.777355990342
98.52218779450173 120.200090216237 165.2205146307333
9.521150281500242 99.08997016955396 152.74583183494
27.07809487865248 153.890529700425 20.29712550412064
68.49753895559972 107.2494885335184 119.4619862204948
81.10062598829943 74.840032654681 12.76759188237084
175.5284440797598 99.20927940703406 77.94522260253513
118.767784432451 182.1384978108286 162.8816335241211
3.687728079083354 195.4309512049771 16.67024849969922
195.6889628346144 22.90026986643251 113.9201066611045
133.0330131589729 105.5454011129259 131.9121571027756
148.4603608010891 136.1402835769696 75.68972070247629
14.55831414778545 198.9614653397371 175.9459546453811
166.8024774116454 50.51610042235509 123.0187316921081
81.99542218498783 155.7145147879613 55.16310675023372
171.9290556554737 106.0649458140384 25.51921678592255
130.643908317661 199.6563344185253 175.2574005104945
197.7903308777204 193.2256778146254 193.2830724820277
96.76567267283208 87.96567580029104 108.7789042935427
145.0915812817939 64.26243750919821 167.702160897047
198.2037153852441 50.67304014071586 189.4599995276244
69.45091802169553 157.6530609440321 147.0576947560747
142.4414968108896 51.06822548519531 124.3400056050917
138.4767978889184 62.95708288177479 102.1754666978747
93.54387154800277 69.73515528692198 156.4473398491316
63.72719867122252 37.1726744190504 119.1118542261743
190.4387456783968 45.64336301858832 118.1590954434341
57.61112893062486 198.5481957369868 193.9708380186461
179.7913382510068 90.2447281211968 8.351956499901698
182.6552067668846 158.1676321717599 170.8382170862816
30.84366445761256 34.6023173799271 82.27073179930413
23.08076375795026 175.4470109038404 61.22181043148682
111.8828715021575 68.09438679783825 62.49203359523387
182.4845784499234 65.55957712613933 155.7499176425869
169.2884257042953 30.07548869042132 24.85656756728301
84.20650649733595 130.419570119712 4.212326303547765
137.4792335513829 95.49840978674507 70.49137337873125
36.17370998534193 166.4033370100983 196.5943683868637
73.8685931478789 108.4742915313583 49.21961936867518
36.64652301383089 78.15301751594447 77.03241237456663
66.84023212721971 126.0790974754332 148.8694416895759
35.3622622611413 145.8716489011658 171.7078487679414
151.4393360722536 146.6714207398571 3.526826531179188
186.1730926672493 53.57371416791581 10.49468311389341
51.59916819214273 100.4298916483701 102.9272276636708
5.925028673184635 76.12398726437773 117.0095262233145
172.9445944853114 30.9334444650558 109.9119107077443
156.4668252114393 123.0468248037891 16.65348142995853
56.64648054602775 192.9387514296555 19.9884362454844
190.8919614369111 81.5590567775988 138.6412941381365
93.13336548276068 58.46198425851259 26.16490624848728
29.11145170297142 98.08208573121345 130.488204712247
181.8629137292379 183.4191288819843 59.55014770819829
44.1720153190011 48.97057083026621 127.5141213979323
173.3440333389244 144.6339949149327 13.32351725186847
41.77242514940344 49.14791368852022 170.0593899013346
19.25070400401986 62.72501765263106 190.6938803845342
189.2253115033552 6.167220404281167 143.9050173943558
97.68982887310374 4.770556209366907 113.1956069757398
113.4287669364376 71.12387582274411 30.38201339003302
70.77800832355193 137.3493180737848 43.83617243071868
126.1480227751147 31.7154729724254 50.20998750230057
37.21163395137496 17.66572084475482 24.48666463760647
199.4571358049237 128.5389729338946 98.90678420464702
57.98719002018643 49.36585374767523 188.4974173736064
112.3620196059173 187.438722301692 19.27801958870273
134.805425871224 52.56607947127243 59.00140840671489
90.46470188790303 161.2041886302227 158.391781526011
151.771141243448 140.8963714195057 179.834435958649
164.8673086645711 117.7361812221286 151.5011673035913
19.56686551908374 31.57726979595165 59.25321767974201
123.4532235676357 162.1022293084971 60.01086738971824
48.47647067819757 27.90913584053728 179.952499181898
36.50868696845696 142.1935627237141 195.6540568780738
6.524879025585244 193.4150834346792 52.27087490927692
178.7742377676402 134.0457034707219 174.592095197918
192.686415488758 60.80893302210523 80.57468513721321
0.5052290099674006 111.9490204569718 80.83791077740747
100.6702347791237 132.9081302247523 186.0936470384873
105.2837227525855 41.15978704982891 130.0098194119973
76.40678341140068 82.21496879428958 120.9205524630933
116.9151935709376 15.86582149102342 187.8562475887852
189.2850688585784 88.57219110348653 161.471856033009
138.6009195762061 122.0599159846473 162.2665541326597
84.39220845830647 89.76714800136681 193.6240256351522
116.5193952203107 161.0763163590042 107.9816765853007
80.89997013417036 16.59070189075368 62.56702970705843
5.157255006705128 156.3835951641262 60.97925591986608
131.8051792346903 97.40799978844048 155.0325327204342
115.3257386849439 34.61064555487437 171.3375291335801
164.0772770441228 30.23085245236324 150.9934066920555
89.44021448396246 161.0240296929356 183.1277818466025
64.59933415892141 125.3288694259726 64.11393343268014
174.2433021022267 47.16971739866272 190.2966986451804
155.1882054941617 160.7799887249542 139.3677890098323
153.1426272188505 43.45416067044825 103.7902273669137
126.8530930292094 141.3805250719344 47.48698255533432
170.593126251267 152.8674449964341 190.4714248043441
43.38553325814917 90.18051219431347 169.9088726006975
121.1197926197786 149.0960254094903 23.55555999579604
51.26663600982586 58.41303080758266 149.3078480794426
171.8507887180242 2.471750134525809 71.59772846422557
5.780118750072123 55.45676249946708 101.4713488266089
119.0975505108134 14.04896602158441 65.2144524195912
165.2095052885034 152.3247426455962 113.7846032406551
103.0289159254794 199.7923044654446 0.4868676062863954
3.226500390325461 108.5979142584459 174.3411011433712
199.2956751814931 163.5494271319384 129.2527007162807
45.03627674106404 35.34740648642219 3.290825473546978
10.05903309358763 162.319284345138 84.02592717896866
133.666512052799 147.3030780673929 98.19343263305724
