3 1024 8.673857684252113 0.6549999999999999 1.4 1 1 200 200 200
1.281774197092664 94.02071127326953 52.88329303907166
29.46276067217532 117.005237576417 41.24091028726321
78.79381286338302 111.5446400723841 162.5626409646604
167.511715597484 185.7767201700486 31.69261764939836
62.39745455759832 90.19875601900465 162.0780162645101
149.0713056451659 95.56636503375212 121.2249460606009
195.6388437841693 13.49193315285046 158.8900179835044
118.2117024278887 1.225550716754448 80.82178842966225
182.6824590669146 117.846593690662 68.65882891141878
124.6372639028732 170.0390113902128 30.40695729525518
30.08064694784963 25.70221357834996 154.6137429618444
27.97151127459345 64.889175699291 59.12860925935348
34.31817572133346 105.3459569903967 197.6865693540493
81.50022474573728 175.0222413281156 170.1756714510549
107.7313275399315 161.8581309203592 170.946036767426
152.691861133795 112.2732708078309 197.9951076557134
99.80609819977231 108.5783266991374 148.0626858020243
104.8016460198799 84.06400434584022 0.03716925186879021
129.610587757783 169.1940929798239 122.008881039311
131.1450742569872 34.10111075948362 70.52200383056108
176.3218615441395 186.3516882349622 140.4556438835879
117.3711433743514 126.1907948122275 164.9976409813668
68.30970878565549 28.99828708886569 22.84354355511026
72.88748529516837 156.2966616687213 197.1073700388908
193.3463477987812 120.5972509365974 55.25945685732213
1.622992720836999 127.1138943303537 184.8946371279081
48.48993205736704 91.10367846110525 28.41657644973228
42.29021470589424 81.29502431817188 95.61897271927047
122.8009155702886 76.31100064048852 102.9551595814985
47.53216368085533 164.2546572198994 110.0779371214183
31.97747999103862 77.37283049857398 8.226139393011666
115.6577047109672 60.53284522425437 102.0686198428637
38.56763588615813 42.33390662131939 150.5024628192018
139.3257914367765 178.3423537225881 73.31501121516183
187.5643128576989 34.58436494723712 199.9295936302776
43.83696371115786 61.57552474301497 65.27672979160825
146.0846196202789 79.60666895947894 115.1167289117603
51.42310008493823 33.71945078635061 23.64785880065781
65.04254144974855 124.5645892957718 194.4786076601661
45.72772879475312 117.7118903678979 150.7349584303144
107.7443575749934 69.9857326119355 116.4452640038033
171.5509600204348 65.17876158463724 136.8565929840937
170.8932258905985 169.936732833702 141.7394629028211
12.63623496153873 182.6230818727125 79.0121974599538
62.5994671922892 45.35422245591226 17.27309050278462
27.96320580321253 88.77481078644392 153.706633338039
144.1465555662247 66.22753122854412 45.51858603637378
147.3268297884669 199.9954070023746 53.73428440982349
0.01056187135331296 86.67902086669559 2.937819023550587
16.50423365935676 95.63467337274018 185.4117577080829
108.9821745042155 56.30689514774625 9.114318441525278
157.5054500410619 189.6626424016827 83.96963722982737
190.988721585253 186.8087316362124 102.2004769876927
59.57766142242198 104.4279674532313 31.2206765579859
125.5642017667188 58.05689367261076 166.6625043060105
102.0236577126319 193.3933180888259 155.359278789919
40.92091274258153 91.35982575810077 189.8696098437512
14.31297711642452 130.3667130438456 171.6320799655258
147.7276470276989 78.40049523260002 60.47110884606497
155.5677008630387 103.1980173334511 12.49621481684739
26.81151259165842 175.7552316343759 86.27162431647632
59.78142264426902 11.0915340102664 176.6118457721589
10.48804300641333 137.8874443248273 156.4745802235873
102.0226206700474 98.39848727613096 164.1214667222859
122.8757587354149 46.28600115787336 6.388017763886206
72.90030862544245 181.7089390600619 155.0821567109169
84.44561854325376 108.1918712448362 1.044553137963933
38.54562481020908 116.7480736730328 134.9871841724177
163.6853305811756 171.918713192993 96.68024663484357
116.5220105822766 2.798191589715675 156.8276436407478
162.3561475045068 95.17335373503474 41.47936784517427
120.1828077459405 196.5614606210034 56.73756208965233
2.176877233401326 177.6870556653117 66.09262173505856
168.9260292855895 176.4631609913909 46.25724280423075
52.38819174846849 178.9539073685658 184.6224166445903
100.6729464358998 115.995810121083 78.83536666173026
122.619058196202 87.2622652959702 58.86279574536785
175.5764880029585 192.6035030800931 156.6147946265706
25.38006683407083 122.6304015862214 22.61808660914075
113.7974789551915 121.1586591064844 148.7915873862651
197.9537463088985 30.47360873674776 186.6649782595661
134.5736490407491 176.3416843334392 146.5882630321346
38.85207408175548 136.3822277057069 15.46799722018614
13.71450891167543 83.27244599501867 25.23208421986239
13.17816415030125 188.9427107791767 33.08421381608203
111.58005496669 106.3341294139133 110.7621057682435
180.5678365915551 199.471913401095 107.8566172666681
101.3150717330137 72.72481781985363 13.3469256434367
198.2371852081499 178.8458672384557 88.55222434393856
120.8888967684684 87.9900480597271 40.9581567244449
58.10289953569432 173.1339485011753 30.17322397932769
16.02329096983064 141.2679571425054 94.18881200594856
51.89637540876154 89.7631439251011 82.53973609187024
105.163081171139 175.1643993369432 181.7658760504226
87.02335712429527 65.40153244433156 175.2074403172738
126.070524697131 115.584732850618 113.0496831543511
188.4779123009104 1.836223132801622 92.6004439533163
144.0199413925286 120.868886224142 89.11631023948935
10.35124514086757 153.7967149197001 117.033511344397
9.069809246398119 87.26064156666918 95.59231973130623
126.0449690872712 155.8367433958338 3.92039003148483
121.0259378272098 17.48768898266249 86.12407719534376
107.6469730767549 138.7759743649472 4.091690116395602
17.22651313518997 170.8969509332511 140.2489913393225
70.71054616534742 167.3005235394274 183.8837046282371
185.1592789791668 52.91757773428662 174.1818335755615
144.052699503092 154.7401013526048 60.3755081887349
36.34915449832035 15.92954192763098 3.092522773454096
50.54053967378506 123.7852401477997 166.2429769531318
1.584435225044278 149.5954587794079 98.96681555890314
125.3200679603208 49.96492011016501 182.0018110661916
64.04560351898472 172.7483102369906 73.841188768938
149.2067675853696 103.688612334562 160.5810155951494
160.8731854539243 152.0196159109273 63.63197021856609
45.52819780881346 141.4963089873271 109.1849658423546
188.2133133803046 154.7232028036849 9.404810362449572
171.7320589121638 6.053397395921617 94.04315447045724
135.6264954932493 20.3196840803407 124.5545547557225
117.4631389832913 119.420705670015 197.2415822909106
126.6929515266006 44.45232536183062 32.82404947099345
138.2798489629029 115.3240904950563 73.71898373590888
46.31912805033186 13.61498132822779 165.9670092713992
42.64250018883932 95.39516291535715 67.57395193261229
110.8955468071663 14.60008448582636 168.2223302221265
96.60898497061382 137.9569243084692 17.46668695403297
82.88064344907471 111.4879569616167 145.7146718783395
192.9908982036246 94.67890730018554 89.73728211964696
154.2499301656843 23.08620441132321 165.6104555113411
14.22089684563208 62.14792394029726 167.9438133180327
44.15164923109932 183.410253050245 160.2336822878598
12.31462733191793 129.2447872546803 82.2527767665769
115.2384764585446 68.66059347998387 156.7069830723562
51.13719388155251 101.6733705719002 199.7934214943596
125.9313349542881 34.64071142995414 190.1035434322946
167.4680705828053 92.31321850705297 60.57261993618613
177.9480597505626 18.17143508374937 10.80398769209384
29.01333542609654 37.85416326673769 119.8511082881526
23.90541635575626 48.40048779300974 157.5132127938561
129.0875722391517 123.3277266724369 140.8991772670893
184.9061492733578 23.93680219549701 150.1445076284327
25.54449674620785 74.93188771126111 45.19841603979426
91.63046776396534 104.0945738360803 38.893400143556
114.0752353421564 27.62013638232449 5.201707180844186
154.721972203813 35.45811780998611 193.9218459842408
76.76727227053875 102.3839803229566 30.11311078688741
149.8372939127099 174.3107684781989 86.51170968879438
142.5105385492176 176.3147889310202 131.1608456565117
70.02824010843922 145.2744534788856 10.18684208907623
32.23298618571662 108.9087947371072 14.52323437766504
73.96577777596278 5.245615525717262 168.5146023880246
28.66103107443204 124.6798685626869 78.73250234291207
177.2369413749116 196.0518495638215 173.5327004679532
131.9053459867151 161.5805704287051 137.4135853051257
42.50501791363065 9.651448933931563 96.39978610749655
115.5771033627525 86.40662255359571 163.1934813599593
119.7202067063749 132.975645868185 186.6660110548066
133.0546300174945 148.1074770848923 190.0634094411764
172.5805198278402 138.8954584655766 55.40433402914524
199.3232467586537 31.6037672229713 60.58293386435665
30.62944663793321 180.4355728729329 170.7532601437073
97.97032775504226 179.0015893981846 166.4575671053123
157.0262812061043 59.50719388559016 54.98403349102691
121.8603677651825 171.8528006250658 9.089517072537184
19.07814783427142 91.70667445209033 111.7766728338984
71.46571946373939 99.9641405573429 173.1780201714545
107.9319298871943 106.0452277507321 32.93270459573075
81.10940396131085 167.9270206817461 116.6821496421707
15.28263797530393 10.43406370265674 58.84859184117039
151.3093569698518 190.4174394534734 126.2025129099855
140.1631361445164 4.818466935717018 195.8281276206665
133.4057799455366 91.44230803190509 115.0538733538016
30.61401326505563 29.20055300099845 171.5916397782568
79.27315648834082 80.88875725174624 176.1788532930553
136.2173351359701 19.28674426030371 77.95786093704555
116.417251289453 101.4138787013266 50.97682957580182
197.2418470828205 74.97679410802266 98.76132017760071
3.831921851347547 155.6356356943085 16.88686761373672
112.1774295876404 49.04797540357607 24.53693181862623
89.951390995764 178.6300546188008 19.41290894032695
18.75615322746616 114.4963768513362 118.203204159298
91.8588809129719 184.3971961894229 187.9724786893665
129.9660386713859 77.11852443611808 160.498775068732
123.4678405045738 52.40530119378151 131.9601142662221
39.96366552647513 105.6220186635669 32.58026803531702
26.76239153500828 22.41806842286864 111.2165037556872
2.261740467487527 69.05480055892551 199.7690030077353
9.476733635919087 156.7824492911066 147.7088645880271
23.59642053770364 49.73167883863764 66.33124708643568
79.87950525407553 119.8193117611758 130.8111003063082
68.42053393156142 166.7634065701124 128.735892977071
140.3789723111294 41.38907969113486 181.3725451242972
87.95310714934017 197.1201374448804 66.65593036896864
28.73859768303121 12.83621405886018 166.1696402970591
58.14558487874349 24.03153922547591 36.36485538116065
135.8407985173826 16.86165744352816 95.12504116655568
172.116891854758 98.87936395661593 152.6880921903447
198.5797772309078 125.1956498337951 145.6744198474015
132.0766963919322 144.28415245162 67.3172951036084
129.2529539366802 73.86854422110046 50.06047903675237
161.7054066699536 160.0060076567668 19.78214233832205
71.54212043984532 13.92531267841981 153.6994787033101
169.6766324099309 31.64849648240526 3.694765044739845
76.96359963908189 47.54000445062676 82.81974578059848
14.32504849152795 137.0314990063068 15.82436253981401
98.442354034039 167.7878401301874 116.2032054691342
55.31698805500046 112.4072211344325 135.8047491463188
40.29420970289 64.43960675296334 92.06116786159029
176.6657158877248 122.6322055039409 50.9793192205633
154.608710544255 177.147343255065 23.95575925602605
164.9591519285384 116.7521446066797 106.9815076537898
123.3607279527814 147.1255543098999 133.0600678410383
192.3406781031103 103.674387996028 64.18618440099564
18.76993185197995 135.0739037305174 187.7188578352873
41.55222908128731 16.79592039801728 118.3123632102312
131.571421971758 57.44218463882218 196.3524216031025
143.8599860875225 85.94186802013489 166.408569653653
142.903892643329 44.98372506389084 43.767866455402
30.3853396059316 4.430824413568261 82.6761347910107
13.54642984539297 87.08192988801157 42.15509122325626
129.8088742817334 35.7762763468819 118.427676370338
85.0145592950375 74.0139240497826 36.17287110239304
34.2460748621637 122.2522366885616 119.1135462879892
113.954649208598 97.05058982597471 176.7879641696647
98.91208205130282 162.8339124497481 46.30277122877379
78.37851896946694 29.65739404555328 151.1832318763411
103.4265856353213 149.9102526956392 145.482874394082
167.5576696179751 125.749306064243 65.54385310480636
143.0375999136052 6.569910591376884 14.87513776790464
140.7448649187552 53.87708596245285 29.03684490308605
190.3369904847925 63.64999033703808 58.52260354612003
87.57584353271984 19.57370893506251 124.6747856015371
39.17867478029197 93.13083731336054 9.002238890281147
151.2793273650051 95.89815295561287 54.80222480166152
104.9144339740555 197.7281802177078 70.24467169841037
151.7117618528573 119.0312582564354 63.39308266177722
172.1019753110095 137.0580397211652 152.7232704419723
118.8971768386677 53.64752225721671 74.37625652554478
130.0291182187168 32.21731713753628 87.7269796140172
4.892173631742947 94.25891590821594 71.92006912440952
179.5744890060121 58.01943952824659 45.8894450162972
115.7563798503003 105.2599228512244 142.1469304115983
138.3531573796911 191.8588276623695 137.6408453786999
45.98804740744105 29.92634328069442 160.0721457975779
189.9229049664832 3.751423014615601 121.8237267413152
5.024088859073946 20.19275539990634 48.84449516610287
157.0739547864731 102.9280366326345 69.56429842595671
79.3496850352943 133.3627399801414 24.54995397268553
155.8655697102905 65.33792165324395 113.8430776941227
119.3605816368915 188.0112053073884 92.00201125799626
168.1038096813368 173.230571186702 158.5209991754578
49.25845450167776 133.5696931331685 144.6581515715507
151.218541756553 26.13596825576769 72.3258085537269
149.3080116328976 104.8894554446908 84.94977777708135
22.84298757198536 94.73307597624387 54.63913125568816
53.49438087342742 118.9918523474663 106.7968613361849
139.1022083425826 41.9924136743957 198.6604903367053
107.2717928650089 64.43092341189009 81.40716634283302
114.6720869762524 156.7472090551927 42.40763612076853
120.8795590891458 34.9594509949343 19.36970504464331
186.2655898061253 61.65719096599477 100.4936082055358
40.50978378614298 166.5998252868202 174.1740562436588
80.34782439074718 54.79004901784581 163.2340001298822
152.5708858351808 164.7533401489979 71.99615670049508
29.40343936055677 187.7047850645951 152.1887180826122
33.2109877035393 169.1786413729382 133.7345086892176
78.7250038821312 42.81064728114796 26.03321990587165
32.60827295997102 190.4912453136795 93.34860151683097
14.32616007287099 178.1227407158461 98.06861259727619
175.4631403935107 47.74427450012161 160.7627731563128
102.0685510574491 122.3767272207516 4.671712829015183
14.92238882619841 74.83789022036989 10.12156602098787
95.18544927620377 184.7919320676457 76.47742602176393
166.115880388823 2.527325625282468 145.9939596765362
90.88170281923121 21.48828892601154 27.60783155364795
123.4225907357273 51.45252682465336 114.6413335614728
36.25758079729167 83.8691431217439 56.29263904292009
115.5559447249507 108.825705798101 160.8670088867621
168.7435180197903 153.9069240956678 47.60289056313666
120.6820448711059 93.51130350797348 103.4530966725392
79.72822022934842 5.753309860652021 79.25509329052321
49.97717359720799 192.9606823325217 174.6802533003718
46.07247165755324 187.5252451018047 143.4957238283981
99.53007817268562 19.88341115551738 199.7877741366284
124.0359256469855 26.7816916403735 103.0594991906165
152.4671220326354 179.5817256426329 41.75693276117207
21.62867553757274 185.575876464749 18.31497162529688
56.81497012830748 139.1516418549402 198.9441970963361
122.9334482663606 79.31459670286267 144.7968180771113
51.35981424770998 8.08008679993026 35.87037044460488
174.9634649337829 49.84609994349216 82.873445453424
136.5773334724636 89.47511995991024 48.20455861754402
145.5944540989632 118.0138338033037 141.365481864262
66.38362531088603 13.30433205138213 49.19818562136133
26.37153517234021 79.8281712857876 122.0950882646752
21.72069286982467 95.35545803027038 168.4871204552756
65.96105460456053 32.69955904590483 5.906782678958121
160.7347792532957 164.7510802138462 36.43565898371318
86.32519332087927 191.7810851390737 165.0522284702111
34.13456883649314 107.8830122381446 55.22979896418224
151.5383314422687 81.83582337463852 43.90241590989272
5.543003223251677 172.9746333707221 45.96982223352813
128.2979232593412 105.665555060673 172.223561384909
0.7259764579526482 103.8205481218362 0.4482962064274148
1.118284320132673 160.2944249363164 162.4839739413786
161.9426657778618 98.02658154617771 170.8868988100065
31.99035740090966 188.58833973006 75.82811958932022
44.95933611041281 3.583750027159635 68.47566513658204
178.1478069506594 123.7639873453285 17.97436738170046
97.60604614484919 185.1036108871639 33.56758611881674
126.9441792466371 192.3076263371802 34.08907803534451
116.0285880312812 138.35823392135 148.4281058495274
139.3580516921593 70.90259160090639 82.29545021316342
173.1837970650665 50.27894026406234 100.1220909903843
112.1970377126812 37.96751321106336 109.0086625523275
183.4473397727738 18.69175610464944 95.98338399000724
94.18126913704847 51.44385851303615 144.5122079073277
131.6983529643677 195.1760170424143 153.3095332716709
148.4479678129155 41.56887786063552 141.3863274818507
16.30666591004393 168.9479602237482 123.0391320854787
183.3923316892989 150.9386819464962 61.62150001106278
7.501101419958151 132.1023691065396 0.6586991420251181
90.53858973957125 163.0317686776851 101.5122049080148
178.4463582397668 178.9118874503187 171.2241306110659
177.4186082947211 176.7715671594335 106.1977600240537
175.6898007150215 166.4769363414539 11.81813287701336
17.88223070630491 198.097793713834 72.46751527480666
117.1510674135829 81.40450435151406 188.155111005186
156.2909699578936 23.45873063472444 101.2097478010158
139.3932950047119 155.476938923861 78.41974590495421
171.5072374871677 112.733058932055 6.356734772602474
177.2420133253593 171.6147155870845 29.02723168410992
59.68749906306397 75.04932945823482 136.2501935850913
26.24707025566396 15.58688809034475 95.28421283068188
51.57079720355791 31.31656336746488 82.75790788852528
145.8579535635102 24.93063121949356 148.1311533605713
105.187766632852 173.9859098682891 148.9789088113862
54.28633351607424 70.99898326912269 83.04056032240405
135.317154228239 168.9220253398096 197.3236488124549
146.6683123970939 34.67815312559191 57.19872065276437
89.8437111541857 181.7066772983675 151.375586920693
163.8688724968805 145.7850970351838 165.2527499123899
140.7666148902812 28.09272396045395 107.394148446441
100.9999514755731 14.41460971452452 75.30789604570599
180.3159803377551 84.29214523631842 29.1534744432462
47.43608504539263 79.42270257156498 0.6335955822741636
68.42653772240432 78.43385893097687 150.8470382503611
140.0684138115252 19.11053059613375 61.05011583887966
148.9805534296039 63.79065454173033 69.73918258694394
31.65152550081043 159.2576873151507 88.51732516941703
190.9140579317963 155.8750515831045 28.46231500336791
71.73131580038969 119.0260112418932 30.64717838788413
16.59947531490648 84.51440593923498 80.21072279756007
152.404210087777 133.9677700705275 159.7201468252061
180.9296537256914 163.0870504006775 117.146242149175
39.32569157469943 110.4923392126421 165.1476204895895
187.7811653289893 109.4481849307282 11.37256923226356
117.6221427804856 64.08089258534643 188.4908520834896
12.44375834516796 64.62130417697396 40.41741541623136
42.49761927938994 119.9308813154422 23.1232005573795
44.97830625615465 76.48561292222514 19.76216852189246
78.49549156111158 175.5238449543497 139.8112248348225
147.3193559427539 31.09312286676338 88.47980185649412
103.2910044165365 126.7857849032753 65.50944329071244
101.9342598372823 151.0788459443625 119.2501294291163
199.8888408933565 80.4873571341106 82.52960270813269
54.24849002967501 132.4411279622029 182.3076996878056
95.20254346548487 80.00641442430737 129.1177493969193
151.3222545758509 31.27389321310256 13.94855932840484
105.3897277787128 17.03411607421826 15.8491733291554
101.8259349180021 9.202461739802995 57.61853472571483
184.8366156500839 125.6016168532356 156.2516811209053
111.7134354789366 108.8941454873653 9.767420044926251
87.2522588130461 63.52589965856682 85.34694819487198
119.374386808009 132.7748682680315 62.98586904513874
98.11777151072764 66.69787763738724 44.85686226174693
98.2131841549558 98.23561003230726 7.545652944652014
137.0964178139408 43.23850845976412 15.83876460174431
36.94386616756551 186.7798872478056 185.6092747116481
57.15801116142355 106.6686736619145 160.5947350509447
16.51812193221249 169.7926755375365 13.25074790525827
124.1397347992373 2.362683334126126 1.992336267080966
85.99363444820582 122.3140161251207 69.91831597545507
155.6737043626246 81.39560697223982 178.5437240049495
66.76106233742198 134.7216428546027 84.61833321793119
143.3240972898547 80.47329755511301 149.9604643135922
46.24295093529835 109.872771774269 121.0470957738601
95.07949585944772 38.79770885744146 35.79447431973331
32.24779135335713 90.25438655155594 40.60348274083708
173.1727000002096 103.7404691590002 114.9936837616611
33.32555713058868 107.7357658055623 109.6711311765666
81.04032094402186 96.49312430888273 13.39188233471348
26.42449373936491 82.23762036672107 192.5347776433078
49.87830963150406 1.737478124249809 51.94378640260567
167.858283600398 132.7135715548564 119.4058631412535
109.5619065428687 155.2050387483314 9.279350190444799
82.95952921876668 76.09553948252355 96.5055960363339
155.0979217596681 11.16425382308327 64.4822964631507
124.1364133493495 63.91732181268836 87.32931645343704
81.40143317850404 171.6564944282586 197.4466667162307
20.64251031099396 20.2830171042155 141.1140775297875
116.0926948534013 0.6036749281533107 123.5681530283628
43.75022659847485 37.28996405404389 40.67040631844512
61.39369923230858 23.18612177813521 164.2877482598637
89.11108596986185 33.44512212268821 196.9325473852193
30.97954974048695 13.80453140606758 66.93830226811606
152.7599780837346 41.37832765339157 29.50603096709058
172.4983687630639 164.8434531794302 62.15073739920492
185.3289366132817 126.4542779739811 83.48235922559357
109.0524636545537 94.10433823131591 67.23109121431447
107.1829628160322 74.25900539024515 95.69490850377345
52.86922738199383 171.9708471984988 147.0538418705437
27.94290261452624 106.9506818206255 152.5465760756849
38.66260951610641 145.923790978796 151.439114921046
70.37785345204334 188.3082286713704 170.9260760741845
119.0762690886573 72.72477447339168 173.2646899977767
22.23030885357267 79.69197065719618 175.907131280273
179.6308710108767 66.96647598297402 29.52506468998335
138.8946354831734 180.2184745460892 30.63216249701906
71.28199104480306 197.1415417539123 105.1950668716842
18.82243680073083 114.9551878093603 90.61730050876312
132.0558970914563 75.10198541227956 67.1340435695104
0.1391657932363538 14.64344364237112 93.54781519594341
128.6470637382612 88.13831274207234 174.4434682078441
18.31439426413612 162.3113597707045 103.985776630744
82.84146868475433 78.82129625310789 141.2176369239003
132.5861500857299 127.2211782494738 101.9573985236566
24.89586791169825 2.610644514966986 18.23924760845166
167.9137838295337 166.8059541577434 79.8442843588133
78.04000832929313 5.893424791940689 118.5525274626003
31.11750319684697 103.7035322572086 180.7277943396954
136.0375526170156 84.72363723351015 134.8044803608037
69.90907228118341 102.5078513352714 193.4870081507836
104.5547050363739 52.99712653938114 113.0433731726995
154.4443652718737 16.09689929012797 23.81588522464646
128.1967380448545 60.61831363925494 38.92508065524088
93.92940761426712 16.16654278754772 43.83252987098826
35.0572471328334 196.6968399611864 166.6644671728702
45.99917729449665 197.1121412257628 84.53409850884749
31.68379984299552 56.93903503176427 144.1881126182832
161.9152021810795 188.6000550683049 166.5187923586417
31.67089157064776 146.1395766516116 99.85342679596968
35.11403497759748 54.77267481066007 78.62828923075611
188.5476762856765 158.52935772181 188.7604290950906
51.45129089838312 79.23839840711476 154.2759333150088
31.85816972525921 43.43220857689134 189.3487319425174
157.3083987752977 165.582429550536 53.42091953249752
117.7663256256705 117.1693945249927 179.8036819138358
190.4290062716701 109.8326931618205 151.671633682723
78.32826396290442 24.53941945022945 167.7473906698735
136.1933436415866 128.6789014303618 60.97516511961091
45.2379755778687 177.652301929228 44.59899750863077
15.31216024506651 27.66450208690952 123.1318282023118
173.8021587310347 154.7102900826721 31.02891943209756
170.1017664294558 109.458955189406 60.15837945609905
55.19503968225477 17.58295661260682 149.0870200997848
197.5238440247142 129.8203072658806 167.3040063825687
88.35958782651568 98.64486860895786 176.8567299894405
73.97859022086804 70.27159623119667 49.0219725019042
6.267214051528709 88.97431890061948 173.096326797633
12.46635220667698 42.99093137464178 115.5536317818567
66.88791362932075 127.4899951106051 170.7085785574078
175.9672684207149 49.59007914305199 29.17997598676637
86.26842265025492 135.2391576594688 58.36087951913863
30.25988218022727 26.17386276221226 188.6694284064051
16.11298310395223 61.93032537949772 149.9598737991478
48.20686179473103 115.4880669042472 61.93015999354684
132.8773363693208 42.87257056779082 102.8984970098984
172.8398666980602 85.4389020048675 175.725516478922
83.29358547641807 150.8388023903598 114.7169925261881
106.5114649947863 133.9611852753047 80.96735053067808
58.40031457505933 35.11960145010776 49.69800766257962
62.70890643971936 41.59890726813693 34.20258586531457
94.17750798860303 148.2154970116435 198.5786880584724
7.675866174229878 81.02893711248821 188.4500070363881
198.3830247865511 1.797601491278331 106.8213489032239
24.61807726470598 155.2290569962305 139.4074378978135
170.3254354560233 67.23650936272931 104.451134625899
77.06127896426202 189.4208497488562 27.94210322977081
156.6683372262218 77.52071049192679 101.5326193924931
120.5008489716807 47.52141321865947 91.67049412890675
90.73557465329654 22.25716027884013 141.5182701087816
74.547068760588 183.8855578652339 187.1632879570516
145.7153060397653 159.5749435646035 187.0552215613882
54.20382997834128 132.8840207093646 96.4396884109659
95.5241636280809 65.43218835408221 105.0094986218613
166.4454539203384 12.0500678694711 109.4328495605051
92.2538239621007 71.94282773679039 60.31403834232314
125.6446727568184 107.4274934010014 34.17801372847916
170.5543201764896 67.94632281160962 13.28658017299222
14.39495720192741 80.3539187939016 160.4538059327465
107.6460931196231 139.8620775821961 131.9873855285794
22.23289639327082 112.6800583188459 168.84624588335
16.72239402663011 152.72874406313 162.9406020182871
108.9890719341674 139.2958024803824 37.2377182104803
41.69022876624461 17.31602361553361 80.1240565888365
72.05988501539603 174.8280030484333 20.0116905752779
29.75589531040631 10.19075319739287 129.5648455492443
1.77909009986954 71.26008461635398 152.8097141097011
36.12880713307024 88.76730169852068 110.8892787539543
98.54853895913536 186.3047041940701 58.19180232155512
126.0491962209846 58.96128736023373 21.36334395110243
48.76489694826941 104.706752613785 17.65966379387506
73.98638636239187 156.4393732712619 170.087866386946
170.2370517785843 82.35102844186616 138.9360939671583
168.7120888103066 156.5195217877832 152.5163391756414
9.752982196369635 120.5339370726269 158.0908807737011
25.71749343496188 128.1815852730316 6.191336605163281
63.19804189112664 184.5001111666831 140.9756033386477
31.84413891644244 87.15654297639874 23.54002774483001
174.2534098234573 18.12177173943098 42.3582391888315
186.8827059928223 134.112348663095 63.99283114340506
179.2398872773398 119.8922918945496 116.7779242411251
193.2048128590852 32.29439665305714 19.82468299438591
195.8082931561333 54.40653475944548 33.20069694782614
151.486705293872 56.50111574591069 190.3989483140669
123.5214406336709 8.743187978596181 21.78040876929554
41.50466551744048 69.90448966804495 183.1041948070011
24.36456344317367 144.7807041041817 75.45617860307794
160.2647974310621 171.098042548877 177.6616706362426
50.55968027705104 143.7837875487877 54.86463653887205
97.41905298556118 51.52364243145177 68.38981966773959
69.70698298849467 60.92187191953777 30.92966400137982
153.0698387516333 9.922409877312422 85.73829309913806
39.08772961118026 194.662453795779 4.755318140406437
172.9916424467762 142.0403914084336 77.30203165599764
136.6204852428803 141.3824513847786 148.0150072230692
153.6680810534462 19.11146654999312 45.2913746596623
188.5420220166563 83.23959138496531 65.30606644799609
190.0525572738489 40.08805101554131 93.3748386121074
188.026485630439 33.09893519452285 168.5599979117877
67.20963183690691 84.76179178072594 35.70384499387765
197.4868868593931 173.8145969554305 177.8692308799785
128.3822983518941 166.4819524570931 177.8520573668685
101.5056240701592 173.1908181581241 2.608122300074821
170.6385754410499 24.37022587836546 184.2224538957518
15.53933884860271 42.91242906175384 175.7629736200419
186.8293265031676 189.6940781632094 38.37970603365702
61.66418015695159 88.95932814310233 12.4492846092399
136.5735712372813 113.143345345294 11.13559400781726
3.156194612527413 146.7097375777934 178.0919117810803
43.10525100144754 69.592884412229 114.896845165671
90.88995216884696 147.1944407834203 77.25809782537441
176.8819419929386 151.5916193455246 134.0163094196776
111.1505625910516 50.5046913588797 45.27397089750571
78.88915531391881 179.3196652193136 60.81190705638964
42.47059068600669 160.2395059391339 70.76863102434267
88.82101513514691 60.82588548080263 124.167959148711
46.7732081235791 53.52951716967682 28.02053129997133
172.6635844426567 5.167704244786281 26.15735768761759
171.9549802674004 65.77467355375494 68.05228511497585
91.65940250098056 11.03177520901687 159.2027268987513
115.1470901064619 21.23373263543591 121.0281622569447
182.1262056025414 99.1955683720012 46.6246907422622
81.10770274038431 18.86261107511793 9.416775932610395
180.7949911205585 103.4841385424006 134.3457754593017
55.43087807381416 153.1817397925945 183.6446650742681
9.044205027200702 8.562740973475545 128.430518636721
5.931091613459207 105.9220007063822 104.2356344147808
196.1240852574147 97.49539609113498 26.22555511277877
137.583384240027 27.14067935432346 29.01525846252494
160.723223312473 84.13439093498341 22.14006136697971
127.9038020369129 107.7378167916963 90.09422089965848
64.66751609037703 60.90499869441908 121.8133284694792
110.5375330375606 24.93412278554326 34.39220943922145
97.66115695269202 65.40597400436778 194.2125968274692
66.0914068662873 199.5446727798254 64.80499024493783
183.848680065647 44.87874503272687 64.72142706922737
166.3929936505286 84.4003446606111 118.5872333277457
47.53084845946005 176.6413202466038 87.92954097858328
187.5347590656055 183.1205701952524 123.2242953014534
186.3144780139488 165.0227431347875 46.57723904877471
142.4973894869744 20.72436860908432 182.6088499398062
35.90136077435375 57.30742492273433 4.32556402641849
29.50219683348512 49.08495958104725 102.2360876698749
134.3265158765473 22.89235248609445 5.337887654437383
120.74089911197 5.273930957869482 103.5504052759797
158.7682118329214 61.86534572301566 88.00898684345636
135.5122719675496 182.8947145317251 53.37057203723352
80.55948616890731 139.6218634662532 159.7590234444475
182.3082340547046 185.979812410218 14.81739244283967
77.60633181063575 29.14026355354854 41.68820460693863
100.5520498698637 144.9082223341817 99.41911052090389
118.2312505544361 186.6958816632027 138.9019045779449
52.16937176606992 90.14565940908261 124.0480193268774
87.08833461942474 126.9745057399298 90.15657781232031
196.3403403435462 70.44994392554382 174.5807124190958
43.74595618964939 110.6601090144423 81.6768936159429
154.0679209272656 29.85830409287853 123.2972954855583
152.2677402446235 137.8780908699887 51.01013662502547
26.7792233182457 67.07064443014441 25.53702706689837
169.9336430852291 199.6212246794316 125.7516595433783
168.7565626384329 29.10056560352777 85.53625821921804
10.86273207749514 130.4795125369046 35.27449481122466
62.87195643989347 74.37324849295264 101.6897531916437
65.77171492932881 171.3384867239924 103.0447302315312
198.5926889044686 29.33070391855068 135.4199560821032
90.54729939826143 100.3849101115048 129.8644504425104
60.68953276955848 11.71369744080078 86.50780496543351
46.17090430519558 121.6702172393113 2.716048576453979
189.3874025837751 119.16390456517 34.87468614994508
156.299420581287 153.4048160809014 90.74780313576244
61.21715108056436 172.69854671224 2.393589022999532
195.6140831495072 76.56818993341686 43.0869037743831
98.28067264533058 36.58536790669636 15.34885573697351
45.31938392919298 97.41219630320758 146.1920276225866
134.328615047736 61.95708415993711 146.9205215327213
99.76723176988091 199.6529028767947 90.31572859710599
177.0633697766744 2.186507308108549 197.5139111342463
13.2875326800101 198.2172762633307 92.76969054048324
164.4475383684822 119.896112877829 85.27651867056052
144.5468142912157 98.44295686203255 183.028320548953
82.61722343015617 169.3823093222921 82.6202500599365
66.96456763728138 112.6384775800582 11.42668565671411
50.9094234873991 1.436046966569096 128.7908638144737
182.5650521102577 46.61077953430168 141.2372615079173
71.06011009194847 9.303073893596064 29.32602153689136
128.0933762112376 135.2045580502046 5.62239702560132
100.6752979998117 167.3501282499971 66.5296722653945
72.47123681032633 38.41609393260779 64.67413903027702
127.7208820446657 70.33478938817865 122.2771029967681
62.37686820288033 101.9013224554131 68.82745969503058
170.5975055981825 24.78078447441367 61.7273437807697
152.0517355241186 71.51589446716035 133.3432780022579
22.71288787593993 59.39617752425183 123.1497457144558
142.3092478514181 181.753070161532 165.1628369947183
107.152221399725 43.09408161649108 193.13280783991
139.6930698980746 191.6750012609609 94.54234650065759
71.36203444805309 82.61162086407057 80.49328379119896
44.01647168305232 29.62176870508468 102.0782386478541
113.0136155107175 178.1048100089824 45.67073262012783
34.82422339215042 125.6097958737163 98.58954388612631
12.01168493541712 78.10632574593711 60.90512015669797
159.2254940055353 3.20179468471871 181.1040336148737
115.7856052207617 121.5649381997999 45.83480267710355
25.31516914837725 173.2949779802162 39.470032096381
108.7628674101469 66.27420682855509 136.9013273981956
104.6467756177887 165.7216063860099 26.52939662513623
171.6421804374241 77.30944962573588 46.73101750645942
64.44281604309246 68.39249772809497 168.638252614742
139.9011268754359 127.0830003866057 123.5210809076404
101.8062211735589 108.0794143475554 189.5746075139057
56.47554493257994 50.95022830885339 77.93648685050253
188.874509934744 9.185334086718116 55.91382300995778
34.37683158175063 136.4728285471742 35.78730730041686
50.70135418637273 177.3279562471027 125.9515261064002
112.1415863114564 152.2190695057006 188.8558729117391
0.5086204666575063 174.1439316321669 25.81015751918293
95.78427353550231 182.572968341732 130.610107401426
119.5243170270561 83.38435720274501 81.65737994790436
136.5443321109882 120.8071291815334 188.0110817363018
198.703627291159 168.2615072315815 107.6361571709506
104.4422523407931 22.29613293034446 97.71837825141463
38.2620325255872 7.498001240870485 184.1600658917809
109.0659965875569 1.311776347412215 39.79953508360445
182.2428290996949 70.7712314700092 194.3408090621049
140.03994693542 151.2245941910593 121.2990510255648
29.21489842080193 189.4731632201915 131.4573409013075
84.17837060668379 51.61600399930777 48.03729161951495
91.58611067764753 111.5569303900879 108.3550805575335
105.5947492348092 172.5670716024444 89.71571833886816
156.2532660176468 117.7785933791171 174.1772884539725
84.37948777683955 103.041947805406 79.00556701212251
18.54436450278606 6.069080401968521 198.7293735741189
121.0926557115916 73.09361525582483 6.917549045836214
62.536637386543 151.2117084010775 116.2257865289772
48.46768433426545 182.8952845531959 64.48734301589235
14.3176928258885 20.52327197374446 17.75218807933005
159.4535583124386 77.8791875667257 198.713334433929
100.1210243314472 81.51061892943939 176.2135617111689
95.74467909008361 88.48242291084127 25.75339471764619
53.20519793222203 129.79810388836 124.5787928806526
58.79331329284731 197.7110272825714 156.4349813662703
119.1107253708499 92.88836413430427 20.80954219368872
161.8024785616772 49.11503931708708 11.79807550364526
58.49520650123912 64.29546025407899 9.688534002265289
73.69072906732993 67.29901867485934 191.0457255630612
71.13312906245152 129.9978863701975 108.196473972758
28.36375201844434 50.98661774898733 43.65069415084785
140.6677077205426 89.00760834001133 9.344913972734652
161.8104547770805 191.077097488773 104.5409266297368
77.67163583446766 55.15279779748846 102.156333347729
38.16854527426906 18.63974103905101 48.011020629387
157.710112491252 169.8432478816492 1.886987992361393
127.7265500868364 143.3648671201428 170.5110659053295
110.464462375223 122.7849489438574 98.06958800897142
118.9065266367806 182.4223482627567 71.95508966756638
178.3432934740086 178.5655896058686 192.0373517281254
83.5045022118544 90.67858241731696 158.311449155572
136.7099723188756 198.9197916287204 71.57802568184292
67.99108028196395 33.54819538774338 95.34476129013099
175.6437868121831 22.4637370870042 131.5776712968574
137.4400945744609 124.5003647885573 32.57675355781745
10.9497049211307 35.72503413989567 36.37061887227022
145.4461604003271 170.9943227716946 108.2777826356454
137.2498558782061 76.0950400710074 189.0625898190362
183.0207880573297 111.1950415291104 98.25750387269088
16.65294615771088 117.6030857904419 138.677223329369
16.36216022888393 63.70206083149417 79.93273767562819
99.33954851688543 48.60090664103336 93.37749950890733
199.2717001643935 121.5461806597017 122.1884178387693
120.5502561371963 184.2468279834925 192.4170252096379
115.7481770753763 152.6046270844038 80.32228060154894
95.28108163351391 23.4481972700602 179.7479182498974
51.39542567347783 120.2905397617712 41.932629410604
9.795824293699907 54.89454620402924 13.17680356162175
104.2720631295633 145.5267779202116 56.52420904888837
68.51508431269005 188.7499745195838 86.37468773429875
129.2899981596282 33.7564448226888 139.1372853171286
28.05159430783521 152.6203478695697 52.7881020274444
27.88752825179433 96.14084263708624 93.27503097405668
16.54745601669881 115.0417813486864 192.9114209571551
96.51858793999556 108.3356541626199 58.67850658673101
18.58700022532929 95.21066792126608 6.773801755807547
93.90673394567737 39.12820941986566 161.2809591145598
159.5903759419376 62.06677539398517 32.20691988860311
58.63303428036082 133.0388852317656 22.57017770671527
149.7295588249779 144.7832147434083 27.39355198383669
13.30326684890264 176.9414212112414 159.7724150667334
81.77019423026435 39.29595664912024 133.0705098918593
28.9981385221665 128.3786259179225 157.0157791040909
60.28514760111608 37.15753498335541 144.1635665342252
6.702533054767178 117.2300355191208 15.19535387649484
153.5119913218876 96.54434562830458 141.52190073057
172.3253653303593 13.16762956919575 162.7546798598124
74.69315795612046 59.85292839753453 143.8769829313623
104.1056104423555 142.2265770694413 165.0483752265032
197.0994235343734 143.1968179828666 79.68622873378779
51.07171613959184 153.1410975389206 92.85270942414097
92.79807774139123 1.592055725788606 21.82435004324928
0.04025277728085584 51.06003548333062 157.4985013086349
82.91185928004381 3.169967507519074 187.1765613624264
158.5507383205772 83.7147294390285 77.43763294606649
21.95416152882765 106.1613502049221 72.01337078379652
88.12353877296222 30.03007219979738 81.48921534844095
104.9272849982002 100.070036189058 91.54306127005776
114.563803521773 48.18689211033036 152.0166729592659
103.4093109023074 196.7566497623723 175.8556540662461
20.19061350795307 164.74108915166 179.5848393063108
110.6976662649657 118.9323641312597 127.3060916004248
87.33876055082385 34.32943407151853 109.9958299166979
30.17866944553182 196.2410959905388 55.79372724755856
95.52976955729852 81.38503329225661 78.57277737759075
29.42130345972583 1.785634228445995 110.5377242611524
32.21477824957035 69.62722654456327 160.6753049985898
50.2995855262958 153.5097376594993 12.50402129411424
127.0207642190517 130.6570073499817 82.19553979712862
79.1856102759984 197.6313415175445 143.2477389631929
75.52131722128587 95.04714351552481 100.8492038593126
39.12242656731079 174.3203754445023 18.00594832731393
85.07687529937449 159.2113496497909 13.72040664782989
13.97741519512337 17.69200122092117 78.30108077100658
199.1222824521658 170.747542186499 1.862372711549647
88.49058088904653 158.1458500176564 133.5031198910826
111.8636977890882 164.4113113170649 131.7525438276391
143.4700300863491 64.99451738942636 11.65914351830648
101.7431734688438 30.97408257442527 56.19749353420799
51.19896862742272 191.8463404891872 106.4901715933549
13.97029357845816 5.108890354641799 153.7010413976576
15.0221509675029 35.89583187430711 198.9914085339493
31.06109682556189 154.9441755604718 118.6980870296551
79.35153264999067 88.13975478585985 58.24206978619463
149.7588844121779 3.948185582681408 158.7884606610346
54.92748007600846 109.8463299650315 181.0442232765137
137.8092565335773 42.29964265113868 160.7367742818085
195.2206859306715 193.1929489673148 163.4490494315598
183.834558843439 67.65655747598188 120.261722716777
36.85726592433794 193.5294225545238 32.63496708454375
72.26780773878211 24.96897854639025 187.6483508990548
195.1267615593253 11.76010257440597 32.60104396802512
39.61890811568242 27.26618388500179 136.1825373320198
76.31008344590599 140.8121570366333 183.6335779420435
31.5944157144961 177.6187718880922 109.676704225196
190.1341442216363 21.92004317960532 76.54547911302194
149.1785268870714 198.1644182278169 32.97586527201175
111.7442866628291 34.45984968111466 78.03757072709172
185.8397885235385 115.249604110611 191.4784422399447
73.3020907098565 139.2330829672021 134.4016575640944
32.19308094805879 128.338945276488 58.5538964196445
12.79644532757932 31.12836986635521 98.48267157867615
135.9912099361771 78.17795127540698 30.57056614813053
60.35817309811443 86.41608103763869 184.3882486131112
45.79892891671393 74.34140705675638 40.44891545209993
152.4866386398797 133.08362818049 103.6658978913291
129.7301880687169 170.0490085527569 89.80886244735598
159.1246100028182 42.15842375470463 172.3687205888743
8.647008279767656 133.9044847886149 60.48299872299395
58.71950314046077 55.8033611929752 51.93355368414832
119.7682707794007 159.4465348807129 154.162971292717
113.016198201593 125.6324727117758 22.06626025693866
136.1697575244754 109.9313622330217 51.95723434469342
77.7834021493524 189.8771146209736 6.820389359965021
9.633688619516818 28.76104502110818 156.9894979772492
79.81772789190946 49.50800586793023 6.356323823512831
1.620628181438355 60.31923084548355 135.1049303059918
67.4056737973868 154.5267562149249 29.66974880791855
50.39993105297192 96.8961082634241 48.31856011576959
144.9487870867324 100.7236080179509 30.22933830498275
101.8301397073331 86.68221382272218 49.17845170419272
130.9063111426439 19.03068824415551 161.3561307648989
197.2873538604751 196.2152637755083 74.62802309225113
165.2582894041275 42.58594764431324 46.10816279553904
165.3491403359255 128.3214654645052 194.0572692651602
179.3534754806667 158.2318262815729 96.96784478471227
9.975248543900706 154.678923321142 36.74274584475377
135.3298399841354 187.551582486422 11.4122783134412
56.45542325474389 77.7844850621962 61.98413324628152
132.457991044021 189.288214144115 117.5719700030431
11.70265262865282 111.886352128816 50.8159989144012
20.03274311188357 181.9404475242498 196.7288193733762
167.5942452252474 199.6453779489897 49.24787716048586
91.26029482330338 113.3750468606228 20.00185646639954
167.4488150297475 99.42156536272888 190.9054734690427
118.3480105355645 112.6959240028401 68.3478832364184
191.3531958259366 144.9703437786505 152.348730274008
6.324880350298927 50.86432922065529 54.77961436581211
92.17360829654002 124.7549626050834 41.38158653768476
19.68497990695212 40.9145650275287 138.5599937514205
138.5741334634309 50.12444621036556 81.49590963970473
73.08913043632523 186.1365435825192 122.7488976868834
82.27333049010288 46.39087705744245 182.1705613788482
38.95580036776073 75.43492104233096 138.0836079799814
14.0514146758792 151.797031599965 199.1738395028176
164.6865288979336 174.9311705181976 122.5367324730568
149.664144536738 9.146395532995127 135.1058760789251
53.61196585746686 51.92610756835428 102.0155705020391
159.3409952924027 45.14611267798603 69.94626693322849
191.984450928846 144.023170896621 116.5767335058036
109.6271113067779 24.50591401425045 149.9638490877328
196.5919439423268 15.93479299895891 1.859877418857846
80.28626257484026 116.907225270549 182.6123762865692
159.0743859778136 192.4611967474113 10.58190917888414
193.825806128049 137.3670460829549 19.42534375343866
44.28655525552055 158.6164768005669 35.77480124438043
196.1067249134183 74.09023182063251 18.99434345278416
18.48781390936499 8.35753962627852 38.29649028534692
86.79204217738992 183.4560658272171 102.8869681509587
85.78836973692327 197.1114106946018 45.79266903823294
189.9252539536318 92.05554675398693 185.5714509095966
4.811842929754413 98.47050069076683 127.3222990830871
63.2341143940145 43.69413523435655 167.3519221726286
187.7759573363169 33.90171456973592 43.4261341461186
31.4819045944269 136.2981316521299 134.2090577259295
37.61815877439416 6.45255508149836 148.4658043085614
101.7231978364151 4.937326115670637 137.9689883635942
188.1065537134656 90.29341777694168 109.4917782616596
19.55020285253281 102.7207451400538 29.80859922388126
157.0935029735717 15.1447765136452 2.140273537833378
92.11357410866221 132.7777292236479 120.0798158436891
105.8035331535591 56.69389125163934 173.0605060804866
168.3463729669301 65.13330554553575 175.2494134723568
94.92741232570714 128.3513144684465 143.7767999096375
123.7823136288037 99.67221008047061 195.5352572434304
156.2246290359888 184.2251468609306 145.4408666741276
60.54472043949279 165.7693880042845 52.2860549416435
48.48336187387301 155.1586293467903 135.603638702461
28.08980687231589 40.38260734461679 19.85205233465615
176.4834728556423 134.4341940627132 100.5467168334374
144.5195654104753 185.6371495586818 189.0285617005657
125.8169871213289 9.726428819705735 139.5411013760593
178.6744788544988 110.2355312720038 168.8470346194185
190.3620855636987 11.27831470913171 178.8887711423998
146.0421422021337 8.312909561380518 111.1197795446526
23.73035792668463 73.4643977582071 100.8581268921209
131.301631615004 9.669130578043525 44.71628560571195
157.2781614913147 183.4452806346482 64.10817737575834
177.3553869565203 184.0486314442206 86.72221359680179
18.3413174554884 134.8408703521022 113.8443844744977
41.82486277222442 41.09503994488985 61.26760699860144
178.9429389128672 79.31750133098144 89.85365817736776
34.29222400409787 166.059463682816 154.3185147266956
68.81804398342899 97.18595837992352 140.1950856281573
10.47328034032337 187.6872543996695 116.1446618198016
7.583844098679664 140.526746247616 134.8520610644344
180.2998278573098 127.6738838641915 136.0476550946443
145.9136531194629 157.8242573780284 163.2619833925107
60.70986173510101 14.21705264690489 110.6317370815423
57.28436894522297 14.21497085032571 9.937900365058873
82.15409058338031 171.8988589484212 37.95767489404295
104.2212013285843 88.3617247441445 145.9011243535043
191.4711473412706 141.3426918499578 45.02365134139517
46.58175038387265 135.1387577379044 77.20261157573967
35.27185963525298 124.0841315421443 180.3775649266101
157.8499706392415 136.8511125989287 137.1735462010333
160.5533899595761 114.8661946462842 127.237714822531
189.0685402362313 173.0782332546167 151.3458839135514
114.7304687943541 90.75035331425232 124.1819949626294
4.736398737601175 187.5377439594163 139.730762555221
145.2130630835539 110.1654893997672 106.9274063443732
159.1928911479024 56.479069476833 151.1557880716032
63.29777978193315 188.2403490283068 43.51293012416819
75.61999650543332 62.21093610893051 68.1332931310901
188.466755527882 138.9678712565247 195.8079532048034
66.16559707493688 114.6612900905523 90.04673000139952
15.22222292763686 80.19463210702935 139.6689506026369
188.3311832026387 165.4650029382016 75.65781043621534
81.734572355818 13.77705726356282 98.35688899187942
7.888580234742046 41.15851516526855 76.95618938231856
139.1091119732222 86.92797292192022 95.56051413824639
140.6442933847905 162.4558078524099 41.34386261945433
59.46161394530579 170.9470795622505 166.7663248132302
109.8065792432905 184.2724750088948 110.5508703387375
162.4135151539656 81.31688546972535 158.1910383570512
65.16532757735274 151.9810406100146 73.12752698784711
68.79578904280537 17.2091506671501 133.3347820602948
158.4190773667536 115.450319519163 44.01982228070337
139.6547793608903 164.3664557246131 17.16226449351919
56.60528989852062 143.132309170821 161.6065605605287
90.24670743103779 147.960079546368 34.60321561017815
170.3624627103636 134.6038765179771 35.15862068117899
75.2164298019394 150.2694832814271 95.54629280007798
119.3093777524737 137.9100481948904 114.8572171987717
163.4321355122652 96.86009867041101 97.94542099008616
55.32477365091493 21.27802590478294 64.91475823153952
13.40022572855201 18.93192074815495 178.8382186662852
97.98563373539665 118.7499149791845 166.1177376003133
8.491940666879056 99.5394148177412 152.704021334027
27.08433683490368 153.0357333944187 19.60209839793236
66.91417633986596 108.701515720479 118.934938894438
80.54463105447114 73.74169393924203 13.43267161059221
176.3876462508186 100.1789897039881 77.68507933362096
118.1541751657544 182.5523782265329 162.8177186920364
4.12847274931609 196.5768630798343 15.94603777911299
195.5779344132422 21.55310785180316 112.6455702441894
133.2305149786027 104.9625792147389 130.8807184587609
149.5677445570149 136.126301370652 75.07544512688563
16.371541944529 195.0393042824221 175.6688333007571
167.0368154458364 50.35297748936962 122.9665662725187
82.15901865979555 155.5209548672171 56.19773121799852
171.2961754861347 105.6723547058018 25.90460458512985
129.6641800225944 199.5468889015751 175.7893763206814
198.9672857280139 193.1333378852987 192.4804133021086
96.32460575533031 85.79863164366418 109.1773748773542
144.9649959460971 65.28693713183705 168.7338715749963
197.9755161817287 50.93879492389568 190.4659638815714
69.03193745981135 158.8958651508352 147.9906891757848
142.6165854748859 51.24366191128574 123.9057916373482
138.9278080293676 63.2023929388828 101.9499416775492
93.79577343562974 68.85852075279911 155.8488001783373
62.07775563957175 36.91114655176928 119.0999236703217
191.911636421541 44.91731176222603 118.0594822486764
59.79974932757 197.5805099698393 192.4380443533715
180.407920911757 89.95189781815904 9.124980578335828
180.5490108472441 158.2734069436286 169.5468170376596
30.67343774673623 34.81438167483866 82.46736613197338
23.6730625265865 173.8792329636333 63.68404769782055
112.808680185467 69.15574095622523 61.90636659655259
181.5957839645131 66.77582725849454 154.9982710713697
169.7964905709812 29.99620802057718 25.85471533339953
82.6263787787785 129.7805455638445 4.314873262416988
137.9813132171565 94.72251080289912 70.76437177551544
38.89653026090404 166.8642383107797 194.917055158655
74.20421865537816 110.1020300805082 49.27441467212211
35.83536280783522 77.69843505828938 76.15947496341973
65.95080591140542 122.6046471648771 150.4957160749191
34.58478726561268 146.7910636299875 171.8298532240396
149.1870935014602 146.939132056444 3.210748758994036
185.6277599425792 53.65321872757778 11.19520498987683
51.58522425732563 98.97459648479183 101.4463587944513
6.285540090056116 76.32889194062403 117.4565589865939
173.7310424171166 31.53946386881208 109.1629031852434
157.3400571571176 123.8584705416648 17.70411487800764
57.5533064565408 191.3513677593142 20.13525511012187
191.0409317599986 81.90158598431883 138.5169884473844
93.3225011606615 57.64758226859141 26.36345253691495
29.05191737590215 99.49237633490498 128.300201113879
181.3812619749405 183.7078271719812 61.26613558998147
44.26373772287351 49.98924278518857 129.132161878064
171.2724724788383 143.040518819162 12.43911196250391
39.80672207708946 48.96291969846189 170.9264834761496
18.70307457315198 63.3883221014202 188.3415848227064
187.1161850676078 4.027927776073307 142.441178172285
98.28373822461812 5.31999940423076 113.9313940648284
112.5958749249415 71.73911628222534 30.79944496442422
70.4509480424705 135.1805855084529 43.97356800472613
127.1648550673178 32.94726219426663 50.15214003304453
37.70260728679474 18.06882509975524 23.75117100281685
0.04128685359061954 128.8576461032326 99.05172742062105
55.66392659446115 51.13799426415923 189.1915578267078
112.3049304706781 187.4415065576753 19.0269569552577
132.3461677685563 55.12296404353529 58.56797462502375
91.12371351047085 161.3911984054319 157.7345513856831
149.9488961674543 140.5258879516419 179.8080938807567
163.9583862070671 117.964290462111 151.1531388756667
20.03022352138295 30.70169850458981 58.71160704564661
124.6222211485469 162.1917343236393 59.84908373803669
49.37288823511024 28.78275496832634 180.573226873549
36.33523622967123 142.7632236710556 195.8146381502941
6.400208058480466 192.7522023782875 52.39427005387546
178.353002009512 133.8956540383955 174.3179679916735
192.2387067894581 61.22993513649435 80.57344960683328
0.3829150028381024 112.239278261689 81.35271944658584
98.92944291930264 131.9862327030417 186.4504911033451
105.7870183918102 41.55419155483784 130.3734430505185
75.58713544328553 82.60651131651483 121.949728566573
116.8182120295063 16.03875572312968 188.126268024351
188.3312281050352 89.236412427562 161.4861932197526
136.6910824832306 120.2985779983844 160.0359075948109
85.16369486676756 88.39421529579619 194.6666487429422
116.4155657576805 161.0632257384262 108.1408365505998
82.92369645012261 16.73071122665427 61.85870108100012
5.629263025192576 157.9738319700682 60.39401493288815
130.880808873851 96.73990081823638 153.6047929045534
115.5730266477698 34.50421607180775 172.0489558288978
164.919123694741 32.89099458157186 150.6873463710434
90.33359482882136 160.5736524280452 182.2757254464212
65.8780576638362 125.7481129948496 65.86519883484661
173.9705138258645 47.44944542302972 190.8525112984931
152.5072417549357 160.3577063389735 140.0297778502793
153.6527451845202 43.9684225153886 103.552484783497
128.7223272030188 142.0667090872809 46.89558288107451
168.8459371374994 151.9574278599045 189.8634681301366
41.88306448003121 90.22326791124968 169.1174003253885
122.2744109411602 149.1433683514611 24.59826406127562
51.39914399121047 58.76248969745192 150.5994047100526
172.4661972130025 3.253425087269168 72.76580605672983
6.402470116227654 56.40964377887232 100.845708913427
120.0506955833578 15.46885384053322 65.4306013339832
163.1603426269469 152.2598850226821 114.0142016928548
103.1779321149897 199.4042182519628 199.9877519391379
2.362563260513097 109.3919688249712 174.031473940476
198.2068024540624 162.8606533311268 131.3039617049441
45.35148548585835 34.68480692509537 3.767850631834657
10.72608123901679 162.6650117883276 84.60687470873039
133.909155600364 147.6307623255835 98.08123557388555
