3 1024 8.664356800870461 0.65285 1.4 1 1 200 200 200
16.06537866706634 32.44398312277622 118.5065480798963
62.65233555042577 4.369863665744278 40.12645541580055
155.7002830924999 2.689226939071458 193.4380189540707
88.66078556764654 92.85144372000499 139.6375171916751
75.26097067199042 79.72814033773011 117.5124598749807
143.5024393581292 170.9909019453819 65.52677676985
72.54338904838983 71.89226424886472 80.11709549919608
95.70611449977908 122.7416343413179 86.02825331646211
11.9108878783247 114.0658640285375 148.0522513923284
0.4278970405830814 38.13906776711728 88.2920304684791
38.16115193016482 156.3722476818818 7.06483306051947
116.3416145697429 136.8715266084828 141.3411890713008
54.86846054811353 156.4232897967984 2.469979758165252
47.4813009103181 174.3846361068705 72.95020627937106
116.2839995064405 70.32512077035499 133.5061158278691
185.1691287977048 181.4007687579854 155.2215735195019
167.9457842251404 124.6396119002794 64.79038215616407
165.5688356023754 35.33177697551945 161.071359371526
182.2781525578594 123.6567816695363 126.0324414647042
126.7221339775187 22.51978210032344 107.660483189824
24.84180590683645 117.9831251192912 71.59383665616583
69.11224327033239 75.59386090333292 172.4112334224917
137.8733327541953 25.13084570850063 33.25940671353349
55.02156779807172 83.74704583347975 166.4733782149724
126.7600300690816 105.6911575716849 45.65436827635874
59.50231562535418 49.17511600719474 102.0556815645528
195.7671745558165 9.36355670548031 95.08205520360539
144.7382735480628 7.124620953257042 30.5493025338075
199.4263394432501 132.949892022785 137.3458194127718
141.3106527151974 10.88685093541242 79.57211187888164
138.6833589190048 89.46579332537318 36.52701946344325
95.07183589079867 70.05729983537088 146.3543470600654
183.1263113284178 94.27524124289327 99.43817981496512
9.08957336149199 120.1199371062522 60.49597853881328
39.15268358634717 95.94599403110573 188.4882776684711
158.5168246649401 24.07307576834582 172.1969722818175
28.86939261467626 179.4636690903084 48.98565317118673
85.48342155235109 185.1709171557472 139.7681428905416
142.7612819413657 198.6485144726865 174.2786124548241
130.1996870979425 45.69696953873493 37.93809930507941
15.47147896689434 11.59642921603503 85.00142404968028
193.6196811207622 108.0630448455783 99.64538028702545
183.6248369040765 169.3673078961934 192.0037078722337
181.3214523017094 157.5807562432766 12.92038378343548
110.7850077526517 15.10583014720922 100.7267666500741
31.45420108448255 124.6929590292521 8.340614111197404
88.58756509357666 105.3864467235322 53.29089707921763
93.61211079483162 164.9149170251455 14.93277621217903
184.0071060298201 94.50696026882362 199.0545856142081
112.9357770506531 44.56335613109275 38.90411479355981
140.3653923343376 11.26647982804709 4.614243978593829
32.1220403730755 139.2612209668922 152.7164856561852
30.75280123628104 18.27584540827991 89.70787436939443
174.3317602297814 182.9759658398652 42.78672362678803
115.1539901321152 192.1838308794544 151.7225796822595
140.8680591438334 153.0699940245104 21.66838736297127
33.15953769948486 13.74469319573675 170.7046147201731
6.911792350459532 23.30845374541181 94.47997204481274
182.7612815862408 122.6917737984787 80.16884274268293
61.86950562371153 25.35678820158349 170.3280207662056
166.1013489727694 14.07794046342816 158.8226002197075
181.9632015801549 195.2630700985736 145.331012941265
125.4676311449445 10.22298827426828 138.6223097865453
88.28607570954338 195.6020080706935 43.77556838886699
68.10649922317891 122.0969871366055 103.7182154590703
197.9593291092349 86.29665207670814 192.872073484941
8.614199486468745 117.8695780409481 77.6712599349186
160.5330242003006 33.44165844653828 61.51230405482832
34.65568514932458 46.98612450950878 81.02122608682471
197.5223368494889 36.51696653712128 26.10112257817576
174.7419093800094 39.14071604917574 120.9786848086932
140.7548853734921 53.72956220407929 149.3453507538341
8.676859445775355 106.9663094264188 91.13948467710338
125.9887987359488 186.896147344385 116.0828682884738
46.22969245100258 47.43626531166511 186.7287041102576
58.50660991077893 195.41444849294 129.6845477014402
84.76097410996974 82.99896464032712 170.0651448273964
4.695411057908815 20.74294651132769 26.08359344856087
84.07712551668602 93.62178574129746 122.9442629114506
56.38231155834657 171.0001264757174 48.77292252846746
110.3529459555856 95.10652403378674 24.60368831261629
120.6557222010839 145.7428252129637 68.75764232765771
24.98386642849904 25.98563629677851 141.6389904475743
143.4849639919512 21.47025440504082 103.3965107367789
95.75067492109349 163.1564808414609 40.32507162157591
147.968421093855 25.72000893522444 135.1212277591575
172.2300078837109 43.5074229939721 26.47288588796221
51.22430270481419 136.4742086252885 151.490545692229
130.4761635550413 26.20975177689551 134.1927810341748
95.97642714461848 167.1267818518066 57.19078030546046
9.964682734648878 107.3984697129369 163.9280765974747
21.39816693419808 104.0609791253548 176.5145904286504
16.24694505355733 148.4981651043938 71.12204271090873
13.84199998113097 59.20180878432638 43.2931085136972
184.2711317956973 197.0985678142861 44.21812359561647
176.1112792480981 69.25244681134799 114.0982763613742
113.7605384923588 183.7695168888734 82.74524547951523
91.2366902218851 161.2378920782669 185.5618296378803
181.4967598942714 122.1355888260689 31.87525833271433
196.5981167415287 165.2090347945104 4.557513580939184
196.0677000740367 128.9990679423197 185.6014814080253
4.848365341393258 116.1484431312618 177.9831239659118
165.092887005597 22.03310620731507 188.0993548806261
85.42643970828574 83.33939484646834 78.31080641698652
81.79329688859077 70.79842011994732 157.4635617908625
60.27558705328964 37.43166128265943 185.0247924466002
128.1082742999058 140.9224686845907 126.4438388269916
159.2711332006962 37.06646274509475 128.5040256940807
11.00172548246936 6.609891219203351 64.29117403662958
83.55926881513344 188.1820302538532 58.70456437320612
100.7833720455564 137.5159759571712 77.79190786971063
8.372536543826305 37.05229256332529 133.3340554369095
2.038196274505919 105.5446494627893 66.66942819545547
90.74283346959884 156.8372318071018 96.01482376288115
36.88425298526653 36.24967179995055 148.939805389777
78.81808557337092 182.847253522442 100.2246623610602
116.0753312235156 71.93974899779656 68.38582417465513
145.4761302852449 20.40336652476359 18.42278195638172
119.5298113260517 3.870764726121689 39.25291442246159
140.367644878449 72.53405785561266 2.492819945417574
57.74694247311764 15.62481168636722 3.316089019827812
49.60893583058392 131.0296530686996 41.30489879704963
72.20495332776439 85.20612771860768 158.3285024794642
184.1088176636647 34.26101124629481 15.36496411813802
124.6605936825193 16.04842466890592 199.0684703762695
14.66313956118422 145.9732698598873 34.17065092725456
108.7358307431869 157.1537552567907 11.5698269659636
115.7749963577633 34.02490269679723 100.7276183663824
26.40507906962632 19.05426547167813 122.2593278339622
68.50614622191297 140.7759672226721 69.89694760059918
2.705308550675356 53.49740434030434 103.7737720952327
1.804524508415881 25.76847035424837 144.7266217070604
121.0026076563148 50.97082046369046 125.2515046314938
37.47978922846951 62.72508522183843 5.488356792311876
95.30067036626946 195.9372742591135 130.3881842344042
176.038029565117 3.274244391423837 186.1473391358547
0.8358702426466655 151.6602447585062 78.38668900385998
166.7116853662832 21.92301463695504 50.13603647102341
174.330481646798 17.16127921919239 173.757690384758
167.1583651999848 77.24992505756869 36.25723921463733
52.9819362878799 29.92608632006619 150.0015305410737
105.4944826994585 138.5295195690468 61.14768903383522
155.917388303777 174.3805789832801 77.13122723950501
76.78008630718868 10.10285251709798 164.1131041405392
21.85725843787466 73.4572727945725 37.56481273396477
59.36947719895124 19.40346845430329 99.23837285422418
182.1603547453017 127.5803871105159 195.8411450490689
58.28520117770661 127.7202475658594 64.86174944415147
129.8357599641105 39.52995610438148 148.2698134941065
136.0044647721231 13.01465010153021 45.50598183020804
85.35273743342415 20.19123111744884 149.0278720421771
5.064167327567322 129.935170119083 0.3822389583145651
13.33827521889787 25.06741065045284 61.31140270375604
167.1973513459763 159.0145929370171 44.12467560126817
103.7463376891588 170.8627074850948 72.22207185599949
193.0920416922592 177.0997159648261 118.4201734646105
58.59167381653132 165.0720742074386 139.3753990878487
154.6149679090284 20.81991439086965 1.848083921842965
195.6339834815789 4.367870423900036 158.7058570774939
5.368864480217138 14.30684319513999 49.8237001187152
55.86885059215534 84.33291809090098 94.42162369565641
181.964783070732 170.1802388511321 98.27046070534425
14.39044964263224 159.979981274688 85.26584498265838
84.14309797827684 157.9975813360655 154.1234969218204
52.08992604528296 138.858885031244 76.60190707647517
188.4276138886953 4.026471542069382 0.02939818976682554
99.03355323994622 116.9890301162419 29.73591969757167
187.130479808766 177.0370791802694 64.35225047331416
63.04953406379775 144.9731040108108 192.3593693766016
170.4260084259356 26.42713474151349 73.88950160514436
126.7669525939675 139.9752660162432 84.16744942449434
172.4885589393132 72.85240944238977 167.8695982782448
89.02307148002565 108.8111470041724 165.5918781107903
107.036024590051 99.69658588636378 149.2018790822008
126.3797142956154 41.60468507302585 81.64318467857264
16.90644106171919 53.98040887087357 73.00729823491626
61.71456019413598 64.09628152316343 129.5672467289388
187.2438308904801 143.4006969009186 130.8160722145806
38.12246615180968 110.0038120101451 198.5672742398936
33.3784390221058 106.1101195122535 62.29711392957659
39.48271771963839 32.63002131327317 72.38670920773411
165.4045380102546 198.8529095195607 148.9630840966593
188.6668833547958 119.7620742771216 172.9448962716279
92.97610803548191 60.22074172807316 121.1241826319817
142.9624746876828 79.31717145797467 94.6721232490315
143.9095592855489 87.25775575938702 66.94070274934869
180.6140083127088 142.5064802087223 146.8008184225835
38.42804117338881 174.5825680041445 20.6892183027224
45.9309268827348 146.7593681566819 190.3483404693362
155.2425742406455 91.87572370303012 41.02888857840949
104.9453362350421 14.53985308125322 167.2673565487372
21.37207131662109 131.0348227853508 82.45166125242331
39.54833862615179 30.54760623949549 28.20277126298904
28.02295837711319 37.4909815599131 99.14216716839262
20.02557293318091 132.9866486197695 64.38492362805367
92.97787205140027 104.8437025651263 188.5025255703935
120.3298398954157 55.64795004835963 72.57547584769473
58.59793736666067 169.208616554393 31.68070758862957
43.36255788842119 182.2461654596709 58.06744748606594
185.4835448184026 124.3842150530048 143.0461897547113
18.87722433095293 163.9350434504931 171.5974355243766
154.9280066770023 184.1305495165739 46.84605770138798
114.6449760585948 144.80961615425 0.9408905821316514
25.26202088439272 75.1692231571384 159.6885974271077
0.2560870308370807 34.13962481791548 9.078035704208359
7.896869124892678 146.9502032986199 50.09369300508175
40.04704820534847 67.5462638485625 129.8919725774184
61.76889474929644 127.1156975787612 141.4152537005128
107.4288271973506 175.6497219835456 11.40716715477993
114.8339994370528 83.40945701433431 100.2509056445199
144.0278505799461 173.5158738396948 118.7587479818567
123.3057525065153 34.83956076482275 119.3580911931027
56.89436105504778 115.7366641623588 44.95469891698207
47.15785615726551 100.1821124391586 9.620691523807556
50.15953515217772 161.2385248968372 18.81222678033798
66.73241733563167 90.28094303411702 181.294260220595
151.1503254470821 0.9827461865704747 45.42996351200991
105.3483437183466 111.8738621111129 173.7993129261207
185.8780033327913 194.3908154678878 92.95071758809574
191.1767404697006 78.68777568216404 178.8584808884592
146.9027701431748 168.0289295244764 14.0114837133704
31.3412272294104 156.6107031817 86.51638877901031
116.2747985056612 110.2695871257801 58.66859537270442
112.281129171564 196.8732941702462 119.6647953564004
94.11221918834516 57.3074080733224 104.0802283145465
61.05513960809665 90.38790443048836 6.264088748607561
94.16215477963344 100.3677165333805 27.83732833735705
117.2304218704756 36.92123804605298 199.7948981262792
94.27383354376063 155.639855521528 167.9825342030927
144.4482109191915 107.2169305909248 11.3578045874387
101.9988247241042 83.66343860657896 154.5477618195494
39.84601297088523 18.98964018625015 147.1556154139497
193.8293190089667 74.37036897343238 71.5193662563839
26.86314250957961 63.82419182134143 24.05838635218874
62.6660543487222 34.75896388300214 51.88195064620092
81.47723629849537 98.42924086633315 177.2347985786527
112.8241865226148 85.49109899906695 141.141064022431
97.63063012516723 25.36906747668472 107.1890072686702
145.9028482371708 165.6846084491958 192.4157837668763
1.931635840076277 28.89346558115876 41.12344220023874
132.0999906682847 171.9686879777689 22.78514573193312
151.8180991865327 18.72062640878296 41.30507904744693
98.95016712004349 92.54877551050093 84.01822007556844
115.1571389819483 115.0135570871798 35.76862767791846
194.0396352144274 109.7058943909673 82.27775952920442
27.91688747546198 25.08145818550614 158.6934995136352
46.17878733275226 84.58972290417748 199.5309033901277
95.53593058277502 26.93027246571921 57.90865288219118
127.5591090985013 112.1259419714019 182.0672659950094
12.08735944673644 172.4568790228676 1.758881296744979
196.9826810701243 147.9907002166217 148.3072021711734
105.027312104062 197.3370848241745 164.8060550515432
11.49788433190823 145.2348294930725 139.252082380887
89.59569349923771 178.4324402821938 45.71270334534476
60.41864564582944 21.53606944538856 40.9099443012239
22.48458267748365 26.67429871581914 198.0925573570131
33.59285817798379 33.48807718713521 115.0554352778802
142.5639740454163 96.0595209186979 52.07483299006108
120.260892244954 175.643507111706 152.5064834900597
75.6001273679952 18.87621714829721 105.2830839782019
156.1089778779961 25.46949595978599 150.4164394822665
33.30628062583941 194.21821282902 67.46750236086616
199.8621801976216 131.6560515930697 51.43789626019701
15.04672231277667 37.93665005312782 149.3007115712833
78.53322718431394 30.18059618779278 57.12899759165762
152.4022608615678 53.31787339696638 170.506990490305
183.6954176249936 174.6616034226252 11.22434844885995
78.70050820759486 166.1673126907802 85.63689208351229
64.85547170820446 16.54755967359783 56.90045089575698
170.1591081070945 113.1941888724592 160.895958484841
130.1420467622991 77.32537860034911 106.1591792938513
140.3208888285344 138.6695707247154 31.29176988330801
131.3268747332193 140.4504071789009 199.2146347026383
113.1544855650944 187.0180846433318 197.3745593000561
199.0897404887423 193.6996263929906 121.2440970822654
83.30521542617971 96.42308165426257 67.14861293224145
80.55600597982344 56.51689610549688 167.1993361854974
180.8755614773375 186.4412195222052 182.9007207941255
180.3723305237496 104.8437801045569 31.95403919020603
178.5069215578418 137.893465928092 116.9023151907803
9.702478126250593 98.28323480507962 188.5476431991375
190.3999740907232 93.83960177695172 137.786653318496
149.8643531759203 76.24537147234828 35.82927709211883
133.3980891553128 47.54152104042669 64.5888234057801
79.62928469168952 103.2369688937084 108.2602762578818
177.3226110165851 74.0031223944256 15.93734408286104
38.20306084618608 179.247350294532 189.2779291425171
25.91344387118976 123.6255350949694 25.08863332162952
137.3078854650474 196.4158634228209 13.00417375787878
156.5188837021076 48.50586265003732 154.3768201104281
25.14481517013716 51.9877739392718 11.51943771782407
43.23807027178422 123.4131439951842 24.78539004587513
44.8197597605615 64.43984150000887 189.7557007684146
142.3367176698796 65.11612832085372 104.5820272145861
108.2857305529709 156.6418640552531 63.4217640334935
149.5309366649167 167.3959137237354 49.68330967408528
39.79990493354003 83.93283713697215 100.8941955326594
130.3565456555144 156.8441028703071 35.03822143956769
116.1175671284627 2.719596524511685 6.283252829940778
117.4684584820587 98.09665021318216 183.3486205459669
30.95959283022358 176.1460138706503 4.711223279297537
48.52909760112995 191.5873881079712 76.2957037319831
34.28764097255064 139.8722585872418 89.89160299242201
77.61721480776635 142.4213326187719 31.90241939671538
151.8508389430196 197.0644115414403 159.6107400312021
34.57221631919459 160.3179512837699 108.3331476908092
180.725599644196 136.2413250443726 63.25468272420867
159.1702613741909 165.6162115526836 115.8309354923048
178.3364753299534 95.88555410303307 17.26103561238971
6.290675518343786 134.7988897638476 74.7937269108976
32.45695595616162 130.6648110610747 186.440748032231
80.26363190152072 129.3530449574311 113.7092937643222
139.9755130626349 110.4955093149146 170.0901361613704
92.84050240995306 48.83277204111796 184.1743855278498
184.6914071312347 165.2579930466093 51.878899453896
85.28746759627845 174.1112174243108 68.90557466147916
55.29642795107232 73.22423825507862 81.13461750186339
42.8015341251386 155.665715590771 73.55305459308514
190.9155471672867 131.5748965640986 10.25177776825386
149.4047802872615 150.6073134808795 41.34279494257944
198.6962672895496 198.9096949443962 54.1463632716039
72.90750480759603 30.05145526726664 4.981758562957901
91.6537980445312 38.39870039681814 97.25826374914696
135.3963277135928 94.30584150864185 182.1574223677014
82.93916234315783 127.6342224173628 96.67492011918372
77.53984484423557 109.3646368231219 195.0958199828696
48.44539693031672 82.61839177317675 182.4652378918762
55.07070677554078 194.6775012990991 112.716570009443
31.29184851531261 142.8153084255881 198.7400401465515
185.2562365832073 147.9483372076044 51.30944693175739
112.1234011338355 122.4691662005108 92.60568096924919
113.4689082399257 83.60814967660832 80.92925212951062
145.827528529967 90.20777730986759 196.2707901118729
67.0272784396462 107.8691769326252 10.46999239334021
12.97202672168501 82.54612681173276 1.405444690614989
191.7104913712165 39.96438981262224 165.6601301858857
111.9489433900996 41.03042676709963 152.0264595456207
62.84936031032704 182.5662839501564 21.49566364688603
161.2970477394991 32.78972368659402 37.77226154863917
76.88210160557828 173.9293445413619 129.7719708942561
193.931503430533 125.6124649277861 66.84780254533018
130.4509503079881 120.9590934711946 196.7727744592902
125.5250346318058 10.59495395762241 175.1820701302669
56.21252047309186 32.756136749256 1.208332965000025
11.67611559654202 19.46375369748685 184.5847226818735
128.3381981609874 124.2897985877276 29.40704792295509
9.573186445547931 197.4255231753282 151.1043742905177
18.19476630004898 130.2149710619279 147.7504546725244
140.0340491423025 182.8196427638966 180.7809720775752
66.71380462663188 20.30219561049454 154.3707205097848
135.1731297829865 196.4959036974534 40.33812638571637
133.9839502233686 149.8030655518282 141.7941569694355
102.9506741931828 107.8437138557696 91.11279958847466
70.98080667192025 0.3717209260339772 54.78635118294652
73.86152014018614 173.5626297901043 11.6001221506888
149.1250662644017 146.9565164764423 182.8075867392384
83.3544686769623 39.27220570888693 15.38046428292716
145.2792066122125 165.4141753159855 33.00171945543473
13.94450261189512 13.98792285243931 148.4846949858747
108.8154703293521 130.923563139659 32.96473891126387
156.9444271680474 113.369725782025 172.1039846499448
160.3203557882589 7.674752150810757 177.4981351519064
87.07996075131321 93.97254608632559 156.8566801637282
166.6319392980623 29.57636301700095 104.51525204879
51.6014388613956 158.8309906864873 112.1595990372581
182.5807814247582 185.0406529631838 107.1624510464812
12.91334836979561 119.0105860273589 12.85920665197246
133.1301122469745 167.830178582083 140.619545494485
163.703016953704 186.3360991651372 137.100670002736
68.15495042075324 185.1065374010074 139.7311790573511
21.8478098298853 65.58463379467247 173.715186483861
165.1737394608248 170.009972449045 131.4813020414362
189.6452331560148 138.4378334246607 77.9477886116107
181.5904793697883 83.99374397876475 29.43747618040159
101.6991819608194 25.41492077646485 154.1726007511009
20.90071439461757 153.6558615423334 100.027257092117
69.18905952812996 158.9927597070514 124.5288532698059
9.87944357973368 154.3481103739446 2.122839331587186
196.5472195242755 157.2949799711927 42.06624501382026
69.60902756030539 15.48886819768785 83.39510363551348
92.54512401143865 6.981226453344491 157.6325537071308
43.72924812119161 164.9171515522779 58.93021182859697
89.24467447065894 72.88619936644102 109.9016098156006
7.904495961294437 0.8838392363420259 189.5745422082005
55.55262452876458 54.79263298026365 199.3477103238696
26.70895591370505 75.73630902460644 90.82695150579326
170.0482483357789 179.0017950040527 117.4933997661474
28.92964242455951 146.259101768088 137.1890423121665
129.7175769933728 90.48854386774387 94.89851626449034
138.8771493205768 27.24269970647487 119.0719173745099
101.7793573331955 97.08394537671006 165.5060145610138
188.8465675998621 28.19813555183656 133.4818533746834
109.883862506846 181.0191392445986 113.0950138265913
132.8484244551933 169.6761489784957 172.0698319519191
78.67908564596934 192.1216615283075 12.40912051233466
40.95849603678463 128.2752081640573 162.7897350781882
183.1311011448949 129.5296524607516 47.46145265117791
77.65190113480757 73.17355262876833 28.18297600311684
22.26591627730259 47.33943824862141 112.1855811623786
169.449176785861 51.63485485012456 165.4800300827987
91.10655849602361 14.47938189306043 181.351101988323
21.95705791765315 61.84502869789004 58.41551936635825
109.184089645622 8.451226741628451 151.6075018787619
55.01041923527246 100.0908272878653 172.22986094105
120.29139739811 132.3598852198785 188.582343359678
135.866248998851 112.6150836883204 111.244047454832
105.1317815898108 160.5468902411291 105.5623975951415
111.9170528176418 167.559020578478 50.40965549210906
96.59371202574702 10.45213337491352 139.8559980139525
155.2762077702078 96.66616091931031 176.4008621122431
111.1537649873334 199.8393981003123 136.7001618034357
198.3755057312122 196.7424576814859 13.80767514154502
137.9312528364027 78.69336240351733 50.07847170185724
8.494227233239554 43.39639505271244 47.96925366321307
152.1526590056029 123.0814132263271 57.83226360400008
46.52510253858262 164.0480822659308 189.3348612590863
194.2464697478354 93.53089689777616 36.44710402071448
108.0591193671842 110.2784642763512 16.55338810752889
192.8961215212404 95.8263937718294 120.7541772293506
180.9980807159083 177.3916183932292 130.8270959172187
0.9930697549428892 93.55691871285129 105.6025483795058
166.8982134461177 54.06281144559858 116.9685813508173
196.0449502805562 31.97771009098149 180.4150525329924
32.20969613262911 141.9712417582426 72.81660495337768
8.887872241350108 35.22299902359391 191.5866382533469
176.5303227312939 36.28224610148093 55.48731411278391
130.1742966676105 162.0725463679458 156.7299348814346
50.27880386467977 86.0251954878869 19.11370659457386
32.59806557070184 182.9453382871584 80.6089365878284
137.0168247606848 69.73412859521851 167.2665635180057
63.70692919291622 44.28112187467572 124.253916395678
103.2491143323407 27.211526678731 90.88076550063818
36.60846075277247 36.52230819456236 196.1408145128217
124.5914146504457 54.71897621094907 141.7845902295477
131.3090405430723 84.85368292635631 78.59075523134705
10.96253364797282 38.36085546692236 102.0489833379891
93.13434047168877 108.8855796979311 144.4501530884562
15.15070486637059 111.8990100055414 31.93897941114683
197.1003179477151 143.9673374275025 63.31534223318841
69.75138820562775 1.021080684111421 0.04730161203476822
180.0057766357816 86.13483144108778 114.4141565235134
138.8069203031975 21.05704102966648 149.0707850147906
89.3372378847297 21.92247876451347 165.8026825310018
10.28748783448317 47.29981500743516 3.934542008473459
11.93692765173707 20.16041410416122 131.8362936153641
72.98641107436922 155.5779537565006 141.0873197006703
70.13019517363573 101.4888541180399 163.8804373850392
147.6126821618144 179.4264697632753 135.2415663230152
186.6399801842857 194.3054004344084 65.71040696933201
21.45511289188494 22.66682212717204 105.2539883367135
47.39487825465419 19.59388455766999 162.7413980942656
113.2729728917072 67.30815948714138 150.3019681086299
122.1041525835511 196.7460748420224 54.83717269346874
6.383672016739636 146.4103249763435 93.94120882628803
180.063568766866 133.0923168529258 161.338182524196
9.423210606916145 98.90968154286902 5.867160724405058
41.48304101947131 70.06404841861064 148.7536466915509
180.2937700228347 66.87331617528554 31.77829694040454
76.77378048521319 172.1241039123555 147.310783709692
64.12622890206106 76.18228402107185 15.7006565700991
117.9083101502279 124.0444130159919 173.3206065851379
41.48521840969985 170.4831626563337 88.73209398849025
70.12961254769429 183.8047913359503 198.1183055181968
180.5029734459628 133.9478722246343 179.8110982235624
189.4132000319149 0.8817184922896292 108.792252799815
58.09482987486501 33.32955023000564 111.1141270308277
129.9048032315693 171.4522425050754 189.0538243025619
64.89050569683985 2.573126249028586 72.58708293895255
128.9357224277319 180.593727753693 4.636639070607074
50.09537765514826 117.2528618532925 10.11197982776029
19.44673408075533 184.5982589544811 139.8603114433875
39.30393094740895 127.401844923042 78.9551985629096
24.37503241886568 96.21845564386291 197.5329618585201
98.53410117494103 194.3908883950071 147.3420260171752
162.0593766018786 173.1410313638099 35.50357836477722
13.16730589387877 75.52011580819662 52.41442880685592
151.7373230106717 127.1801589635946 162.8654305059683
15.44736569878021 180.5417519342207 81.20783278736671
113.1530770935296 22.04088325285394 141.6151184976719
45.40650663396686 173.5058961000187 105.3370587187711
27.57253383174734 199.356859892529 82.99166725378302
102.5568644457071 197.1629104114084 86.57545113263963
5.430442868978431 39.54018429688477 66.63012549423011
166.9420027134874 127.4911248804099 171.1701841011469
69.57639657378898 90.69487753521531 56.51225552048592
40.46702543735131 101.0774095436006 103.3234899865159
170.402076811976 11.16549432860493 0.5087487724569932
80.57225768620248 199.8186634678634 28.84307962277234
18.89709252706005 66.56826025746712 4.547778278021709
157.3488186976956 117.7396124278627 6.548246821437634
165.2860469940222 178.9197936882567 19.48872554481855
192.46600917672 73.76673473995994 117.693480731866
160.4549917065602 95.0808272841029 122.1941387581384
46.35836092269525 124.8210781744129 194.9779342442854
165.1721786687541 85.2630059933395 21.02166264338801
117.713980487223 37.79036646339225 136.0093646426833
1.913826556586322 65.46712588601579 7.807478601465742
193.5834391259633 33.21036742066637 55.68180637204637
88.20052999220601 129.1964369016032 35.558438158411
191.2932862002946 120.3912274948938 111.5984330088738
144.4124731092217 135.1417882971291 47.75663918577327
84.4664650631054 133.0845111287744 19.01088223765765
148.9901325616063 14.26321938836243 161.5531041458206
12.28789947957992 73.85039872115028 18.86958767996087
50.11098245033505 94.41933825681909 153.7353192668042
63.93576069791656 66.79153553017055 96.4669779305587
56.6325933781325 15.50322507651309 141.1184484635819
102.8406614514936 192.3201491880101 10.26338770768855
138.2677897286104 182.2298068013058 104.7814164575735
122.119639129061 119.2591592926557 11.871719230981
138.3576504598479 35.48027204782508 94.58439874530748
112.0797935882619 23.14881057996103 189.4990186965051
181.6415239068639 108.9952594568875 64.56268038966905
63.36054927526696 141.7769825759156 110.350433723737
124.5256150743266 166.9249224838011 121.6869369674225
92.18966622667293 160.9344131496578 135.1753444170124
190.8764432111906 146.9996046385838 196.3063418130719
80.42902040800128 113.6225378374612 127.3072215112295
198.3159524067426 58.38288750328365 84.03441645704211
67.13511521836321 51.99650250935301 18.6022581299239
146.6612197157685 97.33898821876681 84.9808494546038
58.84750761354577 156.4757579739235 174.3959555265249
101.6205935577036 47.11290481468492 9.007254781149356
57.80316806499081 176.1800007647114 121.8150147317835
89.81777157122436 145.3086527570839 49.28662894694012
6.640880800248562 73.84879265005675 102.1243014363159
39.27154586935962 128.2301811803904 136.6050915906215
97.14384884424931 147.8668527883059 26.30208117380547
58.46940587302456 4.959309740706143 172.5162602373737
161.4901643179851 146.3221094573363 108.4330628794109
159.4597524728811 130.5637365033793 28.55025625122799
128.6596505901039 159.8344521998979 6.25407144181989
150.801697098128 76.90672210830259 181.0821404343974
173.1954841174367 189.9939578431647 1.894320815145712
76.93953912070083 75.60429408075839 137.8236855696843
29.58640740272803 14.64060513904655 69.03679412618885
78.16691419223842 120.8311598376369 152.5514081791193
181.1422941775494 69.71080303842187 52.35931975841158
25.95210921539802 41.44945711330868 59.09623563984908
195.1874737595459 84.33465283896449 13.38714005682476
109.9081805499532 167.0262512204646 192.6494660906507
90.68933351608419 173.1055065121444 114.2451763648235
199.5442977869655 72.86598041900339 36.86863890441017
132.5098650591738 123.6222842517217 155.7948065136667
185.2512259655108 22.2856965870288 156.8203163752887
164.5113948026483 179.6045367351082 156.7786169490111
120.5841001399891 103.1458952745789 81.0377158386614
190.6869922119739 50.48578765274281 39.90494875027682
192.3611367527856 47.78739219250107 193.4099842870151
130.5174843403528 197.2774184559222 192.3047218507678
160.1666417158409 104.9189665244858 25.6020299892317
85.98157151162737 149.3146848302694 114.8070049343604
181.6009269943808 157.3378317825071 71.11632605275059
19.19400172544293 181.4617567534021 160.4137745746023
142.0820924020742 145.4398720466656 160.465720364913
83.34321117782348 55.27431134376101 86.40927053578012
186.0073753479974 24.45599948537965 196.9996624011241
105.5722766460125 15.97170389978017 73.5410804636392
98.93558658263667 73.14775448262499 91.50139404007845
47.56690958271665 138.2150307178705 10.83751228465247
155.626325154622 53.06685019940137 66.32531612904256
81.10173020990443 191.5211815922812 79.47609598651066
48.97384652682602 127.1894208524855 97.36227216852099
22.58603610719181 66.01204844224769 141.0794328421778
84.47119170935015 88.28372672562746 42.2045077708978
12.44798418700605 85.80838989425658 172.1389440398876
163.5514954173862 87.26009648815119 99.29646303590143
74.28434000775498 146.1509296835487 89.1356194973703
137.152327591188 32.25244335831383 3.499841124176672
54.41539337051001 196.8430170590148 150.0207273056842
56.49411319194202 103.8011750485575 27.93190202944268
43.33131264074176 64.15767704159677 95.52277358571983
45.09445872944813 52.00598644689667 116.7813396463728
113.4295559547122 147.7468679188553 44.28260586129951
19.69088022515406 133.1213854189652 103.0727345776571
28.34006152810944 148.6336836661764 53.50219370777386
2.223423784974501 164.581713419707 184.0316136688521
136.9299041587859 57.20084259679026 183.8568127123387
170.2266347226517 42.17205826980712 2.057037693098564
8.241517053796178 93.60280109860679 148.4646455858504
35.85909884009197 186.0924633698407 118.8573391465738
31.43343688218851 110.5472234157428 154.2864076500995
144.2189796596939 132.3697663777202 136.4273148119178
2.714649832041744 186.3525133755665 102.1327857925001
86.98479249668824 113.2781474301161 13.20122622946548
19.38858275879219 98.31244573820724 75.559215076662
128.3183090603292 49.80775759595485 105.8227942257602
159.4973042773158 130.5825437318329 190.3367444194571
27.97582752512673 105.0276707769236 16.02171808039932
102.7836059204495 8.902122227323799 50.50575118605776
118.7117490111558 79.5412643859954 166.2130678926662
13.51212945329086 186.187182451584 61.288165080845
199.98418552842 166.7823527521455 156.6899276896808
47.26035553437733 39.86051741539053 167.3916524058907
30.6269523658254 84.82492682001939 58.81674701333333
193.6706617977537 11.02574120932582 178.3075230820773
62.04508006821278 13.53496630498739 120.1181527005807
70.09005819101705 164.4611153604032 104.4875205223358
8.528361116861337 54.01590318956623 23.85344717510145
13.65042247151267 176.7006199785765 121.5180858723649
111.0239841867247 38.31878837094686 65.83355936001205
89.38393852092851 56.00613923647586 27.97359567561642
20.92714383340715 126.2476181881106 169.5054254881979
182.5442766403891 49.75496200046245 100.3212808774379
170.4785431518227 103.9213169312156 138.1243595899656
91.97753015896647 182.7626893139839 25.4731728246123
129.4355412461854 189.936331905114 136.3626186911683
97.32746215727073 78.91430756326089 23.8883946987422
151.6042481735804 109.0328771203289 152.4811205469151
73.74292830016957 59.43041093351852 113.2597692417823
104.9751918681627 69.7536546949643 0.9651217473682868
40.00624252901643 113.5222867078475 177.4119546307051
0.4663190174748915 130.0789396707829 28.66176685885939
136.4564332818695 67.8627678722473 67.76680745409671
78.10826739237461 194.4779997253183 182.1558151794403
89.28078983667807 126.377249738446 192.8358558610358
167.9244214642466 197.0398529589969 57.06988257703094
148.9006792155248 53.44821137164078 4.619007035547837
69.18549185322269 99.18767328614948 143.2360370584836
19.18347343094569 33.0228426350979 17.61697533501776
8.192415194411113 57.79604786343113 123.364988374094
161.1535860042713 74.31165407808939 2.865665225360209
27.67030649455415 1.413978146648004 48.78988950058525
97.4542636530774 141.6899848594981 148.9723461548867
47.95067352192698 30.72135246051461 129.8406811433484
38.83692243120186 169.7120964690855 170.809537923234
79.02531807816118 169.4763591201244 170.8859879542495
153.8277802538956 191.8330654969776 119.6458373380583
26.57809560624221 53.71366853433585 190.1197514294943
15.96089946030498 102.6954032055034 51.4646564590894
144.5464944896351 153.4684799300378 124.2562569339913
25.81031961559416 166.8719626217469 69.29737762375046
142.754973788879 54.27113461293261 86.84692333741067
122.3594710206015 67.0580098346545 89.83914275561962
187.4634738356982 59.21559897770887 172.5796152045466
58.15150166172675 179.616974588168 181.6445012528165
174.2292177343587 39.76691039262161 142.6945387382434
47.15597099851024 21.35443616608176 186.3631584181441
10.41189646558045 112.2244830996842 111.1825952688447
34.95582623608365 145.8219368235918 172.4266057350206
49.75443366812751 109.9133751615103 74.53413486424742
114.7745917702362 157.7512111736542 143.4420702825855
152.1574732313708 86.09036729326679 140.0287981104446
28.93990716675476 77.83917601384375 188.9444482807964
50.79085715759118 152.262117904599 92.44710400244674
162.08139950439 61.39006874375565 23.37357749025963
112.8142933140211 54.59465534649433 183.726800725849
79.5687304093348 145.0440268247521 179.7304268232068
120.292962593461 79.40949265657139 39.08864840802759
149.1945970287271 184.400052534177 0.8937531609753091
124.5804872583763 118.4383628056741 133.4637630420772
28.44424516401038 46.53864932883508 35.50848770333285
70.15811933653069 146.8343066012967 12.79708825727797
124.6250996078406 53.71418264798337 162.5545882490862
22.13782782768267 24.17920369871884 42.49258561828192
67.32629834164064 44.29016316770364 154.4981659660527
104.3635844026326 43.2450202805978 115.4621603554812
78.40786966860753 37.12260840171423 174.8504489995673
156.3315215824136 15.94597646710297 118.784257839581
38.71378093893446 20.95936267780336 9.769860338352069
154.7257596141322 112.5903916511161 102.4852444221949
81.09918574973759 36.38418194333457 115.0606330960427
165.8797496302543 166.8725001312685 2.55051205470213
19.04277873660254 128.267868552514 44.15749914664175
156.3363448593967 75.87736365852138 79.12522634529866
162.1404101431269 62.77166300469711 98.69570926087815
30.0398176167565 1.101177459684529 151.1829594268221
139.9458469741531 44.40276289471669 130.7654634769168
55.24169790607706 114.2968446446721 157.0470190929564
127.128502379867 35.12484474301841 181.595828217156
138.6951908653299 135.4495111625343 67.74704653474836
148.3014313459238 5.303066769192127 139.0510171044936
143.8189370536673 59.16471546603804 46.03226649768175
156.9444695959504 3.153856794386921 14.18988494870376
17.692011607272 139.212945667567 14.05159804353317
119.9480902059048 188.7972362594174 21.5468196794239
113.0517545573998 166.9117774123444 29.41774635224039
98.54505356845134 182.24399865314 177.5569433712407
64.1053066596249 182.9938860835858 63.90082776277266
62.20282204903886 56.50695357928105 176.9742187769445
35.77778841194474 91.36441365683659 168.4876561580478
103.6027202168835 93.65521671199905 4.883646549961494
76.13527880486406 191.8575755265228 119.2466009446187
100.5168077251423 126.9683166764139 129.9348007357733
21.49709262990576 162.9006072682404 17.6494390620201
144.0618961765674 115.8067167658482 40.11217904712471
158.0483353020573 76.67760933150852 54.94048975936908
127.954127356422 99.60106981943174 1.240481331859718
178.6003225177028 163.1790104588559 145.8153038647923
52.19067332938458 146.0130463473205 57.07715515984523
68.01466046883705 123.5968775979886 82.77005093382523
196.8137506386766 180.5178440957662 44.62823507661883
42.07599506946114 67.74079111969094 169.4093927002511
146.7069162898941 140.810655233199 90.00712009165292
130.3878327735937 96.57046422377468 142.2095293431047
198.0409318311642 74.20004409431868 138.0717224671006
124.8632992813976 78.06607460305614 189.7721300877996
117.0649277063275 127.366345548947 112.2010631918716
70.58691870084402 185.1520467966941 40.62259117202551
183.3960899729679 73.9228484771489 95.19041941127935
124.7323087101069 56.1269705568672 4.799612963979071
40.84853555038336 88.16764605224968 80.56268525724946
56.10326481199539 145.3672017184755 133.2181833610165
78.77009394625479 136.7947469300686 134.2943913980924
176.0790705812987 106.5535239480747 114.6681190929161
186.7845551794178 13.34124663866847 18.54810727424317
21.94907546975221 106.1671968912041 131.6456297221415
133.0285828789637 72.96042819655501 147.117249652301
62.38494386310237 3.243756993470203 19.36490353419937
141.3156587405652 89.59143921231419 162.711294972409
3.844234532637553 15.14010720152193 113.3522836670436
15.19917118992973 3.275012943889571 170.24960418884
196.7811658846728 47.60429784971698 146.9970206866429
63.76625539153305 126.7282111493461 24.77251757368859
39.67183172791466 164.0192185184958 38.55588282996207
95.77439399728634 31.19598262478348 134.7915290461152
2.979565604409085 163.8449346541096 61.67328534501273
19.17719477413026 33.10199673651935 80.84224009416516
78.2748951685018 110.9321059568676 36.10710767031738
89.5053220454304 153.9773743979584 71.9426771572375
142.9329406515423 93.06533374012487 110.7445909162792
31.609246248825 88.22062164926986 144.7980853205451
121.1815952238516 38.20822156193132 20.76288659890984
177.1770189419351 86.72493347350731 73.08337125263469
159.461688843117 57.81878773135505 136.0206068152384
35.34401755123246 110.9348857698768 39.42605852343327
127.5205456473209 20.78851042376412 62.82559822918365
149.9747802998111 148.5817496012274 3.520943159254398
49.18703439759436 11.41298456451051 82.96330783689497
107.6246936406152 21.38419166851557 9.73157742763865
180.7716609405247 169.1119534670843 171.4079800154822
80.21535307858173 51.69691650793661 135.3245427997746
44.032982744591 10.98839247209948 33.65314945709274
27.86386526150068 44.16133258015476 131.95691692751
117.8731313911408 104.1810634491468 105.1224570376072
113.0963247698588 60.55968522417065 25.62027721266364
170.4582088155497 16.1550693989948 138.5960975784827
107.4673178278891 48.01845463186256 87.78348101816364
17.71200422118708 183.2461428285763 184.5615339154952
174.8461257977906 92.71204762985549 47.91267206731882
172.6645435263428 87.26773612687155 182.8552624239506
6.558529163202032 66.09171587653887 159.2905271784304
155.1257780605928 69.07795955009148 157.0674145005706
38.66312126616706 125.9038968598166 58.2257796211021
198.6642265018959 183.9608973440581 139.6109058154436
134.2771995332972 66.89525013845339 123.6652564709069
72.1292827301791 163.6511562492293 193.4031282745265
89.65251572806575 34.02750711085584 76.54722561988629
19.68372526864352 164.0166016032028 142.8048150828348
197.1423782283755 88.17970348516381 56.33080253020247
94.01788851661885 128.6788043644714 169.1551501283203
78.35643258417396 162.9887143802923 28.93117262415701
7.983584920906168 25.72815431209746 164.5795298388592
188.8835410732487 83.14200536649209 158.6786215001673
99.73627567856364 64.43051765042514 165.8209819279412
110.5415141800202 114.7289860613232 193.7300841957761
108.3821649709653 3.32377598991772 184.4354202698364
27.22929740032975 51.18678333716487 159.7115432055941
96.38578303064801 195.3252040458802 106.3478296614094
178.3197206457839 7.899356544657079 79.06625833375232
103.4056595061789 103.0208713640237 127.3480919878124
164.4033107194855 42.14537197352913 86.12766984540986
60.14115691683206 30.06580150789678 71.98086825814028
162.1219559062361 125.8388434646039 121.4144324698779
27.48546924041243 68.56421067841161 113.3527979292591
123.9724931286468 0.2558404480694106 75.24654911754646
199.0440957643538 139.5252619569672 114.0843659608276
61.39662986100448 67.80873471777595 154.7402516424257
61.52544663396203 179.8603435809089 87.81637433539774
14.35260389760341 147.4733617464948 159.7275338629332
164.5701398877206 139.4142971581119 50.55267229565401
173.4838576044451 111.6141762428511 184.5844826961232
156.7026800470056 74.87978574280802 119.0003348006399
1.307745880478001 162.468440880791 106.1387186211767
15.58935765684282 165.5840735243952 41.0236149433338
104.3788098386964 130.0986939342595 11.45696583399805
97.00744165303982 91.91787613372912 106.7490756249648
22.30254175308441 186.392507441487 30.51224227365629
140.7696993813147 128.3520429056635 13.24321636248961
181.5623364055305 28.19610890325576 37.00213734019969
166.1452780311409 148.5218732110171 160.5999463580142
152.3805492377322 161.7793760870946 145.6582657574818
166.5970398161132 147.1329907285542 132.1413877812572
198.2784030288254 160.9975766620203 131.7958498954854
178.2945402048786 62.93407122066341 150.4304995681094
126.6689192834615 12.10648465240719 21.54586635008442
123.0438987917439 175.5482570097849 66.05375674440711
121.7328056047412 24.68847232843288 160.3704473847561
136.2066139609031 111.5004831001596 64.46568374512135
158.1165379032979 18.8751630449477 88.85065024343427
161.3492493560498 155.9966166995545 23.7575252368863
76.46957149024556 83.37033147324074 97.07610882613058
133.3474836095045 155.7491216959064 55.58708909757556
37.77711085096339 87.08047792431809 35.7450783655874
80.19887084924837 73.35027269244777 60.83834823353605
179.4594246648975 160.4861808563681 116.4954154932126
13.94084532429954 91.21436635315635 30.18942541312444
176.1914931945788 62.56138839755408 75.00527013511355
194.9301067172377 112.6479228506938 44.59980410377855
70.53333625745699 60.24161638445553 42.82872399343694
171.8981402644496 106.168036184925 86.59778842579917
73.65912563961514 117.6813694411633 176.4380843873834
17.97951467791739 0.5458049875635282 126.6012821762339
48.89356876845245 52.28942531607401 140.9078763698307
38.74221350792217 65.44836936799098 46.68314610188007
168.9821168814529 138.4883011285216 80.26658262064778
118.4451192709314 24.58961996214242 40.65177982309585
57.81140511169025 148.5205004780624 33.61173163192616
69.66516238528963 131.8691766479825 47.95933093660893
6.816399661547231 14.8448654339418 4.946326465399608
117.0585050114983 125.6363700256352 72.65591199416716
65.12248843206631 91.03569857332128 76.82100792836171
96.05622181798017 175.0363385499076 154.529809816754
158.4619695489389 101.8491764305446 64.16361510162776
85.36723394395273 129.0302651522587 66.714186990676
30.94388738733504 81.11184391696634 13.24740084995949
81.94052827017383 68.29810117543784 8.428320824618359
185.8623102011358 40.356719690464 73.61798875920334
43.97852130144743 25.70177301457047 52.94211980778955
133.6847669676175 7.119793477207317 119.7746967283206
71.62702237974067 29.02303446531539 136.1441459973113
199.01044393007 20.05865868376117 75.5234591812449
49.91330027830396 198.5989333215736 194.3071111173923
46.54796228523127 187.2808124243532 38.14523763511644
184.2849770478934 70.42999341650678 196.6717975911345
138.3116724717675 129.7129569216771 178.5489536444088
111.3823022506446 66.23615760376794 111.4567714511707
75.12276491653469 48.64616379836276 195.9433339950482
128.9248939837164 151.8190131771316 181.9712742345536
175.1588344855844 181.3619002343369 80.79544425025648
166.9645240733948 172.9295956578542 59.5752954754118
99.3068712371652 69.50350604442858 46.16010070657083
59.8642081356848 27.31756402160386 20.94391995704282
26.98957290596769 32.11655335901904 178.2396139429394
40.79373600400789 15.42323953232802 107.6926219345636
160.367353237951 186.9799121777311 179.5155426041683
95.72005247308537 116.4033155635942 108.6296440488017
6.73200501925971 68.14957265124293 187.7600229613705
88.81286026573518 12.22007266736909 90.67308425946341
177.2283819545211 198.0669016251918 166.0500331516762
77.45960995785533 190.1520406127565 158.2940490418459
132.8668160005187 121.0212366789484 92.4624543097251
18.22103324092148 152.8598533425911 120.6325883998032
124.8218436167758 127.0329395484496 49.7156185889555
106.3541194547978 98.44562040293397 44.73394033194253
198.4629066339299 112.2035444663455 132.2957233109598
44.29084645702066 156.07860175554 151.499913883617
1.64890914091006 1.653862042453673 33.74666132857893
192.7634940282119 99.28936432350119 176.5282464018102
120.8715242107719 87.04722455897323 122.03028558427
174.8073296924767 126.0150030447919 100.2411922634821
17.4779448127613 191.7685831288372 7.272435792220904
100.8370371397086 85.55250281369159 64.52741588681822
184.9495809516376 14.31575951280719 56.60782203179986
46.73344769042013 105.1533825348152 136.2494562259906
71.6377138526092 34.99828865045273 92.76563785665883
48.18220252051811 66.00964086297103 24.34348220980418
98.53048258998614 79.25585478159513 127.3860201341146
121.6562289438859 187.2002299231357 172.0941854202702
184.4270352311064 56.16754650613529 127.9554299800736
146.3934335333835 108.9069076576875 128.7886956879802
108.7988714507184 120.431099801101 151.7788523819736
137.9775535758507 182.4333267455381 83.88839523236983
108.4929461462036 186.6124845909093 42.81996408147176
152.7005540422193 38.85395969857913 185.6165355692594
138.0579691438992 64.75593727389034 23.14157835257156
98.99907461195048 60.07440666555027 68.50997862486248
120.315764680465 58.89420304807891 52.03669222240472
96.14233636655682 176.233421651337 90.81577480298202
166.9813505253301 51.45750857420004 44.95466786133844
70.00800100256984 111.0560414596383 60.7098363554949
25.97184317797257 161.3554648710699 190.9721487044802
168.2511508697457 7.535745330889969 35.20176059205578
69.99216021832532 143.134171548271 157.4755789721986
53.5394661803522 81.87353636926689 136.6050839153878
144.5041140830787 33.26216341919248 74.8437102488782
195.7769716992318 7.807893181548745 136.1559203547392
132.1054837924356 3.025702098800616 156.966912314418
41.11507300526716 6.79258688288821 130.3628503843225
165.7165688882447 160.7292185360532 89.37816121268625
188.694133891236 106.9179800749964 153.8630989745035
140.8139711296097 132.7915416276198 112.131176555018
121.3362906297383 172.1082661431386 98.20314211287815
124.063118274408 90.96260611145532 60.08318539751996
55.34219631577331 75.54148891692063 113.2586264708071
19.04322814767895 116.2751517877183 193.17820239906
58.00365165899142 121.1094486829924 121.8665473189009
59.06533509690061 174.3391640222197 157.983810851436
177.2187744245118 116.0836025573599 12.44745970592785
124.4852224865613 148.5363325073225 102.9790288546288
184.0463926560475 26.47447520368088 93.58264140758276
166.5012070815379 58.78854746924448 184.7811012862163
151.238967467952 42.68993101742297 109.3624892483648
91.85483857547355 148.64907943195 2.100549030840989
197.0128642107255 171.3236444309441 83.96503184493731
109.1560890126945 148.1578908858843 121.8798994674339
165.8483466433433 90.70078839041312 159.5182716596014
195.550547459405 111.726584172225 197.1687523864914
170.2614873179249 151.4732785133234 184.3251290765816
63.00891553842406 160.5559308988156 73.20082869415877
38.515823671959 178.9797680202974 145.9570561784836
140.2824168008699 180.2189227269198 155.7629646648015
197.8776007591867 186.3068619895362 170.9322282356677
61.4501797231074 82.13274759966104 37.65103350293809
88.06186576094578 12.9227847542476 120.8250729571983
39.69427558454633 141.5512686197082 115.6799714783063
110.6698512989137 155.3752979487467 84.24642096158469
71.75142564929827 17.93686472821071 188.1210482315454
44.44759327165404 44.56146400792377 13.6424395171715
153.3027873390519 119.999711897391 79.42866257663943
144.8958697081063 87.1569175861849 16.81805301880159
74.60530603208606 5.177142218507778 139.464222146936
107.6689481452656 179.5571808892546 133.7182220212217
153.0486753451625 164.8160384905866 172.9067871394654
196.3810836869592 185.1056121349316 196.6908467367141
20.57951925182777 56.02834138407867 93.37060661205335
57.35476952756563 105.2773181560157 192.2292546235899
37.08788717208578 193.6484173789362 174.3196431405999
198.7189919790042 89.60291972785613 84.80354499455657
146.708509711366 109.9763978206572 189.8830657236772
156.6888894362238 196.9284264976362 78.56895927595275
59.61642603276365 104.7190574732304 96.08205973801016
56.03168727193823 75.42176633601017 60.47031872829508
76.02652317768005 49.6590235716094 63.9563361818525
130.7438500747641 176.3629555864595 43.063832792855
101.4216290842102 84.9107342843664 182.3600588679222
84.3274325723424 67.80326239937463 184.2518871520853
91.55921191514913 43.53711982404236 155.2478942430761
171.7137242624843 139.4990062621054 9.302689671444586
52.592506740087 44.45880720438489 36.49337667584672
1.970315433210079 177.4702637980138 20.73937380415929
180.1025548311531 142.8824274467905 31.81197038935684
180.222405029609 19.55474263339006 116.6508520271772
198.0078677108957 107.1348754950001 21.17704947944954
154.7440749311863 153.641464211311 67.76893015427886
111.8596333066155 17.59458564733919 121.3436797707088
94.96246294013412 45.84183613377493 49.28272273410136
24.59317752601449 176.2304693664441 99.4105290714609
36.21434769634894 90.05997299742066 120.4386084869892
105.4948603867224 145.5422011154569 182.2827767841442
12.39686005885257 85.88053033694469 122.3877286211771
51.74116331688935 176.8390500116224 4.87675718484898
101.3481799134777 5.110354612541394 26.58982108761362
75.75388913133276 164.7256466838423 52.98659104017466
143.3153183579188 35.30576782260341 163.5291822649529
141.2055145566387 191.1150451619363 60.82110599100056
21.97821803700246 9.564022802008864 23.13297783399913
8.663145059385204 47.65934695504473 174.9225069874316
68.46741810266586 0.7464656208143209 98.01671857735663
54.73140631152911 132.7986959539023 177.6971363443616
112.913603591052 164.830831794427 168.6776688528749
142.8506213967741 35.26182040793793 50.72304142320202
142.9960250037504 16.6410359036473 184.6997910481551
39.20371818917418 162.1260444787457 128.524384396209
17.0682510357415 129.4543567439479 126.9094763509361
1.442267855790912 58.83538884059641 59.98202618156198
11.96602682710733 142.3969721269968 185.2342736784215
181.5294853644547 167.0953718339602 31.4088263374285
50.32415131353653 97.93009248446255 53.44785961517727
167.6006198472888 115.7826935333282 45.97979502924531
39.88304328882892 194.8028734042204 16.06539967439757
29.38769885034776 114.1232279946584 91.51448934661963
59.6869200620063 52.9043118337817 81.58725702876679
82.27848715416782 18.19549656435984 19.26410731098641
165.5000950600839 128.2343259591213 147.3131398225579
50.12467443152976 1.909762004002888 57.96045624429217
177.0100090378843 197.0119687751172 125.2112189519934
27.49277411301953 7.509717165160671 191.7651721377568
104.3045089725979 53.76353454923738 137.3215199876462
119.4003912884212 196.2849555498669 98.73812422383544
199.894356982158 128.1162659764514 157.5648805469716
90.0914688086563 5.334136862231615 0.2399765093180885
101.1861281340498 121.5779766822872 49.9017135338797
14.46756569171771 74.60470384888794 74.05214880594983
118.0396960216272 142.1409538008966 161.7993287558715
144.5067464269195 162.1357645119534 101.36164427146
80.42055155277529 14.84303198034697 43.21742716485313
99.33540136180525 109.1890292340296 70.68017681934047
134.2324719406878 158.8456928028807 79.63223861577043
165.6790630235348 25.29464895485965 18.87711064451021
42.50970342366672 192.2924769470678 96.31817969743508
121.4706554974121 103.5094859458443 163.6759010185179
121.6243325637727 80.57845554158283 14.89502858473338
49.21079921312888 48.24768782486002 60.21246091736172
98.6146650509305 33.39049356886628 28.78620326832387
122.0830746296011 142.754768106054 22.17587593376995
185.0130864051964 147.6148002224091 96.0228438951126
157.8520461283877 182.0754525176073 97.79477260176006
147.2482484081376 185.3878300526679 27.56335177966315
129.1571277740079 103.9699460209746 25.07092342149403
198.3364276716663 127.2517126300459 93.17003372181259
185.7356938250074 54.99019977849004 15.60687091831673
199.6018033843584 153.3538875562287 21.87945195539153
37.14477416096115 65.60824542793749 72.11076735000573
62.9751315431705 73.53221888284267 194.239459689048
47.38881655002739 34.80914972791248 92.06533801443439
100.4813179865966 138.6403065057215 98.55176148574708
63.27748210632277 97.52346663444062 119.7655590464889
35.03016364687011 117.759508908334 114.8272600023697
169.5770250503472 2.701595793330184 102.830381380782
91.40303838670218 30.73616941411575 194.3140474986528
21.2069104266565 2.044680238056707 102.6039137798146
143.1196967429308 1.344376133927312 98.18593266866876
196.0924557175573 37.89909058282288 116.5766912257415
77.09053443190935 92.0138866570971 19.40055414517663
163.8805166699267 98.41294648126461 2.52933722737659
146.9978872108257 42.40317229733687 26.13303751724415
174.9602630266595 80.4433143176342 133.9732774359046
82.64263557231203 104.8980650451325 87.75264117659286
75.84746607423416 37.5633491506028 36.04675267542369
81.61403222435003 88.98535901457728 195.7603616119609
175.9750752687224 37.22281518715008 178.9745071285017
34.73538398264329 141.445202880353 31.1712234546392
2.077405524243468 196.4277832078739 80.07355973987286
181.8263316831438 190.4011191393455 24.68425879023694
125.0132478604285 21.47310334785439 86.96362134990262
102.5414181542233 190.8876540761546 66.75060666270119
82.40259368726177 12.44960861031753 67.2776105463209
151.2074937958807 14.09465619662838 61.56887352507627
90.29602364800003 179.1691908430062 0.1612843051474563
104.0021700294202 34.25059402892052 173.8842076586403
66.31647618902616 126.1870013932523 0.6535855607086647
192.209928677309 147.7925174271799 169.6312970845913
21.18963528940933 93.2053620283382 100.6646464071959
