3 1024 8.717776699755532 0.6649999999999999 1.4 1 1 200 200 200
31.01076834162817 119.7915500337228 161.8992442655492
171.3739594229625 139.3441741331758 140.9901030385627
155.4229489228753 43.4106068686768 133.589061923832
166.4233816966756 20.48190085733142 192.9386663085558
39.92991763812491 197.5346671559338 27.54246722413939
46.17274336418279 49.51088027472483 144.8512242622036
56.42924813931837 162.1122883639621 147.107992221058
179.7062217985136 30.09087021096299 38.87027964855779
77.25134293072213 117.9687244008252 137.710680203171
14.48819796564507 30.27837592176031 69.97307855269625
182.1513723221271 100.0861380157613 164.2854498906175
26.22425015955756 161.7716024936198 97.94581790792481
57.94354239949328 158.5602981080255 168.9462490824845
71.61836710339739 126.5810798005078 40.94889794645342
95.37023446748262 175.9482605545749 187.3279913993189
139.1318677835309 73.92711571431037 172.1148541868171
55.53151235438953 180.3564602443948 76.6672933793498
132.8045746277292 189.5048587634617 97.8331958264487
64.67031000811455 77.58958088790037 94.85386504243669
115.5705515325115 105.8561867239409 185.9572699477401
53.23417675665662 49.31462676716477 160.6853772898382
65.85360498473626 35.422875005456 79.15554365122276
19.99554863791665 148.5249669039826 22.117952534346
112.1233353610852 71.13226143238265 155.5013376140626
156.591323497278 21.96616566688068 140.0679758102052
175.6131567709523 8.221634607289753 116.1691338839203
36.90274583601258 82.74328586764233 70.78743897137966
146.7973735778349 194.1717355252528 164.563755019038
23.73346534742949 73.04211434217845 199.6210940513387
5.564107455175463 158.3942304511016 41.53097364886549
131.3377833637257 176.2746735521256 187.2832197299027
113.7284578407358 59.46222434363716 115.2272313144775
36.87655362889214 46.96267588972833 197.3201034461604
159.1799494597805 23.10038564857971 157.9862116041974
138.8065581189009 81.60995161994616 187.7622691409825
170.8853401443384 137.4855893984694 158.2912634969121
15.26648084127426 112.7599316572139 164.4533560834256
96.60066048367837 39.40898994446003 180.2017924962333
39.91310307056047 33.75296557349499 119.8008116910278
63.48888363763474 165.2143557407379 74.17961963900699
163.2952272276057 36.3015521384594 147.3855108344886
177.1777803053215 119.3002481046275 81.01639528173727
145.3334260631379 98.75746748488852 82.61611505638621
26.32691857250649 84.75972545210152 109.4668424120524
67.31016723861282 24.88314936488913 149.3979662120123
51.1061260982766 78.14974847194445 82.34679373646277
159.4047554967417 171.1997136741479 17.37157422821639
187.6371598002804 176.146316606208 121.1460727238346
170.8212897680235 60.74075132066248 92.69611011501809
98.75570552052058 10.35587882409514 26.57055812459625
120.1975328514521 86.80771299307176 53.12822292632272
88.12731726842721 81.16262426018891 47.30150228035652
15.13380505541422 87.2978548580876 38.5824881114499
135.1320625334207 79.33403536305335 63.09074056417656
150.4442034820869 24.95898631536768 26.23879916354188
183.9200466092945 110.3505890428641 94.30484838555344
60.50402278760973 6.294394804225644 5.0422603263844
125.246266600444 181.4513759314854 124.3197428165228
142.7163404370543 33.3054772519927 168.1850657812105
44.91761577111278 193.7932084361505 171.1850053406747
152.6807517310554 58.42642031491045 75.75106155523808
175.4399225754365 174.268405554364 23.31701805882539
90.13598303644849 195.3484113013988 83.50804711213239
12.78965246877085 95.17328871332111 4.747465956201604
199.0825956834868 160.2803677265202 199.3706228215163
103.4266892278787 2.788084759001733 189.2767932527368
77.7028958532138 69.36182786469165 27.71258898760815
148.3127777938796 132.4001075748712 74.20691758655813
147.462826002076 132.5797647801136 91.61582908832476
44.26170731132406 16.30180362418067 85.59072598628825
157.081731046742 150.1414434613684 162.5101136496687
55.84484292527259 36.94425372540059 25.07818791931387
1.121865327626822 153.674256795526 153.1960260737824
142.8589830253024 37.02357196175132 56.61951352347591
12.97203020612544 108.8587892330217 34.34222858455082
23.45099917257946 39.16886646744841 81.90633957240652
59.45628302781157 164.6762220138595 130.1583444908481
28.39299870955387 42.79915548098818 36.65855120811233
18.05445400444958 143.733332138685 149.0405359432463
120.6382341809868 57.88211463567984 40.28319876709475
157.1136581025954 54.0873065091602 197.0799742128477
56.85256614286561 166.1456163829269 90.25658654825267
95.20499098486924 147.8529146847454 71.44685663048479
45.2137850548438 77.35565865093113 56.48864522040065
108.5857593937905 38.08802138616849 167.6183086360255
181.4925892550638 12.10583971338405 71.78056981456449
95.33352385590058 104.3620214157548 183.8098582187645
146.4310350879279 80.92766897598932 155.2048551449562
175.4971331387889 9.980135584001225 87.98201590995069
116.9688056789727 123.2529851264696 139.8758529585124
41.46888524971512 125.5424807536464 174.6000481828798
92.30543940217933 29.06979074116417 193.5574103305517
127.5145180152655 102.7858737655167 173.6468753382449
42.41957902898009 32.56107900364557 35.24487998438664
26.49340235272942 44.21410514493148 171.2464331434119
55.04800247212984 140.1520071807446 115.3298327560955
35.71827543656045 50.63829502808584 86.42354401023083
102.4703319323667 86.40397239766401 38.89916687507858
13.51494742804494 80.43043273600534 123.7366597129431
140.4838909212476 168.6422436986151 57.30565941560234
183.3838162286248 94.45787076203045 87.21156551317782
116.165644874645 184.4457075644593 31.69698254403243
157.0740606942799 143.8959951345833 178.7561326368275
80.32848727164871 87.4076894594821 137.7376422734336
98.24569117064412 151.7457958197857 168.3699558459656
92.33498426097805 51.915587726011 34.12396334151515
14.30344632593655 172.8636517706397 45.68234029174213
69.10729256704001 189.3104178692978 110.5447759979953
42.35894393391774 166.4232985828222 168.2044466379602
32.77735557259857 59.96110208025974 29.17372889536191
47.3119735268759 110.6845152721652 36.56832694890061
122.8985937476891 88.10947535402683 181.7947713762592
21.96356927329434 95.5429173291177 125.1723894095167
28.05496936631973 193.6900752302536 175.6163033319056
159.4151651171653 60.64417540466211 180.7163396310675
170.3299042263743 10.33454681183416 53.78776733167749
189.1179040693555 0.5262144688447311 82.90061935960304
68.84929848916659 102.8672550711301 63.23991255819404
102.7292688715764 132.4067423043151 74.30402234324885
152.4449862640139 20.80297675480608 175.319956637078
140.5396621929799 170.3985714300961 22.52805896447844
116.7088654323771 4.190403622352906 57.27081455658259
104.7604412445967 164.7897066166134 177.8939068979349
59.14092713371276 192.7211198274823 161.1598364631254
113.0366020686928 138.1846921604967 197.2383229387157
199.6655888367162 24.32375250094076 149.7336138849761
155.6757288490789 186.5491653023808 130.6175096258582
30.94152147527862 71.25353197816844 147.0676966255046
176.2052041404219 76.73955010925226 45.36661269407932
83.23526126846338 140.9552276516106 38.86071423997029
147.0293688967864 28.52369740215508 9.546566355019646
5.253199058574605 144.6895235250999 126.6103838705002
125.2794309664525 164.3146701962867 64.72007131500462
159.7722653062402 51.50573908363031 61.44568984129491
163.4983770213193 21.47667265234192 42.0300867557705
192.4289181851375 112.5453102755829 139.6779234294455
182.5342922802572 130.5753355361263 169.2256220843099
77.21962429304874 83.8982624792026 119.9010357476289
72.55128765875504 102.6934439453533 176.961022034425
71.99311421184699 153.5614946261937 178.4356368799616
197.3589952869216 173.7249299095062 42.11262507026672
53.24328231032265 52.66827110874263 199.0711610613709
97.15535437139637 7.03305444774379 43.61451319085894
173.8370174170382 23.67442081607967 141.6771877140287
13.43797880609974 126.4417291379573 197.5065051939537
78.55933754558582 71.64063139514053 156.2625633287192
88.13971856707474 27.74258894271908 57.7036072544127
94.82981648797808 27.30179105710637 165.442851930535
10.29070013293266 57.47794071957065 5.505481174596262
89.71881364794744 151.1618564908727 106.2650544565601
174.8971959980804 168.7571253547926 89.51506743268457
41.75597515949821 2.66049973091142 44.08860564520635
79.09712272184721 44.91326473862249 25.22955012191988
98.41326093220479 45.07608435869483 196.5019204622884
143.5882208827467 117.8038824103299 65.92513228039483
104.5519210557813 125.4815219405243 167.0345191232263
156.4403639873496 196.5779164126168 51.92216123768923
106.3641645017539 143.555007817017 104.605835861054
55.65574690149414 66.45617092148339 188.7031612961513
193.3037640794732 40.97303646805048 181.989984534917
93.63161250551265 190.4583956307629 196.7116868236934
78.92280221389896 26.36163755243127 72.2591334938983
33.79917350865482 103.0110819406987 139.9763395716129
166.6770693970946 67.75693453443583 108.1006056095506
18.40963971391591 79.93409386045812 184.5397917676027
2.844876825857576 17.26755418067001 118.3510812254031
198.8650917492193 138.1248506726158 48.86732154455309
37.77297368762177 133.5844655100423 120.0955892160657
197.432377452272 169.6081500967193 107.6409106771233
181.1312921577267 114.0491861114351 174.5460585573466
33.36551870651714 3.114037920062317 162.0406558958751
18.37127171715899 96.91159835300711 188.3413036177183
51.62148588999515 19.78156046560454 143.7660813736177
125.4028883187701 83.19233298969792 198.7974085322255
14.65283244634982 132.0915412457021 24.11866826822337
174.3524609474316 14.63874451971191 156.5721378406936
59.94600230138882 158.3048335599269 25.47836636984838
114.3994559759943 199.741993841613 175.1991610228834
97.48579150915711 162.8459923343713 46.29964040108038
199.3776626767213 87.8789449268604 31.14630951878411
16.55146571343284 28.18589737940511 93.4791604789761
76.19088020642624 6.627155378732473 12.4212433490665
167.6430760094023 66.12568745763311 34.66059680804494
179.4830258075972 122.1721967066511 25.04555355694432
74.32126935255691 128.4295653032492 83.18223876743708
122.1660310698849 143.2540126584728 111.9184003201062
43.50480490316551 62.87427494960959 155.6744880279515
36.85746821396976 150.444399461228 194.0747699874822
66.49154633426679 157.766271808697 58.7311785239533
173.5320947221781 70.83496777818246 181.399707090849
51.54735000312538 94.93899228572023 30.82621163648663
65.05357180063679 77.03807187063575 146.783973006645
9.943859464057628 193.3831330596806 152.3142522421431
164.6768286225185 167.7119533452784 159.6460503056611
12.47914328963084 134.4566916899329 95.92740490761456
33.31473780855168 163.4408296822263 182.7923878576487
50.29048159949424 20.08080721042075 116.81236633735
59.94949675011922 183.0198961235281 93.30260017685194
184.4535517535432 4.015991337149572 101.6081100922438
123.7346300431751 80.66498183661319 93.13234215941669
78.81943477161178 68.12205145215931 173.2952586349438
197.9470371208299 80.50711185001292 116.0068396390961
163.9961722614699 159.7747664103429 79.41498903197845
17.26483395652443 59.28563776523141 21.35356344077313
80.95594613450248 135.4123077255613 109.3803777903887
82.00189221636808 71.0942465944899 190.0850560576587
19.85208840111426 29.25869792947073 43.54615656402841
176.7539887825166 41.01387835806653 135.1547141639218
116.3998593026409 108.4936670464117 56.51096821750085
192.1120974684347 95.86644714281924 8.425140304772297
185.164184184 140.4515218350742 130.4202747080337
189.5186927333122 29.33468379769671 136.7042522416187
50.85611045913966 188.0459654647525 37.11888284604149
195.5369145820802 102.8312818733394 175.0746145927711
58.42894979711866 9.729620754482461 93.32744102818711
139.2926659694013 14.7174444660966 143.2916714708566
18.2716869729908 6.468472175159808 195.0280768124304
56.34787939220275 40.73508528166388 42.00461720438829
116.1473647142569 81.78055168260666 142.2973164677931
114.2812112714829 98.93687986161059 119.1858451534923
78.35770841433326 113.2139905719377 52.92458334793609
114.2371631658274 53.97471597901122 153.2376082308174
40.65271493090017 172.7455608982396 195.5218964726438
51.40044823556898 79.46077644782638 199.4892351011997
101.5594232414213 94.88884976940277 23.74841732202163
78.406364508027 31.73243928320661 161.7180422406846
168.4522690359459 107.9994451341054 115.5735382373609
40.02719631661662 133.2001620923105 190.1917162994402
27.54070061027006 103.7205571411298 156.2044434683324
150.1179867249878 183.1988872646805 61.11051475799681
180.6115093312936 173.2416495799904 105.3000650517315
128.7115912799276 134.8118513434029 190.4813645844515
131.5776256465571 157.7283486333505 8.59795276040798
69.74923867803133 23.97482158637987 40.59669105522006
170.7522737812347 154.271785601662 98.21442935923307
32.4528637378715 119.7796122926452 144.5395128366574
42.93131326769822 182.3559323556909 101.9881688000497
56.79390846363671 26.9382474985657 91.36799219782893
104.07054324882 178.4834913441095 42.65552922250333
13.09306604410157 171.2920090147819 28.42436633739684
101.7948097165074 136.6854722254782 27.54000910643813
151.2838908478234 60.21370966756653 35.07349504027768
142.0949758090711 113.3347277198241 178.1460836000797
179.2987215294724 50.61766127360019 66.07158068858168
32.15174412851079 88.2958747042222 162.8250661543335
70.70931777606597 29.18684236171698 57.20562639906724
101.8258829943734 184.4033599507704 90.21068117809777
169.8357275116335 54.67519042561782 47.59702798829063
111.3691745666084 153.5933556366134 37.17075387199401
59.53275621693139 94.21517895350422 95.01169189049317
131.5699891274913 52.22067170380316 152.8229057206629
123.1177097836967 67.37789756178336 5.729611490833742
27.12416658171896 197.4102303926238 51.9714295756536
0.4626449957651012 54.52091998071032 105.9788547737875
13.98007959517913 172.8402176491947 103.4017177154938
32.77105249746266 17.57330913662651 44.25587125083798
186.7581134284943 151.828863724076 8.350170877058531
186.2055695181712 20.60592150682967 122.1299166443823
73.2114472904489 195.6254105086693 126.9423022584088
84.55520613194032 64.69800679203057 42.99600276896693
186.7540136788244 150.6785222808316 92.549348934872
180.1901429395693 172.3669907972017 39.86485511210273
98.68967907466335 50.9003392684379 80.87035525842398
10.23459306633344 194.4470486073169 185.3219836343081
68.69443123731971 167.270356669196 158.3589363718716
60.95391781373772 120.5268016990947 143.3026317524379
51.96441065725965 177.0933134328004 158.3865995050779
19.087947777689 41.54047376166709 2.302115801251312
151.0661501293908 60.08449248681841 107.1782234178974
29.76825804392858 137.014694820509 160.0230873365091
130.9450347852526 39.22123975002708 72.02621224626708
60.93635951566921 80.68932388598728 63.18450073808238
22.28572836325549 181.3933438554341 17.62953349807366
137.9249591939777 68.76197985123326 42.10000323448655
61.0779258011062 41.0072358094794 147.5507338408414
4.791338607886916 69.29672230195345 177.0516357123425
9.813391854213403 71.54687976889477 31.24908115717391
19.08369337006152 7.617153722335005 63.54248312975777
186.6647475417373 174.0012957912564 55.8475303397602
109.8525990828987 159.7977063745927 58.0842609291112
132.3025514307955 132.8742687859786 37.67304206135296
57.78687699709663 65.09162131747438 56.0627624953321
146.1291521324619 104.228768946191 31.8235989399847
155.7158837666534 132.9888193038842 165.2954008750704
12.56630009716795 171.4682957880409 199.9877620365347
199.9407645740154 56.14739182064817 187.4100903384967
186.6596546582791 169.2278361807787 7.64463197789358
79.57258278218333 11.63814311032373 129.6798394276772
25.96702344694788 112.2916123159514 127.4934780858455
119.101615397943 135.8831849291344 26.74068504834966
108.3578825795839 30.60176335296958 199.9396265393537
115.8102842147105 15.81423823920099 81.37758376170439
192.1948697742347 168.1867550385791 91.09785412643578
119.1351496826146 182.7840429437725 89.44151394725692
129.1302592425519 24.55814518747366 108.1993334015583
93.23881322247036 185.389645521669 69.56441616325888
101.3345991015676 193.2467667917164 33.89960509648713
198.8639201506752 87.03832007451091 95.72205753966294
77.02744398227492 176.1536623209541 102.307417822716
165.8384051194847 6.141652129343066 101.9583459931254
73.42245543186365 29.18449589544613 100.2788077197371
93.61456495197652 126.978191719975 39.36885295656842
38.40033649068814 38.11383090792117 182.4018958558975
155.9360615476474 137.623507157563 133.2104894392008
192.5263566984654 40.22603001958752 123.5637972947339
168.2401910724024 176.1262126629652 75.24415015543921
193.206119871956 2.471174660695161 41.61235310597083
113.6989794617056 128.0432596942003 111.467278200915
45.5857470382084 95.93824106521221 129.3013330972908
99.8593617704458 189.9688104803473 178.0102197211345
127.1847710713923 90.98476908608122 106.6923446458994
142.3333468949995 115.1531401982565 160.5046167613744
61.45129330536856 115.0264193474902 49.12572917780689
12.70213749439398 94.54162007333763 22.15085774084125
83.08049609361021 103.6547559787483 145.7271532888879
178.1168614081812 133.8187487210908 112.6248097290269
54.67008504808178 196.7088447132632 104.234194802458
13.73339289054305 186.9405279700486 55.73841723468386
138.9021049000844 5.403780734386339 175.2583093393037
65.29798100156786 47.46106891164301 14.950062987719
7.564057352124551 125.6465756341134 40.14674468547992
169.9664849832384 153.3574791526359 151.2520881378881
139.3181145111479 174.5937382570916 131.8470986293857
12.38465560937267 83.56366722394122 60.66075341028289
72.293318806005 160.5662722080186 96.11489570668859
129.1238133826424 192.7977837786346 182.2316305441913
76.42386301149737 116.6210765962481 70.62329213830164
2.946721690195303 33.95498780604886 39.29825377146624
196.6436009371168 79.25476501496688 133.3475801800997
195.9662871682829 87.17478699571829 65.22648527485083
80.47704271951542 150.8228275591121 159.9970436222734
197.2487199642745 1.265387806751444 22.35901160036502
33.30285592713064 114.5056771863701 93.8229414499196
34.07992393810567 3.880223819857127 188.2795866579156
128.424058248041 95.85028940409649 86.0636190976977
107.8943687305868 61.34768667993897 28.90273126520784
37.92247780339686 179.6625186928086 178.6259328743338
119.550866975789 189.7744437193541 47.93297949502996
49.01242723050854 107.5300440315289 91.38385299687239
157.9238964717586 47.48698288096134 116.9580228666672
167.689012959214 100.8997974784921 99.71962884368398
84.16278859613456 24.49008792020843 178.9001526166951
65.79144721622256 196.7284793520619 84.35812092962384
50.28359867479656 116.1618784730485 62.46091533740655
83.12443442976117 85.50865046767315 31.24533619189801
148.1651821693112 199.4988559152438 66.97205392511033
144.3422130242742 63.23414525620687 159.3678597703426
145.8350342994366 66.10640297949693 191.4239260014181
59.80804464007181 106.4482286131359 77.69697605606238
9.283790251033114 91.68280602874499 108.9602078464099
97.27191080569894 132.7235840161853 114.7327329345976
34.55246301212674 191.5001223217416 114.7290325522382
98.29794921424484 199.940936374244 59.45401998102122
63.71247927881236 148.9076899603132 155.6371689782516
130.4057230187347 172.9600932620498 103.8827859568927
143.0126150391274 100.1028213657732 151.8489540581839
184.5823331546789 63.64237739554292 37.70497620801124
124.3453613178687 31.20762969432759 170.3868029653771
144.5672880301365 51.53902453796855 89.56506124315212
6.596097601748361 2.51481566598994 52.63148665414258
53.33586030585113 92.61753499945446 165.9903581373053
15.21633181348648 128.2348093751723 156.506235369987
181.0503355202474 127.1725926112651 148.7563360095287
139.1034647159432 132.8328792541459 58.33789757036879
152.7445338794129 147.931868131657 85.34333183704595
26.01233971233875 3.817311543192954 35.83658293392322
152.2139281534675 127.7487730881806 183.1685923404259
192.7786871975995 26.04439133089078 87.86842133406238
59.61957144100953 174.1984034168561 3.588903296363855
79.43215574647868 146.6647099837277 55.10549220379693
187.765076599227 199.6800924987294 61.38029420986616
92.77306714431688 44.47453059540511 164.0540867916154
16.6790633584473 112.8066192869561 181.7161459868417
61.12694122762226 33.43167037585108 163.2511311236947
79.41361750360856 41.14091334880828 178.0130214373206
70.5024449425179 111.6153435424344 154.79947642338
75.04926580287358 63.15145251998469 57.45628289956118
85.24111512585158 101.727891220409 68.97680927300563
167.4201407158045 28.50721828702877 26.66224237602246
46.50419674785109 66.27135852376439 138.851093135487
176.415840067702 154.9060430176877 135.1338395450568
34.51720540625129 14.63429477122511 149.0847280619341
189.9754693804904 70.42663900152171 187.0856385470504
70.83575491638545 58.54046992869471 185.4315121564772
142.9017413676797 166.5091392290295 39.33358941026442
47.52837311775944 34.70987946027846 135.7423201377524
69.40826474980607 126.0809987185208 8.093975540980573
159.1464332112494 182.2773774553506 167.5076960969557
16.80070183854661 105.9262546038241 66.41790664159657
194.4541475729834 119.9131841859489 78.86100634777331
20.46640439980545 64.9394483987455 119.9265901420236
4.305013252246235 58.08002140845822 88.71049526755633
183.5861867568246 163.3999645495685 191.528349049235
9.043905104937339 37.59553453187721 55.16942446267202
39.10012049685798 66.85261499094531 194.2926410996872
139.2053313966647 182.0152794134381 46.29094988759766
6.31252040596314 77.04503595715137 156.1506917339094
5.426578724830716 14.18457453417031 186.1864257783353
3.058103155430247 194.0354130022986 67.43212611578575
154.4006856972666 118.919568738533 83.40471989396237
146.1471761598298 55.46614046628228 143.8640403007873
170.932835673096 118.8570088733338 6.136830887501281
66.95129798328807 23.18860632876078 176.7096887066926
152.2712922239049 126.9899576524593 48.54891220790537
144.6559768810066 14.07419771608878 161.3154196929113
167.7733316247489 50.46602606885531 78.96735331722527
176.8455738430181 110.5294546595362 151.410206014834
9.143178403389225 196.7180917951678 83.48247916981477
83.53294860658708 129.8271609472011 53.20791330141435
49.61455706961217 161.9830601072104 11.92061508000129
53.98684412842653 96.57137136631263 197.5172065554442
94.52010231374791 72.3446176334669 30.93319587994409
78.26539777431309 79.77190791513644 61.57015324317629
124.1135519549892 13.82412572481565 171.5225944360808
40.48712793619146 164.9777033184018 26.45919462325704
8.5967239635889 162.3293221358142 14.23751520200724
157.7839178886067 114.7571832177822 16.70919480849832
114.5973116854122 11.91035649930481 199.1135057536864
24.2808807560628 70.78210989184187 69.51931290879608
97.00235215627211 105.0876429692623 108.1561157519855
135.9639467991219 22.90920979920761 180.352731726628
136.4661917702794 50.57696869238531 40.01598121798705
78.40711746278949 14.37556733816061 52.2772812961981
11.56808744683286 142.584662915548 37.62154062120789
27.60614264116034 57.92185709343585 7.204536711933487
162.347687317022 70.45454079344324 194.7522342960424
109.0540128906963 79.28226647960616 175.9668107742557
6.624448532532314 27.81619766799847 131.7092053699511
189.4137005199547 185.0842114108782 31.61882444159283
48.1038073579602 168.1354317808671 66.52349994791118
56.81665250245518 137.5097397135803 185.5288518112396
42.10665349209467 91.86408808034635 88.22684156520239
195.6676807915584 13.14643851008122 134.6977859527215
80.65718492826453 98.05185786477604 191.5478405890895
60.03290800462586 60.40136185703163 148.0111512702251
196.3815695824117 63.25708959456384 152.3455568678622
67.57935457370844 183.5896133779752 38.97538804247601
182.845187295775 13.02950066154089 10.8891497705181
3.089876793737631 64.37790151698759 120.0812096225258
184.6013711658107 116.4866164506449 110.5804561491638
194.1081935475207 63.05229157867821 2.274756155599702
51.42993740703636 92.25126131071404 72.1036342257858
139.2398010188621 84.01721053051281 117.1448980475053
185.4953750919522 146.1197510285625 154.4487589321855
100.0474872903308 103.4912266496278 149.399446658532
3.794090991198241 138.786025426485 110.3401004181188
84.74494790910705 118.4310456371196 108.2746936219472
40.74097580834549 135.2473372581279 137.1598712800667
33.2385404422721 66.26771935108314 108.2265421250383
151.9783961964927 168.5817736567986 70.40476159035589
144.7606165743666 160.2370065353411 155.4793224083643
82.98374169850823 186.2330836870584 180.6418841154612
109.893231126132 163.0911090842646 138.7915661565278
125.9466587752718 65.09328071594517 164.243515294766
120.0915896960404 121.2022161596298 179.2838966940928
139.4207194004428 73.30176412682373 5.889639326232298
131.9209037098485 69.00888219666956 148.3655477038493
85.0174023595128 99.42068331837842 21.0744885507907
124.5099908632692 69.92153314391531 53.13618253911365
57.7829462021735 195.8049201440413 68.96661049955328
55.61667382215099 101.4109337502303 180.8698363457993
81.16704739832653 96.03763675010971 53.0093756060286
124.0058086719163 121.9379790514152 124.0527211673285
129.6534539584597 21.58313512801672 156.8642044992697
96.90181263103169 13.53384403830069 129.9123052101282
150.2160923581103 199.6502126422728 97.81778477884392
108.9553566318208 168.8106336053555 29.01632738933045
100.798124043743 120.9813939045232 102.1487224043234
122.0703720171773 10.6655511343047 96.8078010863527
163.7381353636269 62.16408594620312 124.3322635790058
105.4961630436285 69.66695696997685 135.3546576637268
196.6803365809659 187.8224034044096 52.29521697203675
26.29201518756411 22.94051855184763 59.48210713237056
80.19441658632049 192.5904728960227 97.52721968246342
91.2881178807355 175.8905263872111 31.13322960879099
39.22651604447734 49.97877612763966 107.1332571292176
182.3000402493423 65.03483154325873 56.7521945529362
55.77348618659342 10.01792847012069 129.9504601373881
6.195337787789424 40.38191023125195 86.56895433441034
166.1203887587565 66.32736826970795 68.04826848207563
65.04905238624821 139.7937821351693 170.368643343259
132.5738520414071 136.360511618271 80.52125175343501
112.8537377420976 179.3735034382819 173.0563940288231
138.5935473936869 45.39568985499746 129.6418632274191
48.85791403546945 63.41781945970562 115.4191935065548
73.37666621753228 15.10378402496948 162.7353405251894
172.4905438290615 160.6185563043001 13.00986179282218
7.481491551013166 70.41101514583333 194.1898570762712
7.477952517666941 159.0032853614136 117.0621560374958
65.72355985801359 156.9882840037495 7.608123366166043
35.08619413674593 35.21262981247675 50.81203623358487
122.7579722416332 37.23766193809565 153.8910553290651
51.5336922925597 42.59733403561591 85.85694757285511
1.544147948092232 107.3204773990949 199.2822016988402
45.12057336197481 85.97680282971929 17.37013917021959
127.5538389598533 9.172043584877331 187.9151671009855
85.62441904515924 4.076500788482399 189.5536537482945
94.32415797594126 30.9460553456359 129.5782669457953
19.90885244184081 58.39260332954294 80.97353781977691
139.5336561501578 121.4564077408367 193.3454890263914
144.6265317725308 104.9891045427962 11.03349662537995
10.10724405437028 19.50679632276819 54.20973295487639
169.3309292108659 143.6297267704034 123.9487113794563
122.736083024038 48.26324444375927 167.2716837889163
153.9801055045797 66.11144809200356 91.1982814100834
27.37336376698935 136.3600610596406 41.25965839218139
85.75029428785216 154.382622457086 8.068864041946865
87.74351177934085 55.91065929542028 181.9351137391131
106.780536555657 184.7700289735011 58.62966008405201
154.1737012517734 77.23512608202502 181.0197085501374
21.53912698300168 90.37190120799819 73.76502003990775
85.84442524259507 131.2222077234532 70.4070386484789
178.5413077857317 76.83847322840624 122.7163251925084
96.85577162461855 150.6066562691844 190.87132769361
123.8719246245464 67.4776386393969 184.8934508437482
46.74829845543849 82.01154938854921 106.0757104029125
43.35425807219345 62.41124400355081 70.95454549285341
81.58680223417218 119.8149301095209 23.85301065284558
173.7747533069801 46.79218332680976 186.6977218206202
181.4874880170115 105.9310892826646 193.6517957089042
151.7566999902025 35.16027895833004 190.3477576741944
91.68688133273777 136.5151200665732 91.50975428839483
113.5993910875654 162.5563501552853 159.2289958061806
25.92485654574941 187.3103080270049 197.9043633921454
172.9208489909382 100.4707698886719 15.75558823153489
1.423121858703802 98.59718605867715 126.9648129338331
109.6675526160466 15.6663916374646 156.6250734463528
111.7507696992793 28.70613018080202 97.34606701412622
111.7420322774802 140.7258986138661 129.7833284390134
94.83199773018291 157.6634040576749 125.4346636579479
169.4829279086878 136.4049603072573 41.65221254123279
94.10899921464122 35.29368717515011 14.36903176837011
198.0478904157893 161.8156387334069 175.0723564030515
139.3291971296642 89.37136017355374 45.23616825104602
120.3530089127099 119.0289605653072 1.304589177714496
85.53722567701283 83.98281421314431 6.097810637114402
21.92162009433749 97.11784132029997 93.3295515161568
193.4823190477658 137.2494560224263 28.75501804530413
196.6734522634457 187.6093027588618 97.40527034597291
32.42282709750486 19.60765484195365 174.8416628361873
103.0816080171856 37.29958986355181 147.4566928619483
199.8160590856137 134.9160894529034 144.1224616727625
36.22886193539104 106.654948865912 74.68069294349858
42.28476433163919 81.57650536176085 179.8205281744678
133.5142495660002 2.487228685732739 81.50764985005962
37.31062651668687 42.90398888490939 17.80747299788401
24.42800723354697 71.50561767842356 48.67161877533666
133.9827141136477 25.992283309335 87.92819715862994
91.43228733816306 160.5539636452693 87.67830356201992
103.7269154161426 115.9111599735018 125.2801609274767
76.95910122427756 179.2771271286058 81.72007714287834
97.06483928555303 173.4834374134847 107.1570609281434
59.7559269275938 51.51161915043578 129.0949165131602
82.56171600090164 103.9882281830676 123.2146235769493
0.2017323891366456 122.6183975714017 123.0723628578282
159.2864259068785 89.25946633494621 114.8666838178749
175.941050601593 191.7493135844 46.13241258578866
17.35695269202714 29.71690226397207 159.2798262532874
49.874298465275 133.2190206563591 155.6962581046203
112.6717099747718 197.7704407106257 14.34922797162327
173.4743246683159 35.1198487487143 7.850307802134692
72.21630231380959 152.4924091017169 117.6143319376233
99.89148709417906 89.04693887928974 130.4907554980272
158.0166744052129 100.3256345589327 56.05666748298067
73.13812017711351 91.46688203633842 159.4811825382554
181.1426230257431 76.61189681515751 147.1467471848419
168.9572240066427 199.7680004063647 194.3301033445868
91.30802402852385 7.222255663874048 169.8822017626124
26.47861865584561 157.122000992921 39.80580623743104
116.8268677720466 6.918850185645483 36.52834540677836
11.99104026804319 66.16443699894951 138.8973589930177
178.6536608086225 24.0329364542305 103.0680066230181
163.7861483863785 3.955632848215123 171.1190432399834
165.5050985241969 28.8490191131331 122.5903257373002
99.3717063599737 51.17542405652567 127.8350848625618
160.5322404421779 89.23910941866242 33.33514450384553
23.36208807272953 153.5356460776245 79.02923395902214
61.9513877602828 0.9086502336587083 49.16152326582689
34.23100582210621 129.923183915724 67.66411860649154
10.93167408471369 171.9067384437853 150.9598202084143
136.2711203072907 12.52033737668419 17.52800126840616
156.4119710485562 72.94695672546979 50.85696619656338
46.26118234985844 116.7924131660859 129.1281026827802
8.474300240670663 179.0399393803587 122.5194002612622
43.43347585792058 144.4650432945497 27.86943899428254
107.7791427199437 98.60004397598985 168.1242072445684
23.91459217018833 190.2048751313127 137.1538257963255
175.0257636226399 47.64030000238661 28.59792758901681
133.0449843210193 155.7814191832714 171.9370027853437
73.69327127568751 142.52781453982 20.30276748394335
130.5898974321282 153.1755152643255 28.95099943168402
29.72179338924778 20.53158997794946 23.82529502355461
22.33217305376888 132.659876957056 179.082394585751
97.31396349280254 148.4221813941888 147.8303352364456
155.7670872577939 12.02789737789935 81.89796963648328
139.8408849033576 57.41517573347758 59.48729466828798
47.55783774968653 109.0752331933907 154.5125071108585
65.64635729909799 84.35857283062921 19.84340052910486
4.048163944194824 164.0211426633301 61.57418188614125
9.444879182262229 22.29915913516788 5.233686054736172
51.7129935645526 14.95480756435405 188.311470569412
2.17291550445797 13.89967572007658 73.77979993666911
41.90901437808588 54.77609372469217 47.18924611674854
113.4219019588017 49.54338197509835 10.25119610514377
31.36153438570017 180.755508452519 36.57890508453409
197.9222631597111 75.77661070175745 47.91802657202425
123.8650784209595 145.6075088354179 51.880352296852
118.2552899682522 102.3921041338831 139.401667610566
183.0772834701655 57.99342412881244 167.4208567396101
188.9724169210947 46.30671343558411 48.27864384437071
177.1201398460871 3.714487577876616 136.5228118660024
163.2057526815321 71.41026269051014 163.249166978762
182.8267802497714 37.24815290899637 154.7879540928449
188.5884197072428 181.1951970738631 75.21295601375549
54.57504003485972 119.0994543551424 195.1485454917494
184.5140657133567 134.9787423044061 63.67792890657235
161.0598170697539 113.3366117209442 169.4659852175902
107.2352241308536 117.4695534495634 21.66878014290035
19.78200552979932 155.1491019815011 166.2805406891471
14.34964761644522 113.8043730755515 14.20983474652198
105.493381997983 59.23711185016176 171.3819736558341
113.9363775736608 21.85900133811742 17.91927835079628
32.88242421336192 135.1841491783836 91.44986760193102
52.8195172916753 14.10944992162379 28.35910071267856
37.6824726513818 153.4905069860902 150.0549731200936
68.64844160917633 65.46901842521366 5.02386744919712
1.600748539188169 139.0113291023225 168.0616415573234
159.2952599417576 78.88993885483428 137.1609870519573
33.18538928499169 122.5504038111606 26.74441562768399
99.90205967764412 49.07555950378593 103.6732117041248
3.290386204838049 110.5089340350408 102.1346473959959
3.873343426362154 10.86880539663105 97.91212837796567
65.11772135298224 180.4725668088441 142.5572404827416
12.60403810706211 45.91121772949126 122.7692972772333
151.0360547262839 185.67388988849 82.31861346330119
77.93880432250818 118.6579140481283 189.3377007054457
99.69394484628735 142.7931435383479 51.63387203090731
171.6441796199323 139.2463504972361 83.80114063316378
114.2938713935567 160.7078447021624 95.76951793395111
31.49374472431567 73.8886278425377 88.88198224579132
6.928623080079421 76.66369964251352 79.50064228591889
44.03427036538118 186.1365148390202 56.68149570090709
164.0051984150135 122.077857060103 65.09161225724337
166.0134133877698 171.003606910326 55.13291070505127
196.1480470871055 42.39408817767693 2.665899484232249
41.35938031393733 32.82691658116295 156.4706447369477
136.2416003573834 2.167159279397894 50.09701434272856
11.52403035291065 71.93036462932918 102.6102842234076
16.56328221163125 153.5335431387189 190.1647372046763
69.91402455181704 105.1898423690641 7.961254053088331
3.555136907865998 139.6448035832927 77.80564205079628
156.279867664412 142.631077246418 107.6829559139377
193.0159812716437 5.372756720539734 154.8372309662212
22.92072582534592 70.01973991745646 166.7446295263323
37.8199844500563 172.3742601096063 84.23879520167993
149.4550766351421 188.604033614513 184.8151876984481
41.85935252150584 57.62824319594399 175.8048825269413
36.77808209790221 32.30738115536072 96.43165553934627
167.972867731883 81.45192087608899 92.38899221318495
170.2902695726819 34.02304869157374 57.10302675655142
66.31439027460713 84.13243159188363 185.6067321174139
135.7907965142074 114.4402510181477 46.83507332093009
50.66925512686043 149.5829115332057 79.12916369504202
78.85688449546306 175.8170813977832 123.128116419861
89.38211863401261 191.1409168366322 17.0417576519249
107.3960601286293 21.60828734514276 181.1539809869222
131.5221523273987 116.13134892443 22.88685957846357
53.14824238144435 190.4195797490228 123.9979434277453
93.22839625502368 68.13993360533607 70.37592953828819
95.43916456836328 83.61821957161669 153.643724609465
110.4085980075915 35.40288731325853 73.15370766431082
4.172350659906138 44.07461206122779 145.3035107688596
155.8592259588085 2.750441878677045 147.9301091196251
74.66852915121773 171.8750974675053 19.10750958933332
192.820915401186 197.155833850572 119.3935937173862
39.68499600533318 8.189560983466922 65.77929290239659
135.9768508727626 24.643256999354 41.27720190131039
186.9986407384005 2.887959992977816 178.3079030547164
13.793047684406 38.80276362350621 22.23687711843226
39.96376213830104 5.060442827066945 8.17893849646239
135.4062077084008 148.8129235892208 96.85610941276869
150.9594927076164 152.2635516503155 15.72566709158686
139.1419565016044 87.59830660193143 21.11725943421654
67.14792944294665 179.4551936248749 59.45459275441312
89.08792833388134 85.74104476888348 176.9761669647995
109.9501271904677 40.85605653057412 32.56713459958888
34.03900975908171 91.06123924563998 0.568000357581575
72.57009453732179 25.74182068253839 19.98821117333093
177.4343269053045 10.73160221668482 30.93468131485163
13.11483754627236 6.359033218049061 168.3931759650507
167.656842033196 150.507545280862 195.4444394607467
78.23478536976988 199.7494223653688 67.12646749079572
12.58017367946614 92.44181623555077 168.8214283418576
153.5879931931571 165.9749746583713 96.35700048615247
187.4383626046673 70.0888914093572 101.2653221285117
128.8848908215397 27.0991981115441 199.4109009695497
189.6254166383598 81.29244924447865 169.2844854499003
199.241994369438 88.91658498573743 190.0900566809584
95.03922475267736 12.44332692458102 6.09009140475879
194.0594631249415 107.2040434123499 25.69267626929212
27.83406219232785 168.8170831851138 60.96667429078072
132.8502008744787 99.87252283909049 66.03525907390781
60.11432524801162 100.280902496711 114.8983070856234
61.02150919414373 140.042504496897 135.3395609344029
121.0011528704847 77.90547159435586 34.24062444122462
46.13527184957211 85.75727972311309 147.5874022899567
58.54024943312621 171.2611576704008 110.4308974320582
122.8712100510878 41.40211077463447 52.97057452611543
74.56683042128634 141.9932599200608 195.6383702820805
172.4615613928181 26.33504254763507 173.8132359871836
9.176791684631768 190.4803936853825 35.73841683426745
106.8575034123373 87.24810319385821 103.5794029865999
117.2794532629823 82.68552278632711 73.39796417183486
85.27577356655173 136.6707721020495 174.5902981394152
196.842648979007 94.7997910182057 150.4432599212471
181.448028702503 79.42846050822753 24.46749182358288
94.0077973243458 172.5258904711675 148.7748073710721
93.00680977315083 155.4555412472568 27.40647738041693
108.1396507902561 67.23201727197031 89.85020316619783
197.6097090591793 184.5987177597335 166.6932941830186
153.0760600667896 81.81409042193427 73.2732737209497
179.737032469184 192.7198233150501 14.81650763865341
139.8827946350505 42.44076731966232 107.7576764507506
4.078560274553519 100.0447111504763 50.95099493274077
63.47298785279693 177.507624051254 175.8392060478709
104.302706515955 68.13040991097341 48.83205696919027
31.00190634888218 98.78874122023966 31.2506392376716
115.6480280626421 58.74828959590964 68.37721691976547
93.85849183666831 107.8411019393515 4.234033771672677
22.71812764057564 122.7897977237787 109.776551241853
28.80596995820181 136.6008859513099 7.44843329803539
86.20972043554852 188.0582502337729 47.31687562727051
77.14938901103206 165.445490405215 42.46087517617686
170.5173038666258 187.9950742197352 116.0053751019082
133.6668100893962 193.6134800099577 2.63339695268223
186.7479874686687 46.93772947171997 90.62752327747734
67.86613601673722 122.8699360679364 119.6966057725888
73.91470218215429 19.83689097355606 196.4505740544637
53.25444641650759 125.703333471994 82.11740427676334
79.59302440888271 188.5263441799728 160.1241357304012
96.53408707091273 15.42538283013983 73.27209049136218
73.67639600442075 52.04505351453532 161.3077018302888
29.39970765179124 94.11773468786583 54.93730292939641
173.0413281450502 189.4096767043187 91.90963798854825
183.7460467649469 157.462018051914 73.06796033766743
93.79028287769434 134.1000339911937 8.436842899622023
156.8428293002285 181.5465382449651 35.26423672826879
151.4064237794771 37.6163710200137 75.58604485684278
144.0929453347031 83.58824136239241 96.81192719367112
30.8994522713306 114.9036090617982 196.7488773243495
31.58737139726066 181.7018039094475 158.8798245533482
185.3743428129364 95.65380184761493 109.0783650163376
118.954047506245 97.84184174184819 12.75348378188878
119.8239909618036 78.13960309209673 122.0268561554339
90.15650512666012 59.16354174758067 14.63797056392699
133.7196901491757 115.9574390813864 84.23538247124851
190.6717393689304 130.5342874170421 96.35208625659526
14.20480670053662 32.99083251034023 183.8849110034991
84.64916388104461 136.3126760074354 130.9534350695434
154.5560651013544 102.5971652535799 134.6310125967828
188.7001212427762 58.03214080917338 133.6389858980318
119.4771404931069 159.7017504319713 191.7233176504341
143.1190438102855 65.34366735568392 125.6939087138585
72.55313923010806 49.22585448960653 93.24632984265868
165.483099399979 158.9422242094749 33.91798238277013
54.96320039153568 32.61718293907165 4.649342900294405
68.71891702694884 1.246457478388661 177.691153476335
26.49981084860218 51.38227303126423 151.6289770459241
142.406673220635 35.21222615087711 147.5032363273027
132.1146426247172 37.52788852105463 21.12146371305857
98.6916111006047 170.7900649316103 7.322927434127133
166.9830228140776 56.9558424745993 144.3010947176325
1.984759490069104 100.4785139233729 80.04062386932148
58.1711632253161 79.43054002914374 127.3320301156576
45.96265422224506 65.37085841269953 13.9149872951058
107.6747695123042 22.46476100554723 52.75078756618375
51.55986308736693 61.33347943008421 94.77670465425213
94.45268070047193 59.7721226901465 149.9901488234695
162.0629292365505 14.37483516721351 12.43669240905845
137.2063560341619 195.682262884622 133.9120955993717
79.2577241720023 6.411907177883831 33.0316800832548
77.6519097022954 167.3777060909643 194.0301999095506
16.99031443321928 1.499467900164996 15.46669870274026
32.46576844185633 26.00554346736717 198.3692643536722
128.930550930486 0.7439651148379979 156.1517657555039
190.6587667135204 143.9065516120089 189.4551450269249
118.088442968416 162.2472930999208 119.6546486465865
128.3504047928511 19.69782039938142 65.09588034174823
133.8386007920071 126.3383900853298 106.144081993269
191.1336273900225 123.2744511923354 7.728823974855168
20.08602680860653 157.7094572092194 133.6726664254264
156.4819589606933 6.25748118101198 123.8186844069686
56.80206548230316 38.81909216381911 108.5424817378064
133.4404544214428 168.8725044226021 83.33084297079843
153.4085597154707 121.8433691794742 119.9413858181589
117.7783970953435 101.673545081808 36.82465156828773
140.8170413756522 52.16329791024599 176.7676408612005
64.6455856549095 131.3446609984406 61.62117131452651
101.6010609607391 65.48715133835248 194.2726577054831
79.52661687836367 43.7392479914391 115.8999772033582
176.6548627576181 121.4079767459377 129.2398326746848
172.1320847442132 175.236143694063 136.5702501741404
134.781160457322 67.80074760420499 80.8962346549188
145.1143318127729 172.1332250812576 2.233989083246628
42.88348607551612 181.6447670386405 14.26487798252385
40.34752501826492 31.72138083946041 72.07757841826538
196.3185477478808 23.97730382959339 170.1956105668056
8.32578967325232 14.67216418129872 33.9540384801827
33.95605100117532 78.65372205521449 127.7779309490949
114.2132144808457 141.2955801083994 176.6236309178042
2.936951544884865 58.4123924222009 64.05133241817356
97.61685475623216 124.0698750083479 147.429163845325
164.4054615948445 94.19490311575264 155.1100594871373
136.3450894038822 86.33550958744694 137.714247674776
10.53673527283376 173.9085363649536 82.83104367950314
81.23235275929355 93.06313205590898 101.5014517923385
76.14435366647783 45.82292696631669 45.87289153725819
153.3690334867044 88.02198990926659 1.299984906122378
196.571633932143 56.95607038481995 22.0839016512092
46.11855725785167 128.8752214636103 46.3772305784473
117.7558811649114 108.7936280097919 101.1555565393296
93.14553564552151 71.10265002628941 115.3831170839032
147.2545732126133 147.0090672776366 45.29996626408752
108.725175630523 171.9490927372375 74.94395214461534
176.9096345477266 176.1083281740829 176.3832811868104
98.98419798210548 45.12561662547577 53.93995686076121
10.93220663537834 53.1683598188455 41.38775532163797
167.1572211352951 121.6850981328436 99.80192640332717
2.872309485387641 78.62140111313575 12.82624004698548
174.5094316975888 59.3202695899444 7.433325445149066
197.9325339002903 121.3877828311644 184.3853002287159
193.7303612584118 185.5920027219018 140.7294524843585
105.5886441576438 191.7509975933721 157.980319742324
197.4146088939218 1.848132820952347 0.9620725100461962
113.0931629316651 14.19278603187981 116.6849608509465
68.17647992926702 4.388878630649971 145.656814328952
175.4176579699275 152.1708414253749 172.3703882477159
115.3747593947289 130.6439998675174 90.83254398318428
20.79297038165367 131.9350447064462 132.1549731246308
142.9903028104572 149.8293732056723 192.9707741568578
90.02076152149995 33.37488832138359 88.25834109860315
4.933179133553107 122.210391535633 60.99844367591683
137.2766885040163 118.637392522484 140.5431362119605
178.0911128295555 50.93956624090286 113.0029855380182
35.09798025029587 10.72918631562558 128.6286357231285
161.7835886721061 42.4154471133406 97.13480315309997
55.30297704345399 159.1538803319974 189.68001618258
140.8709193143766 151.042805881396 68.45045501254621
172.5997282136728 128.0081305580369 187.4277864524921
52.66079417700504 12.46803350363055 163.3362665083048
85.30371561133589 167.8005660444673 171.0196669380537
134.5331176826156 101.1550418183057 193.2542118915266
122.4439439112984 180.1338662246492 144.9944536327382
172.1114057030233 140.3446271655063 17.81540042926755
154.6363255356748 40.24674867924732 39.74755436760003
112.1940435916346 151.3578136354103 13.30620884943196
65.06926613546176 140.9655628094653 97.03991867518616
68.55878865836721 113.1607193731165 96.17787398206195
20.84223802295776 56.08720638585626 187.5002992748404
156.3144540868365 70.94612856303603 17.96020663121185
121.0141799725021 126.2722385299394 66.49923996962106
122.6779547593942 169.4630879159903 44.76667875554264
90.14131079440263 196.291961916957 139.645369328371
134.35737538027 61.57755393720277 22.37801599980652
70.58084570555046 101.8048156809844 35.91650546203394
132.5045183496112 137.2083734723243 10.91425826678631
30.52850540293851 171.1449494945454 116.0584032211507
160.3646235317092 122.6864363540186 147.1425295323083
168.840393247793 175.9967082555774 199.3278172652056
46.51023439995205 106.5805895632055 14.2712018082688
94.10488470685776 106.1632554702857 39.62314202997142
0.6565873696815415 33.70113113518419 105.5952783630889
187.158908060371 120.2718782622075 44.64114075519434
194.2586247130662 36.53290930842741 69.89177732616056
42.69146496588269 152.9143666887852 126.3031622884287
44.78113278240888 153.3006272997508 102.2213810096155
87.29015562374461 19.06960807100646 147.6492425918196
115.8498837238588 148.6536527000637 74.6748138978167
135.8174044789595 131.8728860584149 171.0830100876611
14.77867120434098 11.78931790203786 142.9630832617148
187.9752830196954 152.095169972562 113.3760246694859
1.658608848432967 182.0192040088862 14.34840276699174
23.69875264553037 146.8257771940103 112.311483639123
77.66780238099311 43.80110835510548 198.5869343008761
121.7728224252123 175.2369157812981 13.8447324141406
24.94641667717678 48.43157027898076 63.31321775927388
41.99678594542554 174.1652408481795 138.1293549086097
166.4130751517467 162.9391876126378 116.6343135675447
150.3942958346815 130.9130168931305 27.48168425882028
53.0285337069153 168.1606382316176 42.8362752345172
112.4267508351132 106.2722785039504 77.50888262970717
141.6531300023104 25.3111283891772 125.2916261823509
155.5103564789648 191.1891271211952 12.99936898717486
154.0266424112761 46.89890981254649 16.41645797043958
78.89839600318055 11.94013877266983 89.78211532524489
16.34630266112886 1.43820945223714 116.6042862202456
74.75924838568251 147.9485507038129 75.82360729629784
130.8953096495763 64.94193794743656 104.8186412462134
65.8381032503699 27.92052612235018 128.2559658716379
161.6272920559158 46.46396419822517 165.5538601241354
196.0346467147209 180.1097012721825 190.7332177576013
181.167701262315 96.83365123344718 43.57865322535207
17.31768885305539 176.0989193389552 178.2247790295906
71.65445428088088 89.33793629723792 78.88605468868928
63.13219954582282 145.6704001630193 42.02629314522373
59.51868237742143 71.31052688748734 166.0532647848995
72.95900699472436 190.5942627302995 199.1411318956099
178.3474310144343 82.36064877725994 0.4708711416422295
146.3448661754125 94.01338894639605 171.5221685103994
48.29805620182712 122.9324520494114 105.6205401945279
135.8001688624595 50.41420152715612 0.7330690964637654
41.72960888206934 146.4580750300608 174.1736077703145
191.5896412170615 161.3522083048213 26.30686082777908
6.737908092308256 154.4178955105186 96.77623070949582
43.09196426109614 150.6101806015577 56.26645266493671
157.2459235960233 110.0544015764815 193.0306797975659
60.58780133776617 58.40849800298618 32.00749021347138
169.4666722532678 91.16850176042203 178.6897461813096
130.1318663916983 157.8278816529239 140.3448141866503
35.48374545005736 52.71388712028555 127.4023314579057
153.4776635969039 5.505363529935329 33.28498691445938
68.71715435543794 10.16182612611074 111.8584606720811
175.1119461025282 189.1451302385461 155.9645462938587
90.55127752549586 112.8780981361332 85.82310531105112
5.453872574672314 142.5840407000973 8.531457924157944
25.53711216260219 189.8918309476396 72.53951342360568
51.81144786733136 22.79281628878753 51.14080238308989
135.6376644396551 190.1902675601196 27.11917565086002
61.23103147496732 119.3494926034313 171.8072078223115
45.30163971707488 197.0087727090634 146.0415447243804
89.93830186343453 27.82227066784047 36.99108197378745
67.73801459192057 78.57728743817466 43.5541050350695
101.2471445893459 123.9840582288502 187.5744314325338
35.73822937105236 104.5842013264494 175.3688619233708
113.264745984192 184.7643784042176 193.1868684866906
184.6641161984328 67.24983214457173 77.42005543959233
113.9488084526353 124.7757678639741 43.60485776505222
16.87616875570861 143.7056801638552 57.76656794427852
44.38439932783004 76.08003203860359 35.7102083701998
97.87599223828521 116.9207016006371 61.14340462641903
119.5497340828131 139.8073956512985 152.8691588690113
154.9934405451655 158.0091783336987 137.5306058498698
113.7551631418229 1.460692202861742 137.2280407500396
120.9499002356748 24.62957374382757 137.3016276950162
185.1468188970344 167.0142927423837 155.329441921765
196.0762518674763 161.7812762664665 134.3175666106689
175.2839498511759 85.30387979551398 64.25209725337167
105.9874654011109 89.33249874692382 194.0344546288342
135.4798137196304 4.987375318939108 111.6189372180045
52.55736535515722 140.9383424821415 5.68283547997444
57.77848834007213 124.9221377886002 25.40719187643531
87.56669834584092 165.9647689812636 64.35637518564548
151.7935128414526 21.36992227593625 103.8395082266907
28.88877502806034 162.341509566049 9.279635900038366
147.5569268041764 11.35011761458187 193.3049617553658
184.4173752306531 107.8360352102887 65.09478630753084
142.192365511574 160.1965143663492 117.0748274979051
66.82038484033924 65.69886591686577 76.40520153327418
164.1470349179108 147.8678881552852 62.38982539704561
58.99079103227649 41.61449869985191 182.3462412966117
187.2624557529592 22.27824724547384 192.6831148875461
75.35921544400476 131.8314161331457 153.1355019597173
126.610425923121 85.53448008962897 160.0225227611078
58.19821255045076 45.11992894804163 62.35415168911522
101.6461077219843 6.663520028751272 96.53336927057687
134.3486997815814 104.0820593677423 121.2621006019719
19.49650269520354 88.48959066966609 144.6453461294834
114.8332821644282 190.1504524563648 108.5096446355342
110.9004911318958 196.1526813412789 75.65372542597466
90.764457918147 195.608555415148 115.309072831873
143.7384235741121 140.2045054288479 149.8401317038069
19.70159892491373 49.25875133903434 99.78062496118247
21.74471033935461 25.07937942927357 114.14304867753
155.3401349020214 164.7376672117535 178.1868616194701
6.670877086469424 50.32898988181272 168.5492523574857
36.2352151556147 102.9079275516997 111.9529582664415
76.05785942415218 158.23562936082 140.99158656714
84.22376676977207 70.56330577638998 92.76012695598786
121.5403172338857 116.3700766181909 159.0064924424462
24.02126012972142 189.8308480698443 96.74996731584861
154.7183316847146 131.5495382372579 3.549032528723676
53.02769665798102 96.12986926803192 51.61073226651354
61.18492381974851 15.86999424650405 73.52422720890769
95.63663611185531 89.31306962000721 82.18181403822229
24.07801566330403 11.2180480374397 84.14711140342081
12.92388384293659 111.934364976376 143.7191042011184
173.54870513719 29.30399859522245 80.34514269901004
77.94029456692449 66.94151628370085 133.8395018338219
118.1871203311028 39.28397488154248 118.1828380971541
101.0458111174049 92.90187851872817 58.69571052213217
151.8144273268839 18.42035563452083 58.94217989299747
185.6058885715041 154.3054888265369 48.87917823833335
132.7222654976046 179.2273671793324 166.7818772010714
63.74935454267155 100.1335546279081 138.7831733990229
195.4417147954177 117.0464505353647 159.8568593381897
122.0509695445545 57.13769643887123 134.2611662922658
123.3476435376021 48.18085370120063 89.20819796143476
116.8931407970768 44.18553320740132 186.7591899654893
129.7132184425184 184.6447671400692 65.39588963357312
89.9031267777119 22.21686838294145 111.1169798489574
136.1307854682056 138.7029406042902 126.7853687791288
178.3827486739868 97.81098523530977 134.9106896475635
191.9405081395313 28.18000615471853 22.04802717606242
189.290378252277 19.05156515826278 53.70145126498078
147.946923113896 107.0126178550013 101.563477534436
50.10018453563103 190.8515059295222 191.2392325743223
26.04691428593093 78.04917615348087 19.77520166028073
26.81679151169467 32.04675006971486 136.9172245101252
25.20152292246722 117.1189548439701 49.02418393408282
87.35525679749512 113.6127417894053 166.9114552549725
62.95247843627724 193.1505062944138 21.05541310756257
80.53753422856157 42.52084011123296 140.2279563105855
164.4901918756411 113.1246429587859 36.42043201155077
16.8280371896119 119.5990312199168 82.06431336029083
106.9422492690777 76.80902315334893 14.84525403604378
37.48284698912214 9.327508123922984 104.3865951939371
104.8169588287571 180.6043805254538 128.5953363491839
149.6453879265032 179.4037042475848 149.2414955478917
168.6250964049258 195.9668843867678 68.89686028558374
165.6062094612998 101.8987315514979 79.1034940430997
146.9440344699855 183.5011690070966 111.9206361670325
44.98046138545487 195.5694783421956 85.86822780711778
69.2338196138293 65.27642038150253 111.1363472869585
81.09760814969121 47.02824034554419 70.24751315669891
