3 1024 8.868112738084598 0.7 1.4 1 1 200 200 200
28.50955818429251 148.6831869439818 162.1041420373816
191.5287699839657 19.50414377203342 157.6853963241122
177.8929854341481 21.91492085148215 199.3755989018876
12.21263857697111 86.0189660336066 93.23188246796781
33.2909540898857 172.1043403938414 25.54666304387451
64.8144466119161 53.25096886468565 105.9153259648421
111.436475359797 192.8955442011115 160.6647739554012
57.20242429244705 80.64983069284895 83.12315238117158
120.5547278662393 63.59727278774209 35.52835982252896
192.8740251934821 25.44185154416433 15.40801564913921
123.6942713232638 112.1676511906818 3.971658148165766
157.048579775742 166.1407829484019 170.3989554989183
101.5919261434946 173.3852064372795 85.23755285027678
112.2077559787195 84.637560702651 49.8532590896821
9.006501555406365 61.04964819018287 50.5193094702588
50.35232350879771 153.1689755085555 163.1836388728258
57.06158777389309 126.7115156098626 176.6465895553811
54.32494835788149 40.5637943331141 112.2980885392885
191.0820610389815 116.6642447325192 87.61528344975852
172.4457677415166 123.7639546620101 87.35289463659829
130.5447864291301 144.7834094103804 163.034490553847
88.49755278230796 134.0932049683723 163.9775506432689
113.9891965106465 70.95651626882471 123.9888674400474
143.4516615359147 146.694857523121 107.0266953498027
164.5528634048073 174.2810438200938 47.66837122652638
60.40707101004339 193.6561867771987 194.0278724527615
129.5595531202485 18.1310540490315 196.4458088864515
91.7893280043773 40.0402118694001 89.55407789537099
54.19293128500492 198.9211148430101 18.43525583796879
92.57326809540474 179.1870469580929 71.39396915202681
33.88229143961473 138.5380354763089 109.5315303708325
51.66914662655312 30.54349278615339 177.8603911130369
10.19864011002132 21.08558758541754 63.90841029672384
166.4702428728845 192.8862502438753 92.14027502834311
154.774893243437 63.00436648581403 102.0894645947795
195.5566907809274 26.17457898381248 32.78285299824803
69.53572806312989 148.5831168421666 104.9971770152258
198.2909593775574 13.5198513158841 142.4257513409379
121.3099807355157 81.05758547724328 192.9451567820388
67.27572693333934 15.25765297519795 62.73859481913552
111.0937361372348 59.83793423999122 137.3831458952176
191.4449329256588 11.63046527124745 108.1719171593727
19.24035110746225 58.46534826996308 102.9807170452864
40.90281289312136 128.1406766765221 20.35208207916217
199.7794690611505 38.1768794065088 127.9502887565316
146.8998027505268 23.29719088485879 43.16851787525274
195.8999132740401 29.29123467394627 50.07799017887287
58.3378663937369 186.5737429059502 93.48535656267626
116.4610862664017 101.5912181703422 47.90160494549432
99.95858996074691 179.9323948309074 55.69202174450639
184.1395554834031 165.6250130455632 154.8662939555638
193.046335268171 60.17732029135017 161.97030366035
4.373331184743113 183.9253374945971 184.7754048060621
21.13882888990054 132.934434590089 170.7106444852353
55.15467339975022 89.06887017307912 174.9472421690785
121.3589348447732 52.57562969552469 67.07264174799317
82.3655888833558 64.06885004828452 167.3241063254637
102.199073511151 139.0734923525808 66.98762544265743
118.9033992438064 105.2342833687112 64.83210106186444
86.4063015432593 176.4035872105411 175.9256773251188
99.45488117623901 27.39796085907246 55.80029692773255
140.086430962085 57.73509237113469 194.6019473770229
140.5738309896921 115.6562018541387 101.2811079598973
98.7546383001751 163.9764508740784 48.14402964347874
64.07288381546618 98.84538711677234 52.9079200127797
150.3117382001138 175.0420440483049 60.16468699408379
158.3047766793881 179.993088775434 194.1596851638764
149.1339731833434 62.72835072400348 118.8436284592511
126.0735258603943 170.7175180537913 101.8006491036891
195.7919657401665 92.60007458800504 57.77945141292017
193.5607713522811 193.3339808655896 109.9037456398774
48.91016611181769 95.33964527300878 135.9727106774414
90.2209830592523 42.48616934021437 56.40854530096521
110.4164303048921 67.32255744351968 79.44674138301598
38.63224526404006 41.34110311672546 172.7097638231313
132.067422749888 182.0459702115488 180.3169980050778
186.4913408688139 75.90016561806053 29.52314569423158
128.3368363646021 81.43664825468127 124.3618082743428
10.38557354371529 61.42576870072606 159.2114182932509
165.9092450685131 127.0877594543056 131.7499426856563
77.04724582550045 112.3758360330799 25.51375666496947
61.49076716271648 160.1433853385164 115.3600759569521
69.22498168769403 2.714549156096671 159.3695924620189
178.6108818067126 139.3793855865123 92.73208628093168
42.34638220587195 35.29514111875829 100.399996264129
124.1003325108103 136.59185603647 28.31627537198692
116.8635617974232 102.0528101910935 82.01863014759989
120.3799233617206 116.4756973459511 101.4451177174621
166.017890070441 44.29380763594511 182.1661143227913
175.5107615336399 119.3725833617732 104.1437002450648
18.03804259702974 62.72206002077965 183.4898284483516
141.2597504534396 3.393995276578646 80.4923217100216
195.8396899690375 194.1853836747306 10.5396239634703
41.86621099454052 94.68969022120615 79.27339387352953
82.66107924715558 191.9923191474879 64.42041476294183
194.616794676184 140.6449105330999 112.9983452262011
122.0187474993255 56.53583699865411 177.1213297949272
119.7747174640738 47.94048443973967 127.6553316386315
191.9653467230979 87.31758767892514 41.55464448053768
99.31447381665056 12.98290816453981 150.0079383759335
80.92769960611994 131.7400023062518 125.6394155593953
143.1311545798422 93.06694888808771 160.866076675828
189.4139677588556 15.57301943666919 90.00919965912782
142.5052391853417 5.161447277587806 170.9223529193721
68.82580284455278 115.0717230008591 185.056206409844
141.0524804638945 76.58720355950724 69.49781236804697
98.85863000609613 99.80927966484735 47.26185504408296
50.29700933671547 5.308723311481594 2.419509257421054
51.94284378625179 48.70249297589524 94.67657919241864
62.20410944652443 156.1082434466234 178.3749602356534
29.47253448077278 32.14482898757895 11.63371187005569
151.9653236535728 176.8102046552719 157.2485635213053
123.5942964124479 98.63821649737967 192.6443146232266
178.9337553589382 52.41804839238832 12.08795401966448
125.9764306874934 69.25753773358545 136.9088027753483
190.1690076231986 152.9959853613725 27.22676057135955
151.317523492074 44.48978181173838 119.0593215941406
135.0060037123186 179.6631075215537 67.81933771893719
97.11767385611566 15.65916580129297 167.1436258915873
24.0510433592748 15.34278496700058 12.79533372438613
158.6520538215664 195.9401910119036 43.43875741496994
77.39281024683764 94.37039948766531 193.9350170000741
66.03103016722538 27.34834617859044 75.22874382984038
87.86660217415671 97.7521864610268 32.05706385631201
164.6331160136221 165.1311396209502 153.1635149550397
182.7753907490406 81.92893662596525 177.6905725049035
69.30477797899522 6.905420682462639 100.7121256538189
50.06253308358402 144.6598804079395 183.6660485968884
23.42563398720761 5.915199644445026 51.70272815802462
40.29972731222355 95.3445330377981 181.1343905479606
141.1012883841688 17.93101254711689 183.1750394173214
170.609963666183 143.4446955894935 19.322928000467
166.8268685746982 136.2846853605927 76.19199267109049
15.00540702473808 129.6266305768798 140.8526729279957
145.1558931631943 139.1188979435982 71.93628851796869
116.1194093944776 188.2193157783685 123.9994677841338
84.51461547262849 97.53294896202354 14.70414397882532
40.2646419012004 19.17311781560932 38.90870555189987
117.4635948061186 35.43381895350834 68.5894337382778
112.7644040933231 132.3557577317224 102.1959124265582
176.3909779127692 194.4806485768287 106.4580068090334
72.99016386779512 173.5455320199339 26.99730295436024
41.69190297004728 139.2099835396819 169.2168772221537
48.01102755120267 127.786973425871 50.10373523734309
188.4279165703985 19.22665394294524 62.45120911554141
135.1066772094185 7.202181106558288 97.1880923931742
195.4807852061606 118.1769043926374 167.7136333163581
136.0651395224189 20.99318821866638 166.6257144241977
97.47887882917924 95.38343552305183 149.8672805563667
2.853639564833125 199.9179529883739 156.476631765126
185.0712048154327 59.02163049126584 128.7920025835504
78.90354751746641 49.06753791553461 197.9009542277326
7.640366786300018 152.3957789505239 10.89866310133779
42.34377964923775 185.7316265966578 18.39513377341086
17.73197613798144 68.77086466922579 88.69155885425174
14.22954728450022 65.94475954706861 118.0218857919159
86.04299011950482 2.285119514119721 164.1768036467273
64.68508947882715 59.50652697262858 197.5022759714631
196.8461316748127 143.9632857679742 40.84929253317068
36.27979778911426 1.207978601184322 12.26509196406076
195.7503352823314 115.3791028181756 187.7619932184236
26.2932303361715 153.6884877479202 70.41746760763058
66.61865650125509 189.8531293729913 29.11763112981995
100.2253648352163 72.43713195322741 197.1879914832521
150.2214028651622 2.981246010735592 125.0627724269876
80.98287887852449 58.29877008866021 30.17790171215145
99.49139827526642 90.39544851084491 170.8275547929804
46.63154546150685 64.29034411815626 21.23496836888726
191.6977582519656 199.2532556971088 63.70770649560369
142.2382637283763 161.3739303524102 97.477499966577
8.743114944717444 118.4945456840695 0.2573910454101973
191.7895713924767 184.7061905105464 86.40076320040571
110.4815585832433 166.4792829691999 35.22918598736008
4.569460482409545 83.48110511716091 193.4437826884052
4.24082903776891 142.4826072382663 24.98832768217641
121.9835016156553 76.3436370837218 152.5501124109794
169.9162879855078 138.8842460077558 2.384010605985404
40.33788776301652 59.33488301633852 65.30014692221808
13.63342610004321 97.58596692918364 70.11097713615463
69.20000676482397 98.52966658273519 178.9587365108376
191.2869873899776 143.760865906311 57.45458359398893
65.64948898421032 77.56673661593459 187.1491381294429
70.65126031868429 26.83364347376273 30.3974893707641
161.0898033849727 123.8789920659002 148.4538843849463
117.1695600621639 64.41769642050862 18.27681601309564
161.894681554323 47.97472712227178 62.80501649028016
112.7386692715512 134.1626310325437 1.439684379518294
32.43954151056186 185.1850227048651 111.7430534863851
152.2888165740071 9.306505295221033 52.2845232021757
171.8045846098269 65.25655260411619 98.13931872828898
160.8901039624739 191.8325459327921 133.4709208807873
161.8663668064625 188.0199187738114 58.68950916191346
191.0894074081538 181.7801546261633 156.6606094926664
173.9275022421367 76.33012337379456 138.6837214054343
23.67170859575481 68.74199934895668 167.976452085978
127.9725683928883 196.0374409103833 0.8284851767458143
108.455446134915 104.2381631121824 8.160176701144328
88.06955997803291 10.91830380518228 61.57954461894296
57.18609873760689 116.758048834985 146.1754572112776
163.8250208848742 113.9283048413225 44.56335228450577
108.9121204873358 88.45572076584227 89.64887304859178
141.8890314154357 186.0145228563942 196.7637615541256
181.268371409828 9.392422676764928 184.9716744459442
0.4929863853725726 129.6321147028268 125.4836799132111
44.41746940178066 69.03035221846778 38.00418213151537
0.8935789289356469 100.4415357145182 108.8266832593555
1.327620550775098 4.598574050938316 125.289094105154
74.81178222814295 136.0202175927289 65.41952737462715
158.6141456767807 30.18504397226484 96.41204796503332
100.9582956262828 3.831308321286279 18.37849676236499
190.9381674425849 71.51293938152213 139.5038617825484
150.7585516496128 44.13665937270147 190.7350396262512
159.9731284063311 67.93200303339313 131.8031753402744
88.01069717897018 168.5001862134156 34.89206782404701
106.0594254309207 104.3950067100524 127.2637378208397
4.087643959140166 72.21193193044704 37.69630527933769
97.82004501293369 16.87350521013989 85.37169136295476
180.870946329392 127.5230869875275 194.5218341758812
169.7681024284755 43.49696307052918 99.4532707472753
195.5140401038109 180.8197129953188 199.4261964380696
175.1048027450874 97.91879926346196 177.5881969605264
80.892644569762 66.64550287650212 197.7740865492105
102.8681780935698 98.44536360760512 64.47213617012122
82.67901229922474 58.29503332423371 73.69153257172859
161.2940989551489 117.2612354998523 174.090056214466
78.28662954824922 127.2104347088976 176.6315709907259
47.71792487220262 51.66960708413683 38.15687140782533
11.61264811520432 138.3043906726866 109.2367284362437
100.2395756855915 180.6440590283408 38.20801735730747
46.23121818865393 112.533120410553 133.0751257333552
191.506501164082 62.61261968620764 5.000449309558534
142.2009293255936 123.365845495702 129.0999035704817
179.0795032888944 35.05655758992869 11.06280219610842
179.1854013267217 110.0919931069402 33.97056277357892
64.51560283619817 20.48171763178675 154.5878128036302
35.8272220313797 146.2418838782915 57.65972034151402
3.355695129099248 44.07183119523213 110.2254571697625
142.2999818359516 197.5712432726686 110.1938945984779
141.1193302266641 170.2924701081444 28.50732272942203
5.45383724465299 128.2126425146978 14.58136505976211
99.06208737406305 12.72831269808722 45.89222949834263
107.8205182609375 39.97505478280387 137.9215705274694
87.24884351218985 145.1312638439327 73.72056133862453
143.2625105030878 190.0380649305986 142.740032126826
12.17168496434791 176.0416136738777 3.044590971206584
8.602490316717157 16.43246795037681 156.4117577994793
45.14021913444803 123.0765420275386 66.84352310326167
32.21757292251748 74.23585029200929 60.94273231316347
78.69918851263174 191.8117926381393 127.636582807193
68.43088304827121 176.7517097609394 58.74880871361681
119.763152376346 144.7814664759663 13.3100590022887
93.70990714889942 112.0355774382524 137.2351409749319
0.1699229472557008 198.3471193268025 93.86025943218017
77.55701303843219 45.37815731204338 180.4906371703637
99.90839632686242 118.004239537331 35.16604212393752
16.05374925557866 109.0511392133497 109.0053426087372
100.4002619409064 198.0403088039313 35.08732595171589
50.11033028280661 109.8824542914869 77.21079453749572
95.62928639209048 188.1827975985038 166.5022119853688
52.64078687897714 168.7342403794895 170.7350971793334
28.36359403353355 100.6694898963084 169.6878860628735
54.82485558320382 181.67984779796 182.309998039581
0.3528736648893623 10.14494344519739 74.6996893034228
122.8732182180347 45.99176546028343 144.9563874262134
182.6719915405756 8.965531784648769 75.42891752643237
190.129534403876 28.74655644275102 188.7750841174835
46.37512257605915 87.86093460765966 94.9025928721598
137.8386670413323 151.767321845212 83.4781152528424
174.5881007654323 59.77111034291567 66.09282302453484
159.0165965544812 67.85133072704862 67.90800418150661
84.4511988772373 46.93452156316054 104.4465171168194
22.57409998560169 165.2781324528952 162.9255996835008
156.8915525279032 131.3866584456195 163.6084769582697
75.28582311337783 5.06531190321916 50.79706862654085
130.2243278330766 111.6691950391389 87.78368211795933
30.3265180715178 91.39766939615635 65.22899523413739
7.81481415809266 3.492161912620417 108.8654616612774
45.69819943637912 194.5162350611015 33.33947400118998
100.8394706491102 68.40762953335442 112.696467988432
132.906590483152 189.6804293395766 128.666272218423
111.7546164364202 11.46458255210289 33.37026453883428
157.8546630619901 91.49045384795758 7.354380412588207
177.467254682755 39.55250383240404 194.3980826794372
98.49204016804542 84.35441179467176 38.73406727438516
118.5047257376952 113.6875555802748 118.797549396508
27.86175211200649 28.71049617445911 121.1951385825733
45.51768293626801 46.04431802467487 54.763483219226
51.09919549158734 18.32952662707633 190.5657974054919
152.9304991203273 43.74324193301958 48.1221987088025
73.37645469200346 62.31818968364961 182.433121594452
25.79808644601435 115.7104000381079 139.2305837083813
86.13856054989826 33.44388227940369 115.7602025489929
69.12501024515876 9.015183287511546 194.9057322240217
25.72774740889711 15.6878126973269 155.0967796280098
83.00918390508572 123.0702730694615 193.571510861568
199.0589108952331 58.78180554076604 189.4820099872573
117.7776390370645 174.215400732928 159.3961295539213
20.0123057977084 45.2586412071249 182.169456962064
8.611024561001361 168.6352079079394 131.2031201307065
7.735138905850353 125.0577146851752 179.0951650477161
100.3414398258271 67.49793275669226 14.14532435620931
104.9705680054912 126.3715360300902 168.9487471024471
23.81387370559954 147.3836486753585 121.0547335440156
40.88005488913382 144.3113648026224 124.6236172296396
59.9134745641859 190.3567553732144 45.38242799927874
93.64062217114221 111.7578191154839 19.81127185289465
143.1033886131687 73.54871908413647 137.0573240222018
175.2904387335344 127.0894228334446 15.30920683449787
143.7821577343372 171.1684003668749 187.4327730949709
184.7267352391718 179.9364589407476 101.6660594289148
107.4260496346127 27.16916297734529 40.08052869809134
174.9877991953421 68.71815778273151 81.31356632919615
189.5806317079863 74.26632150177863 192.0595917689627
1.781521301821307 41.60975605297151 38.81288133715402
197.3733538720602 72.43157465365628 123.1321038778149
109.6494214281357 42.24823650129072 189.9329114856622
188.9261706887621 163.2762695151333 137.9917218141022
131.5617375883191 69.45158437067265 184.5275138219152
2.483948580720513 130.1034092829836 55.81071934729225
93.61290528994692 190.5042685159467 183.5720430530479
56.20889858069797 125.8716974248011 80.38904839599354
105.7620001391842 44.69821024987111 172.9025280175029
62.06828326207178 99.19471193191924 70.5186864800763
110.1556214828486 181.0221078062309 70.21819988325646
123.9798653305425 22.24629509837095 179.4284328119716
85.43498410350801 170.1822949378394 57.92357477115765
164.6333979625725 87.00772975782893 168.7366552421816
70.6933200502812 36.94584059500067 108.4648402005783
110.1145910839495 9.106876258001346 59.0843556917456
181.4920139319929 114.3214094574251 177.4123854023465
127.357462046208 66.96576525397602 74.96801570131774
10.88027806731601 56.44912387698748 33.64573974237764
169.8347151313579 124.7401751134848 31.89303056616793
15.69161372916238 102.6149454064854 144.6398516868917
176.4465298814267 117.1376454433991 143.2476416047816
3.621728653770024 111.1654082610213 24.01882738284107
148.3113208397261 168.354270693081 44.21491229480495
128.3470597756622 103.9220455582242 35.05638520888388
3.116384934835343 187.5492590930923 55.68709458882837
139.4579287812954 77.36281571825552 154.0653694944737
51.76788750245755 126.6729298984495 159.801446720909
129.924081782644 42.44356149736959 78.75321671527188
102.3225485021025 20.25232192187026 102.5518524205408
107.604148482041 27.34911966099169 175.3035161185661
19.34427611060168 41.95230437058168 38.80701605229649
190.5304153317078 60.29391743857613 22.46370271775842
97.09958015374036 195.6279317738359 150.6814529510909
112.868219886767 150.0023354058148 29.22099863565774
37.29645924417859 55.84075878289971 142.8727277065387
44.81819312209166 13.24708503155751 22.89111467161597
66.90326257868293 35.94931705186425 170.6499561235105
20.81881491251537 81.21244372909202 5.896196905333018
132.6039806947687 61.36192299412219 151.9793470951204
99.73761243597629 128.6883482664144 49.38927339363934
86.88142646174755 82.52569018456563 2.696045557474903
117.6460457230897 52.80526092853266 86.07204101999467
56.019179931647 143.5947727875679 115.6053962602462
106.6589237221892 21.71139683114673 70.93562996591923
107.9766670400814 79.48382225472794 24.60579447568175
100.0119391074091 89.35097427757617 12.32986500008485
38.00903601430859 165.6895108370683 64.79410729058556
151.2593830160836 140.5181481823529 196.0411342572195
90.4482979245752 178.5281128109287 97.93814431769532
199.0436476879963 91.48640934136856 77.2551582559126
112.8787372204737 78.04758361693617 7.903689059933353
179.3928949606019 23.98856385477552 48.11579379446547
106.6840421351576 13.65881072128762 134.2662459177142
6.303079957712637 55.28076499752104 16.7691328589905
154.3884179416131 67.55459256663784 197.6164288360308
151.4443546844164 123.3888732974007 191.774653907568
27.67279604088859 179.6126795377096 10.76241996694827
151.392942871953 57.42089470694863 35.32898210708279
169.807605041815 51.55250557129332 47.07386004613873
143.8676834169039 198.8076853537493 63.69503364126528
99.32609707191453 37.54083389477489 104.9923070596527
80.61896325942045 134.117299214315 8.772031480827874
21.80370188472906 189.0811300911873 187.5023986837959
130.157383369684 72.74008049320884 9.551064016465194
128.7250831053122 63.13995561307937 119.0011446419129
123.0460242425738 158.1295070299092 154.3985333885418
155.8747857826239 58.67465565043845 182.5946242828167
116.7792792791614 24.80033398598904 54.68175300800237
159.7793998371353 197.2284480232073 111.318545524108
137.7450354474319 50.8785043067293 110.3760020705504
166.7450615826764 7.697732605027279 138.142376472614
91.42335392406606 145.1285420275495 131.0116085786983
195.6477009469145 92.10453841451272 94.37431509039669
80.09284875674992 170.5412647921005 9.425244099071886
52.91162654948028 166.4053249344005 54.97704668417065
95.46550724434665 85.01965302900727 56.09118237496251
199.7012657539564 74.5103109482975 154.4017036263114
146.0930505138229 32.88188884409214 175.1415021662461
95.74349995025612 197.1625095231772 53.63910067938561
53.60013188165131 106.4180231068016 177.5672660284747
20.47041419785132 53.34485706399658 147.2734664443773
128.7474133555076 69.41923524378689 167.1660006412373
182.5808452606767 41.48090150846367 136.393236041268
12.56352849310779 80.27808658200931 76.46418601668273
51.54704472803176 36.52548290504765 7.039138379090799
193.9338639864648 30.82458470607584 144.5356539268671
7.929442641497998 71.99074709258542 102.9223294832585
142.0264401712011 168.7793377125101 81.70808632590588
40.07284796440521 199.0825575080678 84.01576249884086
58.36420466031679 3.020350583746489 87.41077378332189
119.6324525918359 141.4315043776566 149.7115122984352
1.401712873265569 55.271616530278 123.7276082076097
42.68688300179323 21.30850321042359 7.544945050947389
6.384586900041747 53.2365875380272 174.3421920014331
11.08334151343449 196.8294717733 42.8735598645403
154.6254266322379 189.3981338532894 8.496492076695404
184.3959215186277 40.47180760643577 157.1924889458236
36.22235034176723 154.8670451093511 22.84623393658349
8.427197367175095 0.5595309563953391 187.5395732120383
97.41560843618288 159.7528858502992 123.1005027836342
28.51910933370342 69.22381429596332 150.9879026806225
185.2555932640512 100.7809045446651 83.2285018989831
128.416480366195 102.3299904288511 158.1505379347694
123.2809328702653 19.26701028697638 106.4774236934989
135.1696995193195 113.8473321501165 142.2779872747543
104.2698021439515 1.322798834306328 174.5057826680156
52.0156980523069 38.25799362725026 161.991590989862
124.8541732347373 199.8177593463184 31.5543822505884
124.8903588299153 176.6780060407257 36.03888019566067
47.77004000659878 183.218939484695 55.91174669846834
105.5741870655111 84.86389511160988 117.082175635044
145.8935469027179 16.02255618851949 67.08037976525702
89.57769688143973 47.98855972191573 166.4888890761262
28.36467384775866 68.18216119646797 196.5707003838171
4.861228850445161 132.2512906594172 163.3350013842064
30.64318766724191 44.81509544062464 63.98533448538719
199.246044945782 163.4006091425549 87.62745268869261
179.1051853841412 27.29567191421172 26.76395917870897
160.3087636503264 79.10714228618538 106.3052481209382
156.1802206823992 148.3743930912283 168.0764262987589
170.1726263509248 42.22808795386722 24.30368778045058
94.5601353999716 123.5415323704455 6.786281114931344
14.75055794106353 142.3796150218874 152.9509530007227
91.76087658712068 106.8820137623506 1.644442720375213
80.8629304122983 114.2054808086433 123.9916446398358
146.6265589533542 17.5253924120818 89.35913392223779
166.0587657841211 171.7451509104045 67.43223565228116
165.5149279529415 11.00322077538478 120.7893843263892
161.609098940642 96.44314888836861 81.77728459364505
167.1095618162838 35.56904727513451 40.15638977504202
190.0647914205042 154.271279113776 122.9070684946485
144.0003238435875 1.253851319541227 188.0586213923146
174.0641991564019 141.6883754935102 60.95335595867243
70.6108354148611 172.4201275712232 168.9596243222616
195.3711682670578 82.64652802563788 108.9156341672207
96.43109958121531 152.9630375205847 34.48823546828311
52.09298056462303 30.1961843213957 146.3861454654072
182.8911330809116 199.2746091737411 90.81036577618714
143.694978279401 156.834612894937 177.0116873324769
8.062959469343195 4.071700983863217 59.80136955685263
185.4771185775961 194.5586947731863 193.717929640605
44.69525036797287 167.6382120827848 12.76131051087507
81.16479290303016 18.4306862717221 160.0628300547581
125.1107348059871 197.5500317701761 107.6481875129708
184.4885537284431 38.30303555184808 39.33160600205097
10.8952387759044 67.95283968157848 198.7184001987756
69.56318458104325 52.23440130545839 164.6731295862387
114.517417685033 127.7919015400188 61.28389213303436
191.1870835265927 42.57749588232954 23.33727477889796
136.9292059628187 65.83370239493027 29.86581372735674
72.37373362459712 0.6217559701422474 16.70026295626805
48.13142625729346 98.74044101417756 34.94857072006377
36.98877798996595 160.6740209005659 171.6966136069617
152.2653098555299 108.381324426723 63.99370632530077
172.2761001360089 5.560613619870985 168.5837271119985
50.42373799590773 150.1808934829861 48.6851670253974
29.39542725201391 28.64758866663709 28.9303448365005
42.00786643645716 119.4233745433879 89.65877538371716
158.0003154838569 149.9823974868138 9.146880025067754
139.3185275441698 171.429864543021 168.3380883668856
188.5988680573979 103.6815458522533 153.1716195451238
185.7616605842972 44.18318896720843 119.2900563837942
24.76953359016338 91.63663792064786 82.22232521870703
173.3297809271356 195.4535981749537 34.01393097487311
39.91526575710886 129.017104015455 133.3351958175405
23.85231361606683 168.6814330200634 103.1370263269937
119.2158180151121 95.73351009074321 119.4481887056462
47.90143210712821 82.80601541814639 27.55611955168917
104.9058917942128 134.8575793643915 33.71101684240367
152.1518538499456 45.69315405883968 101.4722489480722
156.038100538524 98.03878607065212 44.28556620918484
106.028856688334 113.413048109037 55.79325667368578
102.4867098647854 161.678804231685 178.7829276384184
67.40694989905337 20.18578951299948 112.2128308539336
82.32659528300137 58.02575590345703 12.81847534543978
84.13306908643018 31.81783195154126 171.1684467724417
3.984890836103933 38.13209273874367 183.2917212443505
34.58913953212308 54.95854266398525 183.1578402269232
151.8578679111683 1.878257543501812 95.99762532637831
132.6284005557229 78.46283513903602 87.20198025865635
190.9196650512977 94.05969461065369 121.6879725633237
98.04875359750935 198.3013237675543 133.2661502184349
158.868828220752 6.16689263594739 180.0089427073782
111.9449254665669 89.57701599182387 158.3169768432006
83.98773886578221 86.27778834047032 143.1414446330653
161.2483376978302 1.534192097249298 19.5532585620877
22.73567671796462 50.53090973706031 165.5496395048568
179.1710808731523 149.5135395849263 191.8134774091824
155.6458819104895 60.66539177136725 52.12442887508437
148.5164205887055 185.8226977420995 121.6944078069631
186.3082132711669 105.7667258071753 100.497958352428
56.58027824394468 85.89000600844943 43.43986004162358
36.25530542335326 38.57448289313487 41.88635991172883
132.9099145422869 182.8221029102091 112.5014390364496
192.6095073818078 75.65118278497886 54.62860274433182
171.1992666492474 193.573994894159 181.4571023075347
170.5118452103532 106.9818545386565 92.65322521169892
155.0854460361539 115.3783121267323 29.34632889831844
64.76891261742078 118.0977678766355 61.54856964081422
152.4772344292089 22.1618589135091 133.2433665344165
15.80313841720927 147.4599459022592 49.60186149550725
70.61010168758983 161.6105150428681 44.35352020640807
22.7313046100158 149.2165982256199 95.21804364701651
197.5887611129905 169.8606084188564 17.1251138296616
43.94117905644404 140.4193117699199 3.507105282491418
84.23322424827373 131.471100601252 30.30290698758807
163.7923979674596 42.62698216711094 161.6260114761502
20.46784619449738 47.75681602340725 126.7956761099668
194.519201021429 169.6696674370918 172.9567844914904
166.3010540966186 135.8720802272493 181.9618677749747
44.12718445924809 3.784238993373441 52.27321294939266
99.72365348142007 198.8671027446718 74.38857312134496
93.20980761825172 52.79960738061111 145.8999450902155
55.80352126528601 50.84399487294294 180.7775092647174
122.9525075576925 36.89684722063657 164.1122134914121
21.54993263946849 32.17011044089135 78.07220502639774
139.2711598079274 53.02448477714985 134.1746412191869
158.0475614088716 50.77397425483823 9.456957472432629
148.8965366499788 77.89337925188693 42.21135456126977
2.042287681187931 73.83912707974034 175.1053246687112
87.93794363585334 94.13752481707731 124.2036482263444
119.5304780044289 121.6452782254595 41.96524786026896
144.2862533373058 7.776316821951837 7.546442508569429
167.0897389444028 3.639659864593194 199.3125008551972
157.6579023692796 155.1146735996442 77.43218771008047
42.26927376062255 157.7389362085905 107.4283648750195
15.39456355856094 114.6044620188228 161.6051587294268
7.961378332798643 22.84103680479835 116.6888480638585
135.2606101006087 136.6580159834216 53.50846227078969
15.52057489765112 183.5326651930647 26.98424467576844
133.3816020917969 48.90596362136082 41.8829288054795
89.30429097320796 143.1103397478842 110.0263474802287
190.2283931099648 114.9474016770952 8.174551846532488
26.50646557009531 159.8734290964989 5.013661372937168
38.19009257097246 83.35492164118513 163.6860947548316
171.1430928600702 13.80882101896225 100.4755812739704
14.51834413479251 88.26983366081122 160.0267709105477
79.42391023042281 25.76613945818606 49.43424719665395
142.5593120161982 134.0127274058328 147.2579715453492
133.4757220983048 130.1943917885534 0.8002648439263454
191.8711768703434 175.0582895546386 120.5210165074349
110.6113352831266 154.4732668260166 196.8245574794005
145.9890957693667 96.73601227073674 25.80435768913927
5.947150506825107 109.4658316297948 127.3746267851287
161.1487315986712 158.2561206626455 106.6526067032832
82.64172297912316 113.1338715753372 45.68057973738568
78.97235092022979 153.8232894540137 22.74924515589324
30.41631608398598 103.2124170639875 122.8801146924692
196.8072634672248 121.65500584978 146.8881956861238
91.86100431044156 0.4916053920809866 97.45324028213294
33.61114385161737 135.3969011056094 78.41562133499477
32.34950295992533 49.05180491712019 23.88217805329436
184.07292126894 50.28918434661764 85.77781625551751
167.9507181328693 87.1399604767762 30.34584542319615
181.3636625968197 7.941541642362489 18.98807316090392
80.0068557107147 64.92598570755648 114.4936776312108
61.76304387995443 105.0890584562278 120.5908573702477
199.5578476730753 121.3912020095357 106.0141530874241
134.8711022449567 34.25169807996796 97.41063435611247
131.1956094220066 10.11044911565696 51.02471661891227
107.4769921289043 116.9388548719242 191.5047961903057
80.39421087797308 35.61761282293519 14.13354031447087
167.5287010366708 31.641801574579 116.5324126327144
139.4614838793929 9.742124906048641 149.1818746766691
2.921678618069224 76.19226799515224 16.20720953414233
170.6569056143199 66.52814453052245 170.0011159534367
193.7544613955436 8.859566645704211 44.90039692711015
139.7992605559579 146.0841297414831 18.38226316352083
26.84372588111885 7.871156038870593 117.1674520910495
141.7664022608627 84.11518709313573 195.871897859987
173.726023607875 138.399139583611 113.2624196188841
37.87010994003467 52.92096278655315 110.3516859603359
153.0367511093133 115.7398964916596 84.23784134922467
190.5343402005866 60.67433467171323 106.8431406759541
195.4658796921231 97.57623244270161 172.0492088689896
32.48220084373229 51.74675558418022 87.00623713026509
177.4748010895032 78.09339154344859 118.378286252067
183.2963280905255 117.2413078090963 123.5877829972087
155.0469331754514 127.7533882512527 12.22196760984951
117.2385763948347 167.6713889368847 122.0838612459557
52.08061616596208 142.2147569814603 145.4530136008814
71.21147170724902 43.36338730470409 88.2729469988589
111.6682971106255 32.76149747569391 88.76257909861279
105.5181330317602 146.7281085744186 164.1385065586211
141.1836664794514 52.40361109212343 169.0307717298703
10.78868339217394 91.5353134736215 33.3626846396106
62.72746898102177 51.45154057188407 16.76688229457004
176.1535384482132 179.746631191254 141.6676674990382
85.868682453945 79.13370295215685 181.7951935922441
9.087820587636944 190.8221501166486 76.21566298798902
56.8383413194756 60.35891960291188 77.73254614061641
140.9727914476146 164.5313985062258 118.0250829887862
151.4082903191163 74.15077774829015 17.33561442766453
49.22554017286248 73.1447381681202 144.3748791933042
90.76667543885482 32.78293033782647 191.21118644
110.6364712303862 44.75828494076075 50.86621654909672
177.9976049178319 175.2688872129052 189.5324018033883
27.14045341393961 127.0343180949145 56.57847131461054
148.0557544945518 75.64900207269748 173.2506191174953
68.58762163093371 85.09239771139053 107.7597679700214
40.63289630611605 187.3628657305687 196.8898304803075
90.58697693356805 121.8486358092309 67.15685932629712
29.79362711950637 87.67430948919828 141.0839682025811
109.5248379364881 73.34027427503008 177.3026445592905
117.8584413019362 84.84147829245838 70.27337879465188
82.23443712342791 23.28759105205698 97.69746096909888
13.97568909180607 187.7579498691825 121.1280864871546
175.6622620078216 143.6607527985495 39.30746686802806
66.2968585204478 77.30309261703266 8.279632523678682
58.04528062861471 23.27744077190814 93.82634646536884
33.17566179691575 37.46601256675666 152.562344581875
84.44087592916804 10.23342958781788 118.6969912291016
66.574992765028 137.2884912864157 46.1330673259015
55.56325028326282 4.94628517909317 144.1822275717197
165.2520998563183 14.86753414448714 36.35036439599222
91.90256885815805 83.32093077191604 100.9959225759527
161.2248109152446 27.30524816266372 58.32788458155407
55.63342905531818 150.5772429245195 28.65543571327293
170.2650765087356 100.5007645460136 112.9009182634431
112.6596848733569 109.5075348806636 146.3517429528668
144.3509808825342 107.3482058258227 3.447733606087456
32.98028251547913 101.1261844371067 199.6353363033039
101.4729837018446 48.42090925563529 73.14048787281297
186.8528392898174 94.90107813614416 194.943666801856
189.6274685337877 141.3077192288426 9.573892466352579
111.2438701457118 180.9900061491429 178.0495094981043
176.278384027614 97.98121494569615 50.53499774222571
16.89714059091722 169.898717610605 59.26570872459364
61.55138266548745 156.4667062350916 6.256205148219408
199.1428702777362 188.0914385264072 139.3696309142145
32.12764198631364 130.2583926668921 152.8254565123758
23.79441228230455 27.00202357227993 172.918221251978
99.11766187596039 142.3753152250689 14.95916811133877
11.10948447552085 127.9819273164849 75.8745882219493
36.93492422125745 34.46496619073652 192.1877957910456
88.00297689821407 187.4126504104677 21.76154844647162
126.1364997749678 93.36684655466769 12.49650981605381
95.94960428946624 104.0218592289758 83.52696430876794
1.520289147870993 16.61309160692339 176.1964416447921
20.51565823147252 49.62558575732126 2.619847912168202
31.30614247158676 94.66658777959181 22.70794680527335
8.460167433185493 98.427876417308 7.317824966910374
29.19828691411436 111.1043871725198 74.97940079244431
151.9095594595734 186.7574785116605 175.5710144382228
74.8666451445346 46.33525919306634 129.3008261762263
85.15818067770222 150.2438992039822 150.6752728764275
139.7798636669088 95.93952476037042 78.09195830458164
29.54804386895655 151.3301700430479 141.0463928411548
172.7352290724624 6.061518435157614 57.05013321816311
187.6714486073775 32.32137719455019 102.1977489323307
172.8103084086853 179.4659526634607 166.0393883574314
133.9433842200684 33.40908211524221 121.5231160822402
21.52433122159015 36.49317937567895 102.4882999268472
172.2032219173498 111.0508630257166 70.53413621353114
113.1919529077895 122.6282098497656 81.64413952892637
66.54861259145461 23.75500022311392 132.792681581035
168.5258681259213 55.84319296600725 116.5497277317657
122.097187434055 127.7563491908806 134.1907997711532
196.7646963469085 42.62909969761547 2.77758566866467
39.25598626896554 106.9691560406911 152.5884066112919
24.28153341434601 71.71966421715919 27.50464567379742
168.5913062062237 105.022325686921 158.6856798543809
185.28445918534 158.8475064591921 102.9031467710001
157.9654210720532 182.3035772125555 27.86636141681117
86.76003766506123 29.071106092857 72.47028673800375
95.31990715004694 173.1593783976351 194.7910190075288
131.9549833907599 114.4589081504744 182.0450095660667
195.2112683172937 72.78844059161001 86.18324116694644
179.6138905053731 161.2216039952928 55.04193613362241
34.58818969694937 162.7356044704128 44.31764063469996
123.4552993494469 175.6273536865454 198.0838163465012
8.664075525591876 138.9471919674486 194.9336134612013
192.9873568481186 189.6457148369859 30.38598065006135
132.2388557125919 189.697274628288 160.835016646142
85.43595696135606 78.53188859227437 23.28326734483887
62.08663767235056 195.4854804749626 65.72910017056722
75.18249633174536 68.22852506254515 90.92330142660244
44.33075542447595 105.4660509815116 56.23124265029691
187.049905089194 131.658715734112 74.08575652447921
36.90532280024163 74.47547468042424 81.50404994755206
29.1628933340578 186.1908103262055 46.32977852513729
157.8983147659123 128.0782263134654 59.17280439916424
121.7092217541863 143.8452713018362 72.64433690753806
196.9434476366667 160.2682803284964 194.7833445574133
148.5893059030635 17.60439177763102 109.8586819777393
33.19790094802173 68.80180631791231 126.7753742061184
152.723322191138 185.8965135801342 77.78038805160921
36.62778379459599 18.22213330692449 137.4109503267774
10.87368502546722 34.79148661686155 20.96808873919407
173.8406096411393 60.40640226338574 193.4594696430691
12.50106374198036 86.96485472008075 120.2729167732237
142.3564717343774 135.8707827041923 177.6794004926683
86.03051402200762 13.5110246497569 6.928695642243969
131.6976792333358 187.4110785748438 90.19951781853626
197.6178724886329 108.5069277764606 43.95715202598367
95.44080280828045 183.3961389659012 118.5617328575008
176.3008350160002 97.21000159679446 136.4482244664535
168.5771080808335 107.029700586167 16.28731087051248
5.419287245935194 151.5151530030582 71.14682317961423
105.0617280673643 67.06327061567715 58.96634555557864
37.52971849532416 119.1057920676021 173.6141739752821
180.9767415026336 123.8251491772971 51.87398017759643
170.266998384687 62.74337344744315 28.25836700157412
110.3788646087051 28.74330666316659 120.2100128582784
71.56969348223973 158.3016735732269 68.26770606611419
119.0507496198335 136.549088042767 181.7710689326664
82.29235128164062 61.31671129802763 51.2090214620804
153.8504017291452 62.38853069107229 151.3558519178632
9.605164613651887 150.7776658322533 171.3774976968302
43.97337074738125 119.9415436978453 111.7666327444558
39.29796675705459 178.4641933552789 93.0684118466703
142.7221048806682 114.4841566970228 46.02258976882884
24.69686766285035 8.373962614556749 72.76556031233359
94.08708605666779 123.8634320308331 96.8022236361894
45.05547824149374 18.2654905577015 162.1385878274313
190.6726703647414 127.0835106984408 29.57245826036008
135.4141999278902 119.4845490149846 23.06738313170442
98.0128994025462 49.850899895719 122.0634696342333
58.42575304642236 92.82978526770644 154.6090508148287
61.39521935530694 180.601040592625 10.69899206473837
123.6946401257007 197.4375952775967 70.23988123008769
57.6084444199412 62.94124738347923 53.39750183219521
195.6371845435036 58.89003472547348 66.6040761992503
67.82396670150695 45.33844851770124 39.7810747422478
157.3662302310701 88.17307139571795 62.9094505539471
14.52358389224 26.68924180749986 197.5687618438256
81.96095539319674 98.83788120534487 64.40754923801885
60.87205173900335 9.138954210582847 35.75139931437403
150.6437318909686 97.18776447531255 99.91822353341948
182.2090494576188 154.6482080805006 78.62533240283966
135.8829000897859 187.4886759450418 18.16353120546817
14.49441307663935 106.0008853139192 184.5882352418579
87.32947424100223 9.897294341011547 183.960415905988
134.3778495018291 118.3106721653503 68.58288024175712
128.5482059475732 25.55957489718758 31.95275218495154
4.31894088526681 36.23203103750495 162.2079958565089
199.1771516269207 90.6111259307212 140.8258456537054
153.8059608176398 77.25671956333917 86.22957283716376
139.5965732182848 76.69112235226507 107.0778295333434
74.54537690651115 116.566779840444 83.95636004400068
80.39548825285591 191.6033222476136 199.5790594643437
84.94523749064655 160.7963395229094 87.82292351043721
48.03031011361126 38.31770083389333 74.16334958358651
191.4926238377581 146.0840466324217 155.7638105926526
117.1574670476409 48.64221680832256 106.7663796575235
66.48557787353684 84.15803408268532 131.6282283024396
160.2340825917395 158.5176065651875 190.0079586938611
83.44992799171204 169.7740849980341 135.4694069378803
66.52912153887596 32.54595577686703 193.0166816572097
100.7511553462703 132.0911530812984 144.7624120934815
186.2308650113766 47.65742013488067 177.0041689200429
16.37883222766314 196.5937291471514 6.425751966203766
106.9923108173276 155.5339866796206 141.0866787452593
76.567105142134 37.05899085052604 152.0445696779765
181.5407843460365 40.4430516860088 60.84509013660055
20.18810106341162 104.474741640936 51.76771928760213
66.33989144209428 15.92086021596262 175.0751510904812
67.96444403855364 113.7235575965483 163.9805653086539
130.2612187969649 9.828669468282081 123.9339806551004
199.6054929994002 169.229838203793 42.79524157113023
196.7187218305897 110.3348693850824 68.21123939693712
175.3999116112514 155.5399505878664 171.2028772980833
176.3189607868942 189.0823941362523 73.73159453090031
18.42888143805548 168.6269931004397 184.216263089631
151.0286186507992 99.49895777288067 179.2633232779564
94.37017970518829 56.34857429659438 185.4536181062502
74.48357203471448 104.9772953138945 141.7670665123297
158.0965965984905 157.592216279156 28.97787131801229
76.41553839584004 128.485391118797 146.0068089305103
107.5713253431017 4.834821486175532 115.4425021037806
45.55148474013989 164.3852897426165 190.2274082416921
34.31068117504462 17.64847116981973 93.01050975970652
60.30122662919876 127.5405061921602 128.2250840630861
157.4004093224632 151.7164377622748 52.99312811043437
173.1922462824176 29.19966258348669 81.1696108247295
31.76622284353758 10.27513972849489 193.6328158318368
45.33714821051429 72.91599635351962 184.46268799986
52.46473261432396 178.8563552893312 114.0877734535713
150.9559091882885 180.1793811002141 101.6790699261973
131.2264499910411 130.7186513481824 112.6143920599756
135.7490181567633 92.99112290694292 140.5691506283116
117.0587679011319 13.25506972001608 161.5477908247241
194.6745838842036 173.3201274362506 69.01958993018272
120.5959257403535 10.44279535278737 14.06576640800345
177.9528961542751 25.60287595829348 172.1292897548227
32.49900825047504 185.3185224588472 70.35333398801512
197.1538666914918 30.98358334674361 77.40668087905641
154.7152403858015 108.0936029835205 136.6565651709066
112.3946438417759 87.03151078339945 137.338216571941
84.22339658008623 152.4992070508795 198.9286728190187
111.7899737427047 106.6811379128685 170.5075815423868
76.02900430575366 183.3946566333681 83.09407840837129
43.33635890316529 40.25695811609518 130.1394812441467
91.6889378505208 40.92449855665115 35.38290783176749
6.318839507660932 147.7460469715084 134.4384159060856
100.280365673906 63.52306809002518 35.33886993429095
112.0365195198198 122.1076059305949 18.51491637638924
104.511641785372 103.6255755095378 106.4370434840999
196.0562210913695 11.78759794850787 199.8075288637967
54.51067480742879 175.0204770350824 74.23155204563078
50.57398882125278 33.18787982626545 27.6048303543653
64.14367261993668 70.32311186615829 31.46417069213758
88.20354131549466 146.2652530819437 52.70115667175919
91.76805018650467 113.9880565440263 158.0996327977889
112.2462289135675 186.2473092976121 22.03269687213513
181.4364460178814 84.13571657081847 156.6906745450741
99.90710627988362 47.81430016326493 7.85076842547672
114.3918146572965 45.22148679320917 27.12338459158827
153.5311915181244 86.83728062610378 124.499382028318
55.29219749509699 27.73883757590919 51.10774929863508
13.10589394672476 81.07503401322795 55.4249972099853
156.5952958866088 120.8446519505385 113.7849973630862
9.632485190067472 106.5751820369783 88.90308912389634
143.0532802325507 35.54058128613276 151.0085556132833
161.7407977772728 43.99887779011364 137.1303245347466
23.27663656102194 139.2736025023078 16.50935452340821
119.1842506105802 198.7533523632888 142.0747296339525
52.26611091808277 68.97993871078074 100.1535199386882
59.9630171941314 115.7355253953318 37.43035675065268
137.8613831247022 105.1887642266387 119.256590787121
142.4245384349941 54.72645579737669 67.08231204891744
21.89017195231031 180.3145777054632 143.0448496217256
124.0048182577113 150.1353375032781 99.33793349877442
12.50113751419572 183.5491313375313 165.3179393594586
32.55994550092849 102.6477672320578 98.29019446031924
95.23688400864593 137.0624898965901 184.2201990746817
172.0569099245321 73.57526259163487 50.21155747776402
14.24773501149991 28.35817160797754 139.9648707066739
35.6254749163574 181.5709138874104 173.3068147862616
54.33426666455183 141.8157728259548 67.16696870455807
144.2062739625631 157.5281480432447 153.4607001635525
144.3729327704744 5.992222849809818 31.38421750098751
114.8473454065483 6.849403968338162 91.81246370166609
134.955695076968 153.951778011657 195.8579012209766
158.0866485208926 85.8936572039236 148.4218615125814
62.20340495022035 165.8977436377258 95.2970317558042
46.84767856362674 21.19490559797497 115.4607821010356
101.8320351768121 24.94771944692132 20.31728132225098
189.4539253295559 58.16313027487593 43.15675425806992
156.6374550002883 19.00909495021791 163.4558263043604
134.6858872378063 93.4809183140532 54.66293318868786
135.0444606816752 131.6995571361911 88.80412968149403
176.789616034563 185.0721274301661 12.20522620767983
135.9011238256711 32.64288796609079 58.43969324970099
168.0550845012047 110.6875539579213 192.8822150413568
126.2994060426168 83.42094504866903 34.13015402345889
190.6805323159309 194.8345772382491 173.0974751379244
199.4878753268697 141.9010600827635 92.52364779584717
175.7316464255222 161.1518172644993 9.209710019687909
111.6834390815204 144.3371706997371 119.6146633983275
29.3344829390416 146.526939408263 184.74512751669
9.97714853809344 16.94705588721204 92.90617513776246
80.81435788396888 165.3419549180831 111.5196767989562
182.5207111874688 184.911486481574 51.02528180654669
175.6836889168365 85.64995136615697 94.09051798978059
164.7740541859266 144.5826737423911 149.1529350916886
181.2348005870952 198.0607093624572 126.3800060178238
18.97875566885149 169.2761603579893 82.76418016856861
17.02635604151227 4.143876949739558 139.4926543448613
105.5196197630929 179.5630224854915 140.0481332053726
149.829667282458 37.56590418933085 28.15492346367143
29.56349707070042 57.97555020343355 47.34336318699602
100.9264346884805 160.0735166333388 68.87173924304271
14.03136545181508 22.12375984604015 42.08283220456235
170.5013753136186 157.5272571623522 129.2533215711647
103.4190820494303 162.2282660755749 103.2252182238367
56.88676656557004 62.27214300725009 123.4999139454361
80.63459086787181 92.78680067499816 162.4822407300176
152.1113488099085 134.9531319378921 36.07092618481826
50.56059862249512 118.516873490423 194.6332619647838
96.36109606651119 75.32525390702773 156.3565525898064
130.303050938102 150.7201599359612 134.3350219449636
48.64588137028402 14.67255092085996 72.99389118106096
130.4649923563035 40.53370568258099 187.0115187436618
182.6834548649592 1.849843110672823 150.6991964786654
57.62063865475459 50.7144051114604 146.2673549960488
161.7631195658204 8.261383504926226 78.43429919891193
186.480357287868 21.68968138092454 127.0272727634252
139.5800206874676 187.3108926626029 46.63004455657056
72.67137925780388 76.06125198254864 67.70291974375922
118.1732971607991 169.1709320879818 54.66041955848652
22.50499100851145 126.259136770054 121.7638136482867
22.72574239918071 196.1339329261102 95.86985718820411
74.55354901584091 92.11110703278219 85.85116063134572
80.44844390579885 105.7372848690322 104.7381389537496
137.4446806139085 58.13224514866756 90.94969581153966
12.15346481274453 70.55900645517912 138.2458706187471
7.824265079320134 50.23128073598377 87.69426923822651
5.02059475352188 165.2195170607802 151.4604230452964
39.79996654070991 191.7881119779991 130.4965080322831
180.6404266798512 84.89689266292939 70.12073081741974
80.58337129092797 185.7321432610915 44.45511194403592
61.80183070567799 130.1159316570968 17.30883580104591
32.37196859429179 25.00270946817566 57.48943380638644
13.96973736475087 127.1440652246962 36.02514855002333
70.40976829053089 127.599194416447 106.0813351400686
79.27500651166801 184.7663466642851 154.072848124636
153.3987759866699 172.5092513177523 136.9285113484935
117.1465445102613 72.2423984595473 100.0652887477956
27.94175982144113 168.0780218187308 123.4286049945378
45.71186412813612 199.6375516987138 103.9923770704194
67.06716904315539 140.603644530846 164.7306321256395
151.8615586676425 141.9355255169226 125.8274020386332
52.79955882255221 174.5738377026556 33.16789422723065
126.2430499193739 95.15091214923054 99.63648265575415
84.4979332071894 10.76960777777923 30.83905495178607
87.97705862742045 107.2754273355093 180.8118640061695
106.9134155273528 193.7975564827707 199.651087485603
23.08421428832979 83.38735692365984 183.1888699578241
157.7778470667126 137.0675144005066 95.04135884486806
40.87110454622816 169.1404443926002 153.0298620044184
103.653812187286 92.43828203353345 191.6291464780175
99.34325980060474 166.2116531368287 17.37821496414613
108.8792958195357 16.68285347060324 193.2162836925643
177.3462408893626 58.23743804977567 148.3656230189035
77.35479786515275 7.79181754154341 79.60806379584264
97.518306809354 59.63494941448626 94.15768780885564
49.27743157265761 109.0586203163598 16.55241104183898
132.0869495971327 155.637657505239 39.71959732044797
34.5774745401689 86.19602642897513 44.64092504666709
199.7629982547311 51.08298141740482 144.1687758157707
168.1814642546182 179.0087963584644 118.2602524598185
49.60118008044662 162.1282024326804 131.8327375951785
56.18618343517468 94.80666973854687 195.0972476243935
127.9566513287954 89.11897739491917 174.6223952762038
48.24324916149524 1.141039636676262 178.45009914785
160.4478512074375 54.0800152417137 83.82171665995526
69.76271628398939 44.52458817201369 63.92548552661882
42.85291673434227 156.6113259277017 83.16581094231809
115.3769369497913 191.8681272081875 48.07178304200992
177.374879500403 127.3861557394426 161.4684749845945
27.30300513153255 4.761168974245004 30.89375678409701
177.865127075296 77.76024522843684 10.19420115348736
97.35721977534607 168.8652546480874 159.6614555602368
55.99079396523433 186.4125082752409 160.1844916278098
10.74278164883213 41.38484660744182 58.06181612528042
77.6629725296939 84.74246008033147 45.32303586460028
148.9038489713876 168.9429180829441 9.140304140453388
94.48067452688257 72.05955430763584 132.1626851404214
27.61052128893619 124.5162065433878 194.4851737643058
146.0521064619689 113.7402441411306 160.1452682672475
160.0252624359984 25.17964906724301 189.060655710457
41.93196508919136 79.5191958685308 7.609565828575002
190.6359800500265 137.5311943682493 178.8335584426889
64.61553783333848 163.0483658881504 151.1355127391827
66.53790162810166 94.2655822305763 25.75670209845105
124.2419512222954 1.440138667873777 181.1724901647792
62.61283304930881 71.76870963482278 166.9558885836252
108.6717096315752 99.93598054534266 28.60689990452293
129.564570473734 173.9758720092185 142.1409609041684
61.46571926437995 2.345430735012992 121.6169882529942
133.9785783079598 52.38520584515157 14.15032280756391
183.6675709238563 138.1900127253728 135.0304295973419
35.78565434020602 139.5524794380037 37.48120223427874
28.34173584067545 77.60978485699528 104.2339386380405
82.86944315038546 155.8130517980201 174.5774616045897
123.6542640357528 164.6099151126608 18.77951638126828
80.791196392929 6.431929177657572 142.5528749973886
159.3957867937365 196.3843863398192 154.3828583866033
137.6034299091331 159.0194308109087 63.67875581541261
7.966602976168008 158.4610741130751 112.577750963204
100.4951416895155 32.88253349210223 156.3995232077666
46.71708056363035 86.25070006601619 117.0714896372009
72.48222957842657 192.0150473038495 176.8353781560985
5.035176510886899 10.02366219032391 22.93234069954738
142.9925244093685 31.67823191152623 5.508261838370775
124.557737407043 124.7776302127552 161.0450632538482
162.8159488478152 22.58219505747936 13.9227690646195
128.677473106215 69.7068408126198 53.97988867240615
16.5468978225589 159.3682461124586 28.42016884536966
57.02051298716422 105.7542961204947 96.68505085937142
189.3606741730101 95.61166248663513 22.46765230646092
178.2977537895257 169.9674280510481 32.00544261098501
117.7814222226765 60.413615900889 197.4137284442241
71.1946664879187 110.8388136698179 5.575059776085879
74.88539809686398 67.70052782466232 146.741623123453
99.68933330938668 123.321695337172 120.6036406604622
121.1724287352434 166.8269213457458 81.38624368965684
19.02205941071012 61.42236833763178 69.24773261957317
112.5159045148673 145.6729022502929 49.96288052292726
110.421584578303 184.8292984080901 100.2806583034807
5.741043660412442 179.041934853484 100.381552776689
66.99278125897047 136.502997444998 192.6809931518787
149.3821154472563 34.13154830220329 77.95368505405109
122.574826600568 25.40836259991602 141.4337438990193
102.9603363265882 144.1588049656361 87.59917042289889
90.86940998852845 27.48892415533027 134.9788068757447
112.9436427939207 58.2589555980012 158.4600512771551
22.30755867450035 3.762865195920729 172.4108524349977
74.02452252539432 187.7079174520227 107.3459286376862
70.68752129640779 149.4445913672572 130.8950733563101
123.0376431033268 160.010527983682 175.4237575962141
62.03792663019363 182.6068975747514 136.5101701746048
70.91412284351915 140.7839268003306 85.50457781996754
35.49684873173944 115.3600638773718 36.21157709843683
173.7975787220239 25.12766967736424 147.4764300146113
22.99693260578819 125.0443233400309 97.38312981643431
71.30607180368585 171.262558706083 189.9456649591064
50.04656924455527 137.6123926221895 96.45546454225759
128.9282818387074 20.2835267655219 77.95624231744648
44.26260356427625 55.69818811831831 1.99511536748554
35.31858769538339 196.9528610140311 153.9966186988086
119.4370003023582 33.73581488446486 6.760539663162114
22.47605754368279 115.7466406579585 16.1364938369116
41.93079975857776 59.25562373860335 163.1496850335235
62.78111787774696 18.59629051399488 12.71686624631409
94.41572424280677 80.50417903054615 76.71227490920437
169.9308555765519 172.314926336341 89.1810003760142
165.6865437223455 83.25644090897931 189.6067573367051
50.34436871181772 83.58548552188088 63.40961235931002
