3 1024 8.782837141476868 0.6799999999999999 1.4 1 1 200 200 200
31.49918369669713 119.1907512260627 162.9443172140961
172.0529184000511 139.3140633354697 140.3660074280753
155.2248628432945 44.26759506270772 133.4668152224354
166.7498794655475 20.59260940843541 193.5481675988281
39.64725820072614 197.5405623115871 27.63136835684768
45.68306447164674 49.31109145851021 144.7627976907739
55.79673437569234 161.8208435108333 148.6109745381394
179.1780398976013 29.7288697636765 39.13890249286271
78.07664676555147 117.8719313587431 138.8979687925536
14.24960943392687 30.22045153988099 70.50255393253701
182.4260918196719 100.2891492745145 163.9017981665079
27.08696883870719 161.529620650236 98.10577155625768
54.68949197704161 159.2811897792951 167.6754072807163
72.32663461282168 127.0204291470914 39.48331000854471
95.09761282480136 175.909152332029 187.7819432918995
140.7048969435974 72.98145368382954 172.2878971522546
57.22684993272266 180.1397457819192 78.28594411023802
134.1180736971741 190.7194656830864 96.9500373785749
64.60253613964242 77.82678412135891 95.92733562695739
115.7557277844592 105.3028896012079 186.3794173316522
53.31766518360313 49.13006681835527 160.436138012408
66.1291444090391 35.11752225280915 79.3706083371746
19.0206395179531 148.7747006231309 22.42915095252013
112.0766485779996 71.36153899290844 155.3828433140201
156.0627072282538 22.16097021764482 139.469231399237
176.1241656474535 9.217876893872646 116.4007142655883
38.6032126122922 86.51033315936664 71.66669332644081
146.7756963349665 193.9123306665707 163.8966669708957
24.65799681792333 72.76176518809957 199.0917825791462
5.330898213073327 158.2272149829874 41.73098657719813
131.3988323770468 177.4224817725018 186.1674903874328
113.546480573118 59.92562251740696 115.3479385385224
37.51886998876804 47.09328291385462 197.7242296109195
158.6356010009406 23.40905622660238 158.1011607796674
139.0434330672328 81.43793267261469 187.514815530484
169.0296305646943 139.439160060446 157.5044645822904
15.27663796501148 112.8655361466193 164.963893700706
96.92456539528483 39.25397872930361 180.0333172009102
40.35809868307425 33.17556035322935 120.6286220323333
63.59888078126447 164.4726350514203 74.56993463334146
163.0281882821104 36.39777407969702 146.9960198072341
178.3661024853888 120.087131487409 81.00625104527695
146.2506206631732 99.58341656770551 82.49025602128042
26.18354076358265 84.67629985061699 109.9044792979367
66.83825034377325 24.52176717241778 149.5823478550065
51.89542534699721 79.1405260271837 80.4635705824615
159.0268748386737 171.1748594181712 17.57144680793973
187.9280119112846 176.2926869279889 120.4557057523471
170.596450669748 61.22804326049423 93.30485910208191
98.30803887791475 9.047852705071794 26.22782586446557
119.6971988635101 87.68588474165021 52.02111437375898
86.71567525862193 78.17343005961303 48.24418272751895
14.14729907029033 86.60363359914007 37.48680273222214
136.1670581253118 79.6826949770696 63.21097385710788
149.5121258897985 26.85874865760416 25.23433145806485
182.9998295477176 110.2043081702457 94.66091446164269
60.5057973667307 5.27431589419841 4.592925974878272
126.6703675873477 181.8879071299666 123.3537890069986
144.684127019035 33.5798696682808 167.6261651949772
45.08323811240224 194.117462367441 170.9919359729874
152.9335697568707 59.17180471494973 75.19068826397273
175.2339431231645 174.2986108293324 23.35154692352785
91.01596613291876 194.1329540073576 84.02727907974305
13.45594377403948 95.1501204669156 4.689711731668509
199.0402098363279 161.0529990142865 199.2456956951029
102.2559207982408 2.871138739784847 188.4886943844151
77.87048813280471 69.76867980638569 28.28472857332875
149.6405439193585 132.6325982842183 74.05265266200253
146.9042441351681 132.1575626140037 91.33223237098304
44.39252679246842 16.10781743954907 85.48232549367999
157.5046672037619 151.9025009985666 161.9482543370548
55.66497794693888 37.67607435642125 25.49438920268869
1.984160527495605 152.9563876590413 151.3237632901888
142.1722372852794 36.77130887806376 56.94106132031479
12.91938784548397 109.8223449878811 33.96840726382764
23.18296366297545 39.26054085341222 82.34124330567947
59.01174447979083 164.421910492658 131.6382870299384
28.335180618637 43.05829491601005 37.11709529883078
16.53568447908465 143.4626675419351 148.9214772002327
120.392832661269 57.4224074089173 38.76397356935839
156.5711795299159 53.27967788478599 197.6458303870054
59.22664002085956 163.5733264190643 91.63404306278652
94.81049299469579 146.660552138504 71.25829794698363
43.08686541773493 77.84108182794709 57.15020664095858
108.8332509496343 38.70396172869918 167.2992280193841
181.1645180985531 12.20770349742348 72.00067829950795
95.59894652201054 104.3146840080488 184.6890686936669
145.7044451884763 80.15799042073631 155.0264607064718
174.9062587922313 10.11094962209139 88.28917757551839
116.9294364749273 123.9728453983296 140.4913771120678
42.15852463617043 123.7036365028086 176.1095211218422
92.09809114570128 28.45604113962741 192.9150850148943
127.9668914135667 102.9182383364246 174.0044558626065
42.25676185979567 32.47925093748412 35.56236197080402
26.43131207434939 43.15578170702111 171.4714313187028
55.45017615375713 139.6122786781636 115.9270809189048
35.21995762943241 51.01784514869535 87.00735347054616
103.264485386751 86.91903785807466 37.82619290211949
13.66099452281401 80.4580010842278 124.538340757854
140.470236687483 168.35473278944 56.59320599856821
184.6087257445565 94.31340542574728 87.4606774327185
115.7299921484452 184.4770240406868 30.89724239279753
157.1087951120598 144.943511415987 178.0201620845577
79.99475787427617 87.32900726383862 136.9209622849717
99.64314043532487 152.6831716406118 169.0745816338201
91.14034160729258 48.3309406792452 31.89722472145451
14.44185348148571 172.603542496798 45.83579882396122
68.88237979510551 188.803029442668 110.6254050852589
38.18218438985922 164.7341352593986 166.2551524030939
32.57343276544935 59.45939342723237 29.75164955825587
47.37249776064171 110.8603370830196 35.08305847251466
122.986776042425 88.19123600755677 181.8338575933961
22.61249453507731 95.39636831772381 125.6793419808599
27.73422953586107 193.9160044186076 176.0102465301379
159.7593689760999 60.31269575382016 180.8132655215126
170.362457910062 10.1007557393922 54.3001714072216
188.5583227276487 0.7889682152435121 83.10211021840283
69.56684602481837 94.45252092498271 60.71860406787177
102.8969172824065 131.5970459181327 74.59116658670872
152.4603311416837 19.6865883189665 174.7902693636665
140.796421308449 170.5888613057485 22.3211253305622
115.5676572859318 3.679600700723077 57.02477592303701
105.9258217475693 166.3890336320931 178.0266747253778
59.26444604640151 192.0008020243192 160.9681655121432
113.44954143754 137.9941185671489 198.5951117536268
199.6082199587989 23.60399046409801 149.401395778063
156.0641067046637 187.0550124764016 130.3780563323761
30.60639849447078 70.5329824502234 147.0551918286029
175.4630093410859 77.12186734255657 44.48628007785877
82.87660130551454 141.6182552430629 38.62915008629293
146.6264382346938 28.46368469033911 8.043234831000623
4.811586749246611 144.711480461079 126.1855973844629
125.5134005178912 163.572518008421 64.41747443560809
159.2201614429761 51.41670652738494 60.85191904319974
164.1117966281033 21.43553300846523 42.4523562795394
192.9763519633096 112.3446406262881 139.409982885774
179.5407641275807 130.2630690090083 168.0999277420206
77.51534237909557 83.72300736354802 119.9238809899631
72.71989982496284 102.2108566542074 177.5974570569926
70.49969245901444 156.5457779578684 174.7233880457845
197.4594154680074 173.8112761304024 42.20086865593078
53.92960043992058 52.93457941651975 199.1412006793233
96.86775426432415 7.377490858215478 43.59941766472419
173.4029059314905 23.43610254196569 141.4568653035045
13.90628252775972 126.9924479122824 196.8219976708015
78.56344855762727 71.48592346907051 156.8836835149148
87.95778330627628 28.19636332341048 57.90653312321138
95.28433868711836 27.62436335937244 166.3040199845218
10.44103367597917 57.07026776747162 5.747529767213905
89.92509881416376 150.8423647606567 106.3360009551587
174.4748091253955 167.6646711373062 89.45922859144602
42.15779025517735 2.445873557000862 44.26205866489335
75.25507497899821 46.44218155896143 24.86034929730957
96.50430914234336 44.96198325201815 196.5036343680593
144.5429472616549 118.1321223289931 65.64744966186169
105.8545923514916 124.0540268048301 168.7543571808253
156.5520840689938 195.9145374022543 51.6784096953348
106.177688137508 146.1738003324476 101.6854329939815
55.37281626223571 66.46419395184942 188.104288385983
193.6762238703043 40.4455383017058 182.3197881220481
93.45306415365479 190.511946923513 197.1755258175459
79.19585767129713 25.8729815006863 72.80524188503864
33.75283111523893 103.2226302321596 140.7023053274933
165.9337147868039 68.37618063122713 108.6303550364208
18.65037251660868 79.8527917100613 184.3270793003515
3.148457328653038 17.06507770619534 118.5279994948407
198.9226380113602 137.8164652270908 48.54116960517031
37.63875394650421 133.1548394567211 120.139785116255
197.5541390923941 169.898314382853 107.2532153000616
181.3101750689471 114.0539737778927 174.5391105161175
33.04558313254577 3.061022483107823 162.0337971621411
18.90906440411938 96.89284406828605 188.0922718183412
50.56879031496206 17.83400166367542 143.1457724567421
125.5326861958702 82.63637278641816 198.5891710852195
14.01253523959372 132.0744760241353 23.96177641250495
173.6150248058681 14.13221642392109 156.3158169766371
58.96960878512333 159.0398869612506 24.92266475738336
112.5687937111084 2.391790542085465 174.3165849484965
97.8359905844675 162.6982914527428 45.52144981899732
197.0866013538049 88.03417379510219 30.62052974434846
16.56229354361392 28.09662827069556 94.02992167603529
75.69875481082153 7.044380351738842 12.7457663847668
167.0744587389744 66.03099556055905 34.14536242100978
177.2507061744403 120.4428971836602 22.85403538511823
74.26472707889711 126.9677028459643 82.01381468188373
120.0084275953905 141.5542107823406 111.3773855497873
43.55041639138481 62.81259115269015 155.5940487197473
36.50949803341205 149.8887375899402 193.99380875043
62.71669685890947 158.1040983159693 58.2736577471805
173.4810019340718 71.07739115142019 181.9473334090757
50.81987550002081 94.54163479272586 31.37064300357417
65.26964561624557 76.59689117958831 146.8335478998298
9.623539555195705 193.202706447686 151.3231320597197
165.4449304116669 167.5607638950188 161.4876073108495
12.38117437711822 134.2913825983529 95.83162290584509
33.94008022256745 163.1763969608781 183.0362195890066
51.07603186502092 20.15295756898951 115.9364793514045
59.28465219074074 182.6484967145447 95.47159645238348
184.4228600728547 4.615373226489559 101.7380119029759
123.3783132670101 81.615680218508 92.37665595267745
78.16926393320081 68.7771570260735 174.124142102328
198.2275644724907 80.37092783001592 116.5316143683331
163.5409661869653 158.8517050591094 78.98055006024299
17.06623084216187 58.21720026801266 21.85093832841833
83.15449398711868 135.3395909130888 111.0294550724868
83.22752537323875 71.54670901250972 190.5997104776166
19.90606239749062 29.19780058466974 43.70097851823019
176.2125695324359 41.32890287660433 135.5690085103343
116.600786007688 108.2536863277292 56.2326746567426
192.6043361088168 96.09311051687183 8.160652196159578
185.143577299391 140.5264641264977 128.8452901657944
189.1253689689944 29.70370962316162 137.1493513018774
50.93797384726756 188.6865433045018 37.49095448180143
195.5198627884046 102.6530459544245 175.3023407127447
58.35537898004615 9.529126033824475 93.81024260543767
139.4319459154958 14.95796566736443 143.7452709617017
17.73240307525955 6.154614677324517 195.3275578974114
55.85643485478918 40.88899356049162 42.56161766457809
115.3636794721938 82.53700782869785 142.3755802011316
112.7705298116024 101.0241286033616 118.753900598862
79.85345506852283 111.9322032267857 51.15300763197338
114.2291807821958 54.09402779415842 153.0887218672232
41.314315769818 172.1959274463031 195.9813511467245
50.72928866736139 78.73657917760747 199.7527964163648
101.0855542223358 94.44103891903457 22.11396595089538
78.57753325175412 31.53069000355821 162.8693041143372
168.2420280434474 108.7654219553823 116.0711789177861
39.98809561775676 133.0023882752267 190.806697974761
27.43401313174461 103.2244305066041 157.0875784877169
149.1877233681157 182.9721864181178 60.81020679518078
180.2615755842775 173.3375738643925 104.9902541666948
128.911548365898 134.6645969860559 191.1628520762019
132.1680672665344 157.3066998948638 8.842159457397416
69.92935630012796 23.92493566207628 41.23817614760515
171.5005382703035 153.3089641392849 98.94677873081514
32.75125049409613 121.4751306820873 145.537529239271
43.02977774498122 182.02177428467 102.09610735487
56.81827390341054 26.82455386554934 91.63765684200391
104.2303321195866 178.6493463791266 42.61925344759992
12.90828527995088 170.8550944602769 28.55277675840743
101.3647678198416 137.3184772580019 30.96326284685123
150.9333517596517 59.47661619050997 34.14229231078401
142.0058994824298 112.6271400070302 177.9366323724664
180.0588030327526 51.78222579391866 66.78722743033835
32.50080926181793 87.76969535047418 163.405297867074
70.40822364326951 28.6455105763786 58.137028606944
103.3519644950011 183.8558204990762 91.02354546475961
169.7987627049156 55.36366103978808 47.61587961609479
110.9907889757475 152.6611000751811 36.49730476865337
59.94835631238248 94.49893711911055 95.65202745351255
131.6998000087029 52.85595150725309 152.5562131866299
123.1838282203356 66.49952361546424 4.770371737522731
27.40262786473867 197.3352830875343 52.57524928375693
0.05240394798334929 54.30918050558376 106.1682356431063
14.44547318072737 172.3917340891413 103.4402210346933
32.53003637933108 17.04961102709329 44.80685246546951
186.7928828881881 152.2505822421919 8.079671549064136
186.7032357657697 22.07509531377226 121.7343719363917
73.27255170815754 195.6101598759507 126.8399344093087
86.27476505216025 62.07844387583914 41.55566815828628
186.9533271674437 150.0278469002663 91.5367419103851
180.2374508034589 172.4234149517789 39.90739710266706
98.63550729459737 50.40921122365874 82.41714280266294
10.22314420280698 194.4659946061884 184.6497979600257
69.01874459564618 165.219056088707 159.5241630975817
61.34396158435918 120.2903431822742 143.5388480078112
50.13720517889178 175.0531533519678 158.6425550717656
17.78516443554163 41.36201217447933 2.8643764868634
150.4731563445403 60.62723456974185 106.2130251118061
28.77053109326573 135.8986363771463 158.974004923514
131.5002525320144 41.07320144876392 71.32217759158431
58.70610893561688 81.14694378228393 64.39797808762907
22.37872107739615 180.8978831480709 17.76563006889635
138.2056923062652 68.3955138781663 41.96139450570638
60.40469104997891 40.42096250922214 147.0968131957255
4.917116585579918 69.12426177191092 177.2323106635565
9.543944973839043 70.92102523463748 31.1781009552871
18.98546502855563 7.590235073135169 63.89971164136429
186.616813398608 173.9161434472176 55.9991858438264
109.6739625043146 159.7565890406965 57.93849554934396
132.257831187628 133.6638505465638 36.69353824369313
57.8533428518418 65.45951186599527 56.54666079191731
147.4783081839014 103.792804197779 32.20457808777316
155.6383813510515 132.3987138116728 165.9987948009742
12.82120643239322 171.777268041131 0.1032658468016417
0.2043638997187508 55.78569206581371 187.600365780373
186.2686445976736 169.7117735138609 7.606722567344373
80.55976061047438 12.47241962449529 129.1563674344413
26.29657215727273 112.3661554028253 127.7306207170674
118.2207192733905 136.6851965420047 26.62356445188093
107.7156249920801 31.41477139164298 0.06792694462585323
116.515636862052 16.09999469708258 80.93596499980977
191.8794216455394 167.9744352437189 90.80603613095491
120.6765865364489 183.1576018645995 88.63954338329798
129.146383938077 24.80354477042606 107.7879182793249
93.40700510179936 184.8293042688401 69.4192727187521
101.0767830741372 193.488019705521 33.88915023483806
199.2436981910939 86.54777316513331 95.18165546186101
74.57142779599585 174.6259642025201 102.0449665292613
166.031771862019 5.457763747430849 102.6700528778843
72.72769116629502 27.57462360384782 101.1042388040719
91.56834374850243 126.5579669630174 40.51647189310579
38.28441988616233 37.65635212493537 183.0717772119962
155.8908591627056 138.0396410124279 134.0432935130896
192.0047670322069 40.47380304410218 123.8439776275348
167.1709752485653 175.7146224920679 75.81254111440171
193.2558901740835 2.405153018089237 41.56270413572381
113.0264633437038 125.4811926547411 110.8816756557039
45.05308246825898 95.7109701737308 129.5699454919116
99.8000223941698 189.3184168828535 177.606854326678
127.1492834025589 90.62419650524549 106.8064196687088
143.4948744888017 116.5095707583316 159.5345319906709
63.1876304369499 117.102808371081 50.70340229704099
10.80829960525878 95.56872239776709 22.76241436092357
83.06522404020994 102.336928373329 145.3232259908882
179.7574600480836 133.3897911253496 113.497243380953
54.21313973997589 196.5433845095447 104.8754354920184
13.93403424452247 186.6735574526961 55.88164227833704
139.2375110577196 5.018459218376426 175.0753216473833
61.54019181054684 50.10881170996183 14.65645913260495
8.453571259679691 125.5349973636309 40.38372307643957
169.835599763119 155.1599395010857 149.9093947894002
139.3150789089881 174.4239667932199 132.8798507364763
11.91360043255905 83.19771371757709 60.77799380364253
74.59113676970597 157.2094124733571 97.42827905956761
126.3861756186852 192.5742154002082 178.8589982905514
75.10981434416708 118.2735278390359 66.78512226834277
1.887593217341332 33.29544792957795 39.6817558112268
196.5248545281822 79.25388879634291 133.961482311178
195.3709648926759 84.19684179504951 66.47845237805441
79.91323481529554 151.1544079344193 160.9316540636044
197.048411182744 1.013267140564101 22.46029806369613
33.13726734885332 114.0443181092442 94.33641251569895
33.68183949924457 4.146150685595484 188.6018722209649
129.3090879731097 96.69765776402032 86.06040066698772
106.2874659406504 60.37486874024085 28.76811292293005
40.22114536541267 178.400448878695 177.057534692089
119.3949330744797 189.7559359673412 47.14345516832851
48.92430928208309 107.2010203861389 91.93033847238948
157.0345746991293 48.31104723939036 116.7359635867937
168.3463380137632 102.0233957744482 99.97073516094876
83.08031679063558 24.50672651846542 178.4570027206871
66.19295395271185 195.0863630819214 85.33072839486181
50.64042820276664 117.22015078048 62.86058992540863
82.75598938837211 85.90546813388231 33.0730387063585
148.434186207166 199.4612984043326 66.69797968688569
144.7428141849715 62.97795810285312 158.5525644743956
145.8597691002777 65.77082999593188 191.5078608452932
65.01987815781875 108.1775771936761 76.94235614349256
9.391286111056454 91.39436741032347 108.670315394994
100.0886129800572 136.5229438441422 114.9783157000725
35.19641381595605 191.4358888026922 114.6383517840639
98.14099350167322 0.4696693186686062 59.57482086857367
62.71882554198595 148.2064443318258 156.8212353786834
132.0919650403049 174.3782540358861 102.8805006007264
144.3907464878988 100.6804180670888 152.2215695405007
183.9115147323746 63.38746766808529 38.17008733326887
124.6474965928947 31.88492487407875 170.0041616031835
145.0695587057503 52.28421722805209 89.27672371475805
6.587035243587525 2.316198001650433 52.81923066334711
53.10646067759482 91.74695063542755 167.8233157828403
13.18996065529411 128.3016630947256 157.1287415682319
180.3261376184394 127.9805263785741 150.7373099160551
139.3470145803204 132.7511020648324 57.54845212033394
151.7138182733729 148.1608833497363 86.22807807830442
25.71391917800603 3.296060656955803 36.29118577859396
152.6969807656525 127.5787447401957 183.0679874287241
192.8036931821717 25.97826810892174 88.11464199315245
57.97105176492001 174.3682032826587 1.455270957348729
77.58050601429474 149.125373717768 55.99856641659186
188.0434238771934 199.6917882887242 62.04873249058618
92.71539925401663 44.66531207047635 163.9696290702122
17.36308996480998 113.0559517758552 182.1987640931961
61.22562388428635 33.73609407931016 163.2869837091313
79.55351298208663 41.46602765485783 179.8856882541428
71.32103224074096 111.3448268016456 154.6344099855934
75.16940052413401 62.55706530729522 56.29712346187836
83.84225736725548 103.076925440026 65.786740276903
166.8646767128128 28.25704850534681 26.80687279853827
47.15999642460416 65.65481380245674 138.6734988336975
176.1257563619247 154.7735500117724 133.526780933682
34.32868144154007 14.57080945108702 148.9876413897659
190.2489294876619 70.11058490431101 186.7330275091952
70.58364757548102 58.15318748529074 185.6955636686004
143.0627886819028 166.9653421146894 39.30009119325189
47.9108306598665 33.92871481366132 136.6379638083813
69.82908986591126 126.2618587891115 7.153879236307642
159.3616667410388 182.6064482852724 168.1037502502428
17.84079080125611 106.2004419798575 65.82995601011029
195.7330530697899 118.7410403938159 79.16807923920447
20.12405486188505 64.68591662997848 120.3867373531366
4.137394069333915 57.45673161989572 89.33095991908868
183.5589094474145 163.4828884421467 191.4326767943203
9.025370408987335 36.82946733863607 55.22470568490177
39.41435701353397 64.32319241762045 195.0107908585284
139.2044063734073 182.4682161367274 46.37027740682637
6.036725569208421 76.69815790112038 156.2956250347577
5.162081154791665 13.31828985669456 185.5885188207703
3.437418242694726 193.7452534235559 67.73845924909617
155.4446539880556 119.0891778098288 83.45704503906367
145.8457793221138 55.77771912101881 142.7102798725479
171.0625797239771 118.2766568450393 6.585846964261281
65.90185904879083 22.58206316230664 176.0013949257789
153.4206343024028 127.5593087207734 48.49249723180995
143.9827959805378 13.89781224372364 160.7534076190791
167.9267038746532 51.11868044673106 79.25341727225178
177.2465026360196 110.8135105010929 150.8801305916484
9.34480357706431 196.665672846677 83.80582757874967
81.42641241677575 132.2687071341083 53.41867719543426
49.55350486834578 161.9073836971862 10.46231196270821
54.08824029114265 95.85844060740847 198.0730391734856
94.68015621027612 73.28404544333395 30.99977941783085
76.94502786803065 78.72984523032342 62.64790400364077
124.9777305346861 14.43018231123767 171.3665528537657
40.64961716488422 164.7215963252286 26.44890742723326
8.48431755474042 162.2396374003595 14.04383298380477
158.8609009981249 114.1337946027931 18.33544590605997
114.1740117062892 10.69163917981483 198.7063493697704
26.28965478961277 74.46823452617664 68.56457628728502
97.94577404003525 105.2625798350393 110.3736953351886
136.592119227896 24.19814860041087 180.0147466824631
136.6290887440922 50.85438995200662 39.83995854418762
78.76040788578931 14.18387958872205 52.86377114829609
11.60539972252972 142.5695632725478 37.52958881812206
27.81498217685459 57.9442048870798 7.538217388374862
162.5052247612199 69.35600812459175 195.5018581467852
109.1673352338358 79.67394847761095 175.3214459925724
5.850767266657178 27.63585202530826 132.2123118531209
189.3641540859598 185.0316304421265 31.5277292971507
48.65054280337039 167.5816997617335 66.06835314496033
56.02870999554594 137.1764638007089 185.1127546391539
42.21931267442802 91.67504400334933 87.99369639833014
195.5005841459322 13.60069974829315 134.2731624473352
81.16389619842312 97.75582746641111 192.1499008209265
60.36800787698815 59.89683243788095 148.563600435328
197.0474550732011 61.91531960374021 153.5315175874311
67.51603693901447 183.5235069506022 39.46161613613428
182.1388785379167 12.94633932640705 10.65578733029241
2.650336313788928 64.0088953929952 120.4511821868361
183.6269632700217 115.7171684501682 111.2900584056371
194.4098109492136 63.24241651416434 2.234935410900644
53.7355706625743 95.189218147566 73.56510756067297
139.8302902436782 85.32563585079141 117.3834466106233
184.7796481532566 146.4454290363053 152.3495229661148
99.69987560646915 104.683289976669 149.6558248453093
3.261799780961776 138.6907049731153 109.9250599421458
85.68912057935491 118.1194243527183 109.1144999887347
40.43492023101639 135.004839428707 137.3073407857619
32.8953465490084 66.49588027437865 108.5832155329871
151.6975911684529 168.9898649458225 71.00956569935587
144.1200389703359 161.1699476993113 155.5986281356605
82.82674862993888 186.3634406066216 180.8555340016323
109.7134102590633 164.1835603032169 139.0160653399479
126.6796338641101 65.68071837004385 163.3059527369373
119.5522921692365 120.7001313772729 179.1604119692495
139.0428100614999 73.71822130555221 5.449209656330093
132.8887266311423 69.4976312194772 147.3597187564763
84.32869379012794 99.24575895074339 22.01655193366821
124.9880723489272 71.01158134546132 53.15017205019362
58.34723920360499 195.2994534930822 69.71305604002136
55.70411403723008 102.0342277831025 181.767013067977
81.46182602573769 94.73979065769808 48.15713482840051
123.6778411507505 123.3431894549678 124.4852725830344
129.3468602903042 22.06669857142417 156.2450041121335
97.92306794451547 14.31793846141442 130.7596866048403
149.8364138099963 0.9329270623706418 97.8342805068592
109.2482427751397 168.3431999138612 28.78569045658632
100.6531428675494 119.1864196061151 100.1648109813198
122.6053902997488 11.18966369785484 96.59219051056047
163.3313018934572 62.41129910838649 124.907381957317
105.8125358265368 69.7736683197771 135.0721234156582
196.7354642707614 187.8182185034988 52.63645481752913
26.15645621772953 23.02771166032222 59.9238662000442
80.11374232053339 191.6506618431517 97.5252330152868
91.28456019522706 176.0503352381925 31.24202130839092
39.38604310604609 50.3411181446193 106.7384768488237
181.3702669346319 66.25449833171099 56.94485791174296
56.47759207995804 9.596988213805229 128.8041755420204
6.142495792923516 40.21085609651961 86.85076681551224
167.5167435529367 65.24173665984776 67.6835123059101
66.74526522652287 139.7688223607348 171.5889094325146
132.4720779062865 137.1331733455294 80.47084138508069
114.2894360182434 180.7504498679807 172.8200244418531
138.7097725469847 45.77329422002915 127.8797045658372
48.96511012461535 63.16941013186706 115.0772885588059
73.55984620827255 13.99391759108629 162.9396372145069
172.2147614501413 160.6114023244241 12.99786443176975
8.1478495930523 70.11869909203214 194.3643997512933
7.616168898004667 159.1516767451964 116.6878968281026
65.75648690194816 156.9289173978531 6.54215320496912
35.05566285693277 35.30203919006861 51.26533563368086
122.5124667752014 37.99530852442248 153.7475429912106
51.89852508057973 42.67451530158071 85.9157053763647
1.787087248060045 107.453122275209 198.1844563715511
45.11827748947502 85.42724226804576 17.64280961223835
127.1790640531883 7.82459076018637 187.4499782718644
84.69196194610858 3.633357467900141 189.7507813045701
93.16148365214632 31.16210760242539 129.7446065261702
19.92218642774135 57.84328637941187 81.76790805378404
139.7983655847465 121.1248854598893 193.0341848677529
146.6940308782028 104.6386177647311 10.38925073840261
10.09333807628323 19.35846929301336 54.36772133849527
168.6949207363403 142.8571891260308 123.1514689479773
122.9060394639628 49.05900886015086 167.1900764806296
154.3578181326926 67.08657474778052 90.52453364293797
27.3498178108527 136.0804782199887 41.35782064414006
84.96264489611092 155.1508632401739 7.398604735112152
87.69230508863504 56.64103523830865 182.3186648614276
106.9280244208015 185.3863212101129 58.43350664383834
154.9635608862674 77.23417382738175 182.0530612405939
21.58996925409519 90.72400243553653 73.23234732524756
86.11260330246246 131.4995611633488 70.13249540235607
178.6999313145852 76.52151954369134 123.1002545905844
96.96201766593427 152.3977810290094 190.5796318579843
124.1388985175996 67.48090787869231 184.015229035242
46.73177919690738 82.09325974329357 106.1729616268405
43.16490283201086 62.31194936361672 71.26807738329164
82.78120339012565 120.2403679178734 22.55628788128233
173.9960451542205 46.19419814612002 186.912399867996
181.535744531147 105.6512654541419 193.4810689756316
152.3151819939711 34.97421418622292 188.9245073666203
91.10041005844796 135.6855787716834 91.56923910367777
114.5347447836626 163.6572056266368 159.3553900100933
26.47271466332714 187.2276473976274 198.0975646565865
173.1982021192007 99.35700425609336 15.56045149723589
1.916003376681855 98.25267377631458 126.7728586847419
109.5940397366496 15.90052234059491 156.627427257265
111.878580942433 29.13779307845707 96.71826942051351
112.5668529920147 141.8864437391969 130.8922349353233
94.83739869303696 157.9403487267397 125.5500581505131
170.6635854767126 136.7785792252362 40.88296630672004
93.62005912922923 35.49827257121217 14.81121491686803
198.1248437034318 162.0268777372555 175.4558456047398
139.4755361429621 89.19130783568656 44.95131783201676
120.8660403667328 118.5811199606369 1.576858020145199
85.86775965147795 84.07025672330526 7.272899109176191
22.31847127866886 96.36844706794294 93.09283428782689
193.6457649118424 137.1418869361146 28.3104340168648
196.4026482658175 187.9467046818116 97.55923920155587
32.14545153906742 19.50918578088955 174.9440228960986
102.8017040329165 37.4741982930295 147.2898606658708
198.8154943157218 133.9200624293899 143.0467134231376
36.66308149936976 107.174170481205 74.85055006290109
41.38418275073327 80.43782944394977 180.9510314197899
133.1626730042803 3.334451405059643 80.33637233222389
36.79108812124806 42.51198564969157 18.07242351708383
23.22074040384553 70.8932737313561 48.18184300475292
134.4082642625428 26.65402696474171 87.67885472593025
93.03003896379055 159.7433618310091 87.5242675520653
102.0206771094379 117.6794074434345 126.797241988961
77.85779920332678 178.0158566415659 81.7969598384898
94.72071485837141 173.8431664506539 107.044621491265
59.77792179044376 51.52851664788739 129.3221896406228
82.07166761138863 103.8491371276578 124.0359464940259
0.5236572442758011 121.9236047680857 121.9573088488951
160.0468977212731 89.55380837489642 114.6860339791871
176.3604308281245 191.570253301336 46.686159465875
17.29501820254417 28.95279021369061 159.042435640258
49.25188890185447 132.0691450360395 155.948262105387
112.0043670996578 197.0851018238557 14.52868812386482
173.0335094893817 34.60484536497243 7.929969038849648
72.33586164342242 151.9567890334985 117.8093586548966
99.73674218992842 88.93741703067231 129.7967342977408
156.625898033207 100.3807187558544 57.34814106251581
72.51002617746147 91.20658599982974 159.8876889471265
180.5767438943518 77.07869077793713 147.4723383186353
168.6890159252583 199.7733529183833 194.4671262309036
91.98152537814481 7.435556923978202 170.6834233035405
26.53604965979396 157.0054482898824 39.79421523659829
116.6723425681895 7.271706285175055 36.33859818485143
11.68969869182823 65.74323926606976 139.3174669873406
178.1617333492991 24.77261851861429 102.9685985902401
163.9327093007668 2.934213865074904 171.261844520466
165.1935109363076 29.71871156319687 122.3486059138449
99.21583262771279 51.22858930122032 127.8631135879531
161.170223961039 87.91308870621282 33.37489272455405
23.72704974113759 153.3378657701475 79.11262280574398
62.30041926865439 0.9134800457214681 50.08220653556185
34.86460709672559 130.3751982362189 67.23615454926257
10.57041661431438 171.9557958449364 150.3779341382658
136.0763938718779 12.89595157133881 17.52933702237058
156.3187507898836 72.6047069922252 51.62714819714377
46.71725552141567 116.5940458666435 129.2726380755346
8.586600850154095 179.3437877633314 122.1540291994861
42.6081905934976 144.0628496902429 27.15219130938352
107.5700675495657 99.35775641165266 168.2053442709397
24.22047812297939 190.0487537394437 136.568189759862
174.7644497056241 47.29243663461494 28.79500450920196
133.2088819711994 155.2827369220356 172.2214517967632
73.57014013459064 142.7298712690932 19.62781629337503
130.7365460159651 153.3019960201156 29.1799538388531
30.01216853147689 19.93287667458006 24.21436272594567
19.37994592278671 133.2111416802769 177.483386712489
97.72399503865246 149.7515149639222 148.501816197166
155.5942218322496 12.60185181270504 81.40798551757209
139.2250757914213 57.30116104602354 59.68928415086756
47.68512600219359 107.9179124839761 155.7421526479614
65.73670887532927 84.89653383543657 20.74161835330874
4.16692208858643 164.0505210869338 61.84787828803132
8.763269835848602 22.03938412258311 5.691682667764735
51.17942713351363 15.17197501857508 188.7973587003036
1.94006575903622 13.72899796878728 73.89583433364065
41.67434596503317 54.98042874115803 48.08722657837809
113.2162624480666 49.08796037285368 9.994541967392145
31.65458011117254 180.5991746617883 36.90228141124512
197.5036403998108 75.96759688532835 47.52003097793146
124.0004088524513 145.9150960205758 51.6074369241591
117.4934154413583 103.0934330002123 138.9875666171187
182.7375732102516 58.30883936645849 168.0607160642566
188.474295544042 46.09169373805118 48.59999859892964
177.2334465057613 3.468521580395094 136.2548332751669
163.0142402557145 72.02818902399133 163.7142811798554
182.2335108728612 37.5268755292029 155.2960461757895
188.286533059732 181.5278716825887 75.2518481014605
54.73689562555171 118.5431275863235 194.7739383182073
184.9207019553062 135.0718135386 63.77823240876388
161.2704258189806 112.6981146761726 169.7380560487877
107.1924448293948 119.5749426236272 21.35521400929868
19.4143910509441 155.1795315703006 165.7839627930389
13.73693008094381 114.1902747530419 13.52499000591837
105.2564467712466 59.53383472409111 171.2548785977122
113.2971138499348 21.31784739444624 17.37983321637683
32.77072348233508 134.5090350768455 91.18460147582277
53.19718054604813 13.44869583122109 28.85379832864376
37.33689154103784 152.2225267024407 149.62397157161
68.37644186999023 67.14205525516738 4.525874183294638
198.3498567227979 139.5446843879837 166.8062778947715
158.8727314315122 79.1146838140466 136.8574462642424
32.31847361766088 122.1488848763286 26.60120684987635
99.9971906842168 49.53054443783213 103.4279862202648
3.151983879716445 109.7678839496157 100.7532710590586
4.061088704998268 11.09542251358672 98.10167492545695
64.49914261930297 180.2543164234128 144.2347884126596
12.28567100505943 45.66980744990191 123.4907978148201
150.4412958236555 186.4013787372077 82.76128960488815
78.34358300863168 118.4638949564018 189.667321356143
99.65758951375031 142.5885564373833 51.28755438576378
170.7634157264774 139.5459367473258 83.23040732709732
114.776261283715 164.5670632320331 96.59529178594258
31.28587464298016 73.94639596873591 88.99971379896505
8.738942453823253 75.58019499839722 79.89786797292254
44.31735174785275 186.0355096460906 57.19786302714259
165.060939405545 121.7815189090829 64.90567684290272
165.7807985828138 171.2943373664814 55.36035730138024
195.7319666362509 42.47128994006119 3.157952239502025
41.3859872595304 32.61243402448106 156.6397709962037
135.5389563620747 2.445461805552829 50.65749199909659
11.63169326540764 71.47701500417942 103.0581574765134
16.37296248783829 153.9802869048017 189.7714858574493
69.9886632683998 105.214686184691 8.184178896515803
3.654113376307659 139.6294109179624 77.78427171303866
155.1418173428055 143.1981950084222 107.1597709178242
192.5468049852865 5.029703069063082 154.8783927911643
22.8957373864832 69.59052618837737 166.6346984225816
38.90759388346234 171.7666744816075 84.18296498283692
148.8553959854743 189.0562680229167 184.748034813862
41.75718473681818 56.87087402408397 175.5502818386057
37.03757814590681 32.28874300231031 96.3589450495288
168.5444746949852 82.19598993948942 93.11774457706328
170.2887291451268 33.9782898622493 57.73848988084632
66.6072241070614 83.97711467278847 186.1000611827114
136.7876771021583 115.0333087299713 46.44043022286188
50.44323051207579 148.76175345881 78.67317155072404
77.40193321066921 175.147379967646 124.1662723851515
88.52790543836932 191.3259604629342 17.36941540056141
108.4330751391273 21.72203453693711 181.5953991885195
133.0289137163483 115.1357630588509 22.27108224136521
53.33461104960179 189.5715581177684 124.6436514864018
93.42123168477306 67.99224612724014 69.90795642086408
95.14859267473787 84.4634622523954 153.2321450224884
110.5963399558502 35.8183573308815 73.11738875517908
3.696525364582271 43.55873579883013 145.7117950737647
156.4354129296509 3.246830007952465 147.9849662556842
75.08823240244104 171.0552964293924 18.7936404466002
193.6936289229408 198.3755902798183 119.4151591666433
39.68451625174003 8.114204438704967 65.86644015343305
135.7519038223859 24.55718219175327 41.02150575725794
187.192618209683 2.671162639349368 178.7194087512247
13.59961736603884 37.73425170802655 23.03098388154744
40.05657646667938 4.970886417232478 8.295987119521744
133.6154341074008 149.0784735843838 97.40737469155394
151.21213779053 151.9923046301984 15.83970484541407
140.0563382223746 87.79933579180437 20.84025067327186
67.31654934161159 178.9718997512073 59.93514625476774
89.18573194042136 86.07619213723299 176.7636551566787
110.2417084772404 40.09367308724112 32.24775599208993
33.80864667693034 91.21560852774458 1.244133355558352
72.24483492545875 26.10047624141783 20.47597590731261
177.0982147597885 10.21692170170106 30.89700135911319
13.10048085559947 6.248778366460995 167.4852841990442
167.6268911645597 150.4354303293202 195.298624925473
78.82757667644033 199.6757952770522 67.96831129536926
12.6567202566803 92.36867241300817 168.6111985424683
154.5314288925854 166.4957412763133 96.06933453121768
187.5851027309128 70.25167490600812 101.6319243743101
128.0049086636682 26.42490018459947 198.7311421615291
190.1254689011055 81.49510751016116 169.1767607707333
199.9241535168332 88.51123952778093 190.0342397662449
94.59087330336718 12.08752424746513 5.811424617202325
193.8974741917046 107.8805975243577 25.21998343708407
28.19882063483378 168.5417452815357 61.05703789192798
133.5356011034226 100.3532816056719 65.80634535271972
59.7759456244526 100.7089376313402 115.4078654760151
60.83459854644463 139.8250090726842 136.0531440264486
121.6512773709697 77.77906678394201 33.60014626698261
46.11361686442091 84.76586598603546 147.9220329827775
56.93179178220701 169.775511162196 111.7395034956328
122.5949432645393 41.61362621690335 52.45979008186477
74.63813005086487 142.2655126902663 194.4024371283189
172.371954990314 25.53497176719892 173.9839740463785
9.263677680781619 190.2346149200809 35.92027353329414
106.7268391439087 87.35574516725005 103.9542235552096
117.5547922343661 83.03820548843287 72.25696725749559
87.31786552730726 136.7722004336671 174.3798636128182
197.0386667062451 94.62763733116094 150.0451020252332
180.741344242304 77.32078052122621 22.93923047128098
93.06253601089648 173.7834110747445 147.0629286837498
92.66713245843152 155.7530268773612 26.61602318517915
108.1387900947726 67.73787025918581 89.45562756920111
198.4780084823547 184.8272333939941 166.9897703981262
153.691427804968 81.98907833714941 74.08327605254867
179.4764816660893 192.4628720407412 14.65184068337617
139.3403478606186 42.91979441952964 107.0317306046263
4.792856558585011 100.0673225562411 50.63579731056802
62.53724123481972 177.1327049317156 175.4795103469138
105.0216297390504 68.36592111585202 48.46902489667136
30.15056657751068 98.28183213621476 30.43914261534641
116.1920873909935 59.0475807190371 68.10334375541434
94.31735455614478 107.0264701325592 5.381915336524109
21.86966759459934 122.2978766975034 109.8635127858914
28.86109506342465 136.9832725730774 8.133353713822871
86.24380067436194 188.0532034603177 47.70669095135178
77.24078145883404 165.2774590122617 42.50694184951286
171.6382300142998 188.7105385216474 116.5682455338112
133.1939381950458 193.9032865015232 2.79018297308799
186.0927034456838 47.16923783248457 91.33768534051076
68.30165694827367 123.3618531393959 119.7369515414796
73.46168693400402 20.03015800290707 196.5470236833879
53.40124768101619 124.8793271587396 82.17386860614531
80.02544758018435 189.5717029735502 160.2588305124275
96.88523809473018 15.74223545145337 73.72381586979708
73.5406280954786 51.97013921392237 162.7471755566322
29.0194727463011 93.19236536516394 54.06111084815016
172.5739204155122 188.3935974981612 92.4288946111306
183.460978595252 157.8845671409943 72.71054416491329
94.57701700529273 136.4643626056603 8.85716857878505
157.009411456479 182.1505481928643 35.35304726138363
151.8058266580775 38.19964210590276 75.33125653929712
144.337604206932 84.26915449837016 96.70137099115477
31.28389028323681 115.1697631098139 197.5215278047116
30.50008936577147 182.5002066198311 158.8467679182749
185.6193824141577 94.94847970161861 108.8378160202445
119.423992251261 97.16160567927038 12.50069457683655
120.2288736151116 78.42843157822071 122.3984583805568
89.41726301716442 59.47914710884523 14.23071812506465
134.581006285481 116.7857443451817 83.99253578353245
190.3092606784723 129.9071116724149 95.89068801447699
13.65862339169046 32.50352910556583 184.2651948067093
84.99697823163012 136.4869941883412 131.9895767099829
154.7559161950861 103.1761674820099 134.1660018822751
188.6163041838154 58.11714865327753 134.6331459346256
120.1623874101472 160.6925712840431 192.1048727286598
142.6938534638867 66.07619850434882 124.8857468147153
72.49698485173869 49.38212772458289 93.09846008561225
165.4049447015959 159.2841565671488 33.94672606771226
54.63476816249607 32.77164141846463 5.123524531886415
67.75690235907551 0.7862285475696884 178.1227145958748
26.06799001315338 50.74258679212807 151.9552846915147
142.068378145008 35.61244825793327 146.9833998862302
131.5326788795093 36.81964080765615 20.59785529952894
98.48850056713206 171.2538776147117 7.919593161598592
166.6343754068033 57.31521817842472 144.953628993684
3.005723431486074 99.12019643554949 78.76637656546264
58.3668637433227 79.30791062855688 127.3193753681969
46.40932432926886 64.68221229699527 14.7860181171582
107.5859763363866 22.5897797359973 52.94561929506499
51.67734767284688 61.68793776045827 94.24724362259018
94.6481326139215 60.29577907038536 149.9995930261031
161.2531152078473 14.18043392345305 12.70064337936791
137.6079996226412 196.229284151572 134.2627266805773
78.67946537781803 6.425838370876039 33.4175848750908
77.08892936434225 166.5651717620227 191.990759288792
16.97449200315231 1.127640502703712 15.61242486979852
31.89669690246345 26.15395680443485 199.3635645958452
128.4408552814977 0.3920396892623443 156.4339732286908
190.560839945923 143.9049814541862 189.3927698441384
118.2281751902842 162.8582744280354 120.08573135187
128.5876573912072 21.36262257063384 64.62674247650952
133.6265621933987 126.3388593554091 106.3869361274937
191.205602821985 123.4852374060164 6.813501916930174
19.89219817787051 157.3858073546458 133.4970447461504
156.7060788530312 6.770497029200471 123.4159810914261
56.84675052558418 38.99834342603174 108.7190834243532
134.2566599192619 168.4584996653088 82.79258593707971
153.1710257056644 122.7666125809015 120.3020962432446
119.0166421963582 101.662835221138 36.50534638321627
141.0790496156146 52.29294177729706 176.2777341427721
62.57624988001567 134.5500551703674 62.2086468271325
102.5744646126278 64.67763763036474 194.4698802773819
79.81838044895943 43.32990114932038 115.657214329927
176.6367691167053 121.5441720427294 130.2632676901142
171.9238154677429 174.8563068681007 136.6280793851529
134.8800098897036 68.41175376946015 80.77878617902283
144.488135407874 172.2378640313947 1.707528757660047
43.10676781637547 181.491410920489 14.59172076362649
40.5303393165801 31.84859715181007 72.11429725761569
196.1340957932258 23.77319550879637 169.9131900608196
8.333337255726232 14.56236671264185 33.94547585208936
34.17655954932494 77.96249486496541 127.8517505824396
114.265350215062 141.049013200546 177.8659246226395
2.544546874303289 58.61358104831166 63.85785905674987
98.18314699372809 125.5370116719503 149.4408553380063
164.6976618565393 94.41185967134217 154.4725863213075
136.2726074996503 87.81411287707142 137.8614468256794
10.38943624315644 174.2280316251733 82.99042166435336
82.81055607097981 93.33797343350786 101.9825352277816
75.96935542640801 44.47234867770176 45.8159203374856
154.1287294698729 87.56398101342647 0.7056266292090921
196.0634602158393 57.40848967744412 22.29343459820685
46.31810689179949 128.4884939626431 45.63081045708352
118.5269185970934 108.3107002120103 100.1175118962635
93.1440726623097 70.6330126944367 114.8501953032859
147.4633624437623 147.2952145268726 44.8844217725868
109.4064147686012 172.3086812282216 74.51706599414999
177.4518905405608 176.5653240246744 176.2751768789218
98.89623677552449 45.47204419527245 53.41629040731096
10.23845290484878 52.53762310417543 41.45509685350529
167.2323874396022 122.9242143376959 100.402317915509
3.02828295757417 78.80375479874017 12.79309824248785
175.2718309537614 58.75294966162379 7.776435695524707
198.4875504302624 121.8067565005019 183.4744068774256
193.4588678807746 185.6127226111088 140.1633843571071
105.5007047414869 191.8618360729158 157.5454304988661
197.187834702543 1.752626938297215 1.134931472204916
113.0583765454583 14.75995709337383 116.3745655141282
68.03650781783116 4.314288625738246 145.2243590312468
175.7769140060111 152.6408922885713 172.1904105003676
115.5421323180834 130.6935870656853 90.9375969367082
20.45040273575383 132.0204657112598 132.0305822965756
143.3157833077179 149.4672954729853 193.097439666224
89.42817357702413 32.84591134963279 89.42287463465038
5.36383526050134 122.2239942512492 60.96604250323296
137.443149862475 119.6100785614213 139.7762020388946
177.5062878919234 51.60461969569497 113.7945659810376
35.78475361483478 10.76701675892584 128.4852942078095
161.8408382275504 42.51638946572294 97.32679536451928
54.85459819603027 157.9505214294441 188.6409982728766
141.5710261841994 150.860647556913 68.0083691451879
172.9554329772359 127.75259584065 187.8791526922096
52.56028811803161 12.3163184650998 163.3868659732206
86.78311308805456 168.8026942716741 169.9738698248131
134.8472312736777 100.7474479604843 193.6905308214592
122.2733393453127 180.3905252113404 143.8787647561086
172.5072227063124 140.0281668417386 16.97389841342567
154.6287555440925 40.07254655347089 40.55984326101645
112.508943120072 152.2360011433128 13.62282062194397
66.58994816987683 137.670541122991 98.39676370388273
69.27773276705769 113.2726729903955 96.92727949828348
21.1412909560352 55.43697936154142 187.7123613849601
156.2599421350725 70.26428646581226 17.01705791044956
121.3827176705788 126.5601441980922 66.29645751487041
122.8452297080447 169.4832389116647 44.75843649667882
90.1695359590974 196.7541199083268 139.2703253930272
134.2200760045565 60.95775305298571 21.61056979909854
68.69442111808063 104.7156633654692 34.8208065872155
132.6725013963855 136.8307042657628 11.59433774178171
30.86686692010307 171.1777564677831 116.3652676452962
160.1596923426672 122.8288794240632 147.8544825657007
168.2884556228736 175.7662642374733 198.9091535488961
46.63039417222831 106.4683182693109 14.55271545136502
95.45906850361196 106.3771431109225 38.30035737388922
0.4344831725250627 33.66491628976841 106.0142171811642
187.6940139733069 120.3312526557007 44.59603214805475
194.212899993178 36.57918791602687 70.10846407210008
42.69298546313572 152.6022660138916 126.1113345522982
45.24179460960794 151.6095754898473 102.0329416966559
87.03005601443421 19.33624344120577 147.9396110303871
115.3827000776069 148.6676646422951 74.85436415587166
135.7042168800296 131.5272038140958 171.7433213471715
14.78132716791321 11.39652698135075 142.1398933713177
187.8085607944419 152.5643244604584 112.2379993618513
1.617077647556852 181.9789314945526 14.66680538313165
23.57565966653047 146.370928392929 112.1027316148774
75.84067837244167 44.1394871928339 0.4233310815220089
122.1456553337481 174.8497905831019 13.53014983451697
24.4425726349524 48.35291209953566 63.64540105917106
41.55150405802847 173.5523487311245 138.7843382567605
166.3184429894719 162.8029560731081 116.7650492094948
150.9728518722293 130.705728931835 27.81187714329996
53.09804847446242 168.533852782211 42.76907626922251
112.4491680837961 106.5628158442263 76.69016459628557
141.3281529941007 25.35488402270485 124.8301257209186
155.125692672878 191.0513248675391 12.80946667004783
153.5314777469161 46.13320783002446 17.00817922544833
78.86858800081443 11.06918681533734 89.62530524580743
17.11553397327043 1.614266217830858 116.3832445677016
74.92956061136817 147.544847001566 77.82382483211842
130.2574308827837 65.88050651399877 104.3568593948175
66.200337112103 27.81885975566405 128.404441890283
161.7522636818446 45.78402961153081 165.7302360169657
196.1355595304831 180.235468382234 191.0062402041064
181.9852435997175 96.65805042624233 43.024815426884
17.80734583788272 175.7682379639281 178.6643676009731
72.54533988120079 88.8534865601444 80.29078197381732
62.54102600903023 146.0419291266482 40.99104601283491
59.04945144312713 71.67390373734804 166.3166616186515
72.66331419189092 189.2074046916151 199.0068391588137
178.4082455535113 82.11841996047532 199.1860194522791
146.4299753418459 93.20038424941943 171.6604643289159
48.49108353573776 122.8364916284252 105.7141337429643
136.0289287431092 49.47809686554834 0.1461561833239662
40.22215608958389 145.3367025758873 173.8817939614956
191.5929843173517 161.4775870493685 26.193155730293
6.714345947146688 154.378056635399 96.50656518884389
43.39572516362241 150.201132799138 55.66688524685369
157.4700543347378 109.7374836207152 193.1199332441754
60.87719862562049 59.09403757158436 33.6068148271268
169.7869652053079 91.34863733991415 178.1274004711884
129.5283775364533 157.643486902154 140.982393945949
35.44907458928301 52.53414079194032 127.1105565578321
152.8291762817206 6.157113551915876 33.89100732349105
68.91041177294552 9.789909795807663 111.9221963311912
174.8070559429613 188.8435405476918 155.5569761946754
89.69877730853563 112.6843090716633 83.44894928218132
5.450012969017427 142.6426431413845 8.01759204832136
25.71971248911127 189.7365189234821 72.63535416067675
51.67992325012369 22.68224166667277 51.45095169967936
135.3964577283113 190.3613605400555 27.21175505760792
62.24405329892463 119.3003288603216 171.6700846294121
45.23932916012562 196.8249836157581 146.1890059968255
90.24988998746075 27.10146468943674 37.06417696873918
66.12278940912636 80.73851368877231 44.77261078662358
101.4038294005224 123.8555480169606 189.1251938024619
35.41118149905027 103.7476306518137 176.5586054262897
113.09172061293 184.8430119534865 193.2480549722286
185.4073706878764 68.84459853559601 77.73912324562595
114.47601900042 124.7896865007065 43.46463258695059
16.84799123403323 143.6659342318259 57.7757734283386
43.6727309455428 75.99356786012902 36.32595889200123
98.05480654250388 117.403720546071 60.02434034214963
119.4364706823925 139.7762474676117 154.1834647335781
153.6984913575346 158.51170970523 137.2153669064546
113.8819513977728 2.027741059719125 136.9195773242513
120.9251172058698 25.16889577067313 137.225921712377
186.0193982234349 167.2780140394402 155.2067314919994
195.7115508211183 162.0362645761795 133.5843513727608
174.9227120380197 85.47406778479642 63.4707412114298
105.9375555680271 88.67936758262485 194.0813207511323
135.1693055296826 5.286869984800686 112.0724754689751
53.00941008617918 140.3266622850652 5.619137213647686
57.92527522590788 125.2623962827449 24.39107347354262
88.43621040432163 165.1979043294249 64.06698188644978
152.0462504258612 21.04936448655774 103.6930204794779
28.7956369660928 161.9427265788022 9.363282170432697
146.918347468458 11.72379927760687 193.413310900591
185.2278996888894 107.6245861822931 64.75431014886115
141.9992692141578 161.7160835883778 116.3705055221407
67.04068481591665 65.41557760912498 75.50052252172119
164.60185944115 147.7768865481252 61.39689141068371
58.87951584644512 41.084003388017 182.6603796974736
187.6263617804389 22.42879340556344 192.7289163396836
75.22523428875502 131.8754880963902 154.0676685311201
126.2046426959621 86.29691979883529 159.9900773736441
58.57359719447837 45.41406951362541 62.86157422850911
102.0971698172166 7.008625841976595 95.98892209725798
133.3570477203237 105.0768701886895 120.6369538235899
19.76763620799726 88.09780009598411 145.0048598002845
115.9783347013576 190.7016392828127 107.6154468759359
110.5402235156061 196.3270306800622 75.93050787263367
90.44772630616741 197.1749563596741 114.9086480944434
143.717266282205 140.6537401222439 150.7861463488459
19.46690048502763 48.59737274074838 100.6533677028948
21.94929232750551 25.32841036091893 114.1058461068614
155.7766439326823 165.8530697229102 180.1331228810838
6.782295803052468 50.07713097968146 168.6536952629887
36.1344311834592 102.9610063330836 111.8924746128564
76.06565007970755 157.6757947374384 141.3294966521391
84.02519968169484 70.81151138636466 92.30753818940609
122.5052121478856 116.0066151258097 158.8443381402537
24.1970950572802 189.5233289327917 96.78545402330138
154.7366912527249 131.0616325386985 3.714761402243918
51.85600248764285 99.43848055282908 51.79947541206953
61.24506831585803 15.74196985077837 73.18582569995127
96.41678182097577 89.15182154505999 82.00015640462132
24.05015648164154 11.44763200270838 83.98911354966022
13.43186785867415 111.8155921542217 144.0478525704978
173.4790554618607 29.43658128528369 80.51625308851278
78.28199986799349 66.72371499430376 133.7739653937143
117.8438739746096 39.44794992125287 117.7914496305446
99.98224602333188 92.22743448005639 57.88167674520993
151.7309981964007 18.4414262900525 58.57713473397479
185.856662354243 154.2429384754596 48.7088672448805
133.4712679074555 178.1488413040948 165.3264180776303
63.26867302036911 99.88404507762063 139.1465794675455
195.4436696333585 116.6465213803863 159.7330862782566
122.2523241490005 56.96276188426241 134.1944501433865
123.5919734832241 48.6550018017435 89.08739065987155
116.628349322671 44.25274642769637 186.3562850094682
128.7060712810461 184.2424014107131 65.14661570169598
90.18900579513382 21.70629347498311 111.2845731323855
136.5840781510514 139.914105083969 126.1464304645331
178.5770236489702 97.78604230561577 134.4754164123652
191.4794549618274 27.81053883690908 22.23644029466785
189.2687567214438 18.98882849062613 53.79105413616564
148.3939738685833 107.5754019460717 101.7760947993836
49.68575022867434 190.7666914541342 191.1633052989129
26.03151610140679 76.96321211015051 19.61278429299387
27.06485381439393 31.77849631858591 136.9155498382378
25.5852267840639 116.6149530369457 49.24868790476427
87.53680194114651 113.2743581501479 167.5945168453237
63.33561043524891 192.4908677860376 21.08988758349809
80.03785343484986 43.30863269677548 140.7679715209121
165.0038786748951 113.30718100629 38.36605126025856
16.53731967124197 118.9097634183881 82.38086379456644
107.4844500149395 75.98136592940564 14.77261449809468
37.5200126819437 9.311454948458241 104.1998554936356
104.7732320880523 181.6504841812259 127.3037812507675
151.4553063457388 179.5824442383016 149.1648463577714
168.7871488944363 195.5989953595626 69.44522237039114
166.8026177332242 102.1036676037207 79.32720974415537
148.3036083031744 184.7302075164789 111.1295051186661
45.21391734550195 195.2680974877777 85.96058057740046
69.56656300218862 64.94334913680331 111.3080848235877
81.70494165982323 46.52206966853147 70.58716613109227
