3 1024 8.666919671297826 0.6534294999999998 1.4 1 1 200 200 200
78.70430938514446 1.872985713597199 96.33764906446143
190.3573419680671 1.922079464732366 156.6032365841371
121.2316464922886 27.64775734237847 164.6937370946827
134.6930112500763 135.8655275623805 73.76170770921344
43.03878766030599 168.9776196769382 121.46151450832
77.3496773595797 85.03288747667841 170.5273250881883
46.80554442453639 94.68100452189107 196.3517023465729
190.7432615153449 78.15362438639026 187.773558971509
63.54977830154235 107.0426904101377 49.28884096312687
190.6758283083984 0.4429502504971267 48.15978741426203
48.34547793552073 118.1449239830799 149.9043833989232
114.7546395436851 75.11418106968728 111.3372153212996
140.7892670088515 50.60214219346825 118.3091187890631
145.6958641567821 35.72251472584929 37.81494564501845
93.66553551220851 73.36578091999802 140.870532479838
149.066498248844 63.7152644168136 26.21292532422588
76.7598258884786 141.6516506573088 80.23839400697669
22.24261788042978 100.8978775129944 125.4621022945348
59.52848951347613 145.4872426649777 90.22063622508163
140.5669030190768 96.95932489795315 30.54244100640444
126.3021260877364 122.144841456485 43.87354749041619
159.7498280750305 122.7675905299095 143.5477612996909
59.56454603669722 159.2802810743348 100.7188602086251
167.4537193252338 151.1465120428953 160.1014117017627
98.74645513926303 186.1915153797471 14.09621255261683
38.07846116398083 149.4126995119376 164.8072967695113
27.07925857040481 105.957677790801 20.38500062372025
80.26087314822475 171.5104967511355 180.1892952870802
111.0700799867377 181.8321145511754 45.50745937567169
3.132822940595907 54.76466125948631 9.360044689895483
21.50457781450229 119.6025569303349 129.8765072894805
193.0438542138595 139.6250273735177 33.99644016983374
168.4803942811779 68.5771694014533 38.43562214240099
98.80196113611332 12.02370887958327 11.27496524906598
49.24173977938908 73.96993110927856 41.89559661943171
94.00104814872665 87.20966439200403 11.17419477573513
102.5950941005893 14.75413759816318 66.81590877481675
148.4338569117409 182.3987311240933 122.1302465348259
105.6614674434314 104.7895375428418 78.36830981016438
43.70974492258698 160.7572544002804 176.6416115712102
99.43364356952169 85.22372659788618 127.9874518872074
22.30082848899913 186.059395219401 70.04230672213211
95.80784055647464 159.6789794496904 120.0238652961712
143.7043505712776 113.844797250777 190.921922004593
20.37252973481228 185.5748908438579 172.4611817601592
102.3359666162545 59.65462640076353 19.51395586735502
75.75682805987644 120.6723244546425 44.52221798377833
61.83409777520634 188.8948041446752 56.97455762340749
101.9125931078937 3.225825952973775 180.9040007430514
107.5340603163716 82.27775860631739 59.9311389218294
55.8764049135938 6.022905989944533 134.367733363197
38.4937908620551 149.5883472187637 121.9038237045516
184.2518486298171 112.3526103655756 132.9599425878897
36.80396364109284 39.15761457469578 174.5297980865676
193.9010431661655 94.14007388986332 13.69020730614354
26.92394038719659 0.2403270584514054 115.5388074593103
90.41378758343021 189.093430103262 96.15618360284888
4.231660652823267 1.359884619677624 73.09615454625451
12.30775516762493 35.31681187779717 101.9037102298851
136.7558343838495 43.27566208120234 74.05416934073763
60.93340819939712 163.8542186871958 149.1640220015018
12.23327926402662 173.9670659797346 39.6024285770098
145.573764452148 196.1045266563551 58.97440675978925
145.11725874259 28.81359192293762 69.42850441088855
69.07719189721584 26.74634159102848 10.64015586050631
18.56570382616347 77.49782002135515 7.193698291076336
156.4067013238781 39.46498590994954 118.9412376329784
170.5119884647393 122.4863936207249 129.9625434589443
195.4772728379032 36.0159684688182 105.9911644350614
194.1248825979469 152.8102410997879 22.10468105547306
92.58262046071681 154.4259593012472 11.36798829018839
169.9485358444882 28.86382200044641 116.7743707839338
108.620817246988 175.7772328144082 72.64051676741687
14.86731821533508 98.17742208595274 110.013325500366
184.2874187752981 20.65229118134819 18.19769490564897
112.9117388923187 131.6595276809575 38.33914428838064
150.9020875213064 141.8306209415488 68.73684980814636
186.6304006647014 31.94929285356282 120.331874612531
182.3074349468947 82.89644186353954 65.36884855737881
124.6679870042493 179.9617149587809 77.68431698709217
10.00680512485376 18.48447377258545 74.22191851280968
109.0109273668344 125.0553764915869 53.88362327226906
144.1738004003582 59.24077687000161 4.661739070291749
170.2853259915121 190.6059104984377 198.4169537498183
192.4472153153889 83.16402934808548 50.64205923990888
130.5465890070105 132.2088868380099 57.33314906001315
98.31926922479886 128.8555435742188 72.58161126534148
182.5734093923376 125.8930599316862 32.49174595392122
123.9704330926717 167.932690878646 28.09482779940667
92.91629740794997 128.407364959065 92.52601824972344
89.30289557049477 5.35107709272357 36.66909281487701
122.0726208374959 128.0717744318607 82.73080311556396
115.8186505638226 47.41277119467642 141.0265613354698
108.637962005195 147.3964360653451 8.981288462403484
67.91390553168966 7.930756365334291 18.54557704738523
191.6745513659553 44.00817213367084 50.57937385098664
46.46709288020025 165.7821970135395 91.19428750280052
51.99857135696557 109.296831999244 188.6140134875713
44.50780925394113 68.81678047495846 22.74684957005917
30.34490272000719 90.48766152896769 54.01490009930895
74.24184396890595 63.91353987845323 69.5134102995919
25.32378576957747 94.7454458849767 96.43868100411312
168.7973839955146 142.0894515421836 62.69160994289727
196.4780517562915 172.2884169150938 46.63197313268937
110.6400785972933 51.71324798298432 167.2475177610524
33.81880051554182 143.1518170410496 67.45676784110601
87.43761018562405 198.6205307942367 9.842900273110956
45.34189422966577 62.25918487058809 121.800922612327
74.56109828766725 44.32310883487688 34.84031184089642
134.7136527249963 34.49029809474172 173.1717312415295
183.1337328898007 159.1068012869614 69.46729879434329
45.03183121199357 143.5600121736986 198.7150733840263
161.9761775560888 180.8449943021597 25.5721356790714
32.84894552127022 124.2715386881074 70.6408889913553
139.4593397825582 130.1496042336028 112.4452163815792
49.10377569611568 85.92927298522487 135.9252774178222
179.7027817357192 68.76911103249358 51.64477330176422
93.14241877061649 161.1170308965584 28.04280234856022
42.24089138896557 176.8915620371453 77.86477452077321
75.58425036197596 154.4941984475697 21.2229197915936
33.49025526564231 194.7537565557279 30.78908345282395
43.9999492247753 175.4115039937492 105.3946765207202
87.4123087876584 140.9189223812296 66.58375164656509
108.87244416999 187.3359666618182 180.7966455258988
123.3242189520535 13.70726851186176 154.6068479026498
108.3220916048483 152.3798417086316 83.85666699490969
186.3146083787695 22.77287171020025 153.9497708505436
180.6546642710767 191.0642548823944 107.4898562670358
31.39991703454584 93.67761442141067 112.6374274617732
122.8713567161494 178.6258884206433 187.0676988982486
117.5033600941489 158.0704921934679 169.3128730617043
175.3867976298479 12.537846553552 162.6841366400338
128.3369473127096 124.6081284797547 196.3935965389871
43.16046480180435 76.11252502539085 171.3717239101051
193.439883685421 96.67471101209631 186.8103941226041
174.5273039526703 111.6059561635431 38.11318640700905
75.61939842925442 193.6058039149306 158.1382935659583
114.2913364107832 168.3029584761798 87.2158676293583
81.94603840218868 97.86989216276419 17.61604475132724
37.52391404115341 153.3509017109457 53.93964083757653
55.18320400785405 152.0078703908788 9.942061634579984
33.97220657958124 64.49192545919536 35.81426251578004
85.03850054366009 69.39741696833038 170.8278755515468
91.5281539637426 70.05664036261464 10.8277011949879
45.72047140016773 75.35107376532711 110.4276497469338
115.1650017033005 22.37128523642778 45.07294445603925
134.6233471096615 106.4900243496199 3.724445428533826
160.3006874412595 31.44900731344402 102.6075919586491
107.5669548751128 84.07598582050477 98.12350918707691
183.4408276335248 53.00347841193888 162.7272615431474
16.98740036829868 167.5695527813971 185.0692090677215
36.52318231288088 37.67703836609274 157.1872584072033
77.39640700785648 154.3398686437382 3.011412765508184
70.71359763407148 9.397636500090629 152.9410078120457
20.50527204686859 109.3625409492346 36.42138948112314
79.36423526372116 13.09813265058733 4.775286591881679
95.82423310548695 55.13561696275323 3.122626869066624
144.8804006350127 8.716562787844 109.7856195392382
22.53610115835853 138.4886308312196 79.7619366527762
16.97251501354522 77.82068011586034 39.43455309125295
93.30321950622654 165.2912125956786 197.5988558548777
168.3026870695521 115.2949453637323 2.73651190279178
29.88427408350154 185.2949783773508 107.2723479835284
140.3033941558249 171.1796525694797 170.8035907021768
162.8678298915728 10.19668975866081 90.5647510178307
98.51649565466882 112.6701066737735 64.07546173494313
95.66665958971247 167.4318344295545 46.90847082518365
117.3518156236495 113.8112017863485 4.344387328875243
112.7445308925945 54.08209519878818 6.735802990858866
194.9200677582952 116.817985657245 40.59513452222463
11.63116249284657 111.0871798944998 74.00827648899441
26.65067196985727 182.262997577362 90.11506043018798
183.6842392302084 76.73445605474144 36.77327393272846
166.4980238010266 55.54753796282716 166.4153737085194
122.239588542918 136.8154244351628 7.083109543960119
92.65309787063434 179.1416537963463 127.0641235150678
98.04041844950079 101.8057651879685 48.75203378432654
50.35660930065632 32.15198215231447 166.0729578522209
117.7496328701749 67.15947595143675 16.95308838348462
103.7238582340423 42.37802376169314 19.28048300804795
92.25347831418341 141.698149042807 181.9772088177771
140.6597710317085 187.0175309731736 107.3420029213014
187.7237938625885 172.8268453995105 79.01472111052539
98.07875680478617 164.0198854428422 91.60550388279631
178.4086233384577 15.88874604476217 179.4203814628137
49.28929488114705 8.356683935026991 80.79141260488446
84.61849096574626 11.69751554829698 21.23407768284278
107.535669006019 20.64346575496756 156.3596514162982
197.0015225402623 112.444712792458 197.6092136206024
144.6022775890459 73.25634044170168 68.80303247651329
129.828653233953 116.3242452142546 121.3659211708926
74.16067656780325 51.53574038877183 160.0430559527053
188.1352830359249 5.651254604777503 31.82330102632528
26.13655381649045 199.4734685044076 98.03187510173754
21.995166681617 125.9109197413686 147.4036315885667
81.8043089989331 118.6994707480539 196.9781470494936
159.7162839713726 103.2425058786808 33.74176785610651
109.9612837111321 27.79482677998779 12.28858481526328
34.21290443843918 199.1290240815352 47.54760803128502
20.04662502421635 25.0789014645522 86.71901701362043
152.6972891744877 160.286713289881 161.1473937619805
169.4907671615117 152.9385664980946 78.20136102355053
10.90571206933096 139.1166605669262 149.2017368376633
193.4700873784482 181.7831567854595 115.1948263917842
117.5282723331971 160.927298211988 71.86713598856589
115.4421295318539 107.3063573068717 117.8778140715834
128.441833444867 46.41696069826125 9.348169741258944
24.78809397899252 9.979264662516137 196.2721331661712
43.80485825099726 158.2554739524245 107.8633438893769
38.07418728929623 83.01142969494661 96.88825250969171
133.7718451003421 60.71642211840736 18.44879468285499
191.2074451857053 175.6882016625082 95.91857169627124
177.3421732105088 5.835702923045689 99.04630991126061
84.51299339199684 12.00350734069578 109.1474717289431
115.0038480945428 16.34026962759604 138.8985590342182
105.8397051799033 88.40169713192925 143.8505549468675
196.0350280206654 169.1996265282561 63.79692115537129
84.98288697854443 113.3396088639999 141.8004808364859
29.6487522240366 50.53999971536269 190.1557624120857
48.44093183824025 183.2470923518035 195.9043350361932
136.9152372890008 128.4184002057084 91.67720155732586
24.17540719237395 50.91709267960698 154.0000156280811
187.9692742225415 144.0420499596739 106.7242144443924
56.86040291595077 39.02223197857929 34.52607652260654
42.28131492486037 12.82585244109316 186.3831312645729
16.82417347564336 115.3927953591811 110.5262816969305
172.1043002254044 101.9731052876622 21.6842120861483
8.978401643135202 199.3173998335099 197.1877156675606
5.690394482876357 43.84267736242784 117.6056534532816
139.2854908147249 197.102332180343 121.3730436130601
65.89936903393851 164.7394914948291 173.2350115505824
102.6990681874993 76.97609171995553 22.13227817633941
59.95660803214516 176.1334138896432 94.56283243776181
34.50283791322358 4.079739214476927 152.8134274603736
33.20267975777713 14.46715478322927 82.87577372471985
16.1977001339015 8.177028828909348 86.72896888815905
33.48910553950904 65.93277539446575 182.1042637026133
112.5015051712084 67.52181847543945 69.19901244733424
151.1157483436267 89.28495988569823 69.86091491789836
143.6677570837269 19.27306038696778 190.7053787218055
79.44284450871811 87.15185210416007 1.76585030793141
93.03219333924287 53.66161640799919 36.90079781616672
132.3697222629743 130.7523603030348 158.9286302873594
67.41473915303693 179.7143088768578 151.8002010758006
7.479340462011135 156.6320902019159 11.73579689232524
62.86364321582729 190.8928715221443 103.1749972772364
107.0345724672097 169.811308174895 33.68898096878547
40.73705556264271 158.5381287260791 16.95105769743607
160.2737881776146 84.5569131293047 4.812127759676017
135.7536006082306 39.177426515935 93.4064341390317
115.1396833409914 161.9996834698969 152.5965866207854
47.80247577508283 71.0084009859246 77.54191827242769
156.256511889362 0.6852813261122238 196.9816971525719
86.85836073898631 102.8193877997031 1.746844841392508
151.6041374762501 31.30368197997663 170.931551337231
133.7519642769414 93.85104296928303 67.27874085201559
82.09967079258936 17.01458311937316 47.27746308764085
38.23825315622262 176.9709075865468 180.211547163882
28.84152268205248 197.7969548200683 80.99269182639522
151.4521213505449 59.35884101398321 76.57483626998385
58.82436012712469 192.1879364187988 173.0527265080208
4.117804121064142 113.6313718206386 58.47660040010056
127.4673975030802 196.0376317670527 134.0087411110547
123.4403745152809 76.45405777834016 96.39659334225772
121.0008269120325 178.4637354602896 60.80920841756409
133.8695825884215 74.99381870841914 192.2866754039216
108.5395523844997 145.8727918315053 177.7584580225937
24.41524357962664 185.0612093018981 44.9857743769154
138.8644822388187 74.9015171337094 127.8216780366113
9.206438031007938 17.66986881256202 139.729178690279
75.52549446162088 149.0507826428658 95.86500178716355
137.5238302370851 11.57256530628212 59.22453936862657
118.4330887405273 50.85145661398813 22.78774550999383
56.064777875452 76.03673856687772 158.2663911976031
65.85550121796041 90.33455195309286 158.6851235951515
83.06555059758129 110.3664807367223 56.56390470119842
9.392017166125999 144.5021303523074 114.9862481912178
170.9288529645264 98.22919393047697 4.800434924261549
52.82061173637175 74.10591334365735 94.42356411870047
23.6559616662015 155.1812443750864 5.435209742785628
67.40326909500121 160.1178181196312 85.28143002869233
100.046109661159 0.3429364269544096 24.02143803671973
196.1581833455324 149.1504114309412 63.83742287534544
107.163558240003 176.2295152784994 193.9946806675098
149.1390659222675 65.75698979397824 117.273136914498
21.21499950915368 36.18018032219027 116.748801799527
195.0018280793152 58.56680725636168 194.5312699048934
111.2267863712817 136.3856509905367 193.7042319348928
1.827000199748176 144.1351776794022 48.24339948362937
59.99503114090278 47.23826449590339 49.46370490493904
129.2162756170412 102.3941485496234 42.46250083471867
52.40166067497023 198.1590857835911 188.0045214789623
137.8741610211615 186.8746620810379 189.7758538612139
177.4255801874505 69.30910321868983 178.0869290392408
132.368124824063 164.6535397629248 80.29730607066979
60.62578643432855 62.61856222603343 113.6317498384381
13.50605870478971 159.3067515746491 124.5666607530223
145.4828530422267 2.435594849335549 183.5159549082546
47.57168109542365 29.10793964076616 183.6688344992926
40.82965292372571 54.90524359652004 81.45375977796029
53.41816055272066 111.5389607659082 82.77209585858013
127.3341532344977 61.80893268087978 1.453732831787121
151.836252568622 133.4941812645145 98.89253759896891
36.16298012721674 79.93744496469503 66.4770018446482
17.64584611441358 84.87231987154439 150.6711548564887
170.7554918479196 170.1046606200939 74.59449031278066
163.1563897788079 63.24824960885331 151.1716945983148
164.6964781121457 183.0360075699634 149.5988861320889
57.30229222850382 32.64024045295549 98.98874096217712
56.67247972691966 25.47130104504712 125.2855168073558
98.99102660370296 19.24486887457711 50.46643571884111
138.2019851598583 29.02634213882038 152.8310484513497
195.53042655262 198.7044450149938 112.0504959810715
33.65292459411869 83.10034192295791 13.63169352063474
181.1122264511935 106.7529532514173 193.6601676141752
54.11423688149412 18.05096505613154 15.78677000057665
100.8677282190785 126.965363200853 107.8608499154371
43.39840871762536 32.3657377661022 134.0449275435448
68.19734468497379 182.6672253601932 185.7083008391721
0.6843379939697271 77.6278793703533 33.50840418763475
82.11691497325057 19.47801174724221 88.46611442852601
54.486326972822 172.212529694555 183.9288306724399
184.6054945001129 60.57807807633085 147.179562801519
83.50867984873368 155.8451915533589 186.8609974784574
19.93714050310201 21.79965920718831 126.3419823026097
120.2465130590789 11.81367621820424 57.84698267307974
64.50485144881017 29.95129338209534 180.0607629643544
61.97692007895662 41.05423758125685 18.02220738968969
67.49666088737145 18.67652378659375 97.74334250395098
57.6674199819869 79.61798414311897 122.2397537566934
89.61390358721054 27.02119508238076 102.1539513409217
63.22444905251329 47.7062328295483 105.1859620472616
41.88226872368683 132.6108016681976 122.7656510706417
3.571438826837851 179.10239811629 75.86336093139244
135.3856555085935 171.0338548923381 121.107869278517
89.88468408217558 126.2647918831292 57.66158979158738
118.9869739178835 142.8768745786158 160.9031951413089
127.9782605236428 21.00623501305796 183.3101507624858
27.43932214367186 142.9114627179055 152.7655347848268
19.10325744166854 185.357756246819 28.48860589893868
175.2518562425253 40.00591697084693 104.601021829483
196.434351828883 72.94806155042559 66.75512952120623
50.39224283488822 79.73759648055648 10.64021066756258
156.2290365534157 152.7731176683975 199.8026135869189
174.0132486957666 44.15605484945335 123.8515377093344
35.21534996702546 112.9083610027093 139.8724308621817
2.102389818952488 9.221243866542187 57.79494535868142
47.90150538956929 128.497461213129 34.20497900580465
139.6181774448343 188.406721877182 172.598164772138
165.2256366617739 15.40140347821153 106.9296989266304
34.10517004597673 73.94614685531695 50.34222203236213
27.16089745411525 44.14555358565612 100.5257159742621
56.80682279448735 96.28818927871527 37.48480882760621
94.16669768900842 142.4718436025054 82.47173207751692
155.9904174784952 16.28749120887336 4.528911745005467
36.62521973380478 109.5445831791398 78.96663957413911
62.20534386841238 3.47466884617804 91.27012070598414
91.54897536595605 5.729473872376004 194.577862570142
110.2581600221333 17.21466278305207 173.1314276960793
37.48667513731989 104.3234575624486 180.5435513968451
187.0625594984252 49.36179091506296 113.1705490339305
6.743682529649672 159.0907027856991 73.30310905899233
9.97659483882317 98.12689307793917 162.914776723515
117.0257590712574 128.6946385543547 151.1318235799044
152.144386958659 174.1644862344548 141.5862619677513
171.1587509822298 164.5127492482496 90.99659610976428
153.6807938119035 51.10035606252311 37.34100134904859
98.52373733232456 115.4230954677184 4.097824927606067
115.303977191794 142.9669342331231 106.3019177049884
165.010573573346 5.419653140465329 182.789682123314
105.1452972703452 68.86218656180495 127.6170269872182
171.9071034482837 48.78052706891115 147.3536345644939
102.5681349802154 172.7231036980906 158.6682441475249
160.1988708304401 16.27059755885584 170.1577441796748
41.67118915618794 196.2775730586454 136.291718122052
184.8096786329533 89.12537515082857 199.8099577975581
15.98018818444312 126.4742658448619 67.31611992643091
105.9089784506584 145.5905259542692 120.6306357477547
182.6668691035476 142.1618655113178 73.08843424026321
195.83064603366 144.5505552281967 188.4930950054246
148.4178963853772 43.96402277443501 104.2307300537537
73.24062755258025 169.6021996751 195.9225728719035
109.5836191418964 37.84740915672396 156.8993696733294
49.61643060477086 191.6053895029993 44.98118277373929
172.4664297015543 2.834679645485025 78.14988099307932
185.1290251905606 71.92123409639581 80.07910833263945
131.9358972022252 72.93451935879254 112.055021608675
77.05843629792923 140.0987571406667 190.1634298585876
62.15162794942001 88.15957968856603 1.087789614941883
78.4115223137712 49.24536725622423 178.5760211596563
22.69881129571052 171.3982839340957 114.7364238447769
97.27104061113279 93.54325870312 68.19072238435267
1.417428103366585 125.8504840302171 27.30381631166268
137.3540674515808 180.7112192213449 135.3534185323259
132.3596839719363 145.7620705347698 150.2585601231711
101.9345193227051 150.9984944220174 192.9427402587551
195.4698477898408 26.74381211756289 134.3042715404561
88.48070923562692 85.26952438929578 27.56542132123904
18.92645482219769 146.5147769216255 46.6917944250241
4.852967399027086 108.5917694252121 29.01374169467775
157.5205928144019 117.7559256918221 161.0725267889495
50.24499941339776 140.2346876146498 21.66674216646565
24.54947383403281 49.68398849367177 84.3094429486727
89.07897218448548 67.94961188313889 27.91823342508085
16.68298313094927 35.45037338053044 156.2595966355822
108.3406082201319 59.1712337615303 113.6050407090286
114.2659242809431 110.558259790763 39.25377876386169
24.62152342479094 162.659619084127 43.97668553074318
34.03576536534304 181.9328887336723 128.6426265587908
106.1231496257224 39.50329789661574 0.09670913709116712
199.7234894441533 157.7653734073942 37.74321281376313
177.49006346963 129.3627810969275 7.483600395431818
142.9143291033463 161.7399140997469 45.22922497021566
114.0166171594304 119.9856357131818 69.68560910677658
121.7261186691469 29.80356191672179 147.501599861685
27.20101447848913 48.63128622283971 37.56146242177765
108.0701286909137 90.87363817702406 114.0608884106042
149.2189214468949 128.3222934127345 79.46773694959715
47.25817247536548 143.4608971465519 178.2523937137667
83.40527766508221 7.243926914876638 125.778123940577
127.5352134430291 67.08254251374878 161.8120966409148
5.639033199743078 167.3952045596089 88.47797865318151
75.15286455647755 79.21396628107838 61.41844174408951
151.0657095968564 177.6800022464442 158.8712820165099
123.8033038294608 143.0291096442937 45.58952310692499
148.7664094237245 31.88986206349376 2.328732565904172
8.918410255886059 128.7824939044175 122.2753029773169
186.1916285294912 39.95367969217028 151.6548716611348
10.87719284753413 194.7020893039804 119.0447245884927
151.5163888884606 127.5784231394816 58.8901700091281
84.37610516405751 93.08233943367603 56.61619502021292
90.08667151302542 95.18446833974144 109.3240919959842
71.03334434182783 180.6695056578958 168.7251573501277
65.72670664573282 94.50499649522507 22.72199905118682
17.64964747979078 9.992582678291202 180.0673885386849
21.60477832766373 171.8677030995513 1.214401892878008
45.573065092684 28.41368838683354 26.74684675818116
193.19126858166 11.66962534732462 142.5527818536377
75.83594617532873 135.4227629636304 106.572122061088
39.8839243792058 104.0765415205426 95.2577110083531
78.97233815586529 138.8917891505779 51.5797977901615
109.1189381259312 68.98002393118698 167.1679969854413
109.3390345744891 136.714328904903 91.2064602777042
20.10299219537116 62.05443778066702 45.92190810529931
99.63516575738076 179.8091308491962 58.3764721472303
21.94784409718565 156.7409540042097 60.74802276037651
106.6903610151178 119.1557427738013 188.5821791865672
10.18039145783131 2.975134548227659 103.8285130153827
162.6194293502174 36.59191577662416 34.16816854419436
65.4124509789599 87.43496708729566 141.6012977396235
132.9719562215141 154.0464574046654 33.25302256387302
24.80799503048679 154.3535866693772 112.393158702915
10.5510019735565 39.4978703720581 85.17368149774708
13.1095984653487 191.1308347527167 83.91327889957776
78.74589474017893 194.857203256573 24.36023437554979
20.11131004084687 197.3086861959816 159.7053375169176
108.7728032758429 32.29817432329784 136.256611776691
5.691866962863817 199.353742464877 148.9136115698735
61.58560909168848 146.6030116778905 150.9797837336787
128.7284804542078 196.9710384378332 54.98097948486283
113.0261471896668 8.189135184793241 82.87569120689977
32.27106975940651 22.05627791508254 9.806894398362745
125.899263567931 89.77292369663719 196.589271840404
54.58728462914696 154.9816280753674 164.4439520023391
10.43990222605807 147.370919553864 197.3856178416115
84.37247075078528 157.1530423615099 83.35316457357055
191.5837422236333 26.57236851339266 3.631445571770357
1.636379253718254 168.3023204431331 24.11329555891658
77.71995742604558 116.9508632160102 126.4815243619817
69.99160224784822 80.64249768793736 185.5953205473788
155.0650895061296 34.07644120235152 135.3615128864412
126.1219012362768 138.9045103800955 119.2220924797772
12.04054083294149 26.80739409124174 178.0732687021633
14.22106741014816 171.8532505535613 64.26607716859513
30.16079958601635 165.6969710314073 100.119733058572
159.1144188183135 99.40305100921617 118.48970502058
48.90924428255813 101.8843689302347 129.1534075861249
154.6604848809082 174.4926241591428 81.15679573415755
28.92419567839408 164.5551983304403 130.4993455118066
90.73869715803866 42.31610588824361 192.6222063571683
1.025331920126648 31.1162554923987 150.1308153350711
174.3167465221325 107.6626537558746 119.5524994208317
35.60356692276301 11.80170664822698 23.3861405500501
7.942982907740546 182.2689588924035 186.6778765343849
183.9570352331462 29.655050680368 188.3739158543406
160.6670611242939 120.8463536081587 90.12191655509704
58.62435831928637 123.4847813805436 46.86812977777621
89.81958201976141 38.61251757583785 28.92173486167268
112.1052205404077 199.4188590256167 141.2910879269565
49.06539076342771 119.9762595828133 132.2119488522937
57.48715619888446 7.156461630541498 57.76387603882222
111.3439789099808 159.1928299064362 101.6650949105129
6.516570222884195 159.9601310470379 53.53873352981749
57.51441908544191 137.9247479044651 165.4219116951637
186.8991584067492 164.6307086551873 11.68704224755509
162.6588912359793 138.1862525586453 84.21437978783783
152.0890170047637 156.136666022843 143.9731455469733
54.1187477271263 82.49010598037952 27.34344359587681
14.54273048119169 47.61551971404809 55.54542619364982
184.6722833790159 22.46190278487967 105.9577088633252
106.6450363928 120.6197582595614 85.3610536067126
7.02591745068453 116.5030202079105 160.1382876174406
72.30317999059216 187.5149321451129 89.034755176085
41.27513648556202 132.5066122555584 162.7032692104571
159.1947488363652 68.12244101092128 10.21634474621426
191.6487626406635 14.64737661136098 168.3019472120521
159.33098677821 45.01153047852996 178.2058514788966
12.09279725340203 142.5474219343604 62.11975251501305
34.48406824809439 95.8894020216447 136.6658400348321
1.98716120782017 38.6244417939469 16.63442638806755
62.3867477129587 44.22155051139126 170.4516633097829
44.87490919406338 54.83349290982332 45.21147344479398
55.66380660887391 116.4405003830668 169.3003053559333
80.38903766478626 190.1261895856103 114.3523198828298
34.34288975364197 64.08606681626189 5.226669245921451
160.9539339531568 48.52011603182508 198.6486895928046
109.8568150702503 199.6679646355234 161.9682557046966
82.94698972718832 172.6622697839492 14.06333252762107
61.2690814781353 15.68585969342676 194.8489546974893
154.4860595973285 39.89790295849397 84.3930957775285
129.7255225625836 64.61299220038808 80.49224060086262
156.3350507838896 197.5720178512369 161.9055877722053
132.93746097028 52.62183887457653 37.59155373918091
21.9155965778434 5.63212460735549 63.01200976504211
124.2057369552016 52.44789227469877 60.23284112464702
177.0671659776516 82.14810281556909 17.81095242220191
36.56560069668841 113.3573204308266 116.9604036595948
28.89111832956022 90.7093628470964 167.3739907373249
2.166210784465855 108.0266482849936 123.3149090182841
117.7228827536772 38.26008125295484 118.4516890403071
150.7464036429526 145.3233069962222 18.68087541599848
186.7485823457149 190.9323676937391 68.82142950522994
165.1477695738877 71.1776885601187 66.30795869705939
190.7930457814213 129.7800882979737 58.48290822706604
122.5220673488844 61.52493215448687 181.2194109859973
4.599039712899643 77.20396070445035 86.71401818606046
8.778893515836799 95.53755678310864 46.62075782156753
56.54845216545916 155.7357570511597 130.2045564025379
24.37508939937938 35.28952250218477 69.1215191713699
65.60555670719191 108.3173713367506 4.882314686948624
22.22537269284401 165.4093899414291 23.49072608733935
132.7449133205352 78.00108229990921 34.01607557032188
137.1481658622631 112.5381616141912 58.79802357975664
199.414666138364 123.3332004763054 142.0252349179339
67.69039704164362 193.8415972187697 3.24506835308215
93.80987105382806 57.28682422189491 156.3689435187336
181.9193195468197 150.1462520834167 48.707077782502
126.1652812369279 22.19263128687955 74.87369760435926
198.6716857928443 187.716760820505 31.87626371055115
99.95237040015343 165.2161430856819 177.8897834611167
184.8212474974847 106.4449955685031 55.5309220564856
146.7984827140547 44.30647650413093 18.90036642944037
92.57743580784594 73.5428276511165 71.44918716479521
112.8999814329227 150.3593870048793 29.22985242471994
100.6103123794293 56.44784756959359 56.21318993141302
140.2309892104587 64.17918899480081 145.5932454489413
111.3666500386346 195.5469389722772 0.4627338059306543
176.4792355867287 10.4384908943616 199.4013047827083
151.2736254627085 138.2479689387955 154.5557657946547
24.81519418852084 28.99092770989056 27.94757470216931
42.61311907181517 4.234073927213173 5.323414134182761
11.60207010864111 22.00445213163683 6.957939338458053
184.490319200135 45.80612080575531 7.154070773432534
0.01603261050544849 93.29872997979717 69.13969467233098
188.2582704832925 113.9734803141282 16.42097888472083
70.31229400230214 199.9092966377391 72.44918150008252
28.75195175996934 125.7491925487779 26.56254718970325
47.10243832598901 91.6208580438982 80.24392148906884
40.28224266527257 160.7427640304131 147.5030280996315
56.177454734297 141.1203558979669 110.2796854388988
1.962810384081854 17.95381667765371 116.6056631595411
164.8352590925547 121.4426384995619 22.55783710295946
164.5028442230934 103.0988668736709 138.2373803143917
124.3442708931408 60.03844903994775 126.8638311488522
190.7844414068526 45.32849953745371 87.99345257503074
168.3890798885924 54.57919368015728 23.05017472515136
108.4219504344767 167.8124358981136 12.97444882025911
43.28668446038284 194.6258848649598 66.36582714149613
101.1049954768117 176.033868481214 108.3139174660504
49.09465338869762 42.25723404690419 67.15764051599929
90.54026978168385 13.74081545500419 166.1789638470796
68.13506857608833 125.4485379905831 90.02293050310098
29.16653006682434 85.0583730995496 190.9725848458318
60.45272638085878 59.3775707384962 32.19809163920291
39.2267183395804 14.1491352895092 124.9116983055028
56.52791687308168 12.78064080719249 171.2273808619753
50.86068439257652 74.18973034779462 190.5986294630718
23.12256455021597 140.1973375709505 132.3056757775933
141.3415326544102 78.73728304320166 11.33449414390168
41.29627993775323 48.27123486180432 22.26913521917192
156.8003352135115 15.61002000516014 125.9463614459296
128.556965250034 1.712979254432855 98.96162198285387
94.46605236540408 38.07834594241163 171.1846390014909
148.6844779711756 107.5288109080303 79.55191476368047
101.6609856626459 43.94547230073616 101.1062495727557
14.55807625852627 64.81786468841266 191.1936362608112
192.3397455944909 47.27685392224129 133.1822790268031
164.6758394414348 112.6449177011953 182.3556018408289
152.6825359410041 101.4690215241337 14.24710030558654
111.2054735180905 126.0300493136403 125.8864107763203
147.4735718133114 86.83363512341388 150.4125852398376
73.71630443500361 22.05300425267333 136.7086684304984
88.79980343303848 179.275819384955 77.88947463083234
124.9235262610821 0.5646127922646028 180.9707080491238
82.58347218887404 166.9775218834045 158.152149300356
88.38665567411894 185.1788807451857 193.997197072079
93.96242987208164 74.80417870260909 110.8362846779853
47.04760707188074 122.795004145594 10.79021718650014
35.8440882400377 130.5543234926773 51.0291578703464
144.1337398511874 19.26318631300643 91.87260279815251
71.84981662845941 128.0292187217078 154.0536346501019
96.26286528719309 84.45634467376387 161.8888675184201
17.04191106015808 64.84612840832163 139.5808922809676
193.1365506452639 174.2113336005465 173.0831422965229
169.7429408907437 171.6225008186778 167.1720437505146
184.4299145325102 90.18328801913093 90.40756662546019
156.1432504368312 83.08330296892497 30.06736376777053
8.276796923846002 84.60725618820851 178.6307483810608
141.2076822120776 176.831036961944 65.46544880608897
41.01117168030702 109.6040844000598 39.90204674588286
188.2267263188187 65.90038890232537 100.6093180620957
31.6145295918855 114.1192430856847 161.5891631403923
80.57260735757276 54.84228962539441 114.173871742837
77.36209591511459 58.68485892456469 49.62397209485925
119.2530476832171 9.922061449294775 18.3530997016559
127.452015145044 146.853381529954 89.87069660568687
69.56494502783406 178.5461218019852 33.43347217931126
46.40985635792887 99.25189055797013 16.64001151284812
176.523774744788 67.13385580531263 198.7537454107915
139.4682644029536 28.24081210862901 114.4946861996098
172.126686579497 183.8059179717306 130.1858927742108
35.33825386668663 147.8940955004376 33.98694955154114
158.8115940048856 151.9104937986151 179.180994513919
20.4279766092425 0.6938918799236728 14.4989069659962
48.20243946238892 34.0392055277533 3.866599953809647
40.06124136136492 34.61183045439871 45.97165056259086
169.6196819949367 123.2653686709402 71.50303440151681
57.33051886862886 129.3692159684156 189.7691914757855
149.9435583228556 154.6234352807073 85.11023720184831
129.6629683077116 169.0351192156213 101.2101282042069
89.36429810631238 89.69329556133843 89.27442930285073
75.80499063894126 100.5701745382515 184.2703895544667
160.7647711302014 75.89150796018248 167.515727019032
170.303586947125 58.21640672374143 86.16559128763829
34.42600126799687 124.720605317534 183.2365282430004
194.6542703372277 197.4422985519197 91.14028168698924
57.87385200392003 58.88099555155434 8.073274103965318
50.67838403725106 133.8620927090416 75.41537055055515
197.0611625115426 63.50128985507462 174.4297263648942
8.415819536375711 128.052929102924 189.9436865057219
185.3917591628126 182.3584649255424 151.5762217509065
103.7611497666628 8.723085015116192 101.9772634983577
187.762842239673 110.5656275090339 103.9499400794662
77.11785979533474 52.8518363756455 139.3216089194654
143.2547385632519 150.1113926218659 107.9969916913103
121.494892946569 24.92599807862725 98.52994680796215
123.6968321167495 112.0453003947732 161.665595975628
161.5010793442732 156.5948713210092 37.28713920289979
172.71439267449 82.01240808629159 110.026027908981
191.4497733849418 169.1966421250715 131.6314555055679
87.94379419366162 36.84615288983897 49.56211518164617
56.68279053915548 66.75385163204527 139.1203625002177
51.93568374755716 95.18784482465514 109.6941631797186
109.8323844440905 41.64246465600646 39.34154539107416
120.444982174709 12.30680869962897 119.2315807069462
153.7597151756288 171.8517148001376 101.7693525065708
26.99364974699871 134.6954822523744 4.073156781844483
199.5130222637154 63.17859607639691 48.65142034775712
89.50411184566359 30.56735265376469 9.742591647575846
61.37168254766875 56.70901789803737 84.18032568963159
155.6479895597367 23.83342333194821 51.68100568881479
11.7748651509102 117.2834917504093 11.4294769934706
118.1092480597423 43.48838398622801 83.26954742585568
152.259173060081 46.18781362809094 60.49576418742928
40.79902622977313 175.2637229518371 35.60743020918257
167.2660770429174 58.36554542107959 110.2416285414288
119.4098281278168 87.8821551811166 16.26096849887846
107.3336974914051 64.85547311246165 90.17475927286661
70.26276594333314 41.70046335014799 196.2307255293732
96.0110952452075 107.1173746729335 125.2981612018443
139.2516074171495 193.1115219694198 23.9381019968204
171.3657759028462 17.71969224181838 34.23175430231286
0.5172695477946296 20.94750180212603 92.56712787849014
121.534274871666 106.5591618705005 137.7522336684899
114.7679311275427 140.6958701832303 67.90048429318571
94.79766969617988 47.89730338263318 78.16760605145147
184.0010363016474 91.91692718586769 129.089318314988
101.64013816043 25.5178284988974 84.58933489503286
69.78642246436118 79.34127281296857 105.3192300239998
196.9437218125312 136.4067571750162 9.62893926295599
16.12676991973522 158.9906405969937 145.9721968542631
193.5643319604966 99.1741890614401 150.1789293689893
116.0307832725026 163.622875193574 122.8773016799401
137.7120051970554 45.18094074548618 190.7610529314508
92.86100652559678 184.8706540283546 35.92300551900703
160.6571374877003 109.689769103182 53.49536059780596
158.5686416271488 54.96721103502684 132.640543255226
182.398387192261 167.74322568428 32.00317193411539
101.9566205553519 107.1057380257586 152.0812617082452
83.13873529864114 64.14925071454826 91.90955216899521
73.33321205055523 43.19810787721597 67.86749033288702
86.45710041926363 112.3277438945958 81.02002329101462
6.499388661476287 188.7405707045221 54.89281787105369
112.2569542459691 89.85523110125092 39.36608371608661
132.4216995091122 129.592575742048 137.1738987639778
70.16494986133719 124.8275713866751 64.12144325928688
107.8664777507804 18.6024674977168 193.7473588199028
145.1333321724946 91.35871903819547 50.04744256499231
22.14898021047146 120.1201533021109 89.51458877531056
98.44335099699717 58.98330562615294 182.8494819809008
52.63035967025711 20.78904118351306 148.6536727257611
144.5541750766572 169.4814034515424 25.48904902832383
143.4262636476216 112.1258828898568 102.8497167642136
1.870867654696553 136.2158528121228 79.0928122627771
179.0587177529666 149.5039556634505 199.7549952571197
83.61265147469497 23.51827001235191 187.2814268095801
84.04966322137868 114.9262089614759 105.6525665757177
15.99633668459239 76.7501912065763 60.1846012983995
23.35908354245901 93.84963104280631 75.75056288394083
92.76715615868875 77.12369742157492 46.21847086641082
162.842330276442 26.86386914659032 187.8624748836631
15.54726369149725 40.86099991660573 136.2071911176796
3.461488874496852 128.9887018932962 102.2043201285638
180.6039619786156 67.90772023288461 128.1288617646338
134.7749668094091 153.5777678433395 62.85601190652159
144.7569013828794 123.8295594571976 9.138938432917527
47.08557509914897 14.28570064361971 100.6069414733387
123.6513772600543 88.83400401978624 154.5847132073685
120.9956443349844 178.5584215898037 166.3519973595323
26.26699416791685 133.870122534157 109.0820365321181
108.200668543644 34.41566591107987 62.98624772587124
13.76756934027712 178.7176941299699 132.0373921257149
3.094417979748287 64.37124186075162 119.7278092902399
53.38115636126131 194.3879349452727 24.71429106466117
72.54089289741771 193.9936939260987 137.5704330817558
92.75829834825481 3.211528052488311 81.06160939461148
61.56894109297554 25.03260169584746 78.84556330728726
17.41932961308237 132.7606273668785 167.9056640039662
193.4725208123836 133.3732637303822 164.0127608838618
30.82352194356658 107.5328950869543 199.984902127896
98.81362203383382 49.105471874918 129.1157072666946
125.8323119540335 55.19257362296116 103.0753500827817
194.6619180087373 193.6791469954084 132.216230737051
185.1641327556322 55.46549661839511 66.67313836343996
75.85555925955555 73.1593490012678 152.5471462455556
136.1439161207483 152.776453985005 131.045499211424
152.6009642883935 44.02418557049441 153.4622111276432
165.3979867566979 102.6017359626276 98.92060211873498
99.26807271840082 142.8663474534273 49.35467792585509
82.71901374513239 20.81984830229554 67.71759799596532
199.6899159898557 146.4310273292948 133.284155959427
144.470755992828 140.9140836908112 44.56597265958252
114.4612911957752 85.9165565839305 177.9980134266907
26.65421002891966 189.7405321539171 191.8480530264249
116.2101875290156 38.10454163314649 181.9594617877943
166.6265319874389 98.80354836513399 162.0771941886019
69.06601427166677 136.5190812798079 9.770659955377136
184.4116534659777 37.74899572809655 30.04468661498365
61.13717842761447 153.4840148905919 190.0665503826695
28.09905427509458 29.81239577329953 190.9479639474131
182.6131683579706 152.3887789368592 174.4743993653104
56.98206922821834 158.0931152788035 29.93434199723994
88.75500014224492 199.6941917301141 56.67819708341988
169.6306821840433 132.5335124267823 169.3634021957269
143.7902129097719 166.963268151337 190.8717054272526
57.13615473231505 44.57554012419371 150.327793748156
79.5815385660038 170.5147983394873 98.55761997295167
41.97281861980728 19.19798898391398 64.61738105211046
99.29951838323323 149.4346744879204 159.4663896372875
128.3784806527812 46.73171736200604 157.5935965058636
1.93967660371156 20.98742267682448 29.1954299630424
37.94564114394492 146.8098985201887 91.51303724816967
68.41347408907026 101.3640956688279 92.98372175591211
110.2140402193312 73.2603961418247 198.5504408719677
174.7462401006444 27.11868645149055 88.28144426541887
95.71843971917764 119.9586422106691 38.71792814946827
48.17001450924104 12.5476795934826 39.94490880819229
106.5322044590583 97.23913543444009 197.9437964461928
78.5277687582436 64.50732701920519 195.5679597352901
10.84427444021943 15.91826900946093 160.3910737560823
76.18532285549264 154.0387536844753 116.0478911077565
171.2493702995823 32.88426870786999 164.2809107672121
52.79108439905441 178.7148450657879 137.0417535244164
150.1654798859791 117.9248699455619 125.4297982587192
39.78224172878936 33.57146284579101 87.81532024866719
16.77895432553249 63.76195226449812 23.26554513640939
62.67066433830663 176.9098216804437 73.95467300975423
154.0245575931463 2.129207161688645 40.94809696717093
157.2028846396277 140.4398832612352 131.1262600000731
47.91358504061961 157.737740057447 72.06685548125991
90.87712669581796 140.4832000516839 26.70926007510758
132.938223375498 198.8929153970173 75.26026614380089
136.3162141794453 3.486055904659509 2.197491099642093
170.5038532755921 87.96817865989529 49.00981180300322
188.3568543642066 96.74835773974293 33.56786435406545
179.2601714617375 49.11633194349836 182.7291961317717
154.114107236283 10.19693658910054 71.69587472085955
72.14951964916091 28.6183270210758 160.7619092640282
75.62347558218293 170.0492469113076 135.1081115622812
48.83513045519905 113.3593571373668 62.56450729964847
148.2530364897283 18.23564626987608 23.73833997529201
135.438308493061 166.3131963669152 151.174184641504
91.16753636799811 186.3871311031484 169.9200375077596
56.09789715978025 65.08640232448798 59.40961854241563
174.0027569455188 3.751288260985552 143.8813439123277
23.82633102570975 18.51016600434161 106.0898658912493
72.66687419988901 75.56257804009888 17.65421510233638
136.3525529955047 149.3367285464192 170.3568693857424
91.35454970699683 34.90240603922329 147.3239419699131
58.67416502066444 172.5062534620876 10.4844781127781
73.17277878252229 97.34258455253702 121.2373971748457
108.7320112596128 126.1141974451814 18.73189432287791
79.14464800475265 177.4323095279257 55.7020654722301
3.320593816338182 39.61500234158531 192.4601035483289
110.5683542993449 195.545547149088 66.46934314498542
115.3488040724313 85.69907514020451 78.90185884904675
45.12669832212352 191.5578233484304 92.32976431350529
7.05915703949513 43.53477484827334 36.56508885982795
99.99281863609546 127.2184170217912 169.2059747575414
14.12350809648435 149.6269278029322 95.18372899848313
178.0448713851836 117.734107999372 152.0695094632053
141.3533021143589 95.53791318267601 128.60245024791
177.8491048286615 150.7589908822072 123.6327595174807
129.0100840928245 179.1506580027195 6.934888580800397
25.89575730000884 56.44087426352307 117.2555682481429
145.3466473001891 118.0067772002144 36.60398304022017
198.5745164482753 75.45231295108351 151.2154261993424
98.3974762174818 104.0073072726864 176.1052695721765
176.5417103720032 170.8379019181933 110.0670209501901
3.383024594240384 51.33562394033813 154.4065885204694
80.89070613028866 147.8344834428986 143.3338049389436
101.0447858955749 21.10905277004303 29.85159981155412
27.82053207395609 71.02795631488547 83.31995775661103
83.29023722287266 118.624812777571 17.91736636996272
132.4355562752035 30.77541251670531 53.05807691702539
44.83579200804683 137.3757441425927 142.7965273584596
120.1330235885168 83.79641297096188 129.4577354349135
101.5326895773139 103.1947217385346 22.1628751991154
124.7380675564678 107.2949983386763 185.4406208680717
38.41230941326576 195.8880718680636 171.5291358376016
197.9419370672945 74.79209534976458 7.210349422593581
19.92841326747545 76.82804430460813 105.5228176090521
135.7190496650926 14.72372922954168 137.9335808182376
69.13647845381968 80.03012566204355 41.52368058847512
73.36625384267946 31.67107401912254 114.4315673175801
190.2633611277637 191.4346755233841 192.6850083621506
56.00048993639979 143.7969462069605 53.92411903082117
108.8100254089968 2.38624920026367 43.25264141670284
26.46059243902838 166.5753185381573 166.57772674336
155.6740288449453 178.4617701104778 46.04973105560494
151.1073849936585 193.0428715893211 90.24541716071917
17.34517424567884 46.47893784069299 173.8832910630353
122.6223622641996 130.5714287636781 177.3030855222939
88.56418006277482 134.3539923457056 122.9890017553069
121.9913312369282 186.261472960662 116.4843722794539
152.0378858859279 195.1775013276275 138.1420714735839
156.3223956367265 19.23144029357773 149.937214125519
162.7101686463051 187.9045887940073 67.44604846869872
173.9552301668848 185.0021153073996 88.75400971602322
50.03201812803347 50.37393037318416 186.0135587203611
41.49416380675319 34.78044439694744 112.3374354723808
117.4772075266804 179.3239995728247 141.3241680237912
172.0691650503035 49.96305119465218 46.99704403146178
44.89956644094858 124.1955501370324 96.9110172888555
186.0031513719029 85.99120161960369 169.0982017772817
139.6671512521459 14.31216043141306 167.4601344348966
65.74052575908151 133.2973517704741 131.1663585853578
54.04453163799029 196.955654661775 152.9981492305316
9.171583653627852 180.0472571057983 155.8284531746466
44.64173319520484 56.43455966193044 101.8447585781991
76.92121563718229 74.37203593335552 128.1080130111053
68.93095223853454 101.0131148337517 68.62179656616189
51.98053274652047 88.79620376538051 56.2794848217482
143.3738744954472 110.5789256775442 147.5388594603022
127.3432150826941 76.36912294885363 57.61824794719649
164.3463313579302 0.9516759915144871 18.15491682206905
62.23167418536227 26.98229146036832 53.62999544714194
8.841873961730599 57.52924580171108 73.15655023784475
71.01907601145055 24.15458417909992 31.18702242025944
174.9490989001796 80.16534785526902 148.2950634979223
172.4987960584162 6.898646133553674 55.94337452816657
75.68245135126982 1.478508242892257 180.9365464238613
188.4323944658225 14.8724254367539 72.41888899770936
110.2062826685449 188.7659065908582 89.76763996067191
68.01902038791319 136.8693631514555 34.01283713421091
131.3266224648627 10.57239364153036 39.39378652541726
80.02625784081039 51.93274479161997 16.26912002562989
115.1147822985134 161.1855814186991 50.83515205799903
21.53172911723706 1.432835124086248 135.5929091302661
175.7426040513512 143.1163032679738 22.99001927403813
95.74956467998237 24.67655375212016 121.907482933864
181.9384388141811 184.6236079449794 14.57493632956522
160.9581320798586 195.7527574328838 112.2572457674999
191.7640943989422 60.485212170207 25.81277551432437
157.3603779424121 163.7433216959653 124.3567311467893
37.51609213069329 51.90661886475692 138.0717088312856
61.71509099566121 114.1926293223094 28.10402317469509
6.791330130187063 153.948615883874 173.1036379430429
95.10798057723414 11.42605717740209 142.458028771272
54.3351717725437 93.09281312630827 175.7829937890183
24.62757182065884 110.1263383497071 57.79617015130714
144.808137526691 104.5622153625494 171.0045444986548
21.0600274653648 44.21595760197994 9.427285747814095
166.8431020923543 131.5183679923524 44.88436552576584
46.99650698351204 192.7552817371196 116.4952799249067
144.6437130722037 58.19266304229433 171.4855295951516
139.0976501901023 142.2949433866853 194.3815246914629
131.6580679467578 180.1998012398135 43.03076071314398
146.7463759239944 128.1933490630734 176.1731069068635
47.20811775767822 97.61203518658159 153.030305242835
145.9849155242762 93.22458839251632 192.4280833564003
126.7272418398125 94.75374762412518 105.7229854146659
10.18828448358678 55.90613703277751 98.01889779314601
166.6671497241728 31.07807346450118 14.52438905459474
57.07525296093139 168.0121422765826 52.08173168596915
34.40416547038381 173.3003823966411 58.93455907061256
167.2748515492837 124.4625628696287 109.510643849896
8.5894399610481 86.27229513336486 131.940189415961
162.0443019110993 81.06528719439399 88.25108026819964
198.6400231976815 164.2593863947577 194.5208162941158
30.955495270805 57.87618343486142 63.16796689932524
97.10700441633314 129.8837493164604 145.2587214515483
169.8490114608558 97.89741036917815 72.60926845689072
61.20826394976896 117.2883367780952 113.5007862484318
36.97684043026617 75.81596744974478 150.0041824971026
16.94977932407864 107.5914145501211 180.0746041557233
194.6669175129598 35.13685238572458 170.2347909396809
75.81997717478028 146.7848574750529 169.788815442561
153.0186559371731 182.6848478762923 6.889468502266723
174.9811312711033 28.45364473895447 137.4589787941733
166.712763747155 147.6271651979104 102.3002717007203
128.7030079195293 26.4988604972015 3.359333563752681
115.6339456030554 101.4300874711924 60.42598086513784
159.1335514064952 79.07512757089572 129.9216555830341
130.5176106037884 133.9948405040822 25.95589864752496
115.8587978268447 186.959827237352 25.89628520598203
175.8795265885304 171.9535149674053 191.1054394597067
2.680908000486324 196.5142733776184 172.4635620126606
78.09367441994237 157.4767981082311 41.93341317406637
34.91922533819565 86.85406493211367 34.05153097501846
195.9261592764549 4.353530219007339 12.58057197678007
32.44807364268269 183.5807094516986 149.9441534432142
129.6376303139807 155.5148822752681 12.39945282579764
77.37605119840588 123.7600505255432 177.2945427265163
76.52331981046932 39.26567814903982 91.60059393580767
147.7770472475619 63.32723810882058 96.65988909582897
85.57460878444878 92.54791164084615 141.6601151915979
41.34566768534849 56.65636398379633 164.2424133009522
79.37074015760297 105.9919046686381 160.8868533447999
179.3624683180085 141.158725391862 145.8689112236258
28.67346307994855 22.54012532141047 145.2044255103705
95.05857692378284 146.311256506074 102.8954396393911
128.0665671809331 31.26647717453579 27.14515998569982
57.86071100621222 46.22086538477689 126.1271224985085
62.27509858468174 173.9446263476006 115.2196973657604
148.3510608835195 67.3197769467838 49.2232384071845
80.10465469898662 101.3940592183531 38.03302001521393
171.3441731273685 164.0012981006244 144.1882695747945
125.0903107884361 107.6431798509919 85.22695458419491
0.1575957990033793 35.56326837673407 67.59074197108426
113.2038423974664 68.28271241378506 146.784368932
112.0343479436539 65.68591427831535 36.89871735580591
73.25139760565769 156.1304388259863 65.72218427317483
178.3967614838098 194.0202198575403 171.6754056085364
193.1621592707434 159.4767427338413 153.8011372427306
91.73040277687848 82.31493924989012 185.6946050364824
16.1951956197618 106.0074870281909 144.6970102441273
9.889165016834893 182.2235144840129 102.4322647690977
188.1554147140455 128.9429417122833 121.035775227902
181.2263860360288 131.7649014193466 91.04650731583895
189.2851649916377 154.5459758674701 88.81450640907048
190.6688460140402 110.4488039969327 171.4722006758174
32.48564611089601 77.99246715464848 126.2557011151332
166.0506602133842 163.6936094000099 14.53160149252545
177.5241061231222 173.1235986845987 55.15905997520485
101.6486408417137 197.5367817849158 123.4086774288806
126.7029938648398 110.2676304529285 22.58345797460341
138.4909231986073 86.52086289304377 86.15929741968093
191.392836394462 114.3851188229146 77.50073779923547
184.2507517133202 127.0715759815143 187.9462845191989
5.495061640393895 182.3064188323023 9.225102480505123
27.74776418264544 148.04358252604 183.8206813200684
12.29972837432956 143.5768994720978 27.19512445195673
114.5186845698023 145.7995416575527 139.5645723293359
197.9621538430299 86.0585802271039 110.1245849814898
36.28519670539547 182.0106118727515 12.73806533212048
6.144976472507962 100.9764033482456 91.33850124880689
175.3111301341045 190.4558836811011 38.31863758247071
12.71339623896604 126.7593206098894 44.74629094443662
9.481753373085567 95.98167108256825 0.03321881102257047
65.10154527690347 8.904981726028421 115.9489233752631
137.7544032307731 81.41924121419501 172.8885609591273
161.6688498521065 133.3842317003623 194.5925588229283
64.92866335166492 64.673562066218 173.2654897156781
98.60605329050816 164.1117716979066 140.153083813451
13.45383304159148 90.52179297962205 23.34223018145443
25.83503552061907 164.2447659375423 79.75450644612378
158.1732890385326 159.9338537664223 61.52134236512348
69.58129587811635 1.292603678854154 41.88908135996509
92.6763913334474 135.3577594739156 3.057780198504699
13.84940474400364 24.55257443253092 50.07335621432584
105.2766606429726 105.1180194426808 99.16272460866216
64.64889144489929 109.1056367795487 140.6764596714859
198.3699530524442 14.66228483599308 187.9866794608719
189.186080298563 23.37561353801912 49.70257084497839
18.25228846464625 68.41902348426591 163.5532402097311
157.4484840068805 185.4327859871874 182.8889835650026
169.0741636674976 89.09218433077881 186.2063975835856
173.3968369629937 33.70485587545291 64.96399118787131
50.80618310257831 175.4224875430306 163.7096197334063
40.40793535403194 164.0864231421283 196.9068166831339
135.1231979574841 39.99065903807958 135.2784123761441
120.903320660444 123.086446305739 103.8366523199517
95.08060578738608 187.417503632272 145.9924411228544
33.32239690884568 19.46072871250764 168.8223838588467
148.6644611920649 84.67119440590139 108.1729548411807
68.49976203448108 80.20499306666491 81.1013983634829
179.5271481034769 8.831529199093962 120.8037061036008
16.14293825682537 3.502015025781224 38.21931390090312
154.0594793517244 70.44926652075934 190.1943751875933
199.060642430242 161.7972543042047 109.8088675755588
97.27736832492376 159.2219023066195 67.17144812883114
133.5626851081408 195.1516664453023 153.8764779671377
121.239057624985 158.0669685165005 189.7752371234733
