3 1024 8.670583336153827 0.6542584999999996 1.4 1 1 200 200 200
156.4965708139366 149.6492508107933 46.42988674369989
150.536339817932 81.50448471099025 197.0434943724091
125.173202116262 0.3877940171714563 186.9526657135754
170.0315316533074 43.39631475676822 123.0966820288535
96.42787051430177 6.818975827457022 169.049008170998
104.1899818442229 60.33619689837976 160.7691723387961
136.1591345214323 168.4973155125274 116.6739205492772
96.89469025465618 181.8918147981666 143.9359232367204
170.8440339103386 17.33931777694466 51.45293530847554
189.0014577284189 125.0697612671774 16.05685619333389
114.4926684982444 88.18437460265245 139.60414317853
74.84095065170914 130.1121872135472 141.4133853580281
195.3002619052138 61.56641520646571 123.4206847893342
22.15766638229019 140.6972173291059 175.247910288917
9.188415319566653 65.30410985219268 113.7322959380392
114.8717581369124 27.36378581124647 187.2573213122731
35.25950028542585 197.959731575617 193.185168418374
182.2809441727703 165.2616484314973 153.2018010656795
11.5657698466327 143.0108818806598 93.89445752401072
182.7580587960146 7.665873405091159 170.2398517088308
60.31323594908124 85.3535736070541 158.8907173895872
122.6262495288053 41.60825822495093 133.376312243742
94.87395434314769 175.5861415686387 64.0211614751364
18.69037136881405 19.20462885074271 11.67021570952846
162.7559122650411 52.04711005717879 91.44163012242522
70.94289052884314 4.11096777791995 27.78380145183336
60.27293955764859 35.46000245770611 175.7220987222051
34.48978677320292 177.1766584988261 82.27189883152887
6.55074396291192 73.72222651761113 95.04317900141879
149.9984421847081 145.3026671946697 130.1116682658414
62.88000658635993 133.0947900952585 60.55878109913837
154.7411461325883 146.3607828775775 8.794911006007576
8.405948306780845 104.7002397276 79.09720792482997
145.1708136385263 131.7516019072573 119.6917162707654
161.2572460003856 29.65281068178604 43.89071079346338
167.6174949635254 179.7785641885627 112.0707278256573
124.2419914779053 32.13840192128615 89.86828369539887
5.631415712027825 58.85743122432084 50.98741702229787
7.596973733280504 155.0094378273038 82.02016344285494
2.543809090220639 185.3426296665836 168.2694868129039
4.70650534362882 35.71030424537959 151.1258271477384
2.717017294317544 33.47639133959056 82.90281488699735
155.15540562036 86.41638337494047 108.3802872789472
185.5149469115665 95.26239930834434 86.20196367403707
77.4953423084027 141.2415127667276 85.11588444070895
159.7047471502338 130.9296583327854 178.1242445163735
63.93920286252867 12.37300686430164 81.47748165168468
188.927131724101 35.9522385766626 31.16384095720321
41.61253031863428 43.32105257058546 140.8890364406201
195.7340793859386 164.5928566603678 48.12809580063318
104.0594991986064 119.6591792723501 187.8427001106127
4.695409632402097 181.2355187512871 199.35433690063
19.62702154171015 80.11817816506026 37.33910060508102
74.88793125130987 38.97365232492363 184.3691913635774
147.0482946720047 59.41874418141949 33.50986109147242
60.98396274271077 50.11053752943446 141.4475695032386
74.50149771826035 131.9489792421427 124.1731486421385
93.12617895245802 167.1626922079886 104.5028499160647
59.9659559038907 103.8744033704419 52.71232638585622
52.91287542898879 189.2777846770708 102.1140491003326
19.21476496112424 36.14803492184929 15.32560857077526
127.5385547514527 75.52814937771265 54.05976534830101
66.21879434073168 28.74541042385165 160.7214465875953
140.6911519260624 88.54188845307618 47.820347543408
0.4128986610775648 181.3040697591989 98.91699294758617
164.7187494140553 92.95783293353911 167.4642166147719
120.4308505014041 194.0792361770787 58.2685417781843
46.38205256790692 75.58979923518231 133.4689588604271
94.3359966939169 99.45084427259231 160.6454775311038
158.9524837463577 182.0405244187236 22.41605628166629
3.221050309607873 120.2471758730521 47.43435384736095
88.59772676011696 129.0184676495308 90.89109460104126
160.8689607323173 43.73984439426655 6.183250987897611
13.19601504274675 30.45616208557619 63.98213419524462
9.861466939016276 65.88139420460831 35.70716438662227
112.8522570081603 12.1922898901873 170.543038663799
137.9662990138413 34.70006683566726 100.1540440686572
52.11752362158148 189.698510245087 46.11207926940553
86.10483107172658 147.9220369151928 71.62651175055326
170.9816720951897 194.630549978915 18.78015412417901
143.1075898032184 4.471546705701623 91.71562081748274
137.6234031664225 158.9053150450815 102.3015366854802
101.6742402867546 163.9351083523056 23.83634863935593
112.4672088382583 148.7240067309933 176.5911290380317
67.80999016651387 55.73312416602159 165.3025958685843
70.75390306065977 160.6663584442466 35.60319163568701
100.0452898624297 49.53521123935515 6.362248728957098
181.3257252466286 137.8554145836646 7.206678714412992
3.778953149650206 72.79264110109882 1.937116182452971
71.58222332563813 43.5811024687756 153.5206349412763
105.6493083810219 181.903324599548 83.61624513898082
42.03743315502766 159.0404408473447 93.26474077899685
35.80304170481209 188.8846282717751 158.7055741455642
118.8445942028103 35.28831538838766 157.3516223019568
16.78689567017129 102.4447968156241 94.1103177116911
152.000496239996 24.52595587453857 100.6480756848591
24.56284360062336 183.720325780527 171.1008722843957
61.55726409668649 135.0422033475862 17.9011204742839
42.54020935594702 68.21400194596499 118.2520645616018
114.1901645865169 102.5827200648068 149.2639168312433
32.04164794884584 197.3811108672055 38.74400835329496
99.55624561915886 143.9689035132238 30.13215150016606
163.1471096627124 84.44008053298977 138.3379053297802
74.94447771273087 78.18320870232736 152.9553820086045
31.4470626786988 15.65112220022152 80.13005093891647
64.69895087846606 144.8564146566934 31.84840240082935
55.58149380787091 47.58984356849569 14.13035369148878
107.6490576404098 0.6778076536365666 92.13550185300969
2.483354222572122 45.84293873725757 116.5037510559781
98.11926267850828 138.934080974335 80.32052994614567
109.9768797890411 172.9605237907071 182.6131792677743
0.0556679326651498 98.02763194299035 95.23727790884296
125.0647190001112 24.01355682641427 5.807968544800985
92.61278709547248 76.25838206769798 167.3487618767087
31.9413419799508 8.683366558181962 153.2821604291448
196.5089806422885 0.5197520971622807 162.1578290604499
111.9920834641973 22.9658585822171 98.02427139946879
129.1883797482765 197.3577833489416 18.13673012600081
19.6043721305718 187.3681551821129 45.5094183201308
93.85180590477907 179.1355910215738 20.92589722490114
102.793915426671 195.6958013163737 61.42925115146456
133.0146572410326 131.8356426026395 132.2161258806669
150.9412426508609 103.3733093903283 164.1385924527428
125.5263193400659 171.8896534660128 199.3257269995575
39.51422201685095 60.23198329498158 137.674483196736
14.88867090349944 130.1676389141249 127.0668629864236
133.8387308242944 73.35967615766967 21.41179805730028
115.3262844347484 156.260955112919 196.6958536450215
104.9163416934134 72.27831320292356 16.43201463352636
100.1200614948223 128.5558333156632 22.20527730184087
166.2888255772324 138.4129680018186 198.5871249671306
129.4436383801749 18.05911268443431 35.63830117572107
148.6141899237447 108.1668044405675 80.63842667308991
97.73263474872626 142.2850910261524 133.8955716651091
193.9931792499708 165.3160089421752 85.09053795750351
43.30291883167492 115.3337198980334 57.92112241954036
27.09411026880078 63.22317268392861 27.97300670199863
146.9015027032602 34.9355331158426 155.2231328893064
18.18507586842011 103.6798126894949 151.2477453765648
67.60267931292606 101.016423642524 68.01682438058965
25.47803482935558 157.2326028707636 2.032159668907166
157.162696915819 48.87970406342033 156.214861505601
197.0140607720413 63.81335381153466 83.59363310353764
84.98767329240839 130.4397002722533 184.3618595639422
93.9943097145957 15.55133565273283 186.4040244660304
164.917529091438 27.41313454807512 15.38384585953114
116.6911876787405 63.66879728186746 61.22463053046143
140.408124222794 174.4172294147903 90.47162862393414
138.0068827400849 93.1378004534231 193.6607676892284
117.2184553501466 111.4041300664629 55.17007687398039
31.22186426291364 190.0075200668166 23.07001491159751
49.92161142865028 22.54494509815398 80.60873928813085
68.67375220518019 129.2459275565427 38.26937248258009
124.8090231292878 157.4997429564939 59.01562133461013
58.7226218324863 115.7520410878989 65.84402340317449
33.42251395187574 59.09496686209032 87.81014414605103
41.42858658950581 43.71475753568468 87.54947520240194
165.2760787362109 85.52366745064624 5.247283135125157
180.8507817235221 148.1842509084294 155.8537066699199
74.70563526214609 50.39954629164145 92.91138102648905
75.57642422178138 49.54650138757749 35.10921843658049
99.8621290369494 100.8231909940763 62.81848196508547
146.8921850580091 165.7958983704956 173.8512586955197
156.6306350665743 99.23160289601927 120.1016896310319
143.577186590987 125.4190303448579 182.2584957756247
141.838522057256 182.0228726216208 37.00447708237692
76.51598209781687 70.15205267758724 169.4275552851936
94.30370353578414 26.52223845968158 97.85535341135964
3.500106129999842 51.01849214482979 5.079109505523872
192.4942026596502 78.62307842759525 122.0378528141261
12.63741474956172 138.8228055199858 77.02159046159656
187.0208333795619 114.6243162505814 50.01355055430059
107.5697156045799 12.25867961339922 63.32096266305464
10.94288963290012 168.9936646182738 9.928961673168164
90.06814418233624 135.7252296435576 59.95407046748487
195.1474948614951 112.9796921284494 185.0015151401867
91.76176838507723 108.3340367408617 38.5146114136539
18.17987333549779 138.6183483664529 141.9828441747567
76.34514840508224 89.1910077354044 94.64017319811225
148.7498125753845 126.0761832308784 101.9571849884304
198.8429990510721 3.556925454117001 145.2435076965374
54.21635752567528 137.8055834789908 2.435352809449053
11.8695526026012 96.25134672643333 44.46274555883599
152.2876909361255 87.86402707250649 156.4989361091984
29.92965670753508 90.82806872792334 102.6038124662978
108.5735074315037 117.8352366479293 112.9628826072007
171.0625686135866 114.9932178681398 81.08394819300059
47.57495166302679 1.199484623772411 153.827866138032
48.4364631316409 23.64500091241132 45.98934474681672
83.10350449797264 107.3684639493061 9.516831811615411
199.2705215636292 97.26431262507872 56.41809151245356
79.14857733085128 54.28782218025465 74.06126138630601
162.5826198615102 17.0067513676663 29.43274826201408
70.05332569171016 177.2295605021773 8.695795998741373
90.14250937616544 36.7581730981887 12.63905475644726
104.953451193757 33.15158176917695 85.88243685606147
162.4912736237598 10.54956510437978 134.4354735329406
22.20409476129817 161.2491949913056 35.43347522362269
150.2226092383738 182.4545548413067 170.3708216009639
9.925006794728759 150.4566355581217 41.99065393847584
86.81868406230103 117.4674117320872 23.11973887710864
85.00288126236389 76.99417730319303 182.9135835581707
92.6460812311509 101.1386325032313 22.7615152645376
194.1098512156162 98.96052798613279 174.8475824245942
72.36052718332076 69.36916881072693 197.0339595585753
120.5668492694154 185.3273690976238 9.100546440847431
176.6609681740928 161.2123770593796 183.9551490213355
54.79007628400048 164.9386619642237 103.4282577732875
31.04753017759145 166.0047907206153 125.2439882685404
182.427531289742 59.67827285736812 92.6822730195499
4.792939587294583 198.8225505460209 89.38466933890967
96.20383156721097 197.9157667822682 191.733586755662
105.6112955379796 91.78788023147969 76.45760325137739
143.153403707091 53.82594832938788 67.29001248351162
12.82861784916289 171.4103424025222 45.90092671832939
58.93096714876025 51.65093943971777 30.72563596191987
192.8310225527199 160.4903916837809 117.9486419049595
91.0284031264831 84.62649184187062 152.2431300946419
168.1819784460089 175.3318779352092 153.9267999736422
16.97335088151857 147.8982792342591 190.1470222335574
32.47424689534382 102.2922125866479 54.26408599036127
18.48123931004264 85.53015781698444 90.64859373811778
19.19862456369375 179.6120269624408 30.00481241123239
5.111518138951363 110.6159125686583 5.791762297983507
91.04409105765586 123.8744662533787 107.81637577626
78.66569852640266 169.8209408151473 54.54892944905347
174.3018046992383 128.0287570694278 169.2233203959462
108.0050301505669 145.0523151715079 156.8021202331213
113.2789293527885 195.0217850391863 75.22512779270215
98.16795621669276 115.1091308625712 53.13565199456367
134.5834144499451 185.1315472943543 134.9022972489315
66.74354385868995 42.18189279174823 73.53507568300057
3.086916087959589 11.6385362810455 11.62256505883171
71.91885973484437 121.407731625781 15.17083788461036
111.971363150072 51.33468874848668 148.1541468765194
55.74239223859603 6.65413484326383 46.39915421391343
173.2142678189072 52.10988680588262 105.2739889336062
22.55682303029683 14.63672173010157 122.0993730053021
185.729956993178 194.8002901248251 58.90600510917357
31.41741319706084 42.90475696766601 126.8675530777759
64.45011037122025 61.38149393097299 84.25479682498438
80.11865164263598 43.97415897364817 168.6100559387808
79.17232490056064 190.1037189013681 21.71837330121176
155.6159114527907 114.1205359217142 176.9198378056911
97.421446494721 152.0370535685832 168.6307506333735
91.41537515943985 159.1890623016338 59.56134907155281
27.9866100465939 97.19011111794069 38.13228673833635
150.3522826320726 158.7380628956695 119.1535263591056
80.147059724537 2.187588214709995 79.19691922412532
131.5514082548092 14.52463642346217 18.79252315068262
48.26940286759592 163.9109885795508 141.0720958357512
65.3477336644697 10.86290344421882 192.627429638227
133.4872039514242 191.7259965827181 199.4653174655938
140.8638634048286 123.344082106563 84.90413926682324
3.52612331104889 111.8809738293347 105.0752635827275
17.74223920479066 169.4051594539416 164.0815547268994
108.3398548464212 188.614824945705 46.60298682750079
174.281182812698 67.73616367487416 14.80572158144031
56.12145411002302 138.6999946272974 45.60487254004395
53.77169321191975 151.4213314259517 57.15311777154251
107.6224050232354 72.26362575038299 177.7169439540706
169.7971868912915 132.5452902745913 85.28732555825746
96.33530961594657 54.47716608942668 87.6845611844489
79.35485928439172 129.724207785534 167.9766508380938
32.87104731828589 195.599463075894 56.33596096203246
95.44916523868031 194.3093480559212 77.07687771073702
33.19708474315897 191.0438286339835 98.90667566517169
78.47304988347798 17.91405399766542 90.46169795660754
194.6468923616256 67.03105901263358 66.66333587086957
88.01548213072078 188.9523602075787 55.35966983072163
24.22724735105962 93.60970902046793 164.2586193992792
95.3940269611563 148.7507967890223 46.29752977192116
6.643101659107741 17.15977199631299 115.6882624522244
199.2556402141682 71.13354669631489 167.0475045912423
27.45294932174667 65.26439415548337 126.2764026356831
199.5313869041534 106.3832683019914 37.69299499922431
163.9541207239938 120.2315771089412 96.0086114174831
175.3805533532129 171.6245904355206 138.5921220014236
181.9251027878076 96.54249195747376 191.9738455736809
115.2653293999606 163.5927631349541 72.14988670418062
120.765189229687 65.18774937165145 186.5438991578604
72.48454780229837 115.3965534039012 76.38910526741758
107.4226923200906 47.8680847583644 118.2142547803977
152.7647949342523 12.64188910933712 196.203226731078
7.411721278755565 29.3590427347927 184.987748033639
57.86672458103141 121.0533042345536 27.46175865559323
24.71362284319177 153.0217802321409 99.15102648511406
187.6836552390216 139.0536497227478 168.9173856326681
30.60786917349204 32.81955256451806 40.23321928680376
35.91464866141442 11.76086866502606 47.62873278721428
109.5676411823703 7.949264105454824 187.033152688749
97.41510419155722 154.9698373589271 121.4281537876205
172.301721420003 45.69522730566091 193.2919996993675
62.12176451238484 81.26247893892474 138.02946486147
122.6420772875207 26.45209450905929 171.7813190240167
125.9659284079391 182.8915553459389 185.928678378457
59.0656693601766 18.13678194380968 97.36304039951767
61.25963094857261 174.8292339206074 176.0525208317054
13.91518201033042 68.90777797946721 152.6791988280179
17.64635860747932 125.7204962182589 24.47008996841533
27.42434392688092 161.4639184257215 84.24809107055545
90.6325690109512 5.956079000964055 53.18243242421084
36.52686407845422 50.53003478474236 35.66726849707833
39.41913351134776 6.429018173279011 11.1744445917226
63.77215608237632 192.6164867338026 14.15287871669528
35.1341665976589 163.1266347558326 108.6388574095827
186.3129695898307 111.3631949032799 199.8357351926843
0.5916033394741055 197.9825004467494 1.23020332290096
170.8576285566258 94.07064450966439 150.5245825110555
64.85032068597683 156.9287573452382 115.0622115654618
111.5821224705055 149.4689202415569 83.2333060624062
119.361073345184 17.14509243969581 155.2518400929388
182.6700592162867 21.99445113817701 39.6550180666416
78.99446438547589 174.055116191946 28.28545254825618
82.04302177539387 156.7262190395584 112.8070252924541
170.1959680691909 166.2811629351302 60.79167854390668
198.8953911254327 98.76139472735366 194.7669686172116
36.70860152637207 82.44229465671233 35.4593270024276
50.62381294663286 158.081515339468 124.9107382560946
71.68213391168572 125.2073003251304 90.66569606232743
118.4721493580056 171.1329961314272 88.12074304361091
197.9920215155911 125.7602186107959 1.244401147974636
192.9592253128194 20.85621441431728 180.3312233549397
2.205096447615749 13.00949464846447 192.7271393371817
185.9970511420036 144.5689797543855 118.6705507200017
108.0706348975089 137.0533716585073 44.51156052603314
170.0559082623065 115.8618013060854 53.38635532884008
128.1786654359772 1.252903443098257 169.8958614544248
144.1326966377362 161.8211819420306 157.1988440932392
0.1307051178800797 43.7112639417786 20.44034275101209
113.7447162235968 39.55911952457181 10.03904007701771
109.8072222005059 5.877531923128997 47.35253889251069
194.7898882238522 62.20976785347887 104.5767976406255
177.3280504387078 133.5850193336234 25.64524769056126
145.0788466147522 19.71192537016567 28.32226842028801
152.357965699085 20.26437322558339 147.759884065291
48.0314291381252 114.9560358562991 176.896527242428
67.09865865033605 75.76252461059211 100.5473051581979
107.0846485128063 39.10903145315607 102.028109836755
132.3049717071322 90.96145248712354 27.09733824649387
78.93407157922795 106.4640353853007 129.6100498215128
103.9218626126504 30.66722337997322 21.22658641621864
42.73982781609021 127.6715318268932 45.74836089336232
53.41035352265158 41.40500785512388 104.4745354230622
8.600193354855099 184.5604255666757 17.2023935065233
137.3139150293881 71.56577721496937 2.249786299559963
112.2897485887953 48.66113041235504 52.03555506443088
127.8637480644586 173.8954866246748 102.4344598064744
82.09785328950228 60.39680086488256 126.4808501494887
24.06329240560882 172.6962706268702 99.33435408599556
26.11275617255144 9.875005574062982 64.67357657175961
85.44158123921844 161.485956768483 158.1211589546665
187.4977007528709 9.351758451138867 1.155020416719065
62.21976113720952 195.3735948348948 78.51445924537047
69.17530425083433 52.84860707346364 110.1057794942504
194.5097894100371 30.99075506476165 67.83037676748907
7.310797558539043 176.4184269317469 152.1352402981816
188.4753061788687 149.9816494773772 102.361709227546
117.3330710484841 124.708544444093 130.2140636840389
178.8312924542445 154.6808781657998 139.9028250370449
127.0803516798109 66.38043918739875 94.95058051778652
23.11574591820585 115.6078731703704 132.2550535881321
23.09079585280403 136.8956390537357 105.3177989474585
41.11781662136084 175.6325234329085 98.22184741686833
9.404842196400946 163.1075709502953 193.6862316472136
46.83920815997008 149.7199912915161 153.1612855023974
180.138524841973 177.3481632718875 51.05894445260392
53.54407201904447 91.5257835756823 126.9277616343319
82.84525538326913 171.7362827056446 144.3768584212978
26.48302351890309 149.7302799653569 71.51423413695646
11.53145649329836 107.602844962581 186.8376195009111
50.85372391421934 3.3703811931728 198.5012269439987
56.55488314953192 53.72159200502272 178.3407064335846
121.1439805843356 121.4565194867846 182.5559501189311
104.3907394088046 107.9098293661876 97.42480542339966
61.25890235384672 128.5875199255479 77.2252662288295
30.4387921882062 29.03451429473081 116.5053791126165
111.9649017072548 96.31041587414165 107.8555919296981
181.2237268718531 66.41192521683146 114.5275313783105
129.1822130111721 57.19571058774871 25.62590732208532
155.9694734173073 12.71361550129968 13.24555233449798
148.7332667605137 9.01529538124927 107.6838810706898
131.0471431535829 198.537404527583 71.23523371175838
196.8733953486592 154.7945380190558 155.310017879629
185.4050922340515 48.78097046594883 117.1490541833496
109.4869740918217 125.9756237519233 60.51907753453784
133.2364817508874 101.0181165795486 84.36345776091034
18.35359124845845 51.94374190277672 119.914207708855
48.10263045706884 86.72169108828382 146.653670256942
1.4850929129465 120.0675530812731 27.22213624427788
170.7032578358765 194.6836962523777 80.83405292145466
101.3323269910444 19.39031095170022 158.1575604323374
6.310400171965742 114.7231308511642 121.9905101634066
87.24751337438754 156.0714901595099 32.85290969622475
157.8449343550073 121.4072024656671 192.4971230016576
10.90413725285863 94.66452715455566 175.3084220022801
4.628124399051431 91.98956611411151 10.6380675241952
173.9466568548473 100.580309008432 6.831719423143864
113.9622571372867 56.53975841227697 131.7328379300708
197.000585433701 53.02696732946161 37.08348798000281
19.39152578870404 37.31142787400891 175.2944594241714
112.9672696324262 190.6009511265571 194.4325550140834
140.9620394763776 74.9249597597094 158.7406309919716
58.2624376185889 120.7817389741707 49.25468853545397
138.3217106773471 7.634518141627064 4.390969571478621
88.32278489959693 140.5585039049561 118.2095927381081
172.0221889379539 32.148697771678 30.47736276461547
95.21190972837445 106.9329979470501 195.6196023546724
39.87682980963361 77.83159878871992 186.8653270825849
9.185448464134593 133.5195070380354 37.56993224516263
99.94985141264863 63.3063029214327 122.5268316582953
51.38031281045898 99.2651356114513 164.1240009527544
181.7486510885831 77.33000552149721 27.17143494020783
6.825078309510589 7.862281917454288 130.3251511480504
3.686428585424088 176.3807602636937 116.0394141036355
58.38289631014882 17.54135057877741 33.16242155910528
48.73034286058486 135.6271789816687 29.66283049577067
104.9521134895624 109.7553113594029 12.50951746892568
44.18998727969485 98.66130059697947 0.1301717314390358
152.3952075489716 2.982169930469302 146.3316880089967
111.2941188587544 181.046459532434 65.15205878043052
13.98183514722018 155.3841321178496 140.1022994294806
190.1612730131769 3.041348117388943 185.2239168249345
149.6561673589037 136.6169253970667 194.0215154792836
107.6013451606139 166.3673868213503 56.69013736781719
45.13152833643284 90.73669078388215 49.47556055240211
138.6139238567688 21.16620282119895 89.33133409714183
104.5571680933923 27.16570518265703 173.3186764059003
189.2159693136889 83.65074886093241 61.54785592365449
193.9534723081323 185.6431456180619 83.41978407979138
120.9053422559642 5.693155053595905 3.524843792038662
47.93142237912886 63.89588051810044 79.61509429648528
28.59093992247187 85.69066090592253 51.09811852608522
148.3424003792074 197.7128810200309 162.3480884443831
85.90485716632898 181.7316376831311 3.062493708573042
30.08320827062368 23.85928346645179 172.961302100635
108.1648268797645 98.60627290377447 47.75639438465859
187.4982124969395 147.6746624527165 183.9626292274091
179.8261377843073 175.4511251089831 167.0171500257207
50.07177954016522 37.63957669034118 72.07380821716714
185.7692913633963 157.3893357844543 169.7025076853055
52.74801892104615 110.5712057225615 151.0466219501325
178.841235106328 152.9537005273419 199.0467387134706
16.07365894577502 58.66349899612808 14.25383564466997
148.0310269114821 162.2888372910839 7.385320595378845
72.40276541037602 58.08622623488327 183.8643472820904
171.328199494475 7.473318507816275 7.132872065321414
145.0156509830867 58.78861328009815 163.6295988967022
186.9072510741561 191.073739385697 173.1035371739425
171.1888626962387 143.8524324065433 179.4780503471681
153.8310464717715 27.20405557122674 83.61302816790595
62.00393744833712 191.2680340619841 125.2098688479004
190.8539107560348 52.27029854880929 57.22842784847877
58.64192253891235 45.59820249499878 88.48192511642182
166.6149423242978 11.52047666843216 152.3422330524511
31.50886717317242 122.5082428278404 100.5372912386083
13.4411442450812 173.4813579283029 180.3788121906896
137.1999158445438 129.9866470310469 31.52954109933627
41.67809147398355 62.89449920386173 178.0849359649087
35.08921562561788 84.07323276739911 2.384109602540134
139.8351696831392 153.0360837721095 19.54791997355039
13.71500740092917 106.7123824685899 58.16955232165081
159.6031754567183 179.7460864819082 63.47564281263999
55.15359118527368 128.7939120105659 117.1068795269436
77.77846310790434 18.38720050022026 72.93229067123889
164.2461746754088 54.37925961768193 19.45401370849974
148.4117625173581 87.25509492799632 32.3461107600387
127.131600678153 128.1470035719886 116.3258933333571
4.332831932793532 133.1713237901779 16.22683662766828
181.5931407408926 4.365462570075604 147.3248548155717
159.4314479054712 11.85970357336163 168.1218933959161
90.65404885686287 3.473164043248659 97.30498205861529
20.04550725293537 43.42419755715463 54.20728543435416
125.2510713002106 49.07548942615416 65.02982993832117
70.50697619934607 64.35111880592494 138.7580687194993
97.73035028418161 16.88247968961901 41.54251954633241
173.7830134017615 73.64001506086646 146.7611818774799
133.3516363212367 156.441588188552 0.2410116296594141
66.11319577826195 35.21521728619656 40.93182338104668
194.4389420613837 9.938621011133028 35.49455843433973
107.4653658942529 55.39246919295613 191.8243430303457
46.49585560284036 119.4959335485958 77.55748285074739
2.192633509033283 33.02724423628928 168.8625743493387
76.88680969762434 171.7284027959805 169.2022477512822
154.3087483403732 28.39180659449896 59.72877505138524
65.1775367997911 29.41537376892349 85.16605046556012
196.9354099890934 21.39751317342172 136.1392509343115
123.8958902059163 88.80135709864965 43.51135958644516
179.6871505035658 12.41186884276335 108.5182865144766
186.3209005173557 27.32722283869943 82.67072610509487
25.45660289164355 56.66488238721933 178.8027480688328
195.9268505981417 170.024831223588 163.5476034970365
106.6433609901054 139.0706359732503 189.7675096514071
16.02978900655036 188.7822971857845 97.96616368080136
59.50122460847899 4.772544820912758 114.6230654186769
166.1400171142998 183.3880732697913 94.38145572063243
189.1644378091626 126.7988922566877 37.4008281535952
176.0692173581061 22.31135133620445 176.6807435106786
137.6080198404155 74.37418206516143 38.30792148762855
81.90755345464933 14.7454957874655 107.1614114250796
132.8311111652887 168.1863753658035 31.52887271259132
130.8168784755799 91.50668333517365 134.7876839574781
111.3251370350433 76.81096613180665 195.2904531992449
22.07531165962154 125.2368897201222 152.3016596647174
148.3848274233767 44.60212096566168 192.2628530256693
162.4494532135658 105.4106994042226 64.94627669560988
87.92730615933563 9.352271988468186 153.6565513251761
14.19144213778674 169.1725780653278 127.8038761914323
190.4901587517703 122.0664989159403 170.9852691528994
65.2591351248239 18.92381436519903 177.2739371299405
181.1189134769978 69.64688438101464 131.5639632838276
76.96816234700995 131.76361977138 70.60355971103827
63.16734712003513 26.42460037174234 60.42215434876579
161.0935819533321 62.70972296364254 197.6320046963712
87.97808055205643 173.363023377914 123.8079244982402
198.9681783303934 142.0058811075412 134.7394994003961
60.72746779274548 102.878282704088 93.30699929434988
53.91185719297007 67.19965975143585 150.9857631578695
5.835328381401999 87.72893261223365 156.3549195008424
14.13124946298274 17.57401105298458 147.2169136937896
6.191749524081957 25.00955551648174 27.26243581848517
151.6006403576557 124.5919660431588 138.142403041019
158.8150786776761 159.687560922694 142.6075301719293
69.95423378212766 0.1745249958452475 97.22700190080415
68.7065438427893 159.1243490952082 69.42684734177797
166.690235273963 30.80519771678794 160.1604790459415
76.45913060436899 182.0598286506793 71.23338370749499
10.82265808204632 87.40169335915606 110.1313247040371
46.18204600096128 3.766575975478899 88.77985842285732
114.0013563588411 29.85472138097009 43.16979313808721
157.692070348132 155.4425486110139 190.2732721919621
133.1006231640951 26.06709649309171 142.4201182878097
25.62869306625875 176.9967456297028 62.51448404532138
91.40602895900075 36.16055213266178 36.91758948072734
192.6992448482055 65.09549851843063 148.2436474808352
196.6950327375088 16.93054127743457 97.41232858427554
162.7374543803102 137.970795808267 155.0652124220287
156.23338986747 27.23269571282678 181.7774265696189
164.799966943222 24.18376218018421 117.0519452369147
28.08890618882862 199.3483914728464 135.0874889833192
62.56848051087594 135.7662560956274 157.2389274805486
3.25225928315224 132.582833410465 109.8853431570529
4.773556660176943 131.8953836478623 182.5521247897695
124.3223287391147 135.6095197146703 165.6117083365656
104.6645512822362 79.13660048849582 54.21480107397025
155.84241451825 193.819501909236 4.526188908118438
166.374992314797 171.9817107638701 5.780088889134746
192.1338371766393 99.68109633446274 119.5835951169181
157.2005568759483 100.9579895194309 45.30825338379197
180.3455616618471 42.6513505976645 13.4294764820544
169.6970761220381 120.763657245828 9.589309788233257
110.0484336298488 191.8422458141354 173.8664114563339
148.5334154419051 180.7279104716052 149.7021502458356
110.3034218002959 49.00470964594565 28.7127662629833
173.373697522336 152.9467831475822 19.12500054400848
102.2439703672099 195.694377584464 11.52338303410654
70.61436265031567 115.810945671578 195.1707066075195
92.94576069881421 104.1696803888072 114.3969639930368
1.705770645558523 168.4332806654074 28.56742405432141
132.0881339841903 199.7370653039411 149.5132959848532
94.71324458346619 156.1105706488531 188.8570285060152
61.08146334724371 14.57757895406509 12.74274678435686
147.6647622941408 85.59356757895584 176.8428930267498
188.968282364871 106.0295155846954 155.9630729032167
96.37516138264658 163.4771841284672 80.87792478202627
94.77160148274346 173.2704072980553 41.83156954360932
72.4042729946176 188.6225493483467 41.60423241368362
95.26453664850291 58.67712377727749 45.13452957146563
94.61637346637589 147.0605640483444 99.33424226002555
19.63185242135912 136.0297442982965 57.42923745910466
23.34039949153911 92.95678271465496 70.46448845426087
6.001784450037407 155.1212496614837 174.0075143235604
84.15818937860533 23.60323443579562 169.92833748996
12.91660246564183 54.03826494007146 92.79687346017245
132.2998284065813 93.55613818294579 155.4427257282606
145.8001856445237 145.0713004017187 171.8228614064889
136.648755598033 149.4776524627809 39.80162421204086
193.2290521914429 139.0677390993152 84.88080176721161
165.2566686901362 159.1446614164822 166.6722824103281
5.567372601544328 136.1893793792199 158.6704791956098
132.0387389798756 91.28534855864655 110.0510374327823
18.57586325990681 52.4301049711687 140.8556871754223
66.20826589629011 113.6511786487656 166.6146701063775
194.8082322908385 80.77739344348097 184.9429722930154
167.8534023717181 191.0153838808083 139.1993324524562
25.04558581314639 177.4653189789465 197.1864094075787
51.81490479208863 125.1801903858632 96.85587777359041
62.19707486870928 81.85087242963385 81.26162890524125
155.5167962263843 139.3428769477687 28.36984172838356
25.49011233764926 108.3299071154561 2.253778377591916
172.242215702926 53.31383644983682 142.5775381161504
38.28348796458309 141.4380552261051 189.5521050249352
145.7468906813666 29.44492506209619 6.274676775875644
111.124488093361 109.7766767494211 168.5480504384912
103.5475923042054 70.77275556072773 142.7776066094426
38.27515897461183 26.7820718261307 6.994078204099019
9.139581139700292 113.6986770955941 167.0853907571212
140.357262689289 144.3286832011973 63.2352664958332
100.7132775209243 161.6696796984035 140.8514680131594
123.3847701628285 70.10722806379167 119.077020789478
144.0848295528638 66.40181133536586 106.9455089187341
16.30341338400261 46.24265056445319 33.28816794595929
37.10150782916961 95.76617663725803 19.47962996342152
138.1099365938637 134.0764699227352 11.14636123691347
127.2792554566295 113.0650777691863 100.4389816361875
139.8079560059929 17.51779032811367 164.1300945754462
101.0096919908293 131.6938546489022 171.1425332437546
103.1559238927555 171.2402917410558 163.0288631815087
110.3865347515114 117.3819592689139 36.44518637506187
58.32769468665614 140.8860231451576 133.7422825377408
195.9817226124332 138.998991901018 52.81874919228835
84.81609634880689 162.8250640975648 11.68724282431205
155.0584026205496 37.3795994325576 136.2357233445916
173.4958218675891 152.8154340727769 88.19781762961375
183.2780829900744 194.2097566536535 99.09394468796826
97.82701267621601 40.03537322660588 158.4154097981108
58.31348584450828 176.5759994891583 86.5407187941574
93.88710830627076 197.4124982816643 34.48895140040429
56.3651494479221 0.6797692509990019 172.6823944728295
123.0190243959809 132.6051025319311 75.53742873719794
15.84317215288498 17.2297410035238 48.13651600728975
18.70595501266775 75.48338323708633 173.0301487453576
9.909192156293885 197.3514854953179 60.98082163142496
155.9966879153206 49.03055961719271 49.35517727660683
113.3471820624768 180.6399410728026 28.04608149503236
27.57198819432652 83.33165505641055 146.4764541975225
123.7170015245905 85.16099085157283 180.807726279279
187.3109962280198 43.87724558206322 159.1088220927256
132.57529148368 49.11118950559626 150.0422562727536
167.4900931361551 92.29960638476018 24.79762223887753
109.9614287602279 85.70859145709676 160.8105391375188
140.060675735822 143.3849326091768 148.2939068740895
168.7466875751111 4.878752688280449 185.3707401364622
129.6422141416315 139.3227197196682 189.0064431153133
16.70163583373236 149.9674700591347 120.1951393504904
102.4656154269486 146.2788856633999 9.657044394889548
16.31758358041816 87.40466999189888 194.0439369868309
129.139520463554 34.72306281429456 23.17840765060133
50.73960209950592 49.7765889765358 123.3375838485305
31.75236594648647 3.1202770793288 173.3332437508007
10.05866222601575 13.74339984923141 170.841867273894
150.5514983783814 64.15769227878707 143.7286819762649
191.7501544533271 20.18022002663492 156.2554658937232
34.76343691718783 24.21867800463534 136.2825438924407
131.4138771559899 136.8547471003222 97.91755324825384
150.1300303227965 12.36851620894772 47.12627106966967
45.52163323367832 108.39119280866 38.42985455718721
158.9478498409283 100.6272750521449 192.4072822013448
50.95355378206116 26.03204481553188 118.2827556929138
20.21010986502236 69.40973408226186 75.47851873829838
56.62014168814512 87.65789864634509 32.40019804029658
132.4155189888417 148.1901185532323 119.362988494329
188.5546023979448 4.971578500263901 77.91576112237532
33.83773709527755 138.4747721716731 87.39665129997992
14.2635904451781 32.42900430024471 103.779872105951
154.2064969958489 44.41378081967373 108.8102816608014
96.25432067223362 99.86321792268255 139.0688227916203
170.5347671290443 80.81365101349947 184.4975815279132
126.9108188357956 197.6509256144761 38.81901601946375
161.7612934047409 182.8840877566424 43.01773074091413
183.0892529230758 83.8536820717992 163.9048079463985
44.81449144374566 161.7765105953387 72.82378513524816
185.010291922727 181.9700941834276 123.3189741314932
168.4628420230126 85.94504389649518 60.70876050403684
10.16937879493294 157.9984466027414 61.58787548677839
178.6934791797632 176.9508541239308 26.58958188365305
70.39132899754132 99.29100993894744 147.1770539104657
5.849912815188366 161.4170775148503 101.7412291726932
146.5046470466473 80.69400498296901 126.4205120872098
81.76473051258188 27.39364984415587 145.3161466174288
126.9548221664885 112.0116094075169 19.53209978908439
139.0718622555324 111.9507616084785 121.6308212613173
170.3939568541939 32.9117581716106 94.84347612622538
46.04826298284149 18.69490331286633 185.2689050025322
26.95840181977248 70.28773552183372 104.1186759810156
188.4052331608132 184.9822391583931 150.6285273642871
35.33022817706687 51.82720247196332 68.27542759824301
189.3930812233418 70.56450404969756 45.30483828153481
23.39604120477247 35.30107988342886 81.4611262359635
116.8271303392084 71.84230612566563 33.74133391437852
58.50117408945357 105.5838782227368 13.5576444913025
146.6342733697342 94.85764722487603 12.51921740219361
76.95408848945971 17.48403862842086 42.55057276511878
33.63304340944563 28.8075577170323 60.42685535226705
67.13611862316186 9.52325850047313 152.8032102404889
65.49475637434445 172.2492796851607 132.8995878288193
46.37395265446368 184.6327033868364 141.2927198343606
61.78537353726697 155.4444077342522 13.81105790150242
19.79286322684233 9.198027236472752 99.4037777614668
179.9496583528516 128.3470455608021 67.61442262970343
164.3920111507177 146.8680464685744 65.53244189275713
150.6796196921631 189.120385104312 79.77049277951049
100.262632248512 90.13986294625735 6.822694730614995
108.9613067217541 138.2764927599885 116.8403967581462
30.52309125746635 161.7172990764651 178.6925978295826
77.60778926222082 192.5867221830786 138.9143184069464
140.8237344533483 27.16483882842561 119.429917157976
3.283421401184128 121.6690503688979 68.19501828679788
46.6543648219853 119.1234155364158 197.2562196266936
118.7205637604742 137.3254382535107 25.39060419851823
156.1134303455236 124.5258405739017 70.18978735514109
34.20421723473706 98.42200622023412 181.8748895540608
32.64478274087964 155.9575542764557 52.63875442862803
96.89518536865042 37.57427606755599 189.6277607449855
172.5048592589876 105.0817835205797 132.8100165480201
82.46672972455984 80.61367315061764 133.7059823043753
1.757462116938898 84.99186614157648 78.21911737586858
150.5265049765119 116.0435930579332 23.71776367277721
92.2772043126935 58.20819197544093 177.698082155413
139.2005470605122 113.3148564124581 198.6097652776773
25.94488661153636 62.77763826284936 48.74583672440152
116.578870064052 104.2412257972642 126.5329600253359
61.40541442920548 60.53607231352339 63.68675679272009
64.46189684967463 183.5944670559453 157.4528726158705
176.6928576694284 174.8814899747443 78.59207100680132
182.9884032749166 95.2367670237293 43.61875333982013
146.0283836980198 92.15008951447017 67.60734060588474
6.918480136687248 187.4789075955028 134.5130699969066
41.49571722027622 126.3788041744626 143.5211800912983
120.4322203683371 85.35098632351645 89.56998831672591
147.6970206102106 70.80840504781568 56.15527838215624
41.34322467577498 81.17326544814259 166.3534884451817
97.11650317835887 88.39390338719267 95.61286893476522
184.4135424774589 128.8482989174166 149.0377844414756
20.77277060330035 42.19547274214562 195.4753695923666
130.1450427321422 114.8690625777697 144.0182209713929
190.293293642854 41.19097780420429 183.8555807847835
168.7794769936201 193.9080875922848 163.2861856943221
36.80468418750637 176.6864868218046 40.70521601457214
70.20857947678691 3.139665930525164 60.93903830760505
77.9942817777997 44.94210498997165 55.25825996823851
141.2697772395502 63.17026919575327 183.6246008612624
131.556017585491 70.12612388069138 74.27724747899501
23.62956031734666 184.0686973996971 116.7559157070095
199.2840807898787 30.66421064111151 4.099752112049194
35.35945656220155 148.5137227197157 135.6603279084727
104.8815364569956 173.1969446800866 2.787700853153252
47.94993088601201 108.8123952000526 114.3646715572058
83.28910875983648 70.95830505107267 62.31474334778358
144.5845824545407 175.8091061594082 191.9466101460815
160.4611261394556 43.55635274638543 72.5823901879872
72.75241900647924 69.62965941386517 39.76986509648755
84.70301684423333 35.83471164032485 81.91371735415576
25.15578074116101 195.6093406202827 79.79330238601312
26.71002261029517 121.5139534359995 181.9044374203822
26.13741063405091 171.6506244631157 144.6616194974426
130.0297356560103 180.7835161928775 165.6291112390097
9.901105533982964 51.60192190220029 163.5154743704946
45.05428021319651 185.8377989064118 8.093078523264779
73.91500155511149 142.263881541363 197.4236905729048
165.8151489334049 73.25496287199182 40.18184260223748
38.20078672593853 145.0775119816007 13.55521138759151
63.61970006451731 188.1936762910808 192.1983436271614
42.70346379845227 135.6309285634921 64.97535996150421
176.5836130982722 158.7230034389254 42.48591955539715
134.0144432155342 19.21287417743047 187.6452242617409
34.88741776770588 49.77442523984907 14.0139237099803
50.00547307894539 85.81879168425314 106.8501123541738
5.170534546936524 118.0906897310059 142.4939409646488
196.7745666387927 64.31610262706718 19.60396958063949
57.47005089998196 146.601668823228 86.92903547536802
9.506652031270034 73.48431776791014 132.8637764050189
109.0072571571935 128.0339848718427 94.8292823737043
195.9167412834227 187.6491895537002 42.22901392535739
116.6957567952832 29.24551806832413 117.7231063483398
32.42774683979919 59.67986448518938 159.4289757742548
187.4334874479982 122.7618525173667 125.4647341568039
92.07944417031364 25.67015125459531 59.68572499111742
3.408978520845254 196.8677624189334 112.4012316994122
116.0823664735707 168.1440762098242 123.2084603550676
34.6014950130112 128.1985832869328 120.3142893764071
123.5466419600964 66.03274123232836 165.8583813998349
166.7276508237618 179.4536002570565 182.6836165594659
77.10058476431853 115.1864980264236 56.0992474328315
107.5763372275676 146.5452101931193 63.02349209085999
107.8753359138646 0.2715347912097882 151.203161919338
159.0130126395806 142.87351487968 108.8414935364506
12.03621840417894 175.3707554665164 82.56451402361471
138.8787065905941 52.32866241295839 126.0306271580826
94.00037658690819 9.896301394030722 133.7605001978281
72.32322538390487 17.04291845277199 125.4888078786503
90.35426127800554 179.8845015584169 182.8184434441868
111.5826945789935 12.12735221003604 26.75967692813352
58.31790784908237 83.67440977875066 3.100912639560203
69.42678423318408 178.6703343780857 109.0741173543387
151.5985490498648 142.627378640523 85.72516447376103
87.68391514665166 189.8192291427262 160.8281499161485
38.21273053303269 24.91502185874997 97.64733386419229
157.2312470939186 165.708682604128 100.7926614946749
127.438885418083 190.5810436974011 116.1329782930892
38.75749278316955 102.9839141781876 137.6403738907632
196.1548432017189 177.6303581776884 64.34156838327063
147.2590749348965 11.58362885126593 71.22072185412947
37.40217973420452 121.3717095699377 19.58883336103702
120.7950904020689 160.7633886266425 16.26244144388252
166.9007528626044 71.28910003076633 100.2412982753793
186.3558945515433 5.909434284485518 127.1268002631524
77.49314689939216 49.50596260846748 2.126278805354776
88.94640763039125 58.17419926579399 21.69888110987609
105.6301508395592 189.7653911586836 126.7682708604292
72.54150164496853 33.10263604569476 104.2764261530258
12.81913967944511 97.52293310819422 132.1080530437184
191.6849675720571 196.3612898279196 19.96714829596543
193.999265418949 145.4298627813403 29.49245652979836
182.0726764094053 61.98777086374333 174.4047493812363
126.518748544345 191.7927778198833 91.90312719540576
100.2432253660716 91.15326005037782 182.3817117985107
31.54493720451208 85.33538711484339 122.6101079535343
123.5303953291179 158.8971657606066 157.3614295000013
186.9310887576371 155.4995252484497 68.15557976801809
146.7058211383883 166.9067607878436 53.38406364919535
183.7153724078664 19.27513952905213 19.05057641134166
179.73328239374 131.1715453621397 104.0314122146442
59.55568696767224 74.16647669991329 180.7969085218276
193.7240818612504 44.33592693516443 135.6980650087849
72.1017764459724 140.1110487621261 105.1823289200372
32.14490398676093 168.0946745519167 18.48205046114715
84.26850699261978 108.705332050799 92.18137995457275
81.50476959135749 140.4118831836086 20.40989630766315
38.70883900528289 4.429815944470868 113.8554563356511
85.18410836635023 73.46023331048815 110.5795766188782
42.67016581799829 182.57630737281 181.2913662940026
140.2683243255811 51.95253234888753 87.8131107348231
192.4135689194341 42.41365834547014 98.61884496552759
113.4094288621873 156.4852812082034 39.32232595431803
145.4914771716069 198.340650159099 182.9516901251048
91.10325313979264 125.6756168295551 3.673348739460812
49.66627409570202 199.3991852502006 27.86600937868565
71.50252927962232 106.7700216681903 34.02608605555941
98.38276915142296 49.79438865007462 67.51253972273301
70.70309673254442 116.5190073865744 110.7374334507355
14.85683479283117 104.5076106480373 23.74155002564474
179.348892350826 75.80191675437381 79.89240068639718
115.3646174251527 126.5322952984209 3.904620397341704
57.92128525613415 29.52851704292791 141.2746714674183
87.70535074918732 17.6342125310049 20.78394460250746
43.04625721076026 72.26611150197886 18.13519226957412
116.3732495362953 50.42268881170393 83.80214641172063
79.62941777234904 152.5112054170928 133.0416057964571
59.31283743808488 131.9568070149052 180.9937392483475
192.9127066150635 174.206587873489 183.7084147648075
149.8198815611287 100.460762397525 140.1203006777152
174.8776076593374 25.4232244507839 197.2215896720254
50.38869389469835 60.18355951160773 198.3993628040869
189.2029177083008 28.25732950657247 118.0787412221178
79.43749995554548 93.19781150501258 194.7245135984405
172.8782580163099 62.07360044096356 60.94337623705838
104.8651811511717 19.4745438708773 3.709026370175627
58.44022592166439 176.3524156203718 25.98848075426318
162.1986100599906 71.11343756180835 163.8622921241948
143.8866782337895 4.437193227532768 127.3970972232167
36.87535060282031 105.5857124171742 89.68102761739358
95.65180165129595 47.3444658804653 135.3665990908383
92.09800163808885 122.6016568890598 130.1749405821802
108.6330932802369 124.9012532372428 149.1165240837964
169.7226493711937 138.6713466972346 130.2201184593258
77.43808231342052 90.94064523228926 169.3096581334088
0.4208063365802458 35.9757749200642 48.51098985721026
16.11274436685524 194.9273226719147 155.7376208697499
133.4050544457016 107.2807668683066 42.4540515079048
0.8904520035906581 85.74510105366348 30.2462590112141
47.03469406330628 20.69169635518524 161.0937067973987
117.4568988603095 178.8590177331967 144.9501460236088
47.22612799803823 156.073589507299 33.22831517132057
26.98987311419034 117.0842358004999 70.72151269228512
71.01000400406339 35.2597179333878 20.68473430878556
65.20582637651694 159.6300140208869 153.6378039905103
175.6241719845929 108.4335598360819 176.1015522947332
127.7061453922868 162.1779947354208 181.0510892269814
165.2368605612071 199.9118365716231 116.7625728943282
134.0496316750076 106.5667805533992 175.8648463214346
75.06170718805645 146.1729504086687 49.90054654761055
127.9822635773312 41.55142075934379 194.994012213364
7.406791874133988 49.6488616527494 69.56376790428996
40.10633627161278 134.4895468873466 166.3616635364359
27.74054285477449 36.06887065984972 156.273917961066
165.5457934809808 199.5051934346136 60.77513534625407
78.48325051358367 25.37015720533291 199.7005133596368
127.7646002276756 72.4862369008035 142.8374612729543
93.92653750030978 119.9329334974677 72.94433993769526
76.43175080676609 88.83988277108034 18.41788214519752
196.200481453012 165.9368492941025 137.7479584451749
127.4513298170993 13.64638068532742 57.33541819220818
15.20165424669379 150.7124284001269 18.91156749591699
29.04787039492939 139.3497879180156 35.29963470787759
106.9329600441813 66.67009660556235 101.0278940577475
190.3016122418213 104.5221985370389 19.07949071377872
108.9430264647941 27.73546317721205 140.6799725525555
13.46222137595299 32.45218338619482 128.0442279071553
139.5255640015288 179.5057933978058 15.40176041221837
75.75078823279959 161.1736832621149 93.47678098143382
46.93428849005838 177.403704886021 118.1231669299521
115.0526121924924 110.0495285910853 79.68286851003326
31.51655882381061 16.17662045393111 27.77456787348049
49.71650442014403 43.95065851820227 50.35659129241505
181.7397813677305 189.4805732343792 198.9160912919244
47.02254027330451 98.07901233797971 68.94248066327886
33.47525703560652 47.02202340161845 106.4924831872819
96.66429290646974 14.73396874773209 80.87020126886347
152.6343764465566 39.08227984019378 27.46629216364095
87.02952205041295 183.4293351887265 93.04606858139091
84.64624957058528 59.77751262420503 153.3248694324804
58.48952822876456 170.1748594284024 49.46694768788703
20.51377810363147 132.0736312973107 3.18835428080249
190.3357651541274 168.3086053521963 7.117272884230053
86.03152403221743 116.9270346639826 152.9871866875492
138.1348140773458 34.07925300373773 71.52232611951817
122.0708932076362 93.08993704420796 63.79207717517858
89.38162497981138 128.9298436342 40.29748490751321
13.43217803278196 122.6119890097535 90.22943216243246
154.1814387285475 163.4863392171616 30.54070061206828
131.4089856173769 155.7643692785909 82.69168914207087
12.32709640932564 193.8372825177001 184.5531667567314
183.0570441520609 104.1086554149028 67.52755462982523
54.00600452887125 155.3703875959735 177.3826460654929
84.96127626949519 92.86893455888978 50.6642629072458
114.3504256096738 31.50724577594956 67.38856120766656
57.48324620418411 37.06250309265315 196.2812916096855
199.2306833259297 146.5322850240386 1.11118214035774
90.02419920347727 49.94262698301833 106.9884140483265
22.64005043295393 16.70567774198214 191.392526147063
142.7436106782882 53.18713497627248 10.35994865035291
51.3770718378307 44.50474775298509 159.2270489121214
44.94250106984606 163.6028768996005 198.3463576369014
48.35487681038811 184.7998899550783 65.98357916246059
164.7349447509388 9.307396074104748 94.38235106058991
185.3040705782826 61.10191460188138 198.4498870365084
84.85998011912491 91.6527390156642 74.91120192900826
172.9808058343047 114.5437321857792 32.82575118856369
120.2016504033875 8.840746622234521 130.4021170663845
138.5482594265889 41.44438295544154 173.1364938580009
147.9904456488542 199.1584991402977 26.86996864941137
63.37044025371441 83.81813190729397 57.0923212110567
61.20228637704557 116.7883849908662 133.07717706032
93.03005327309528 68.02618746136419 199.8891431664421
124.6320119641473 49.31553853017179 106.6049880463183
10.67316161717241 14.9768714014371 77.65897094729256
150.3103092897827 124.2004328058786 46.618193751292
120.0185411854943 61.19114746599873 7.375027913648429
124.521275978153 175.7596387233597 49.03948490647969
183.1857916147427 170.1070259758337 102.2158634029544
46.9003210242066 9.017226782023823 65.08774264891913
71.46207436705082 92.79094645525358 115.8170510181613
174.494630722155 103.9031125150195 103.4456514619831
160.7922516980867 50.51827522080501 176.6396370185138
162.0793309694464 119.9884104235909 116.7319563508291
26.74714062675745 65.63624971736806 197.5345284061985
166.0512266888049 113.9275713064729 154.4780576173131
73.62525995655629 41.39937258528769 127.0665933005643
128.3341583857532 12.1445065281965 105.0146369987984
79.44895903364706 2.069488904193964 180.1029654609769
34.68058235946 111.3648353496685 161.3406770758799
135.6621466831116 164.4648866484916 137.0828252287259
77.25610402239188 149.7497503238749 173.2304349440966
154.464692292735 72.73200710461207 18.72733653489075
184.2137714356597 47.00345774090918 76.23368823762735
152.0353444753683 178.3879637060186 125.7926940806527
9.470493976804429 79.08073213199621 55.97121768006445
130.7362016027994 56.46032353675005 46.36414097131833
51.06035144549021 62.50957000340345 100.1441405175727
63.13286923057546 70.42620957473018 120.2717308537304
170.9216920458009 161.1647187600505 121.1639622158324
23.73401352152797 107.76138813751 112.9915872360133
47.43680003876347 34.50247185725691 28.10945072268998
116.9716513770985 104.4894286485111 193.858166805487
20.35670719678767 198.8491635200414 7.681553831380111
19.77753621772236 79.01036354766477 16.5597730800628
137.6936429955653 33.21844873486476 47.26405381700962
13.02974536380571 0.5019092670391424 30.76800671388257
83.03647078614399 70.4447844417509 86.58591783060307
51.88136064195427 7.146174099171091 134.0670187217256
72.4767067605398 165.6229770505221 190.9673718746136
120.869733268385 13.19761865611845 81.93702246498513
181.5689853160688 128.3036467383792 188.7205928903473
162.3586312500349 62.73029592140387 122.5015408072242
108.4679125524715 181.2191160428084 104.2225120207261
124.2088964315581 86.49136917330168 8.455909398293581
38.37761514562286 81.64341184594328 85.95134652261264
144.7232985122892 123.0708636680781 161.6138350248793
87.85957365301815 141.4550546228678 153.0273236674163
187.7255019894116 87.61886593215371 140.1862971124084
105.166866899931 8.507104444236617 111.3430884688757
126.809934381637 129.5405497018305 49.55392050603538
144.6670122622323 84.28293143552904 90.53447706255417
153.0196918605192 165.1441486650475 76.75992366610568
79.80298361268844 1.5830728511951 4.373129364195857
156.7410875392333 67.08472731309914 78.37556808459624
175.1616266559523 2.397705264445766 37.62769845214064
171.9826801386842 135.1029716681589 45.69900684169784
92.43602352018169 28.68665880370769 118.4674398396323
23.24478213947259 116.9990515147224 42.79430098524617
169.7772393050455 20.62618275773801 71.97339383930313
93.77667864041868 79.36483911846319 32.51678221503482
150.3658650962653 105.3441579311984 101.1809395469329
177.0507550363917 36.80566924223302 55.39862981150943
164.9711574859864 95.17740641491108 82.88923241139564
142.7265893885218 190.7249737300636 55.88640063273832
176.214823184201 25.67454721885504 138.426674440755
111.8612643350418 94.80821491680955 27.63322123933456
24.75643081893 151.0035052881109 157.3577536030476
130.4915703260062 177.7730198521406 72.48507399689203
185.8399615943737 83.52836769212772 7.732512094955454
190.3090344385347 115.3192097222709 88.98949410726988
48.72610263732844 66.45393985849562 41.2023919675141
172.4935098538596 84.61855302314623 119.7464169621269
117.028569121645 155.9252686524345 102.2512606153644
193.0419094843233 14.04118011252516 55.84759230224947
117.8869188525916 144.6725540484952 138.4927386067259
44.39386398185517 170.0244196335794 160.5819741684348
176.251252566953 51.69262333882985 36.23766349499363
66.25088149163692 65.25738791589943 16.78598044355539
41.66461208592877 74.64777271644027 62.93711503310883
88.25743203867052 111.4391429487024 176.5314094284667
58.41383043870834 98.24499758970582 183.6821131320794
84.80647389567932 196.131307728889 116.0010414916116
39.74705966267972 41.6167868325831 180.3411383900516
188.6719009668738 81.9114737967555 101.8485712723628
114.6711234300103 45.39304773328899 175.0577602714299
134.8183421498077 113.628035546626 66.0480035278222
105.3663453986609 70.98909160881894 77.07367949669569
46.60757246591019 145.7660166081953 108.6248989362097
103.6738020663559 83.89638601416654 122.3531880985329
6.202193747099797 59.37733954137588 186.2148831877969
148.2824378567613 188.2148085253936 103.9123677318185
