3 1024 8.761257602085221 0.6749999999999999 1.4 1 1 200 200 200
99.03244826571554 160.9818337665153 57.64910087260773
169.6833449878163 95.54007002615391 163.7676379317899
72.35196581051341 89.06870763803518 142.0075518257991
146.9427245454913 103.4458610067743 56.33337167733092
66.54175630513033 111.0996133149779 196.0464827719285
28.93883034723979 119.8656045310157 108.3532713671381
199.3220425857507 101.0112625347763 12.91094087079256
36.82133279800745 180.9706101564576 65.16436526180559
185.1439099874404 38.52576664904679 164.7749329078832
30.68070852700387 106.0987743245807 163.5731071638014
7.854580800177039 24.85641128099012 122.971329671497
84.21240748372631 25.39894807737427 112.124348906396
145.8701822566165 183.9299175888251 30.13071893504756
188.2088217265441 54.14489399811062 115.9375544997812
3.229327600682117 155.7830205174823 77.66539005467071
182.2634814313571 115.5718832141915 168.2790484720735
18.16659409066557 120.1029697403181 134.8735084302141
75.35527570214127 185.3003555814573 108.5817951804991
110.679663743259 184.8667463349999 174.85732899104
42.85886664466615 14.79118041772046 27.71169428827315
167.4225310237864 72.81489927934149 17.93143927878049
132.0954878685204 167.8732179317595 120.2170067023025
162.2382873399555 136.9353394752756 51.17627058789765
89.66150884796926 62.72980109005567 140.6160795322303
97.17138797599577 21.75517476160805 50.53852435389486
21.89014588420585 29.73206625136838 165.6080123452269
121.3105354728181 102.1655145423355 178.9985250222652
180.3627124218297 84.43815306436287 172.0999215080868
131.5889208278963 182.3312160435952 191.9591025743805
84.77973899937929 172.3319706234797 67.14203605717387
161.8210694317601 41.54382582069231 24.05737736300032
32.63260964828554 106.8511100837106 180.8897258164078
198.958324012011 5.975252478096069 80.81381683514181
6.993656495108951 197.3833862150208 158.2014052655644
53.6541437743665 4.564386165260359 18.47639615038586
62.1308944727709 76.32135889022135 86.49205211815857
113.167640113004 111.5518360462043 166.6771737034318
57.38335676357526 117.3193332115301 58.0641800777652
17.1675170394038 173.5680438404571 48.18461169182452
178.9415348315352 101.0184411142816 177.4148061242721
55.50164062790093 146.7980652695675 105.7894459819
126.9964557458959 103.5902936969884 195.4974823356097
189.4799554381555 113.6011232343754 115.0035548673826
107.4942529261266 82.22240844012957 97.7306718470185
94.66925749336032 44.63303853349865 135.8155082815932
97.80768867347651 138.703846488228 52.67517954818285
67.09679808793268 23.14226933690308 114.639932235129
1.334050245743573 175.2780430028643 107.0450214249584
4.952735745533545 191.5173789021156 72.9698005284916
108.8137869434205 167.8703129484804 41.5165074784783
195.4184465952487 143.8736158058712 128.756632601912
92.30308991206036 162.9680491770313 152.6800064181303
54.61110631717324 47.45069401455191 141.1381901101247
57.67702318511872 30.61131096422546 144.7163535509102
10.62924062869679 79.16741103816636 42.84679725147511
120.3090826431399 181.5872655060393 82.90654416992754
195.455285487808 86.02463785076442 71.55504242266099
30.12049326859407 166.0183857371558 114.5819972622363
185.7861104684452 137.133150132244 141.6695258256504
172.2623374815318 168.2704860740644 75.24057573208826
17.76352937232967 173.7812516196002 189.1698209595691
59.42978558326333 182.088156139813 164.2721944825789
50.60443319544666 147.6806820983952 183.3240217364843
63.97790186508964 198.4357902631842 58.37102068412032
168.6020539224026 151.74201537726 44.32511197534684
27.03403406735467 73.91467212216553 32.27749098099628
109.2863226718426 34.70396024344804 175.8585824314712
17.44970862841397 154.9673692697084 25.04850375101048
73.10229090105986 112.8374514249657 64.02777741072869
68.74990494027378 12.92706755310766 35.93949165181171
38.12730075540487 49.10024422219837 75.28458263366144
39.82205789351554 31.89781121880368 77.5899955331451
142.9673515588589 110.9077761726426 148.7582550606823
75.80797913389338 178.2148474010419 80.92203400877065
45.09448405233138 51.14722324979149 188.8298829160778
3.879248546334915 174.1326750418779 127.4437670902475
109.1925973448308 157.5285571780329 117.7528605641121
22.77615871802673 1.796397763299145 74.9003917441696
48.11662329318817 2.220492126168332 114.2067928491332
170.2033691764586 161.6106844301779 122.392949103583
19.12233904122488 30.54609872736801 43.38121451654398
85.51933278885467 62.07592272100486 192.3770549102779
60.38873116643499 10.69844113907631 93.49145467482559
123.7776047264955 136.3265981847602 63.60453862765029
146.7437718370785 190.9878423015324 196.1543072676353
179.01627186703 72.17312287580205 39.91985506504009
66.6673701265201 62.39367687571367 168.9902222856388
137.6139291569133 136.1856586976411 96.93941399129996
157.805497208737 100.2961145816808 69.62526740389563
25.03642247087571 160.5305798297165 39.77331681679808
123.2720994406004 121.4398757006709 72.75838181135595
70.80188235567881 74.63247211381147 61.64718709382935
150.080758783587 99.6184687390665 160.0844159084286
192.2716653855111 95.29915713355142 165.4415876900597
63.87171820099193 165.7782910253952 78.27410651944093
32.18766848704983 65.21532572740051 185.1303544437441
67.10925424226681 178.6219249387196 65.75984208344293
183.6313910945188 70.7027152269698 112.5703918865677
121.5892622289272 12.61153504139964 164.9650957512928
37.5956464163796 129.0488588081232 30.80772416382267
30.92609737313697 1.945487301335038 43.11796333826176
56.81153807498559 100.0977860125216 132.3179931952513
144.7518448529285 42.87798432112693 51.3171515674005
29.06964273454716 52.37853453481696 196.5437696084682
199.7169647704924 39.14685401502459 40.62149784808302
71.58035659113067 111.192463776109 22.86884835903746
13.31165219617296 9.763549912863384 129.61634554413
34.17768616787101 104.8154701955606 36.44978506665576
86.34618140116228 88.9440312366802 130.7314153021575
55.43436090304292 14.65429126162227 124.4204686922149
5.89385577026647 149.6070944814586 163.0190234738697
157.2072263164434 114.0853395384722 197.3249802184144
6.738967636974679 183.5883022794704 38.39877526513717
63.61907116409057 198.2231639699235 107.1188023252184
136.2534297159243 58.1370510447727 14.11439141383275
197.7368146339565 75.3299509562806 53.89158917351231
26.75169158702505 149.4570217454954 126.9564212251941
141.5371981494911 106.0824740690598 132.0094900705389
51.74675193005518 94.33173754357819 116.6242547696179
178.9306145268374 130.0340396394341 156.1100066711331
145.3371943257818 122.1797360716855 182.328247714798
21.42317202324424 166.8776198282816 129.7138402515819
138.5360104029654 146.7063555528117 198.3684594349539
181.3462554944655 65.75144216953311 161.3958380523617
142.5507823651754 31.30627589259423 14.21983020904626
162.2579542802335 59.21333252739254 134.2895642959458
85.42063683702192 179.6914835583176 151.2447956326394
105.573559561468 100.2310294600435 51.57229846904882
195.6076023036829 131.7024300191826 39.42138181898601
97.48191134131439 11.4874554589648 127.7899902914615
167.4388148304632 90.0468181825501 15.21105654709883
102.5993454276812 39.78555119754175 160.4896348859694
191.2741548233905 65.43822455237188 96.84624720712873
170.4231899788372 157.7678401329537 168.4012072873554
196.7530376639547 95.46478822039252 29.19876249090226
194.2858835925216 80.06985009767089 36.85537584610615
163.4924486527184 168.3023555235675 90.31631404792724
47.884341912811 93.7161857550778 33.97780803120235
17.71720710129939 86.41615847143672 112.9436466161529
24.76481871527387 152.9418107405003 104.3408015636961
124.0093054970054 15.67365517895706 107.0968577367078
76.42421941007677 168.1790395574102 100.7262940437546
157.7823735283603 174.0406519498106 57.49231415641889
80.32531643954847 150.3668289416921 28.16319785162188
69.27965207824586 198.8384768483315 172.3803568909463
8.782334074921094 120.927565336488 149.5801148611351
37.78140356623684 196.3601821375993 181.4974225551294
23.44800534388621 71.71501252847723 120.5446355738707
110.2066376419249 14.00293774999699 146.5407797539986
179.8856585044214 151.052120643783 132.4292953622197
137.9623877875689 106.293453961568 182.2194806062798
15.44585173581173 160.0721487702539 144.6791855025972
74.61239732722741 34.81819880808803 146.0165305726591
58.67059770644246 20.86804206973232 47.83606026863357
115.4254654987494 115.0252372532586 189.0715672096224
113.6024091581276 11.51086690153699 4.946679535539963
25.69783637586724 119.5141793320891 66.40840018689069
152.6667136157758 17.98491243141795 19.15553084302623
63.12665147784327 40.09653678583746 112.8386575901685
173.6197924291099 124.1065256792474 14.95506355749765
11.15147630725321 66.95989631191446 3.323389737842411
191.5517364118153 147.8649456518383 193.4960291682941
176.0069740407847 126.4894206729601 68.02252998704805
191.5558177031345 119.1969445770527 151.5584490438138
184.2560738317101 177.0692888855135 103.7051902379868
13.39767644468383 134.3932071370379 159.716717152675
67.29352344063363 144.489291594697 179.188479840365
77.03421799527423 11.84715035667556 98.5655495662121
8.758881638735035 8.210644075105819 66.66363504326259
153.6738126310844 12.17080985686754 2.75029587272699
187.3349566241649 22.67980324735765 171.6571164508488
58.6786631557301 179.650250541745 115.0185491972055
2.253818756734379 173.1029814384291 181.2534220679299
158.1150273806953 199.2739850056099 122.4322665982107
107.5427001273635 127.5563194423807 63.26365014678425
146.9914581023278 120.4435176091427 91.0038720595021
39.00371405619384 179.7669747793996 128.7560641315099
41.2176106297048 44.46591354503368 19.58719256459963
136.8965352452595 73.59215302695161 88.88190871230687
123.9103238463895 198.4024146274733 112.4844459412862
105.5496788192559 144.4627197070498 67.28449763070705
20.38920846822806 124.0048016922502 9.453238364571391
88.81823417515365 148.3178310657862 63.99563343960007
42.1338980313215 181.2088597145708 166.7503775963129
178.4064838356935 61.94137723923509 128.1872165418932
181.9373335208691 62.032044441488 24.56889658786119
25.14046451740303 91.69490585649699 1.085902083097848
86.88494035429341 117.1194256364024 28.73890042012365
132.8963678940588 140.0120534488365 35.53375586897053
102.9583881975405 152.5434044295464 133.2588022456433
188.9602492213143 102.9205033639063 198.9566561611979
25.5609898918566 137.0535935203259 196.1839098777148
4.192839945921409 6.751120274940016 22.07206213949754
135.7630929030835 197.5956155616273 33.84259935879593
134.0837070196749 156.7108307446387 40.58371530395688
18.8734614416379 74.32092415144082 173.7115241617006
112.970289566146 135.8325376436132 17.3596274123461
170.8395338661497 46.03956620090672 83.16732085150382
95.580215613072 86.75932554182641 160.4115437692165
144.2272392130891 179.1783969172683 156.5464006030714
25.82290746582841 109.1064488410457 1.501529544453604
101.8580386329387 149.5775920939287 15.48587692678004
54.01568473694073 161.3054788695121 193.7200123985088
168.2774911487603 63.7534116635412 150.0233044197529
196.386088190706 40.47630352393105 192.8535320018373
168.8003097966781 107.3955772267947 16.91451818216405
85.13677791738451 93.54791146706381 172.7228978479028
18.79496556445867 12.58614220182951 49.64371189469873
196.8058224012317 137.4000839242344 89.82170495375297
153.6109236420654 159.686544375478 48.63813366731847
55.48096155517973 111.2327163581821 118.8827663431835
72.97160215872246 34.07352033305605 175.8344044385804
162.059333734786 42.37533872298815 45.81920857550652
186.8245220837797 184.6813267790789 197.2670929608864
92.92474790664092 53.68938980018525 68.23421457807865
115.2060289557474 15.93689351593028 59.66362040904186
33.64465272262504 30.75732055750164 93.89277495433188
13.22290555581256 147.2625015699512 116.1517234196617
85.24151605736431 85.80193480228631 58.57883834452948
71.52901946846164 131.0400902862026 168.8459746883701
108.5358117785655 122.305396673187 124.9070738659405
92.07888752261169 153.586638709123 119.1646011267593
68.26025869773964 67.70669306211748 199.7947871264892
190.7268127440037 126.6500243482389 23.44640090659517
179.6648712013084 136.7438099801863 52.93424715530543
76.76344165479915 67.42681066093311 100.9575050713163
182.1472620919269 79.54588576263927 24.35052940564695
54.53182004117481 79.94374562077897 167.6795759172192
6.794125412019888 109.8169437873627 199.8391004011301
29.17729187618494 132.2433365741034 128.8871421535896
104.1089748340897 140.8726390991095 119.6468955794788
41.24089976740395 155.8428297318348 171.0243671052036
57.46028389861956 13.23392010425806 65.01040977303616
97.96839190613905 103.1508873854255 165.8492895408284
43.02700599085554 138.3442022204906 196.7074268662979
127.7683464023635 66.45264604273686 121.0386760315362
139.7474155834271 115.3843256725018 197.4767208876247
112.913146146916 110.9069735665469 63.34573136501347
64.22627752282195 33.10420206730561 128.755919532854
134.4597375913137 40.76681974412058 142.912018290494
150.1082852503012 59.38089516437729 51.68008323749426
185.8429872195984 73.88980625891966 82.61924944534462
189.8797218928967 102.3925074986708 68.74504386256598
2.036815218779377 69.72424095916197 71.10609260852259
6.639544894630914 28.64295660808492 105.969097340035
148.1031418487847 127.4965002467207 150.1451102379002
4.995923778622593 58.8582230061208 88.22057776396751
35.59557892531656 36.86562158249281 192.0595740267981
81.59809091595156 158.909335732661 178.9247127579511
70.08881985184556 91.51049549964904 124.8118013754682
193.6723081469704 69.95085867211257 130.4565864292543
198.0018622509787 54.03260231594393 20.14502028626006
76.22254774218796 150.1336513969861 193.0879256250568
104.6787999686261 64.98402933879096 85.16823069498899
89.05590773265375 68.81277357526697 60.22918090131151
117.7255169925866 30.98797976402894 161.0749058643185
4.985069096314293 158.7777293949989 191.4376878589064
48.96398306312868 28.3815964773739 63.17141805746679
163.6864429343611 150.3699461986615 110.6995237957174
119.2212625655953 68.88140854699832 101.1241731932803
109.0438322320656 161.8852260331177 146.7629907127846
48.15014705636554 101.7429788306315 49.51776238277966
174.2151943780959 112.4446977860789 1.104006679919836
117.310572402522 111.522041199162 45.75944923757218
110.1196066790392 56.92067912494898 67.46825527458304
148.0112791895105 66.7704216251235 169.5863952628582
99.5013091814872 152.7179113508464 42.26714455551208
164.7092929163299 192.4505093429609 176.0656752350674
182.3203247291505 104.6802491615599 154.5540209807598
66.46171809042914 175.419724331088 48.59601213577308
174.0772591830101 36.16496837247735 178.8585588393656
180.8519783740429 166.3401585050358 90.32684539139198
159.251153053566 193.6003640824716 7.990709114349944
41.38149332737106 79.74470465364476 147.7773313182121
10.76830745431175 88.24852335820567 10.30284318911184
182.0670178926235 193.938595539865 137.2478919796829
179.2310541247072 43.84401428192336 193.6799568011353
163.0595431308445 118.3271779848643 121.6821545449403
111.7763301664822 197.0742096391027 142.9534473741548
17.21024582890757 102.4773678302547 187.8615429773271
162.2700587524564 22.28011094303678 187.6263447519327
144.1987640447589 114.7656504536485 166.4556574777134
23.58225666844963 133.4978811254848 56.17086635065174
31.35589410857872 167.9324011790976 163.210103864469
59.07058208013868 20.35134741129628 23.4702533639943
121.6324874243333 181.033413038013 115.2664825375322
61.24631213950644 141.4695039054605 195.6922056036237
39.69698390988415 80.4218358135645 99.5169176040983
158.5132445476818 131.9057164480542 18.76819343828019
171.5578194427238 183.503877068941 93.50762564790053
133.0868030293499 152.4679121823302 70.21583571784555
9.588157767972762 125.0503340852683 49.93830591962664
50.74666805519885 55.34224349239386 172.876652482898
23.19127860879326 40.23175065292276 76.23063082748344
40.87862428189645 119.1466752992379 169.1722244359262
189.8885390771528 89.61227991327998 185.8363629159828
180.741990990699 91.0580334364424 37.4136089498301
76.38792810259206 183.242318430333 136.7181726992141
48.16195871611384 30.90711259560088 31.94527154216602
40.00569176822778 75.18411672668046 116.215254448298
76.54835654528935 176.4040850737827 17.34065487990017
82.75031990548517 30.71855360178642 161.6862880649334
195.064664365443 102.4429861053358 127.1926318171771
49.89557692739278 119.7700607440441 150.2810207379397
165.7893298756227 96.84726727741042 146.8585819760742
175.0372070715756 116.6239744426947 184.1995833197983
51.6035949961283 177.2840703243238 73.73735749750527
153.2806381629662 57.04455795123563 108.9197511130255
32.91540936564537 75.86265099293755 66.38995822793251
49.82600969723767 160.0597424385407 156.3743060425796
95.30038105453923 160.5396430126929 74.6586464732915
171.8444038838342 164.878367516941 105.2831839366623
96.54201092446382 20.96179337164869 15.42183758591141
109.5468010987502 186.2054460161335 40.6561038754725
180.5207910523396 83.48012924299888 53.12946017014102
11.67664044033621 43.81338558966909 169.0113208744114
137.5306781976469 92.98368908205224 121.1962625982272
179.9992275230975 50.36036455496649 153.1510715973054
160.7414238757314 105.0391259453891 32.25757474282874
156.1678478831207 19.03405706517983 99.75404883350446
56.99402555230373 103.5595703071001 68.8060435328149
91.16223695088793 192.7416674490726 107.258453307356
6.968425292940454 157.0325012311993 129.1866256795347
171.7628614708515 69.68365872826769 175.4891401485126
2.348023293262295 108.6715422475146 160.2844470996134
57.28848849200781 86.52058338717717 150.5842510114085
61.08029247585377 65.11659086467421 73.17798621037909
156.0250284949296 31.60642842531743 174.1943343250586
73.02181507307651 70.11203544371206 183.2147731030295
49.0061247393674 38.49337586987408 90.83836670360576
196.8977059758734 138.7063380845614 55.37944662661252
146.2873241335835 88.1167620434081 64.74450170515642
8.473269542995604 116.9785989241164 65.27932501932352
108.6019953470487 95.85789312230935 153.0086939044088
73.14471178664358 24.06442857136789 194.9910607675686
143.0883039162345 93.77027949576831 144.3900400811285
183.8844012595465 10.35477204828075 110.6171933868655
18.2400162831719 181.6593691711092 6.067452882472756
90.50198914998342 165.5927667076195 90.72453415391666
197.5779080286128 123.9522869211323 167.2850348081497
81.76541134653104 169.4961388420332 164.9638780539262
185.0308342282141 72.9343047256215 186.4172704196776
7.762476688160189 35.49996974504527 136.7735258937725
182.9247078401623 97.25675171052464 18.70422124742102
61.76684695292963 156.3492355905409 92.71982417964045
127.2117666251168 109.6930400151543 141.2234157028949
173.8654296388781 59.96093062204472 189.8229493669863
128.2576663077407 117.5630028672142 173.1109998119604
146.6699801630314 1.681058498519258 17.03576434163863
154.4977179979341 78.9394283819488 7.907145593234559
91.33681027390104 56.46436192285108 123.4320899643147
40.62886563338573 83.6644659231747 2.503511770001253
15.47211640211166 126.795044045593 118.9671147884176
156.7051915063704 112.1601638916021 138.1202471421911
83.19304272343409 159.8707090087254 43.19829539545194
51.83471421273787 185.8414342998722 57.56261890694197
40.06590429889487 151.7091358333527 115.8086973386534
46.72269995499076 18.85871990186545 11.21141618367266
86.27430394082127 42.59696271026179 114.2300542415982
26.00124502949282 81.30567887636801 15.10125416025609
59.21784417792917 106.2050042104527 11.56054459005695
106.5620372616437 53.5861974463068 27.31386203602381
3.417323973412648 121.1693599793047 12.72410277788301
14.9643143733233 95.65277265939392 98.31691222772245
89.2372065527031 38.95797090629689 54.03106358075397
146.8515333686277 131.3531090822007 197.1953796498607
138.6283892550241 183.8830052194597 140.7507827899352
156.176214256575 69.15875225385848 96.39724444209943
38.01284167389457 137.3495298536917 65.32127120668085
172.9194533784134 197.0563635672226 156.8152789295389
148.3714936927858 40.61098602571509 160.7720763590821
13.96604205593248 124.2869403716173 193.2060006754915
65.25742048403761 58.88339614367089 39.90270804822191
159.6921330348024 193.5168968030532 25.3775409392929
91.12360204089418 79.74920699631402 92.02290864188944
175.3503440313607 1.591907074873335 123.0327596738913
135.3839035631935 167.5139695766872 146.9979697061896
126.4507043617673 25.45310083190363 6.449895066554266
199.787514678214 141.4031026636936 25.51861579773211
8.903199285167851 10.83693736814473 147.1464516773712
146.5811558167326 167.0157031259913 34.3730698656144
199.4679499887989 73.55698099920443 146.5919561561108
133.7708956586242 126.3312419137652 110.8581153863869
76.36382741635177 130.9085994451791 27.05837148114912
196.5902566207899 136.7322931383235 155.4233330728489
30.99826155387113 121.4595227548655 190.3386430256908
155.6461345406351 165.8997327348176 111.7992810237642
124.1439656688684 130.254481178508 124.9599677663577
32.24417873776828 145.0063086325542 36.30604186851082
27.40189628227572 137.7252260625812 112.4308974058423
60.12380652386029 163.4517655280876 108.540328791365
110.7335760034075 136.3121222872636 135.1991735270264
36.89352078945281 50.75224904482099 93.62337813933034
89.19029650900001 80.14318431613083 145.5576713222916
12.78581838070815 164.7045629791589 114.7089320545668
41.80059897654434 51.28609378786404 154.4667121748994
61.18541076695163 149.9972713011308 146.4715859780167
57.95243179382998 120.4424551918883 165.6666438767338
74.51333921758493 71.41373194662981 141.914502155109
180.9106774046812 147.1525300910361 159.0901139454405
170.0463833766599 148.6797902816791 61.41910315309372
185.1591403113307 71.95960622863696 65.3785546696123
143.4820694726629 51.40263386525196 176.5307219624945
177.1676280220231 29.01620519709551 134.1231756056161
66.35449674481512 29.02210705980692 61.27104964461904
48.98044743773839 198.1557122930978 97.22662472558801
46.85628425826183 167.4773021174639 119.1712231340469
130.5117922044361 183.2836839393213 100.3609110940988
91.85997418038704 33.09881434513381 176.5181029363314
150.2135349715278 46.85940028517877 12.06138979563471
198.0285884151042 35.61451434533536 176.1508638859726
15.04993452897582 108.3439452774798 15.16542667750135
57.4920744713361 173.8547073478258 131.5002336234059
96.76509872646314 140.5400552161804 81.82262102196194
170.6845642334306 121.7778761405492 48.94775984496018
181.2895816579033 166.9136555175767 7.794847946579658
196.5926016335246 104.1333736159974 144.4200682176422
8.348011188129577 31.19776555022186 27.7017429531053
37.43520373246051 168.2826405165041 78.30951411867888
114.8489565066104 92.77005193832937 1.869317661858608
140.8709561304085 55.93295560504727 193.6252440302031
72.96990711942995 136.4956708740128 127.6203292979488
38.00187219104112 15.00563691570984 123.3999673196906
4.740055719920097 11.63754643536601 191.2632289451602
113.0811589462452 52.60852103292814 99.74925879749307
125.7550304151643 87.89334264961586 188.0675646731791
152.6315462535582 63.67522945021578 16.19311580869551
2.323138848569853 89.73262009041031 152.3517172238545
167.3382983925729 26.10123744309479 30.07780511296759
189.0278278363901 164.4884757706319 72.34274471204535
100.6491529806447 41.07634825089232 103.6061410063123
82.1788839946186 38.26154105195736 190.1739301731374
126.6986888799778 195.6114752648463 134.103422790556
52.35188684785039 143.3671829218254 10.57178952050106
184.7405905840812 64.47933960762754 144.2812384091709
122.3643442766532 39.49747976701874 92.81866306759737
62.91511633026386 15.06380975918508 5.973452628968583
14.45296566426211 132.0979378491855 23.7560875658673
113.4322141624317 22.09161531259747 18.79076655281795
73.34426393082381 54.19192745042419 111.9171057257968
163.4011761767857 84.98323184262509 176.2452992326321
173.3635335806755 109.2767746663512 69.77978063638194
169.1349808853878 32.0197906473698 162.6365939569732
134.0653290043681 86.17390146020848 77.06715119472797
85.62899463501371 181.9000182963211 94.80405432491131
187.946923457349 39.32597250778903 53.81770834541216
181.6852756821962 28.35291935586418 150.9880190640144
21.96721408458544 2.565131987409171 185.4718539313494
26.05626729903356 16.63948056146713 194.9748101446053
15.87602909859146 195.4683922782961 29.50842442358373
54.62482043589002 120.7120713012416 133.504177265614
26.34300066242646 74.32064503767086 198.8729064785031
113.7906541600415 29.62473826605337 104.4733682944661
139.4377847317652 165.2977307522112 104.5130229608174
166.8626110333086 76.72339581046715 138.3737083434646
33.64078275573566 152.0253217439815 191.6270378618139
85.55904678954525 79.75203451735447 23.05841018542168
23.3302261933239 40.21228193784146 130.6506750285289
28.83747533941252 131.4485423288237 78.73739114914032
81.23189912181681 101.9622254061847 193.5585907507246
155.9817349306637 90.75000700527787 104.6399719616565
86.09716971762433 186.6781727322264 122.7176893348264
82.46865572917993 11.60662750996444 155.517673652791
42.3343798258613 156.8461376070144 5.981483689554713
27.93596160721803 116.0703662652988 24.13250488028336
82.05399880758901 161.4759928843698 10.0916159179694
187.0329387061764 113.2433323419854 12.94670838102691
130.8805537451077 152.0174985390094 91.89112546637953
81.60131944405325 32.69158686699259 127.7753532682799
158.7733621620763 165.6475452248488 178.8904933893885
98.99358283718171 68.56785661501951 32.29149215465584
169.6779279946311 152.3567691073502 81.78450048585997
3.89547799894196 172.7581277904717 1.808446392740245
88.00017174700598 44.32154801118632 151.9678809942556
55.57973376492616 24.36215566507019 78.8799809910372
27.72489555803552 187.7142554659233 192.7738889426573
7.228782431004116 164.0395609033224 37.06960548560807
102.2624242276015 54.039634542243 149.0887657250303
90.38618058297904 66.98802449518239 157.5688427416183
65.32807490527109 143.5786412645555 22.25696001367897
110.1939746419925 199.3355070574198 164.1477657878793
150.5007380212921 92.74713454067721 18.38551314854938
31.10977677616768 34.17289417442332 31.19941384292281
60.7510160342812 132.1075389455977 34.67459826196085
1.602036826966362 187.6749351235109 171.6287908348672
73.92633968367863 182.0870706642966 174.073991880854
181.8370254098238 166.3166551797918 158.0576442529029
33.73693830689007 89.02752956737361 162.2402552118361
76.10743418730621 58.01690479603037 153.0273427686564
134.7859611644391 43.61318001475549 4.481572212748192
173.1655775953786 72.93225391717083 1.443399627721547
111.9141440634408 145.2982027052053 184.4864046522692
140.2882394551098 10.2905135314342 49.67248275532798
42.88422915960473 21.2171261593085 194.355163735618
161.5525670152409 147.9970280291293 128.8285634572377
120.183550512401 78.15452840399224 86.36358442802072
48.54127403198748 142.2066039207287 27.50788155776475
22.11553066639711 125.2348663971855 37.85595041248855
161.7516058339278 125.8095284476164 177.432910636684
18.19661413507194 59.56596788820571 164.6253953991032
72.57609555790069 195.2540399803501 92.36670928322025
43.28565025888039 63.62481085546499 103.567884704115
74.7714962583715 84.04692234068709 95.78967809494381
118.209652493409 42.99179772576059 41.77937028541317
46.63107763086371 42.40847401237532 107.653096532188
113.7372809976426 35.31219643283895 199.8129823063733
188.56500725268 0.1471785738773859 25.94168822527062
77.73681819319486 97.71651037034447 11.40560805867198
89.19271112787528 133.2499911555001 114.201916393726
105.2711805591642 109.1307172872968 1.967334994174883
76.7594212339749 173.6797275522476 34.5544482180117
190.0056751124964 168.0828035652366 192.6732099473985
26.63829042834847 153.9344616248519 59.42077490734321
119.4101183369555 66.55716272243792 37.59487962819596
58.67043120782148 151.6525012563673 125.8738156611336
7.255325157447279 170.2964481670993 161.095456276099
41.20727647499912 30.61919905050901 157.4186028872674
158.1150145110422 9.415306231595746 38.82878130808722
130.2619836020532 154.1388890785256 179.5633052303118
177.1185904762269 185.8607683441481 15.72621930937791
108.0655197270221 115.9386534634888 146.7712811549657
195.3202570477828 184.0426908428113 55.96718106938115
28.89946661292882 148.433231986445 155.8121536450479
79.51394928350517 74.11144547232399 42.29641988199756
77.7934806141092 72.25900174574048 121.3948631001967
45.24375899773545 137.8995858938407 141.0142921075736
18.08590813046675 192.6157739529952 56.61803978498583
139.0549490699991 107.4730913851749 75.40093451025936
133.2768887511363 14.6895401171672 71.1318457553236
78.60083410425013 150.7913177147874 82.01779302393356
73.66329534386291 51.32323896178928 133.3029950488405
192.0040491445264 20.47507589825362 94.1483808275275
68.96718206382521 125.0208065006286 110.7966890166367
16.05542556822493 187.0554446698478 116.212533999053
189.8028240906949 3.347739223516038 179.1457832840543
78.34103828984726 13.29144184688364 54.48968281495502
108.2965411090568 58.25648431278239 168.7480839626218
169.7763589829717 53.93831120956109 9.469235397600068
175.7629335452662 135.4892376554848 119.1249955807144
115.8425731800835 161.852112726585 77.4118427667899
16.88965732308901 49.18187216092237 33.90887046977872
151.1845990242664 50.11619205424122 89.28287733186498
113.459324675094 177.7061885464735 59.40880387387241
136.622755081338 170.1183243024824 57.74554725560666
3.129339484986715 34.68486967253007 77.94193601161372
93.14941692108998 141.697775945369 176.0282348908424
101.4213306309808 74.22326594550543 127.6095292769239
47.07522474561147 121.6075398627138 75.80035127287715
92.14995683646521 88.51578915958055 110.6531282348549
25.99831796334641 28.90294852705299 113.3397164737946
120.7866590013991 74.90176146557002 65.65620593220768
6.424588450865596 192.0376194365946 138.0898048439441
37.01500348368544 68.70647075087201 165.0685258483064
100.2181111691234 143.566048678775 151.9665751062099
147.9828036272651 58.66930817359726 150.2025805470438
158.6799381453358 45.60612929529051 189.6027705709019
180.9452978442354 134.9887746805658 176.236101544256
16.35285077420382 133.1439024307917 95.20068852518929
96.81547343153974 24.02367177763515 194.7488079696042
49.06521873365334 150.939739593141 76.89422726943369
123.3673433011291 89.40665176960113 138.3777724405379
102.6979707512087 2.82269485152318 183.4693632589661
3.023648130169288 24.94986858968143 55.55630003113423
12.59617530050865 57.62835377274221 184.6963725248154
33.54337052732429 86.04946861098009 182.8762077063964
99.70167832235575 180.3896231636764 79.27730542679723
138.4506414931211 76.58940457507438 49.14816515923201
134.0848790079555 120.0040305632379 54.96946809312661
151.4415881875277 182.5420124349599 99.75019771885927
91.78833205371627 103.950588594856 66.70745276395948
81.48180648212349 14.92087331478812 178.0767840256657
134.0297053657912 95.26666888947044 96.00180600197214
169.5710767539041 44.27711862565908 121.3011836261996
189.5995824715 54.73532387259404 177.1016533681193
52.37490693689275 83.22353935901511 67.09332801378041
197.6546770690873 91.69159614786292 109.519793290109
129.8983517227877 28.35966526578056 51.24423436545258
37.9350324547691 171.2298944833323 184.663036668027
179.7587557729663 122.6516434736345 98.9022038178645
190.9633578083511 83.12023120497372 5.736255668790539
118.5525928253476 154.3737950338817 54.32237946645866
42.45633376931099 0.959066205838299 1.220166525448618
123.936430728289 152.202178277918 131.6855050761245
188.5861270442629 29.79495472779954 116.628739060691
192.5316467919015 11.09963541129974 131.5304963504217
191.13531466595 125.2201145377011 196.2237448459719
195.0457290298388 155.4583054771715 146.1451587577581
0.298954832398085 54.55876095711375 155.1766174057965
153.3058090022667 24.7454667549396 57.28107388568919
9.437487351184787 83.12554160444051 190.0456617484006
41.15768352783579 121.3080810081037 8.65899192509325
94.7308348118237 2.607503958378329 6.318920854547933
130.3262439553005 97.46454299701448 15.2585087905565
9.916170733602041 136.8301893285966 71.73075143447741
193.0046288568395 120.5050233890491 78.73698997240128
88.7827968287293 101.9002870381328 90.76192999030472
57.23336301949109 196.8012941420123 78.09076694618697
182.875581440397 180.1684369986731 177.2175980614786
84.79814394253169 52.03919164118997 171.1677471236803
195.8906917640416 59.68825231938299 40.10109698306687
143.9333367950266 149.6009797533083 117.7675217674107
27.3066827665798 86.81539179829872 83.83968339754996
41.32483678303075 161.7212805663335 26.87536996810717
135.060399444042 74.61041153503783 1.176320526214909
80.81726398801108 66.88246474318919 79.23122124874486
132.2129382731551 75.97199405570387 156.5901574187953
142.3205739205595 142.9097862752022 54.00766895892025
147.4751831081896 108.6825583754143 111.3733434691527
127.8199956272655 130.0590612346618 145.6003049220838
65.26853710799611 105.7101462041523 152.7321931131421
52.30352007266107 71.0872806421018 186.5947830468077
114.2649514817811 132.3468996705985 168.1798055345824
144.4512420639018 166.3230746362628 195.198141021791
82.44075731039209 152.1091705749046 137.670255846631
100.7120712282369 48.07593915020121 189.3686452000838
21.99494701657789 15.41197163241074 29.08480166745319
12.96972304592364 195.0258676588084 91.97444133224386
67.73340565417929 30.30965614082258 94.95429844009236
173.5666199920739 134.8694322664341 32.90062162711148
117.186060420023 93.22359864741924 35.14156299784028
177.5816505969491 167.2334232000523 55.16614830338575
157.9854320152615 93.9737846247327 127.7641866648893
95.8669923742777 65.2883031027571 11.86512608172021
178.1639651623941 196.2869223169386 43.50641737311562
114.9151863259081 169.9976613875207 189.0990579236277
16.68658093415407 18.95478655389882 90.47911501323719
4.985386935758844 114.376117136611 32.4950215249393
147.1031286370025 95.71199394417171 197.879529740613
17.66707519109432 93.691492179504 29.80499469104937
61.03101284221828 86.09380768650961 6.353404143091269
29.41712930580166 123.430092557987 152.1188008715946
163.5639787053842 72.4902531923903 118.1359093249413
42.22906401073206 100.639874086188 147.2255167349817
39.81547829298196 161.3515946622383 138.1527845158861
62.3630558731885 134.9853298774759 89.83450075087889
23.54276206996775 65.05718801108817 50.99438779293337
189.6520052963454 45.77047386089826 135.1391914574506
114.2407614370202 84.24291732328854 171.037503453855
164.5670529652212 52.06755353761364 167.0076908493974
18.850502269402 106.227470463305 50.72308519679305
38.47063456667576 177.2095567226739 8.186518200594231
6.132069303348916 22.72497102226757 8.754304124932688
161.4761453598173 75.88356771586216 56.98768042884497
181.3649685037847 86.62178081949858 126.9228253510177
124.7211975111662 109.8312474811481 120.1449523354665
60.41330508171142 55.67157138041982 94.72351472044683
38.56800738880601 120.3598668345881 49.83883022646212
45.14844179503323 76.71062684065602 22.0549393783045
171.8374855840196 32.94916329554278 99.43170138019802
56.23195097400843 186.7988863953777 184.1951712613784
39.2077192816274 183.7617068943654 108.4227027713116
170.0908076340637 10.638393992943 141.1416985932225
152.7084719231662 123.3394814847251 38.47187339330967
39.54644440282024 12.28416183725939 85.00078052352541
42.7934883332092 67.87247795907912 83.07415130045817
127.0907036338862 96.75076369287856 57.02952615007087
189.2450283951937 151.5334448460743 40.59424234487602
132.5037372526389 15.53083346179926 23.80690593173816
49.18313294091384 116.0763894236458 99.47087224129879
36.12244745422628 195.1732281585946 24.16997416189246
1.40982944953764 3.505780102497693 42.46295085229445
153.3841112618423 157.739586746512 70.02449149480341
98.4845772900326 41.24772327983122 12.42867745528605
157.5649918004429 27.62804815933464 80.78456266568108
135.055872967685 184.8282481546342 12.42642737567117
24.84579488703105 21.32875909141024 67.63559543632043
188.0099216080243 175.0924180723226 34.61677510500392
99.49236933035577 0.991905169054938 52.37055631927739
76.85703294559829 27.55166816441071 15.36030830521771
130.2551337483168 118.4794672245127 31.04369396946885
135.9743506874473 26.7804807142035 170.4173580371281
140.5472915106872 188.10597415536 120.4337758002562
107.0590814850592 113.5264167260915 26.34861871916866
155.599545956431 70.14254772700873 188.8625590675814
51.85313242105554 113.8059909367923 29.6070197105925
108.6695427533092 73.98516672147497 150.2616008797175
92.37242551503861 74.53017317875208 177.0250717739268
113.6584997210728 38.02174630937523 141.8069385262433
25.44226100648684 22.22721363790059 141.0339760809867
92.76483907289811 176.4594382495252 181.3746160742984
62.50099840894124 43.85313002025842 160.2584313827956
51.44876348293256 94.21037476764081 88.91056841122133
164.0816752104492 177.5421143664439 37.96005873241835
60.76475275313991 186.2631481926988 7.82609694543629
49.66440174914437 0.6663910549613614 165.1489925113034
53.6904060728393 140.7839138541258 163.7028981535844
76.46431575855223 147.9312985955518 106.2746299999944
191.0478263495846 4.071252854588669 5.246100897349943
129.8706940629559 20.78155961363406 147.4993608573177
112.8165900830417 199.7766062109022 72.81331225122487
138.2360652332615 135.6471196223493 15.85337170941382
124.8692427473583 151.7845823627604 155.9689653822907
70.96633770268004 15.77745765001745 138.4575967662403
31.14796385986221 88.91120432592295 129.300285361124
129.1009973784816 48.49101651687414 161.6456837817239
90.29789360206446 96.90995691082884 37.55440475559368
190.2575959715574 20.7576249980028 29.12498635270172
23.5020037134618 67.3270989778571 97.94689581252044
145.1585015020228 4.659268842170923 137.8066914413415
18.34933143790709 173.7294770234624 71.95890467278046
95.86584515641231 172.3136216470795 134.2980915337721
3.755002524885107 113.2923125856696 99.70915419040514
31.8414781542943 46.35353485401887 173.5469383211459
53.75499161954745 124.1991008718801 185.7638093598699
193.169373701684 44.60030497812968 97.90428242782706
198.5688358613358 160.7829716522357 17.9922309566748
14.39287316502105 84.50588126846219 62.71624827452622
114.558195548269 21.48898638798104 85.30653263325976
123.7446885187514 197.7289708436814 50.96649030368411
1.417121256983078 186.0792588858066 17.61701307791807
197.9048152912337 134.3157634155739 110.4253784252701
149.9320507798813 36.44963184462856 109.4647958893239
45.86617917619257 60.8300145165768 59.79034581836706
168.0899318283974 100.3365705957285 51.38724372968588
106.0094459839711 160.727930484128 168.3851899158437
127.5668934274538 34.59896079544722 119.3639799994085
95.99529073256031 118.4465535452019 47.57056241906407
96.26747425433913 171.9229767033845 109.8599727373145
158.4120024523301 105.1671180445765 178.5582092593056
100.1026556354437 95.36551635819596 187.2213984368513
92.92717788086162 25.19940933085958 143.5266358121396
43.37857436745545 34.28568091260603 129.5207519745325
54.16170341189326 79.35645836742287 131.0910847035626
133.0750494559762 53.68159182386686 105.2607975906676
28.87107965219882 5.712039955416125 106.9371993022088
184.0521708763317 23.51844106271354 192.3336359380808
21.49236838582133 175.5782032952491 25.78414298948196
91.16973937088184 128.902189301989 134.6487000574521
36.33760095462684 101.5669244888517 66.87426131720196
94.3642010082169 165.645467321629 26.53425302405279
74.76271819980283 53.83088231497251 57.66805523961599
7.07323153166031 85.80089523810113 131.4328116528359
2.345086362300639 30.25874024293611 156.1546332732739
36.32378597744214 112.6405583267794 127.207361236219
122.2022770391778 119.3079608188175 8.351634918023874
75.31588081634048 168.8324235015646 121.6459474202283
138.8842119332014 76.65199193631192 25.02154901854398
117.336562305783 55.08672600894264 5.890287597211699
6.921339289028606 48.88477672145222 58.69302071250085
125.1374380802412 59.37068216645069 140.3532294235688
58.82078269296953 77.09398455413677 107.1604773925158
90.95094421811015 197.4934985330224 141.6821575140893
172.7394062920936 156.6860634251202 191.6185139822283
126.3327317185054 174.0158047109977 166.0632175827856
20.80718995543413 60.96733303735229 74.72450749743425
89.94015726593994 13.0021930816768 33.30698792187748
39.51677154813366 138.152712146302 95.38153069904617
91.6144078627939 25.64733379531555 92.66432978188477
19.81186529270643 157.0131407347699 176.8298356898919
77.02546663929519 50.51124838727086 7.5213332089192
191.786381100751 59.32834358668457 0.8558074064491288
61.42814988520389 45.06650307344319 24.88211951580801
78.04317291102156 139.8468849870556 46.01260906965663
118.4227248556389 166.190650188978 101.0443048005155
163.4009107847183 107.9756902788798 88.25031942563827
86.66324963141726 116.3468192837902 7.895619940263833
104.6976093322406 118.0609175920189 81.76523720775083
153.1349583965595 21.39761885960642 154.4210354966372
64.14782311339978 19.74584623684984 161.592403382425
20.69926914260385 172.7557646355421 97.02512072960957
17.8510198867966 102.3258932680048 146.0008835792556
67.27339845394401 169.5624046783977 149.5735148820567
180.6640007436168 111.56451876211 33.69239116159686
58.84527300707563 10.80730284614627 185.926746499891
152.7746082807025 146.0118035204025 183.3710895762333
8.181487745832381 101.3558716750104 79.00579423768244
28.3166244831008 60.56933954913107 15.74154968426545
119.9539856960746 175.8947190327168 135.5159901229865
10.59660277507475 13.17423025769136 171.3597181652962
30.21344203163097 198.091232472514 132.7632790084834
41.28802320665068 57.19017498000659 36.16232696876887
65.90149685961048 50.82194658257006 186.4028965934623
172.576909963446 57.16703028249863 100.8804382407699
103.6391284128411 10.95004148500106 107.7747072278728
37.35505445518586 98.89967591330732 16.56971592695774
170.0243675918047 3.539052951515857 193.1069684176115
116.7135694009813 97.46099545294925 79.02642331611928
74.38132186699991 80.1344575309292 160.9239999071139
14.34882733790595 105.8966639806617 120.088894732993
186.6278648692797 143.7884450845678 72.91490838563094
127.3241031287251 176.0762064470482 35.94321873810653
68.03675633834584 68.40269578316925 21.45316615882301
74.23698259096238 2.779187435912055 18.54657596156083
71.98475560804233 116.7151941788853 43.13296470439337
11.48296757980845 46.16126050107124 6.208872279472598
161.1962932759092 84.21086203337843 34.28023194740802
117.4452924793337 138.5301634843276 83.52314211557815
49.50611969336431 100.1332995588736 170.4436922782064
47.51581000566842 102.3397882657587 194.643914513125
12.35402477748576 61.59650491399987 135.1702561755406
196.9246155610273 95.94760550739358 50.10889747047211
190.3446896847764 118.7386926002807 54.87249528264188
179.8714111728175 31.20389411377154 71.42386761112833
59.61246615582856 178.818727879582 94.18531074369913
114.8331214120053 191.0242529835087 0.6707293426623061
34.34978072517059 16.26843276680859 175.7988542662256
110.0839310577985 102.6487680701332 101.9832640987898
67.86784150941668 112.0471776931111 84.34225151638449
197.587905527252 122.7471718845227 131.89265990539
174.681230454749 88.5120321547987 72.58663367827393
163.2108769969094 59.94204367210961 33.89854649386933
53.8522091455368 57.28071918802035 120.5611515007894
133.5969111164068 6.430418619600515 1.287146093860837
105.9117598850312 180.9960412895134 154.8401251111112
128.1655928906899 2.152616979325018 91.5746181863438
20.63030813056976 160.9459189486339 5.292269479564792
115.8219908060598 132.3409943624011 44.59877383715435
147.4621359608708 30.9801941487973 34.5852313270009
136.2346732580111 159.9014209399996 17.70372794537451
190.3317884635968 160.3126110997892 116.7768519133673
128.7536134827702 195.6577429674593 154.9861349991093
101.5396331277496 18.46797877349427 165.0502346216226
190.4538036302671 157.2076275552905 174.7739257868616
24.16372976610786 152.9009568782272 83.42983628563233
92.19509236346818 1.582485897161045 88.36939536803567
69.09106514477163 195.6896742629589 151.7763908426643
180.7868488605303 187.4280711628607 75.05135542534217
84.61221139413132 53.36522830002966 30.53813592655388
145.3028798521567 146.68016784821 142.0476967476498
146.2687594643983 182.4095981168934 177.1805528285684
143.1920757479604 11.67923205484223 114.4433655956927
74.48654388438595 193.4149981259952 41.04824998835214
108.9089247421852 35.95010843468037 60.4955942563161
77.29586288718356 129.4647682491631 189.7139362906662
27.06782737026806 3.279936092522606 156.3392165037941
83.79321739122837 81.84656562265404 199.0466295985503
116.5978913512902 152.0807529647995 30.08082242194179
167.7813018628629 132.0477180497251 196.5057423326659
152.4387721252877 198.0352019033901 159.9350502122501
106.5518471796003 126.5961185438593 104.4348702468068
187.6203451424213 37.83023313646254 11.89729323024615
67.79826931409708 95.36732653947307 52.91917835232316
161.5582892730047 139.8189782427324 161.9037872598203
164.2722346792133 114.8596977627265 157.5010900466049
60.57719275594208 163.5811447025451 173.9104026839969
180.6959335563226 147.1371525383468 98.59997471210212
64.54896080108323 126.3670110677671 10.30920304285909
96.36849848496712 17.36607717059713 70.3728371501177
27.80921667282119 112.7065320286893 87.96677695430118
155.4241560059595 131.1886779060232 106.8013356550824
188.6791255188791 54.20353666067215 75.81955132547236
198.2205412352871 107.9794827642922 180.8548997368351
82.14486168835207 193.1531581150915 67.70843581505223
114.9755954519191 171.5560438950604 15.34121157348624
47.94259391210706 21.56207394926234 106.1401671559522
166.3956410450723 1.311814849440737 103.3565421636059
103.9046910353571 100.2543288247249 128.4712664876236
129.1006440691197 99.93134596678922 159.7197237459003
166.2702129812542 158.112136852887 146.6243502958864
164.3046169137926 176.8398661090087 161.9996187457856
48.86724238948104 142.3623342007026 48.44268735396916
148.608762134391 7.015067487516847 182.1630623976598
189.0149357628495 196.0776158049296 96.21446183084517
157.2341473225668 182.6059983127019 76.31939397743416
179.879636808904 42.21474716360211 34.65066444132418
76.15620209417116 149.8022325944422 160.9173211655211
117.2097450676737 196.5594527850602 24.19218874002953
156.2083547093238 173.6330010927559 15.15803662198705
181.8763107050529 173.070103732529 135.4920381893681
12.25795186805037 144.1720015440314 42.1723210982899
157.2363406205424 80.31823736529589 156.608984106016
55.27051681188556 76.71153589113047 43.88736453396097
19.26357602131321 2.337970818776285 8.465431628206622
96.87284461579154 118.2319564194818 180.258455787929
68.69011451043829 101.0699139022605 106.1930592678792
127.8527678349275 53.80395466224432 56.62330354347854
100.2834530558198 149.7711909530821 100.2772386801179
4.769377248230901 8.088692475794563 110.6821854008983
3.387589573589964 161.0325957243155 57.53282878338029
149.7963221757292 168.5053093903089 131.8103946219352
74.3689190035047 111.1743152052886 174.4694785262771
85.13438459497036 127.117579538986 92.84024404928029
156.6231819794917 150.0512987583132 8.496061581352713
118.8113113688215 150.622711596895 3.471164041522775
116.1710906997369 77.67756139280752 16.33934894418739
118.3292455804653 13.4532309234318 127.1876496810159
7.249231034764724 45.27819387710481 118.1992254061724
78.52319859699354 194.181446139377 190.5758903225427
73.87894182985619 14.11635557524962 78.06878404030768
140.2246738262881 133.7140489458555 76.36240992208424
147.0883330321859 159.433598933012 162.7197699975108
12.92663901857649 139.900207738884 139.5661862299807
42.34908387201268 162.0744459806054 97.6891962933428
67.28202985337947 90.01095663676676 183.2258263915933
4.808942381112755 138.3048403905784 180.6587686604168
111.8043553171959 53.09120922654673 120.8778885290602
7.329377005145605 140.6210924868399 5.933404057740923
33.71679406534082 137.1652984180024 176.9062534748922
72.76943249589476 170.7365581064558 193.7101077496145
124.3701402568718 57.86876735682048 82.84166195120913
67.75123397994497 130.1265261538032 146.8354297414478
17.33574684534405 43.74208861879985 95.99108551623596
36.05574603736549 181.713475422206 44.2982846150548
87.13390725027381 127.8808226185428 68.20987551681901
46.86005068058664 132.0205517493452 117.6499975519609
168.3261466266913 181.7050310953849 117.2872554408026
183.6483642406152 142.3251395715717 11.86146975468763
99.19291217195484 81.70369399065915 73.3372240076372
47.4146775876905 11.60779330901603 143.4907958394487
151.648599126327 151.4396405831802 93.61344733810998
6.078690438142008 190.7713991355815 191.7324646261723
48.1037189884861 184.5044620014999 146.9250094380642
169.1354743682448 12.54142199545437 170.3683797362706
8.152385974696552 72.1236448719401 23.28921671935331
138.4431506080346 134.8752912029319 167.0556918522842
126.4000940397178 118.1966735289501 93.17046260335304
141.2147235039166 97.71984891417996 37.09600440943577
103.7092378114984 132.1160641710108 198.897915816492
17.85342855107787 119.2556986708458 173.2062902068466
142.5595359302895 86.89085318659777 175.5976225348716
22.39460158620592 185.5744415981786 172.4482691753599
96.45849046030149 135.7574689165441 30.3307652200141
165.0111909682857 29.84303250404187 6.990517085760003
110.0504349830341 188.9130986253995 99.58974892500781
51.07899218904851 58.31740308418261 7.320801540136487
91.82237639027596 178.189864436865 48.35401403093768
88.47842581686359 101.4712398589609 147.3054464715468
198.7962537894266 75.45065331741232 167.8012976224116
56.64006529131192 65.67940909806579 151.0422434659695
126.1707126640982 43.4766187769654 185.3201729533165
172.6400791144151 102.2131925562766 110.1655329392148
57.12182539635411 35.04737202344156 2.940841833636211
83.88026058688227 140.6617067274063 10.09961224538094
100.6730650481335 55.67789682620002 48.7991425505595
103.0506987439728 79.78975313155402 49.45990172145835
101.999856362504 30.89121732982628 121.7197038839259
76.07310150724959 32.20780249041111 39.33280394688467
55.57244588000759 41.63937008801926 48.40357735880454
99.92437809834652 35.39487784988819 35.44505158718292
51.59803719165122 32.95220414641183 179.1907658670984
30.40544221467361 52.66058758329138 115.7679069704166
73.95851496753099 89.97324204443319 75.774220999706
163.5675409996281 40.99267513679729 144.5969928005323
143.7840827468657 66.06755155126216 70.58366649575385
89.43432307211168 112.2803378484499 112.8800085061164
172.3836848328302 158.8799953370917 25.00797620529463
142.907654543636 75.62492066169322 133.4690630648465
51.81842603327048 2.016073600516684 41.61010898664989
4.778246198537832 154.5072330470084 98.3443560435214
129.2090486663452 66.65106737037405 178.8875515010374
31.13295001381585 142.0396701172645 15.7534919475724
61.38366855560373 162.1445726394874 13.28671440906797
15.95623959299914 32.70445423287968 186.290276185092
174.3723644180713 9.944754683226643 82.25973798125727
144.8642932598788 126.4606228759892 128.4249656564668
137.0393739476928 24.52133035532898 93.2627902102947
96.20877205518588 155.9526107039492 195.6402355525665
186.3101176139001 100.1330734724361 89.92625620903515
37.69202015886149 21.26355872383377 46.99701500475321
191.5687246151961 189.0258659033471 119.2810614375082
94.00006588151597 189.8672364102188 27.01607358632769
56.36087061395565 180.5729251622247 30.93402994025881
181.8520047749124 84.02530538684562 151.1626862550793
122.3123451233365 143.752404808734 109.0250250820364
158.4075716796286 46.91444155344283 66.33432375310603
33.69142927728944 98.88216553328203 107.1324097353482
198.9818350503724 175.9883901550609 86.42270716033022
98.17356463817976 94.07607616738545 14.5698260652034
113.4156994062602 15.71935135598786 38.74055118383193
150.9914965435921 4.523576693664623 84.61007236106953
19.83428721135997 78.4092409085677 150.8870521212143
173.3219130482783 81.23948090313434 97.65137699906488
162.3783536574697 187.5219914169853 140.2180652089137
171.1819279358844 92.60381187911835 194.8753457797106
139.776520789299 54.04864796675498 34.32438324398919
136.489900102746 38.7156466978342 73.49514597939039
93.73313934384852 178.2546102832239 5.529984829837461
29.14082161872825 29.99938946364371 10.76561746296255
176.4775089140251 56.81180242646477 54.04960822430858
141.46236034972 76.33759230505672 109.1021325202763
137.7730524341916 170.0455574907803 84.09633444024401
110.6430530821656 74.22089570466275 192.9278344492713
4.416270442708652 68.66460693821978 112.7000425033078
119.3551147596925 84.59836414784863 114.9152297690783
87.99449967464165 123.383451463791 158.2867726585651
126.3067796009512 197.9462901390811 179.1711070072356
152.3147409029855 146.947382367287 32.14585595401152
63.15665739937673 158.0936980128424 37.1929360991874
189.8491724465362 185.3605362075534 154.5808554657608
165.9149605988507 19.90177979749294 118.9965095649741
177.1245228839358 109.7880472108754 134.846848968897
64.35315571575292 135.5421347934727 65.69855012033615
70.99745866870803 158.3897416493953 60.13999511890741
189.7289468395257 9.535299387129875 155.6086590510844
176.0638988229511 22.71693925092525 48.84542658690253
68.10307576646383 91.50933753147396 28.98692624901265
60.80665554745342 194.9513489845 129.0229793155392
35.32001849931675 188.1590002031488 84.76084691860929
97.45887237893017 65.23060991109594 105.4013450812182
147.1821437567356 28.22221832921286 132.0259446813604
119.5239910190162 20.05226082508668 186.7911378675569
163.7561526381647 3.185580763428938 61.82593148426017
33.39572705809338 86.95988394146485 47.47061748262289
88.72452876806157 194.488197874955 165.7504088808838
39.56463035715039 2.491281000078049 62.52208220105214
24.74455528115266 178.7439785912526 146.6059028006591
58.40026980770552 44.34375494067485 73.08360251263731
106.198289818353 192.4169673818514 123.402276844348
164.6617657574192 179.7765182508091 193.1963194523307
73.67506544196118 112.3252997382151 131.091092705169
171.4628457803281 9.328717014214494 18.33991013737027
48.05757601153969 165.1697509012761 57.05780092163192
30.37596973528629 42.35691666875067 56.61529720412483
83.54386977819541 48.60290040402087 94.50238688859581
142.8867456323798 27.66258630540952 193.6604087602344
14.48696803598028 94.12295333396703 168.8696625356464
166.8691622960509 66.13587570957706 78.70907999570407
163.5067187782305 132.4986262750075 83.79447799872862
156.4717512613545 120.3874317256838 64.03135461796593
147.1168142072231 190.4810029783578 49.88283874770678
148.7954920215021 113.5117237797419 16.35933041855804
124.9387394806128 38.98845401869065 22.4402293611526
36.68833461506502 62.21771054477706 137.3163870002591
79.62417703864934 6.005314393963407 118.3032008719053
153.4934711695302 85.99962916660603 84.35151730620429
81.67863402712706 36.69552496224788 73.38604652290515
22.23033691516888 44.53953033477979 150.8687648637388
127.7235895730474 131.8074748446926 188.548714014157
165.8417424847823 130.935659114255 139.9027206272129
144.014620273701 52.00403138461346 127.0602551983151
135.1325297798016 190.4983346395779 71.16614035816519
188.3336983478025 6.962159815560218 62.75436611554144
4.585380160319837 79.77377716755436 89.39661049185993
104.3771476078303 43.91097817504061 82.89200611252392
