3 1024 8.664577988371855 0.6529 1.4 1 1 200 200 200
16.06419043129581 32.44441179604711 118.4873360154163
62.64438909067935 4.367772087810783 40.12755523237907
155.711280132477 2.68533430347713 193.4332637933943
88.66920990312302 92.85532595704039 139.634830303997
75.26536883378596 79.72604645224871 117.510689393794
143.4786449144515 170.9630548657389 65.47121408667662
72.54149913566205 71.9006450309776 80.11817104788685
95.70955026122022 122.7527281775439 86.02801630070306
11.90937264996773 114.0633295881547 148.0491576738338
0.421360320972392 38.13356462761013 88.28773827710852
38.16143706462701 156.3728993720898 7.062410956582429
116.4282581377516 136.7848830404741 141.4278326393095
54.86809679463686 156.4228830699381 2.464537115633236
47.48578901624124 174.3816772858412 72.94789049762717
116.2831432094689 70.3280430459466 133.5003340175763
185.1703889072183 181.3999339466809 155.2191483890839
167.9472483744024 124.6422188120209 64.78741289940541
165.5747524091248 35.33307581731438 161.0700979994741
182.2731229819854 123.6484572262296 126.0325315519072
126.7198566725289 22.52621664644489 107.6591741826745
24.83021088327415 117.9812303438651 71.59346958053871
69.10818578858637 75.59255178373668 172.4118255282681
137.8691878880773 25.14018511334121 33.2587187831145
55.01439177818582 83.74172909243639 166.4745340065024
126.7526459979659 105.7002951321035 45.65167947411344
59.52737692362346 49.18450165221471 102.0474560356427
195.7667068032084 9.366231641448746 95.08550652981117
144.7399633392857 7.124173815274314 30.5440192042259
199.4255903612036 132.9438457773787 137.3423274011589
141.3111828781972 10.88675448283503 79.56727862876239
138.6801770037464 89.47403400673925 36.52751957951763
95.0726003944071 70.0565308897262 146.3530373342807
183.1276407168125 94.27166803328254 99.44083859464608
9.093558663516452 120.1229781780053 60.50111972189045
39.15179216445325 95.94747306514185 188.4840266544311
158.5147202872772 24.07515285509147 172.1918470220811
28.87328033870794 179.4760776437512 48.98672146627977
85.49060891213163 185.155430662344 139.7611819094035
142.7448101167716 198.6459120799616 174.2838970048034
130.1904668746515 45.70927203219023 37.9334474284962
15.46956321410132 11.59507694372704 85.00298110318694
193.6127812567719 108.0657355574821 99.6505161631933
183.623456666612 169.3667091309079 192.0030958002991
181.3256884829154 157.5739587306094 12.91087045474722
110.7876522547049 15.10998409821241 100.7259606718389
31.46317628390187 124.6883243938243 8.285701015663408
88.59460540123688 105.388727456437 53.27943291592382
93.60615904250103 164.9219553213197 14.93510055840347
184.0140832028187 94.52958933542429 199.0996708492151
112.9270508909162 44.56670356850593 38.90350779914271
140.3660131091732 11.27386314769547 4.619246834045122
32.12583155731237 139.2668543847253 152.7146543877245
30.7537373808587 18.27338227538065 89.70336418226381
174.3545833968679 182.9607617891745 42.81859818055622
115.1547915559653 192.1776884503415 151.7152208717273
140.864747797181 153.0628927188239 21.67098104009164
33.16203889234726 13.74385985383315 170.6904120832411
6.906815094829347 23.30556355965767 94.48144379570259
182.7569056652017 122.6976635558745 80.1633552089373
61.840729146516 25.3697482039564 170.4118575546532
166.0970380016156 14.07805842897951 158.8176430768792
181.9519351941801 195.2620422866248 145.3318772272284
125.472515484185 10.22536418748387 138.6175466118071
88.27765601009585 195.6072166120189 43.7823862664707
68.11363230985087 122.0948695530863 103.7085914999544
197.9420820096033 86.32585974724368 192.8539291197661
8.60408757773445 117.8706111872434 77.67615772402432
160.5221356555552 33.44066509481781 61.51224989691352
34.6440934335045 46.98080971081209 81.01640951069865
197.5266296363302 36.51767852638149 26.10536485104379
174.7375386431269 39.13552517352426 120.9653678231687
140.7332411686019 53.66691282762807 149.3654434758077
8.666805810563408 106.9605898450903 91.13942373385211
125.977540234088 186.8955938151278 116.0752739236635
46.23329483333195 47.44022002823662 186.7221070395834
58.50967817845395 195.4203770854607 129.6846175597209
84.76914998515672 82.99677001662877 170.0599253759097
4.700033474528655 20.74355720034759 26.07395707931478
84.08236159221475 93.61957637247231 122.9419314424669
56.38053515416915 171.0167150656236 48.77190502980694
110.3524786388329 95.10590292172087 24.60640600317835
120.6612948946132 145.7513476481436 68.73962300618598
25.00381870803258 25.98106101692427 141.6230194581699
143.4834422517093 21.46995909705186 103.3980399602209
95.75406344466928 163.1574001877521 40.31627005848443
147.9634111608479 25.72533356040445 135.1232487025088
172.2332958256783 43.51460706126591 26.47310420304899
51.22855346623824 136.4716346137962 151.4872348272411
130.4888029161115 26.21390794642837 134.2016133695817
95.97779983500902 167.1353148568138 57.18048150623763
9.965751467876503 107.3919997174542 163.9241195832097
21.39044311462006 104.055802657809 176.5195552710182
16.24720788405407 148.5018361454514 71.12479238010012
13.83591210392219 59.18924239907587 43.28821227338616
184.2877780225161 197.1067898405269 44.23014164363764
176.1149871445174 69.24786447614341 114.1027526299575
113.7643695601551 183.7763153399435 82.74648347429897
91.23796501817584 161.2373632315958 185.5618187517786
181.4996502573042 122.1314295197525 31.8742152775416
196.5913124867046 165.1988725554578 4.591725810045171
196.0684963263915 128.9934371647417 185.5993818613665
4.849481014898876 116.1440142208203 177.9784380259515
164.9897803276451 22.14812551732836 188.1504238161222
85.41943698928104 83.35317494411565 78.30635553758184
81.79283055114507 70.79178039348461 157.4618600577897
60.27995271614913 37.43608145352777 185.017529284038
128.1073231043307 140.9237102535613 126.443747638174
159.2712386764208 37.06478265648658 128.5017290755405
11.00579364333883 6.609557383065649 64.28871321977894
83.5650169238974 188.1654478347464 58.7054264383389
100.7900193424465 137.5497414504123 77.7937419150711
8.378878119838507 37.0483080737958 133.3205248434198
2.037741616413461 105.5513656640941 66.67902917460928
90.75958931772462 156.8474077445852 96.02027105755944
36.88735317984374 36.2544034180027 148.938958560822
78.81876850285144 182.8576435833742 100.2284437070334
116.0745546874002 71.94666663363321 68.3724512831397
145.4842711468156 20.40170170665646 18.43146905785715
119.5263652031523 3.874114125387356 39.24420154788382
140.3662576593794 72.47584404647853 2.542933392278604
57.75466840148561 15.63066292989468 3.312480784021326
49.6176726829212 131.0406033876112 41.31063299564551
72.20779058026132 85.20195743704484 158.328100049543
184.1142924425653 34.26822192914943 15.36585644220949
124.6574054390904 16.03565462925171 199.066077040405
14.66769200527274 145.9770652704348 34.16882227253766
108.7364871652558 157.1791248524135 11.55813971145779
115.7688477606321 34.02469703088045 100.7205820739601
26.4041386885975 19.06180270176129 122.2665581149483
68.50359510664138 140.7695815800355 69.91826765350361
2.700637664113503 53.49813077497798 103.7672491242038
1.810000394615179 25.77710394268594 144.7252286211526
121.0043690939569 50.97754925223852 125.2472534483401
37.44692347926507 62.70589625483358 5.455277548001268
95.29749049575143 195.9309948683982 130.380298327275
176.0485337496583 3.274045574880494 186.149846459797
0.8354973929050264 151.6657328465909 78.38826412496105
166.7139476535693 21.92698469552666 50.13756506870568
174.3325007180863 17.17075747868204 173.7477875587311
167.1557523647461 77.25427704437689 36.25154991512525
52.98516692464847 29.93078510225555 150.0001780491218
105.4877654518675 138.5418914016044 61.14433362454829
155.9197422961356 174.3886062766869 77.12828308506825
76.78061857249416 10.09359207923478 164.1051357834398
21.84707622340328 73.4558818302026 37.58110076467734
59.36995145067962 19.41235167850951 99.24889864972782
182.1606582382222 127.5749261727276 195.839077620125
58.28561948877253 127.718891041558 64.8629234665044
129.8397962168141 39.51965699848574 148.2605044119255
136.000574104654 13.01498540320775 45.49688474541328
85.35814567432013 20.18739186570717 149.0213064852999
5.064686115091701 129.9317473126829 0.3807003457111745
13.34477274106153 25.05824723926504 61.30903795599487
167.2102838372305 159.0170293120927 44.12499833710109
103.7342181952874 170.8558688216697 72.22288404638081
193.0955349217665 177.1239729522666 118.4125145710743
58.59274892025907 165.071509136328 139.3692007077113
154.514554554801 20.903468451894 1.898911581907232
195.6300946193699 4.373216206660108 158.6980074228023
5.370311092880088 14.30628570958189 49.82169498954289
55.86533689886894 84.33032170480993 94.42775908584042
181.9596000301008 170.1863517340865 98.26788847488336
14.39602420040241 159.9885590323289 85.25255578741222
84.14282258826064 157.9991414032466 154.1225984049536
52.09499913932082 138.8610041242121 76.60283832319027
188.4296407905012 4.024740087642434 0.0276185180555861
99.02684165056053 116.9844692980278 29.73490686390717
187.119527485155 177.0330533084638 64.34997142679519
63.05451386823333 144.9710168371312 192.3599015533068
170.4207788438609 26.43154162802043 73.88844506864149
126.7703624200529 139.9804037642814 84.16966778131648
172.4910925403772 72.84910064736351 167.8707481694467
89.02782323120989 108.8124964762385 165.5891167715195
107.029565400651 99.69617878613923 149.2000917627354
126.4632758395326 41.64666720457622 81.7417379196128
16.9090780475753 53.97469498193589 73.00651742875188
61.71367859825857 64.10375119271889 129.5494212482816
187.2415877144418 143.3982756360836 130.8204264699686
38.11952584012651 110.003420705087 198.5659971995276
33.3797987507659 106.1097305290163 62.30621488750191
39.52256760171759 32.63159013139633 72.4574793213821
165.3954500320353 198.8584042528356 148.9689394509846
188.6670392219468 119.7575840288828 172.9417345089253
92.98535395124095 60.21735082517835 121.1137041804607
142.9592189079013 79.31838879748868 94.66718782571968
143.9095030657992 87.2618896231385 66.93537124515986
180.6067384275249 142.5140431832339 146.8038959537312
38.43498020714316 174.5777746473732 20.68371475131214
45.9353939447724 146.7591093290526 190.3513089154042
155.2395191989351 91.88224173470762 41.03167260919208
104.9458066510466 14.53517168904527 167.262704228299
21.37574188580953 131.041369779962 82.44651904026682
39.54926037698734 30.54930450934354 28.20088903428442
28.01896369575506 37.49237032032885 99.13168578453208
20.02955538306685 132.9911652659957 64.38679472805929
92.94671549177392 104.8714056131676 188.5007236463991
120.3150217020955 55.66574573113191 72.56005851728277
58.60542795567834 169.2216990842099 31.68105493382658
43.36360798337683 182.2581311064268 58.07375449776998
185.4816917052988 124.3816475972964 143.0458295406011
18.87645137666651 163.9312175379086 171.5976141848874
154.9521103835418 184.1350532814536 46.84196600711363
114.6391342478389 144.8136128496746 0.9500087483596581
25.25669097393053 75.16733834753252 159.6746483940834
0.259844704909641 34.14708885988155 9.073576947420461
7.905519222975982 146.9451814207298 50.09457445074299
40.0474739815658 67.54882295600773 129.8946694193088
61.76497488641871 127.1031015573733 141.4119325515678
107.4339858508914 175.6564947961805 11.40915024644521
114.8378026234743 83.4062189107715 100.2575275645863
144.0348429840386 173.5125732402535 118.7587303932917
123.3032005156797 34.8431609799364 119.3603198286716
56.89159105171723 115.7379525616863 44.94446052033396
47.15634003531427 100.1844414218102 9.621417348594759
50.15596243977082 161.192515384437 18.85738212923455
66.727034131989 90.28266787213015 181.2901687714375
151.1602775509591 0.9840987425804512 45.42221953336607
105.3505694669009 111.8732316505651 173.7919760226534
185.8809174007789 194.4036082724263 92.94816481234899
191.1698661565764 78.68442363291877 178.852602426258
146.9894137111835 167.9422859564677 13.9248401453617
31.34433376529482 156.6107962189415 86.51353545222965
116.2713229378748 110.2840977787777 58.66757169043031
112.2715656826146 196.8750828736681 119.6585614222399
94.1034277690226 57.30381389961627 104.0682327365255
61.05587229493459 90.38814351855569 6.262271782973357
94.16045172300933 100.3662803564512 27.83712564667849
117.2380394421235 36.925190898323 199.8033568777648
94.27578099812546 155.6243063536517 167.9773731189842
144.4425879152504 107.2293150373367 11.35380873051831
102.0052806195095 83.65837903982171 154.5487984167793
39.8557513368777 18.98326388065367 147.1654096811755
193.8314214844173 74.37034752738576 71.52291202227411
26.86050492203393 63.83294142664229 24.06974098294762
62.66539711259035 34.7582311842924 51.87485205344477
81.47228288460276 98.42749534280368 177.2235327854096
112.8204277213886 85.49405348149591 141.134590541718
97.51997062445061 25.44133089917167 107.1761741890201
145.923206255128 165.6934276114388 192.4200272868048
1.931761040894942 28.88963065966867 41.11572600531007
132.1096611205024 171.9764032759949 22.78967480376811
151.8144508993907 18.72411061511055 41.29967112188579
98.95006746811367 92.5511286186378 84.01689006459554
115.1536553619804 115.0225493059929 35.76421751711302
194.0284961363045 109.7066874311615 82.28064346361111
27.91358822820318 25.08173761659621 158.6822974750981
46.17802470234976 84.59322455911229 199.529035028747
95.53706676704437 26.93208473873315 57.90412333218961
127.5519332475828 112.1344707761474 182.0694780150941
12.0770695310804 172.4472733849932 1.772894587173814
196.9780391942272 147.9916730831422 148.3096940113354
105.0269789000914 197.3273547803858 164.7997625160428
11.49012997910061 145.236082248933 139.2487706728039
89.59752934691782 178.4356478977469 45.69636905349572
60.41493042773718 21.53531798353337 40.90292460166244
22.48917453567751 26.67432215341214 198.0873523381742
33.59954058764492 33.50981469372017 115.0467685856953
142.559401890512 96.07176354625071 52.07426554560882
120.2610543113137 175.6376199544521 152.5158756736175
75.60575730670914 18.87837467793362 105.2795620389904
156.1056487722578 25.47590068137583 150.4179966233362
33.30542234534652 194.2325667764748 67.47132469085157
199.8612865684268 131.656028713141 51.44334377078315
15.05202402013663 37.9177512926736 149.2886673347841
78.53560582908418 30.19019725999011 57.12267715005796
152.4005148524488 53.37580582506163 170.4818765568206
183.6848789473594 174.6596361244445 11.2405986191033
78.70538465146318 166.172167466983 85.64074309814895
64.85919045556203 16.55383035456487 56.8937911975294
170.1597943827193 113.1923192982596 160.8948712500205
130.1372965277876 77.32696299127385 106.1531145464399
140.3127851321469 138.6610479025168 31.29272875207151
131.3210606080028 140.4549071737423 199.2201884136853
113.1589873326176 187.0157039316061 197.3676463768311
199.0904030189237 193.7133890186122 121.2486518391651
83.30133452433031 96.43295805818606 67.13841243038661
80.55881552698585 56.51092519362061 167.1997367657331
180.8747197467357 186.4420869362698 182.8992787394812
180.3641876325375 104.8399647630285 31.9453404552025
178.5056926706172 137.8891341773885 116.90664685304
9.711401408032435 98.28835413259708 188.5324426769387
190.3974114306177 93.83983600478419 137.7821808733132
149.8611197099385 76.25324877383022 35.82684627863589
133.3893756122299 47.54409662203057 64.59797014520782
79.63442188181732 103.2450165668809 108.2589837119909
177.322735239182 74.01085608432632 15.932707386399
38.19769917736257 179.2496935801391 189.2821015964168
25.9100197026649 123.6226070418066 25.09120410943573
137.3139204976397 196.4202321280969 13.00664728439397
156.521694980571 48.50227964752935 154.3693037925877
25.1480957165727 51.99726979844709 11.52873106484046
43.23516190776132 123.4223132054274 24.78922298803364
44.81761107431776 64.44401176529861 189.74679950145
142.3310474447611 65.11644665122424 104.576192980086
108.277368340699 156.6404774733645 63.41485467227142
149.5819462108789 167.2981631144907 49.6719884215865
39.79225497635669 83.93636665299044 100.8912904841084
130.3619063087784 156.8364031547365 35.02975585943619
116.1293352065089 2.726772221782825 6.27148140139763
117.4680916256814 98.09915375107731 183.3444022818299
30.96556463353486 176.1403090312006 4.719429967168411
48.61574116913866 191.5007445399625 76.20906016397439
34.29067048312776 139.8734222650781 89.89453777489381
77.61439385084695 142.4283808610831 31.90905284403579
151.8457195008807 197.0684413540643 159.621936585535
34.55268154066642 160.33272032424 108.3402446760455
180.727553824548 136.2439847962855 63.25159154914805
159.1804475545175 165.6176937659063 115.832623320373
178.3353413737738 95.87925715224813 17.25244882322982
6.291177930580595 134.8006735586139 74.79198699263031
32.45923559509613 130.668219934159 186.4347459878328
80.26137677165327 129.351679623929 113.7110789049738
139.9709581614102 110.4913802261329 170.0962456059621
92.84120648183942 48.83362254850219 184.1747921535214
184.6976346950894 165.2569171837282 51.86994631447282
85.29738804637 174.134431258445 68.89476160832498
55.29379094762189 73.22642312831481 81.13620942345484
42.80756171033799 155.6697518814861 73.55209759064098
190.9152780013939 131.5723505062305 10.24963543440259
149.4914238552702 150.5206699128708 41.25615137457073
198.6959661194124 198.9080646895412 54.13956778769894
72.91411295198476 30.05029853386533 4.973328719593498
91.64949285805922 38.40719785438849 97.25695914690327
135.3667954457951 94.28878792508247 182.206723832184
82.94480651201431 127.6503839471558 96.67573324035654
77.53885862640185 109.368238604335 195.0898801614088
48.42937767330145 82.60843109382269 182.4626577793154
55.06430392387968 194.6862941358863 112.7183244110941
31.29171836872555 142.816410815013 198.7364111751024
185.2619581598953 147.9468935267355 51.30335889232757
112.1270720860131 122.47023604369 92.60702480480084
113.4659533759858 83.60675952418852 80.92373357046247
145.8206932920684 90.2109793372298 196.2675890765061
67.03492704015773 107.8540634388997 10.45204045482195
12.97422192159275 82.5466383048467 1.400232402797738
191.7165488293774 39.95736568884019 165.6576837274167
111.9534695412824 41.02855744114666 152.0150938986627
62.85642018157839 182.573237528073 21.48791162137842
161.2965521283764 32.79326462478014 37.7741182906802
76.87620899847579 173.9217707774225 129.7667101271817
193.9316806628779 125.6130665582666 66.84708994195745
130.439391110698 120.9446658172291 196.7804907844783
125.5313900243072 10.59731560537057 175.1844126457191
56.21933250786149 32.76204433970041 1.202500098591841
11.69679331983963 19.51982201890359 184.648207463004
128.3402525485764 124.2954738951714 29.40881728562145
9.569286483704676 197.4203283202182 151.1053077782095
18.19170983826564 130.2119568237759 147.7987500627254
140.0356576061325 182.8074366887677 180.7712139609039
66.7164032273202 20.30855673821651 154.3764052302384
135.1687381389766 196.4961793735667 40.32842694932383
133.9481065452082 149.7042650972209 141.7987275843477
102.9479701504517 107.8492671650308 91.10657612536707
70.99232875074784 0.3767504256732566 54.77854749239703
73.86395670008362 173.5624380098156 11.59348764361338
149.1235490788454 146.9599319484368 182.8055693714358
83.26782510895359 39.18556214087823 15.46710785093586
145.2776673940184 165.4187725131177 32.99159249676893
13.93784220164419 13.98371614400235 148.4843311128161
108.8270956024702 130.9094808240269 32.95141810870316
156.9409597565529 113.3686015301248 172.0987112022229
160.327785861956 7.678033253183842 177.4941553524342
87.07924032911869 93.97473591130523 156.8533470145819
166.6265902928652 29.56965908452928 104.5220947805589
51.60439224874925 158.8369434143623 112.1597088468151
182.5718530065072 185.0501073983539 107.1553438925792
12.90835400962042 119.0084954302655 12.85707105629052
133.1560928706288 167.8970214058983 140.5914312813281
163.7021690123565 186.3598025188203 137.0855534953789
68.16166880355524 185.1097000200968 139.7255486689718
21.83703205901821 65.58753105472179 173.7034744486862
165.1743219531341 170.0277401505527 131.482533383165
189.6460258576568 138.4422335044303 77.94549975694596
181.5917118984619 83.9960014627771 29.43703144740778
101.6967982075552 25.40918610867766 154.1673071249557
20.89428777611814 153.6622511635042 100.0187230545473
69.18074676624506 158.9981308936812 124.5322749776523
9.871908123090604 154.3437409539075 2.124621916470897
196.5587728913403 157.2919502644918 42.06488027856964
69.61375320389268 15.4833074983664 83.38406814731383
92.54723021726214 6.975026541476546 157.6258845609817
43.73257670531814 164.9168689347225 58.92596954327875
89.24699989595175 72.88458796546865 109.894732541203
7.899455018064995 0.8884736079501203 189.5714552481231
55.54829073900181 54.80016657605454 199.3452838031462
26.70932055727063 75.73972552606276 90.82081096110988
170.0385401580293 179.0203673992015 117.4911320649085
28.92447447989111 146.2558900827433 137.1850391253086
129.7147632864673 90.49097288035351 94.89322173560915
138.8749702632196 27.2466428306382 119.0720096963639
101.7791757499235 97.07958817690088 165.5060718234763
188.8508881713425 28.19450423395886 133.4789016321711
109.8818916748103 181.0202053605144 113.0870632893988
132.8520739757076 169.6675309602096 172.0525702530244
78.58693906449882 192.038766589409 12.32480910456159
40.95925682846959 128.2793653809645 162.7887193550122
183.1318084462586 129.528262380224 47.45971760415924
77.59842996362936 73.15571479126463 28.16658984758691
22.27804717829998 47.34142832503176 112.1820848021635
169.4434402855157 51.63915681131913 165.480640359519
91.11756465244694 14.48441941331492 181.3520754595863
21.95964060015629 61.84013612067191 58.41457122136431
109.1962133003775 8.449698057660527 151.604466122936
55.00806481596738 100.0853872404446 172.2317484060736
120.2891081841703 132.3548363165129 188.5907973278544
135.8666866560904 112.6120195637422 111.23793787277
105.2217679134677 160.4498507427855 105.4894444606967
111.9193432176872 167.5510667744396 50.39955983014215
96.51457518648645 10.34749444190004 139.9402534475142
155.2725910168488 96.66605450006125 176.399818239323
111.149396284331 199.8365015472319 136.6953810712079
198.373916272644 196.7399478048113 13.80419319218097
137.9327968326043 78.685595253215 50.066727163708
8.488851232426025 43.38738100871164 47.97846774995557
152.1523139109128 123.0768899121651 57.83439381161679
46.51687013542433 164.0484446243558 189.3343648871233
194.2481770502048 93.52865907126011 36.45250189032111
108.0511184830298 110.274120143259 16.55091877052359
192.8761059645129 95.83694612233587 120.7479265528028
180.9972837729996 177.3952167130669 130.8162773489224
0.9882945946966067 93.55917833866894 105.6052128683374
166.9020877272788 54.06400045490084 116.9615221184302
196.047496664246 31.9766780113219 180.4173672544399
32.21157000076454 141.97785868549 72.8199389055996
8.883149586599714 35.2215439361749 191.5979897296637
176.519357449865 36.2769701419195 55.48377520075464
130.1894897162717 162.0675205036961 156.7084561457562
50.27806576210665 86.02493781723986 19.11094819762723
32.60289181146081 182.9486328764139 80.60398189880381
137.02096723619 69.72459795669626 167.262854421459
63.63713500034316 44.33519727434756 124.1925463465397
103.2366042072728 27.20909909667475 90.88272031227439
36.61122419818057 36.5248561885096 196.132194468865
124.5937712780078 54.7119939068472 141.7836237404911
131.3079907498175 84.85837647242585 78.58499717775911
10.95900139383863 38.36180060885126 102.0428084648116
93.13329495226982 108.8927704212885 144.4461345880316
15.14529703806607 111.9000270351309 31.94593268622292
197.1035313116476 143.9742387374571 63.31493429775155
69.75510202204687 1.023351699115969 0.04970734301612748
179.9887612496539 86.13548554432208 114.4157835321635
138.8089126217021 21.05890444365963 149.0766003979425
89.33598482447877 21.91470681820742 165.7984433719789
10.29518017991921 47.30719388591098 3.936376492741791
11.9421121365557 20.15415461411798 131.8406456223356
72.98531032426652 155.5746028327299 141.0876309612201
70.12837802869593 101.4834351424725 163.8825283519527
147.6993257298231 179.3398261952667 135.3282098910239
186.6455687814422 194.302102930841 65.70967663940452
21.44765259957779 22.66540227975542 105.2331274503622
47.40482022471129 19.60739158504458 162.7505408730601
113.2681801127614 67.31638662823345 150.2967378607156
122.1203344597712 196.7518811278926 54.82650511297464
6.371865344015162 146.4147654589215 93.94690590992634
180.0657058633251 133.0924490559811 161.3370427195561
9.426470213585715 98.90832499534379 5.870417744274847
41.48257465346119 70.05625863106697 148.7426554207659
180.2929197384659 66.87582180428481 31.78080770810191
76.7813336304735 172.1307850959442 147.3110821480948
64.12254586256181 76.17826282909672 15.69454415050677
117.9949537182366 124.1310565840006 173.2339630171292
41.48620674276575 170.4849166885533 88.72964077852866
70.13426902291765 183.8078433686345 198.1115853360388
180.5044096117637 133.9482412899395 179.811160505097
189.408293583381 0.8886682266835078 108.7968343846113
58.18147344287371 33.24290666199693 111.027483462819
129.9041530745925 171.4365481526007 189.0369123054919
64.89279339612402 2.584698970222352 72.57808483483802
128.9889251950982 180.5878010629636 4.619151651598519
50.0851654905459 117.2570561360144 10.11401748326318
19.44655195676297 184.597821438629 139.8630143142094
39.30608638649404 127.406066893824 78.95366772394246
24.37535423172852 96.2166214257161 197.5309325923743
98.53469459443646 194.3846902810527 147.3338208799921
162.0687428153726 173.1382771291131 35.49672966024251
13.16134244232148 75.51910687670771 52.43363975433964
151.7399689048549 127.1707655215471 162.870135189234
15.45250954555873 180.541333894028 81.20832332896119
113.159207867655 22.04373051439153 141.614983355343
45.40064351045233 173.5080928446612 105.3361089929747
27.57459608511903 199.3574825355021 83.00156862124685
102.5532033533396 197.1626873684945 86.56385583767249
5.429744337858015 39.53365985032984 66.61615048850857
166.9478232280605 127.4835937145712 171.1690741319992
69.57280260608337 90.69744456840006 56.50058063340859
40.46770577036555 101.0812055842751 103.3194487094659
170.3564286826197 11.20398435208599 0.4683423528382675
80.56832988593349 199.8195990075103 28.84607743235927
18.9022285018247 66.56820261902604 4.53568278011609
157.3508384764932 117.7438905071269 6.54579677576642
165.2969556009213 178.9256054531619 19.48484008116285
192.501762583149 73.83894904675164 117.7686244681885
160.4596673112933 95.0819675961378 122.1843273623524
46.35760787845224 124.8192195894713 194.97413175634
165.1648704328698 85.26422641175716 21.01452451113443
117.7187248910017 37.78971430342937 135.9974017458876
1.920503968423602 65.46544975867167 7.804522472204394
193.5753401438126 33.21776781773428 55.66648575183532
88.19095334228041 129.1934477071762 35.54997323620592
191.2944676417421 120.4016906108446 111.5976253119073
144.4135198778096 135.1434623817849 47.757934965457
84.44882593164311 133.0751098559872 19.02103633376894
148.9856795310216 14.26487158866595 161.5498237825514
12.28625254590399 73.85431732320778 18.8707361955834
50.11306815105233 94.41905788954435 153.7366526227379
63.93421583884102 66.79186574622189 96.46401573395457
56.63416086541733 15.50094809441894 141.127476269648
102.8529986356894 192.3285880163297 10.257815735478
138.2682339872991 182.2344491617087 104.7840053245917
122.1153388297477 119.2580366462871 11.88538705349281
138.3631457809126 35.48025580737323 94.582407989386
112.0798179878193 23.14113886934369 189.4956495989107
181.6410743069545 108.9959096823007 64.56089165060652
63.35853719985866 141.7786971305387 110.3537138986678
124.5311915674778 166.9238658325856 121.6833799666941
92.18791398901028 160.9323752932783 135.1728141822201
190.8751348834715 147.0016953558082 196.3086117337816
80.43855230848602 113.620458235333 127.3085941031409
198.3129890907705 58.37927641497883 84.03536395230867
67.13262825316569 52.00030544857087 18.59549738269109
146.6605521706028 97.3418667470746 84.97934996287499
58.84642688283049 156.4786914198575 174.4000956069243
101.6226801672674 47.1068210051161 9.018604583930115
57.79708985072006 176.1866870722378 121.8135004462525
89.81048677255194 145.3209107618755 49.28326182261302
6.637752282137397 73.85059371460414 102.1292898402775
39.27006577635166 128.2291196933441 136.6050388472331
97.12836525694428 147.8650042927739 26.29434371237191
58.47006631028938 4.957883929804413 172.5136839563801
161.4956654259622 146.3242798655187 108.4306429881259
159.4583798895507 130.5630812541323 28.54664166450893
128.6663463746599 159.8460084293676 6.256325782288896
150.7968615525244 76.90702482143685 181.0821514357217
173.1977573164588 189.991543142658 1.894920539777811
76.93956793264699 75.59979146551116 137.8220541030424
29.59296911092126 14.63337444612105 69.03822029463603
78.16533506065684 120.8331551721518 152.5538817774325
181.144801093155 69.71288093548951 52.36181161898322
25.95446323311387 41.44404577747157 59.09478227180658
195.1898496915232 84.33598216536832 13.36936230580144
109.9081283668432 167.0243422223447 192.6545457052666
90.68824297774199 173.1044977829036 114.2432624778928
199.5459242094209 72.86460283121693 36.86856856457182
132.5139236254124 123.6163770952915 155.7940649937153
185.2457071043716 22.28968082588157 156.8033378356855
164.5121770965616 179.6072257919723 156.7793086389899
120.5580446336015 103.1530428088632 81.02792398353645
190.6868279891165 50.48528767418986 39.90870946282782
192.367367532694 47.78632600740328 193.4137619961198
130.5240714493812 197.2706121264153 192.2927868675131
160.1625680313504 104.9202600492099 25.59967980170276
85.98123911217826 149.3133126400978 114.8040266005104
181.6226931101133 157.2843639297346 71.15514507667335
19.19424174793858 181.4595936941385 160.4161962980028
142.0906112556543 145.4321639781122 160.4558916445292
83.33833963609024 55.27424292990464 86.39426095579391
186.0033335565784 24.45395409428827 196.9977517617779
105.5763223520245 15.98355982211175 73.53552956705732
98.92949922450354 73.14716537193432 91.4933939885434
47.56798219579009 138.2150714104798 10.83247493568787
155.6244427034808 53.06909922847802 66.32288891575931
81.10240554355489 191.5353568141108 79.47666637949371
48.97886881040836 127.1894222416092 97.35947159373771
22.57975896755412 66.01992504714501 141.073284782618
84.47466784336076 88.28194812062907 42.20052459030497
12.44289679813708 85.80538527186461 172.1269873366228
163.5506451280146 87.26160696579871 99.29358124220981
74.30178189282623 146.1541896651549 89.14874974923787
137.1587382987375 32.24750978122996 3.506515550159549
54.41768992290092 196.8363737195081 150.0211425231254
56.49349480784333 103.8065512972531 27.91828009205204
43.3290057803909 64.16028751358631 95.52543924567847
45.10069935758394 52.00254944633466 116.7571358624598
113.4222481008314 147.739419393038 44.26806397592863
19.68339231813138 133.1277876367272 103.0671435536875
28.34883213253056 148.6343325259558 53.50150426309263
2.223819095971371 164.5833698382945 184.0335169056049
136.9312608073404 57.19713254647969 183.8572939583838
170.2306509215313 42.17658263214413 2.057254582089105
8.241202379695608 93.59974493323168 148.4571139178915
35.85581693873593 186.1047242298325 118.8492018623746
31.43380864333312 110.5515997374682 154.2818858285688
144.217105290639 132.3723206253915 136.4303840938135
2.709802578834995 186.358253398549 102.1392387849743
86.97942009458875 113.2735108779496 13.19924936062423
19.38660282257047 98.30838961378879 75.56335616180584
128.3153419091952 49.8049319982246 105.8173776112377
159.495169160117 130.5835507164583 190.3310369094558
27.97242384274858 105.0268118691523 16.0203659315314
102.784015765593 8.901924999591269 50.50495407002433
118.7172822565924 79.53519567902767 166.215772734958
13.50838333216501 186.1849733976695 61.28846503123484
199.9860106682931 166.7835246932567 156.6908116205523
47.25642043637507 39.8792219159136 167.3787095790177
30.62782110516408 84.8232116556082 58.82004584884309
193.672780895027 11.03563127787756 178.2992580045165
62.0462103378191 13.53751249382479 120.1106214574474
70.09449011208382 164.4693320593401 104.4919296044935
8.527564990728418 54.02028445924158 23.85802000262913
13.65265180594114 176.7015866113206 121.5188318552227
111.0267412928254 38.32747849667533 65.81702338939365
89.382374565452 56.02306552425512 27.97254155414585
20.92730765405912 126.248778749469 169.5044062732399
182.5379917528196 49.75616632745781 100.3212644696017
170.482961515609 103.913471786405 138.1202111894765
91.97820822195594 182.7653688462548 25.48330230721149
129.4339039803855 189.9375005745376 136.3534858998181
97.32469738403064 78.91608036463087 23.87755967318564
151.6075120262529 109.0280202281198 152.4745124987154
73.75110113419289 59.42925941674409 113.2506681203548
104.9752921578051 69.74317300081513 0.961805547621902
40.00776635908512 113.5238540695027 177.4082781160739
0.4686268475327862 130.0755910842552 28.65852773623909
136.4557387866288 67.86680182980119 67.76228626766202
78.11244670638625 194.4776317633055 182.1463899390961
89.27381272567196 126.3857502990632 192.8332414771194
167.9301847054349 197.0393584347699 57.0684191893972
148.9015364466533 53.44717542454128 4.620258513639705
69.19256132631675 99.18635969911446 143.2369258431757
19.18819989541715 33.02657083223895 17.61111520120266
8.195353368658067 57.78979548432429 123.3581894113856
161.1499592548815 74.31339680760357 2.864912253201886
27.66518916599402 1.41195031930612 48.78827761650004
97.45920996747834 141.6916015703179 148.9716612919539
47.94283794896356 30.71254420897897 129.8410723514027
38.83496652225798 169.7140198193866 170.8134814223137
79.03069079864704 169.4660753946344 170.8767111155742
153.8101432997114 191.8434632517548 119.635427878324
26.59361002871415 53.72203982266618 190.1049838350994
15.96321629669612 102.6963710572613 51.47137708565381
144.5500652483444 153.4644156863799 124.255133145376
25.81444639703893 166.8735763187334 69.29490602612859
142.7501426505302 54.27169806358866 86.8411972669835
122.3537960204183 67.05637206896937 89.83557189785039
187.4625604360004 59.20826590744915 172.5815523686663
58.15342240251997 179.6240731141469 181.638054667662
174.2322187940918 39.7630538471543 142.6903530799183
47.16150647554226 21.35769373094975 186.359576408999
10.41069038617906 112.2283847127068 111.1796398010902
34.95957387833754 145.822213698142 172.4170556833298
49.76660826443653 109.9210797139321 74.52676063948978
114.7765777860607 157.7537645635713 143.4328448638971
152.1629828992816 86.08983934508487 140.0277266450321
28.93631447411846 77.8416357382562 188.9302871901918
50.79352111652387 152.264859726687 92.44792468253728
162.0799656068102 61.39518474381751 23.37447404721709
112.8167081376363 54.58851209098884 183.7212984319965
79.56947247326147 145.0453867541609 179.7250474036688
120.2923690576068 79.42375316115597 39.08087796038782
149.1991355543522 184.4013742420184 0.8975367285043137
124.5828197283971 118.4347398783323 133.4634518753378
28.44425653525575 46.53939836787308 35.50805130876449
70.15745234546242 146.8384061317323 12.79663897874946
124.6356449365033 53.69841695223526 162.5536313679621
22.13882331675586 24.17787809195254 42.48701452393478
67.33272729032848 44.2916949157656 154.4954160450405
104.3655780193706 43.25335760793764 115.4557728148547
78.41415748823007 37.12043680002701 174.8460365895068
156.3325978138788 15.95476094720101 118.7870054761239
38.72090876937756 20.9653390675003 9.764952588254816
154.7287765289486 112.5904973877055 102.4836149865688
81.10402481854004 36.3829002330047 115.0640019546706
165.879673501582 166.870146024997 2.551584564998432
19.04153727400967 128.2718253124959 44.15941492125248
156.3352481292613 75.88078689324226 79.12117002661759
162.1349542782261 62.77242728814897 98.69068585490051
30.03590793203674 1.098361990069996 151.1770976568309
139.9485032357365 44.4100205706583 130.7602009008358
55.24170328635952 114.2967605041437 157.0536397712745
127.1328927260362 35.11855352985995 181.602952642884
138.6957178732832 135.4466464348086 67.74876476809555
148.2959621627848 5.307138465594849 139.0491269585112
143.8317618222711 59.16005105960377 46.01947242672864
156.9505823009301 3.160836670370604 14.18565888241638
17.69406740822811 139.2095550977358 14.04916888004772
119.9539043414799 188.8026846134183 21.55084703508034
113.0602746768082 166.9146436189849 29.41689096260102
98.54660286782658 182.236615277764 177.5551872227141
64.102192206068 183.0092726181355 63.9014770081025
62.19985088840516 56.51148362212824 176.9644137694514
35.77268037357371 91.36722568851221 168.4833488757027
103.600417953054 93.64361603694648 4.888839023558392
76.13437749734837 191.8576325695282 119.2417529675243
100.524166047842 126.9707882022419 129.9334142845116
21.50168140512852 162.8954509039643 17.65760515627092
144.0601314072952 115.8084536726731 40.11204577968208
158.0493045556635 76.67842152448773 54.93676628299447
127.9493889088765 99.60824609818803 1.238339382108587
178.6034871655273 163.1874237334397 145.8102824347621
52.1995690546397 146.0143125886915 57.07724641663342
68.02274652522881 123.6061886822644 82.76975975708929
196.8196814556123 180.5168157261869 44.61793165244169
42.06684679564462 67.73434410363107 169.3992283857879
146.7118088251111 140.8089462486749 90.00677450549037
130.3899754068746 96.56483471855492 142.2036668139823
198.0458079241292 74.19117628861184 138.0688617843501
124.8657623901292 77.96284972535568 189.7621886071694
117.0743173845957 127.3668522232732 112.2013641005678
70.58300186153035 185.1511841164023 40.62085270643437
183.3938907086887 73.91953544436316 95.19263146105175
124.7270133960945 56.13546499723185 4.797233095177386
40.85501596615343 88.17894123513386 80.56165882843443
56.10718629053012 145.3620253715289 133.2246235792967
78.77555148518508 136.7932858620856 134.2937243284378
176.0842238806294 106.5589854100008 114.6655126730255
186.7862104348276 13.34031868874577 18.54644721195958
21.95135402718296 106.1720229806085 131.6414209229849
133.0284568964171 72.95516567224409 147.1153320928458
62.38365719540077 3.251030141598818 19.36512522670633
141.3177158184122 89.58791489638476 162.7060508479328
3.847440816616467 15.13939090840103 113.3557500584693
15.20041805529397 3.275152181451217 170.2479573309285
196.788082639307 47.59081951019149 146.9918051852221
63.76369073724719 126.7374894035362 24.78043299807947
39.6815689867251 164.0145814207693 38.55024526102908
95.77997832633528 31.19581307089141 134.7873260401325
2.980377071853638 163.8532047274323 61.67653014116858
19.16917324878575 33.09217134423506 80.83588561524873
78.26765300995937 110.9273585483522 36.101578855733
89.49406093999455 153.9966341027543 71.93709386632496
142.9350343074748 93.06259527741312 110.7363822756674
31.61088527361952 88.22494985053032 144.7925371131017
121.1782862055772 38.21350244148468 20.75778270159581
177.1786724667695 86.7252171382758 73.08253392660157
159.4693609116747 57.81859152934664 136.0156301782879
35.34103584181693 110.9374210827422 39.42451750776624
127.5208887926565 20.79335136585008 62.81687237014946
149.9737127820875 148.580135103738 3.519839250872984
49.1965483701422 11.42489377211337 82.96601625638371
107.6248605262146 21.38478905045715 9.728677154966269
180.7729296061533 169.1122735669814 171.4066382689243
80.21769497854851 51.69288606744358 135.3167895878449
44.02654503049582 10.98801421524808 33.65054736565028
27.86701298766269 44.16849554290177 131.9568473201998
117.8706369517078 104.1844489841371 105.1156347384961
113.0977617507376 60.56567519822628 25.62267897877953
170.4427325767213 16.15438595783364 138.588149990406
107.4637723407428 48.0157270154175 87.77144743573588
17.70990065812011 183.2504913569996 184.5634457284648
174.8457171512535 92.71240882421395 47.91030970628336
172.6604014084857 87.26691410518914 182.8547087503106
6.55743798221638 66.07993783682254 159.2895836452878
155.13066441612 69.07432550211826 157.0641244617462
38.66399205549768 125.9060201110182 58.22430452243413
198.6638187942182 183.9570010582789 139.6062403845362
134.278141962545 66.90227143161084 123.6611252965311
72.12725646043874 163.6533422576929 193.3954261441025
89.63289557706149 34.01894031666595 76.54047150620379
19.68239628730725 164.0153878528303 142.8009770045716
197.1397623791412 88.18696949191393 56.33966023396255
94.02102179081656 128.6804158025668 169.1537544010702
78.34838280017034 162.9955008889996 28.93180869752334
7.983156884936181 25.7274038780694 164.5796401504009
188.8841938840092 83.13768993895759 158.6718376057037
99.73759159732008 64.42900192517116 165.8195014784557
110.5284732095468 114.7259354079328 193.7270868530685
108.3871654495639 3.316255127272381 184.4280534571483
27.21331220632343 51.18623079458018 159.7012317348744
96.38082423845199 195.3222083301749 106.3360726030258
178.3196535932881 7.902879354235953 79.05574165565091
103.3994153707083 103.021615974795 127.34294853049
164.4005768117408 42.14517517366328 86.12404082444795
60.15447491094284 30.07235012030492 71.97736089954738
162.1181232610214 125.8418995809128 121.4140726460739
27.48533716598733 68.57187688649763 113.355799121173
123.9710039142046 0.2609297020841833 75.23764350237994
199.0414677618173 139.5370646585936 114.0860472398154
61.39499590308792 67.80720724722845 154.7394409237199
61.52946566047378 179.8624366096012 87.81580558904402
14.35246198720244 147.4719059018655 159.7239317374647
164.572535588987 139.4160297691463 50.54790522212254
173.480392272246 111.6133076327173 184.5800549718801
156.7056782114579 74.88012963327819 118.9976424189244
1.301322499087866 162.4742895571494 106.1455430197558
15.60059787808835 165.5842324360098 41.03275288201643
104.3728874991301 130.0953189714644 11.45642012277463
97.0073876830607 91.91777781858966 106.7420211220957
22.30302423777739 186.3903103051919 30.50857222286655
140.7676243386038 128.3497138956568 13.24020739708379
181.5612478126729 28.19701440809236 36.99801538518916
166.1527684921468 148.526565874457 160.5958297004037
152.3850400719555 161.7814908513174 145.6545228494442
166.6016716744066 147.1339574192254 132.1428862497343
198.2789967211286 160.9942303192377 131.7884193779958
178.3034561231547 62.92332099845735 150.427827552551
126.6718107311504 12.11281949886012 21.54123745546886
123.0327038435621 175.5392591115838 66.05415607555402
121.7327109704869 24.69072314984659 160.3737697326243
136.201545194065 111.5055013363407 64.47439374846694
158.1141556508696 18.87552032805947 88.85046767314317
161.3467139635659 155.9899047344078 23.75636548262547
76.46733054841303 83.37091826872465 97.07413566313868
133.3369420666331 155.7392321828155 55.58120286252147
37.76601579510839 87.0818569638314 35.74445686984535
80.19484068359039 73.35495677689319 60.83777645138061
179.4499962572662 160.5041912801517 116.4991332244957
13.94357987464927 91.21483341805052 30.19577882636239
176.1892200154286 62.56123532078443 75.00593835457589
194.9339325674079 112.6477771239531 44.60113975441124
70.48846757417805 60.24149610800919 42.83286952478014
171.9049325735047 106.1688456008332 86.59917398382294
73.66025181673922 117.6827464868104 176.4307019714898
17.98059474386746 0.5531567113664386 126.614102120564
48.90564093622134 52.28706635642282 140.8951249753697
38.7432838438007 65.44950685173318 46.68145612327684
168.9828215861311 138.492391819221 80.26258030507657
118.438580512168 24.59301867455278 40.64540241228095
57.80935387943263 148.533818331256 33.61025135432387
69.66962290499974 131.8628054065146 47.9613825266714
6.817027053995855 14.85055167246894 4.943095643209631
117.0506369470651 125.6503724104695 72.65622669230666
65.11246855910701 91.03908999919055 76.80835302884113
96.06732549626695 175.0303737344419 154.5272031958116
158.4589045647809 101.8577518505625 64.16347620683356
85.3789342065009 129.047698494515 66.72095197581508
30.94287688105323 81.11148018202104 13.24415230760687
81.93790754070683 68.2995617455995 8.41773142179929
185.8609325909127 40.35726871913268 73.60878269759766
43.97811877525249 25.70029444397764 52.94078636462015
133.6852356400046 7.122495065338863 119.7676570653607
71.6263775812012 29.01992362115431 136.1438896442648
199.0124169296433 20.06161168168482 75.52098892655857
49.9171442123007 198.6029032068152 194.3073252008051
46.54331112063103 187.2810368813505 38.14733755043935
184.2796567785027 70.42671017483426 196.6667066835048
138.3062065335207 129.7179226895237 178.5480290674977
111.3736102011688 66.227417209278 111.4519244502594
75.11555631791411 48.64702922726072 195.9353708053377
128.9232693799605 151.8247947988402 181.9771092176327
175.1612417420258 181.3666678676858 80.80115081802542
166.9764862528295 172.9292058477469 59.57880758843316
99.31164041962015 69.50104881783528 46.14707912192456
59.87245175911641 27.32564823647521 20.93894176142747
26.99476486796197 32.11490567163084 178.2301986643415
40.78907374944603 15.43571162206824 107.6942071449529
160.3663599092526 186.9835737623669 179.5161679084196
95.72508242415627 116.4123745303353 108.6251870775339
6.727668780126649 68.15202320359955 187.7551780988931
88.81754623734368 12.22664643542851 90.66691279693006
177.227608560024 198.0713209441844 166.0505192662063
77.46687617343592 190.1428591578994 158.2859513749138
132.8706358008578 121.0191454115386 92.4556956293486
18.22576647261618 152.8647922682424 120.6256262538311
124.8206260322082 127.0337736495082 49.71728096468576
106.3516183573227 98.45657333703377 44.73450477140492
198.4641374670793 112.2036547798156 132.2949303118388
44.30302172761675 156.0793367869058 151.5085186613373
1.657116819164773 1.655084849472859 33.74106603016144
192.7609468056315 99.28661468632507 176.5277987073943
120.8673814416639 87.05064685958719 122.0233279988915
174.8075192233958 126.0201043522422 100.2382060700052
17.47808593182381 191.7584092015813 7.279871244766751
100.8323525724796 85.55851528743329 64.52393171321715
184.9533230211173 14.31774183258728 56.60405060817707
46.74116837022042 105.156297054337 136.251200018133
71.631256562467 35.0056526381256 92.77305819234945
48.17660983984696 66.00926754167267 24.33892130474984
98.527656206662 79.25517541804639 127.3794009066653
121.6572758496515 187.1901858890487 172.0856383936444
184.4308753200561 56.15410966973675 127.9518536676287
146.3944406556752 108.9028467414434 128.7824174451456
108.801756029567 120.4311642891356 151.7785397656063
137.9745311789835 182.4363124843994 83.87775757859059
108.5001364208629 186.6116048124859 42.82483888232537
152.7050580573279 38.85371600734059 185.6173115594804
138.0567570702202 64.7650095154962 23.13587100056482
98.99944286314744 60.07893908680041 68.50023362811645
120.3267995212 58.90194637471675 52.01934129784344
96.14315509064927 176.24718625665 90.81639278703796
166.9809974502827 51.46211919409605 44.95472226038358
70.00884540712606 111.0624465587362 60.68060211836679
25.96359708136648 161.3577468675505 190.9761651033326
168.2505651163505 7.5397063419932 35.20237521560365
69.99235735597867 143.1363193303741 157.4809018895214
53.5419271546682 81.87563026194556 136.6058835580063
144.5048622501029 33.26193133702181 74.83974638701714
195.7871163662125 7.801919031156666 136.1816092826335
132.1005696848191 3.026506822154038 156.9654106211297
41.11814821146527 6.799127057646247 130.3625240909737
165.713830679901 160.7317903038538 89.37377508164464
188.6951848095983 106.9152364962343 153.8620696573583
140.8089416408778 132.7897960745665 112.128503458531
121.3405571471287 172.1095874247639 98.19985228675868
124.0581603511539 90.97009030850762 60.07982473134335
55.34623786835665 75.53382482541073 113.2629483692586
19.04263732691928 116.2824040344125 193.1756953905337
58.01316814161748 121.1020194375649 121.858475601628
59.068226453441 174.334793178831 157.9796877217572
177.2195798780828 116.0796026273015 12.44670025313498
124.4873391908293 148.5393324345984 102.9823866920545
184.0384758736713 26.47239594351469 93.58328718914423
166.4999517777207 58.79300557195925 184.7828094070763
151.2391687595075 42.69539347168226 109.3554406064865
91.85644541422948 148.6537822369506 2.10504667806349
197.015138397617 171.3291356311325 83.96958147978884
109.157543069982 148.1601848183884 121.8705424573112
165.8500740894491 90.69841311598377 159.5209948020603
195.5522212734823 111.7218947465338 197.1690040211191
170.2616807859071 151.4740100579154 184.3232854773293
63.01634375781202 160.5557462537884 73.20348311181986
38.51538548848238 178.9761686532837 145.9587570376757
140.2839608758174 180.2226205611289 155.7530271920647
197.8768173170288 186.3095529299484 170.9309575829225
61.44147993595322 82.15305983572627 37.67606223620865
88.06252995908324 12.92206432216726 120.8239879411419
39.68686194612601 141.5590495326908 115.6619978230193
110.6821725338027 155.3733954399452 84.23983147367147
71.75756861904779 17.93278737012571 188.1143564424899
44.44757695210284 44.56049505777344 13.63720079884668
153.309947580131 119.9994680770019 79.42611603290067
144.8881814276583 87.1696329726104 16.81639500057846
74.60551056265317 5.173669850634884 139.4619704185707
107.6693477112918 179.5533985577063 133.7103859136286
153.0545344676817 164.8181458087141 172.9046232467252
196.3830586969418 185.1039119350499 196.6861589803374
20.57741496154456 56.03353581082866 93.36977058011254
57.35322974815287 105.2789445076273 192.2293610587469
37.08821902169554 193.649966318933 174.322250021114
198.7140668277917 89.60484444379523 84.80826611669288
146.7040391833716 109.9793642953944 189.8784777976231
156.6898763247571 196.9291132202707 78.56468998702977
59.61856688089536 104.7167350027712 96.07753449557732
56.02771201311157 75.42753911943495 60.47186217419574
76.01800547632152 49.66503920946234 63.95468696741174
130.7493681938474 176.3628940588211 43.06997043551981
101.42598616131 84.90704021513322 182.3610165709245
84.32736281561158 67.80367323602702 184.2492734550756
91.56469363223979 43.5360286621014 155.2448705511168
171.7120822997964 139.4941064554122 9.299300710827261
52.59278862308621 44.46350756691291 36.48870330400954
1.971834201486373 177.4671774860582 20.73366170014708
180.103685680228 142.8782845655518 31.80756558662102
180.2248109078733 19.5484586630054 116.6500352474796
198.0069043962961 107.1299657415972 21.1789519932066
154.748169127384 153.6357251608647 67.7484494557967
111.8596795831357 17.59624190159228 121.3438352748745
94.95020144422953 45.8432159858986 49.27728280523433
24.58969643643433 176.2436682175675 99.39577080116563
36.2215192916341 90.06587122977839 120.4380377073833
105.4955760178397 145.5397117153245 182.2880846393368
12.40540794955441 85.87799127659329 122.3923494472213
51.74737562411639 176.8397859325551 4.87127734074204
101.352620836455 5.111993649541398 26.58903814406965
75.75182745992429 164.7412492152467 52.98697332771211
143.3130983464759 35.3137035143012 163.5309569711895
141.2158689700656 191.1024710472122 60.81259093840958
21.98455917849968 9.566715627151646 23.12460900722829
8.662813219357568 47.65459263953213 174.9307063551494
68.46028256677596 0.7522981481527551 98.01615647513314
54.73364749905809 132.8001447787117 177.6959177006671
112.9140116245437 164.8185535547721 168.6834917257288
142.8424709813757 35.27718728945777 50.72049221170901
143.003565740368 16.63971327779687 184.7029391746215
39.20835060544452 162.121111542489 128.5281765423384
17.06914946188629 129.459388012288 126.9047471395921
1.44422525444352 58.83594162538849 59.98393825500143
11.96299412596235 142.3966018682002 185.2331618637548
181.5380056398224 167.0904955493876 31.3987483135612
50.31970714904791 97.93365532439802 53.44170301732634
167.599627003472 115.7829421314945 45.97750287538148
39.88612332191079 194.7992326709725 16.06349631828572
29.38714782874055 114.1295692942936 91.51366892983579
59.67896018142732 52.90492627294623 81.58623170630821
82.28052867002005 18.18999740618018 19.25524232439665
165.4989602679925 128.234949551623 147.3146011056884
50.12045070336806 1.923883276147814 57.95716246665816
177.0293416072958 197.0214401568257 125.2050133291128
27.49079459451796 7.502976388812943 191.7738244728321
104.3065512245811 53.7647716153058 137.3183860118486
119.3960227099268 196.2862711888885 98.72841800585235
199.8949651625734 128.1143396037762 157.562741598074
90.09631543450057 5.332668369054478 0.2306397373212732
101.1824753943582 121.5902413399354 49.89665072862326
14.47125080576788 74.59969139792872 74.0469945653094
118.0405090472801 142.129057669909 161.8059565596428
144.5100478474796 162.1357689898738 101.358864224146
80.4253291780074 14.85360837509469 43.21073289312262
99.32855105692182 109.2020841571431 70.67503056765612
134.2447976409044 158.8453794669833 79.62468769620618
165.6849555548166 25.30058429664692 18.87887799526194
42.51429238974987 192.2991575029766 96.31167874530799
121.4708631302757 103.5033434437323 163.6694985999472
121.6194039512097 80.58170122754619 14.88641260971395
49.21175164183007 48.24714769338536 60.20847081991718
98.61548149232219 33.37629175522054 28.79241246245763
122.0833719397881 142.7540937332118 22.16238494816569
185.0124639006069 147.6207053951957 96.01983512392719
157.8484420136093 182.0784984414675 97.78548669606158
147.2607736554941 185.3943186299244 27.56362376638365
129.1537616220413 103.9760832606418 25.06863067351475
198.3238349931099 127.2561155994264 93.17571454748257
185.737200363794 54.99826301339507 15.60616707768811
199.6034748116081 153.3506830038924 21.87633962905455
37.14527381789099 65.60461339322272 72.11214027567074
62.97316231158192 73.5370125443598 194.2301695828993
47.38260739425343 34.80196649776046 92.05293505088748
100.4930009255286 138.6469208924575 98.55497066049216
63.28851533789481 97.51514403714488 119.7653763461427
35.03525203426925 117.7638098710835 114.8259656645728
169.5733111001655 2.701049477633894 102.8289012014006
91.39975778212759 30.73950147490232 194.3183254281902
21.21155795447393 2.03877726630287 102.6159133559262
143.1152221024153 1.346864797738683 98.17704297955254
196.0888456487602 37.89722167345878 116.570841475286
77.0951166876045 92.00346047556046 19.3953318774591
163.8746966341759 98.41476637009227 2.526322375248382
146.9975503858763 42.41413537362783 26.14053393766081
174.9643479495375 80.43427173716474 133.9728541499448
82.63994621489874 104.8982138610837 87.74905043972514
75.85061570510909 37.57576721790349 36.04494656079771
81.61345221739988 88.9889025904104 195.7522379524686
175.979675609601 37.22998928505768 178.9737691184663
34.73842470233381 141.4408930868936 31.16876057188424
2.087953333858065 196.432918990216 80.07886466166951
181.8345015791654 190.4031949698887 24.69893948817111
125.0168210531869 21.47468934352542 86.9617871579121
102.5507325723553 190.8795220672756 66.74106347657292
82.40718544356007 12.45972365608695 67.27142018976276
151.2062655720234 14.09429037892363 61.56303345882888
90.30130594827841 179.1785459818527 0.1630287866929974
103.9964796612529 34.24490620075861 173.885466975466
66.31288190470973 126.1863728851683 0.661366693021829
192.2116780795089 147.7928010271697 169.6316623528014
21.18205998942424 93.2096096103291 100.6535846610133
