3 1024 8.670011230667006 0.6541290000000002 1.4 1 1 200 200 200
177.5118784342665 118.5332410254159 79.24578252929484
176.3465683770459 127.2211834807401 116.3180036169343
187.5187916066557 194.0404588912627 189.3948860127057
58.96437688100082 140.5972401346407 130.8104544967498
93.32951865668829 29.2325674387499 113.4634459256555
102.1889627973609 66.88703194381033 19.89458286800436
83.6331453256918 87.38688695920172 59.19308483635815
189.8806034609866 31.37553930249427 122.7265003208842
176.2526813137471 188.57460345463 130.9494343518663
193.1796011436044 57.48927057527319 188.4535630487756
18.63341425772816 75.95759069335647 129.5607257126262
82.3425047710399 33.68140493252869 139.3878612637456
178.0191950642438 2.888396969474283 106.5303919282277
192.7802182520431 163.3536267288045 168.7958506062105
131.1588183642157 12.88666045857654 73.78757518785761
174.3261731356504 80.2924381256135 104.0449913480127
124.3780393097524 8.969250203527874 1.559865334697001
187.2077376624071 192.4396023866396 152.0120299391195
181.7553842423675 37.49327742016291 8.965443333892111
111.1766258882724 122.4122089989368 106.5234572880278
114.6310938910574 106.669763875897 112.9202104742451
180.5186190479554 121.68465016949 132.2119386568274
14.57736037824101 180.4333863600586 160.8425718194952
27.34884333909033 175.0081179345704 108.6462470913306
122.3423488076676 4.834857847252343 98.97396312612803
84.35464866920177 26.86840498229248 43.14908770199657
181.2148209599348 30.23033325767351 86.44577232942095
164.2411561413006 59.10605111409394 179.0725319653136
113.8334387258252 3.205473645919164 139.6159426432964
121.1174565833889 29.70719071745895 50.99596755603568
123.8718935304094 127.2850616237932 74.47736709337708
4.360213814944135 190.2031436790069 150.8007524130065
127.301871342753 5.901111630549483 129.0324064828891
76.61216641624237 177.8554067207526 66.06810636600676
191.164539029989 76.73122188962989 156.8835289401779
93.01950613125352 33.79932625911927 188.76671794197
199.862684945983 27.34561258390558 136.4180474919722
161.4399695348886 91.65810832452702 106.3781601479085
124.659265288314 188.4292221398615 178.7502719917076
158.9104718362659 154.0214867656078 26.7072166694504
72.91418353018548 135.2447004319778 191.1141054908088
127.1692228206614 132.4181364367117 167.259388194105
158.5254692515447 169.4850024251162 175.9601170397999
27.26807289216065 145.2632463468366 77.11261665892205
181.2234528901282 61.29348952136978 117.5870499073632
199.5913468716661 158.8394925336523 101.2131449273472
191.843694309302 188.9898047052301 17.65403180503668
48.50223518622551 33.67283448607139 82.81386762157007
35.59680734288385 17.65031548494472 28.43411735839443
50.26704656905029 190.4110443433541 126.7027000671506
182.2394427499748 132.7400239232543 145.7293173948818
11.61599613707166 108.1901729039458 182.4206566610032
173.1349471679324 64.2171286293049 142.3033821955759
61.22411908813515 128.839478188419 72.80790240593086
23.4764037820094 178.5997060454533 130.0973828618231
175.7191695096541 25.28629697382503 57.58198915329787
27.35538662137347 105.9712108778218 189.3506042559605
33.92574294580142 40.06238049912247 151.4523037862326
31.45961343809273 188.759623007088 118.3763065152613
170.957461876516 157.8591751062793 78.10567916248085
59.20389626771627 182.3834984254226 5.321895099941415
116.3662457498516 185.3707154361357 34.36963608693073
17.41200122295655 186.0948835130602 179.9502815090187
187.7639570416494 175.7670979290053 7.204527113594637
99.55217871382229 105.660091726153 14.0910230112221
172.9277166596917 142.2658272532884 108.4030477957416
133.2954606331968 81.52616919442661 82.40816505209565
110.135894848781 68.34261952258437 51.53970465854297
65.78087350943399 90.62245785777188 128.4886306903362
13.76771930791758 66.53104692539785 20.88779706810387
94.98951808141359 43.18943003883938 82.18525041547596
156.3039722206841 79.65581783164274 78.50181804533005
136.0581061624007 28.65059173338836 138.820978751804
116.8953333604071 112.5708282821731 68.51957183655142
7.333182915506819 67.41566403406209 187.1047803060967
92.40117657105162 176.053574434939 57.12167558546374
196.9814449608974 99.84594912198938 178.3121021331758
104.5413954552822 92.02082655005715 198.6803865368446
92.49729520354272 52.44159152586882 137.2965724898956
33.01591631097734 125.0424408816865 146.7450224691918
89.93540443197359 69.917067645119 165.9505942809092
60.94438475063007 123.7232914923762 134.2782787446019
46.95031674005997 116.1443168230542 141.5169968496361
105.7077476924937 92.74110523142555 118.1204739239111
7.228934122914153 112.6947069728109 13.65242180902627
124.3656877881857 191.2307789714976 5.975968380204497
147.2547978938845 53.62975526361139 164.3845397426044
119.2873458233557 39.96436309043983 37.13532224362201
13.63744675474595 36.64736721906112 141.3586625122674
26.34873277242487 130.6140440922483 31.5341998734857
177.2455791345363 143.5813099431253 70.53742132518792
155.0544109142647 139.0304033432173 182.3036509474649
25.61001437851682 107.7513693476761 172.1907356516957
190.8922090212573 14.60633403129837 128.8076780789571
0.4261194340094384 88.4167165581174 165.7350102699992
91.57059589806181 182.3471185322753 1.193590152420262
79.00712739616354 124.5768030746804 118.8361617145544
165.7451259085849 143.6360931046191 167.4250315606767
16.07617936030216 138.5101118022037 191.9025187959972
130.9926773353107 199.573686346373 84.89673791084732
177.7239054764316 80.96069084079303 146.7764393498264
47.2232806711716 88.72163205271968 78.47735689672167
78.87297604719294 184.3710256588231 50.15861773103374
40.40052635639895 188.0207164059164 82.77087430532268
148.7590425939308 38.53011139670939 32.06451222848054
94.81910952340404 152.3480959394489 83.97745765830659
116.1458063992802 103.7694342153205 186.176728853993
99.32474288418128 188.5743247298631 34.34850478171489
114.2005114304332 24.62514128154887 70.58734521342625
67.21620398939137 51.30468547922114 106.9700083339369
94.60807741393739 96.91942114724333 156.740922348589
127.786053301415 151.9884555061956 123.0047730234217
124.7017175785527 11.18303529939106 20.42369298087105
37.81590530424356 161.6553343950499 51.52026676524572
1.142067936259038 9.480459877586563 142.8210685514752
75.81140285029927 86.89213251911228 102.4237584910092
178.6747495064645 174.6051980930014 119.919275103287
48.1060287913284 173.3382863570164 39.94356367239538
190.5404915476157 172.319862218063 107.2990327043513
166.6119939359236 73.66411207600359 118.0889620121135
78.29109492483303 181.2722917582732 12.29205762624115
194.8468063312499 60.11637189307876 153.3298413547703
58.25512651686471 111.7673963217804 175.7300436322995
135.7643971363701 45.96391706332911 82.45464163372824
94.27908080196629 7.295194041273246 65.71656667882135
162.9860538572657 170.8484989444142 113.5104783154156
177.4180660615381 124.007212220574 98.62606676124041
83.02990058442877 162.2231949935923 92.9440104304974
52.11016078752713 143.7531082253826 57.03552372478609
2.075236296610329 96.41975396573679 10.61240827414754
12.39647538639057 196.9100598826198 87.66766126346663
170.5468345340567 177.336191406045 5.868481763160324
167.7212730991399 128.6652961206526 176.5772617174462
10.16825348230694 147.4071438582529 24.98445440194586
183.2922805675687 17.87254866137067 113.5679501138926
183.9950558293162 89.01439471036635 68.53238234511079
138.7394716441692 5.399372665855632 28.80027261066498
135.4960087038479 45.98510813050762 134.6131201675029
75.67172498309668 166.6399631718034 108.0113854387551
21.89744741722172 122.042427008539 163.0990418352853
53.84394389315538 76.96571463513152 180.1292420344508
46.02534881979647 6.200749453087163 20.60320333622196
75.47816444292241 91.35003422152664 44.41248506712162
165.6623091210197 104.3122269667393 89.93067236676369
13.5017325882675 102.9842381150393 199.3421327979284
143.4185030663615 4.828342937102642 45.48730257284159
193.5860057426229 43.02491525362315 155.9697032407207
108.7079889399607 16.23393334699025 129.3853326287514
111.3269056548479 162.5195206043838 16.00121711779157
20.02998751019447 136.0666199021491 16.33488231288826
132.2514565279348 148.2251787495577 83.95177717441614
189.5835101342763 68.7750253137655 139.244886864172
18.56700328390071 30.80930094091097 1.463542220191742
145.7208622741419 83.81368696325531 194.8733730147568
85.39005064157878 67.97403723815427 112.7334659528983
43.2413815618876 124.7606230436027 126.9334634671729
89.37219256860449 194.9848145348396 12.86115380158728
141.1901584639409 18.70856709278555 98.46038044922336
26.63054167831472 118.4021477278054 58.84945848146976
159.2424864792953 132.1112120498076 104.9188290782824
86.58549632108389 10.8790874438357 5.960342228411336
149.6678106716265 10.56938467848362 2.874201139908588
180.2132817371109 95.5806866872292 177.1664069631403
0.1798556124962711 59.18991959838141 29.92217027708665
109.7086896825966 30.14486204725976 119.0818846777371
120.5193481038352 13.35544665852332 59.02262882441858
127.3076439020106 120.4649161128505 112.579420235059
177.9988856766375 149.2309796650475 142.4517522331259
78.35274412372051 166.869918461242 52.76525644939315
9.430468558578244 122.4943192982098 191.9753018189706
117.818105085028 136.1108231020261 114.8249694811931
165.5345459925447 78.64681029948831 134.6627075267376
152.0243779427401 48.25158672820121 16.06438445133579
150.8269893232417 167.3101878911576 137.4332200522833
100.1625992099617 4.795417559594047 40.4189679556554
82.44008966940623 102.1383563720575 91.24914177602292
88.58194146997641 92.35004126283567 112.8064823372881
126.6555361904928 65.80910561020036 79.31596605395103
117.2747243639453 57.17657849523003 36.53085993728676
132.4050930743137 134.9990457479757 10.09858808169804
74.24819655585709 184.9167934810339 195.6315216079692
173.4940791043252 53.85166503717239 11.69439252021348
37.75176866543815 143.6531336045408 90.83034383400555
6.490936262159218 118.9655942784675 118.4649977659065
172.3779497241772 185.6601989017506 190.7676773034134
83.8072359257262 102.6570625756368 7.476268935649887
96.23419205780279 75.50237898278382 181.2370278149478
78.65650191396804 81.22610099027163 121.6619880479752
112.9786783546683 106.4953539319112 3.149915964787096
91.86229276657912 80.12523486330502 152.0669059254656
110.9283468329729 84.0443359431882 184.6711457059821
24.41929664129459 4.589210866289918 119.107378719688
21.0816119645815 194.4474232061858 152.549270121249
191.7179761818786 21.84327765968134 38.68194242150246
50.85676866908993 186.1433983621118 143.7328100646244
58.00479785849526 15.98870884376647 127.5714831481023
150.6277234911024 79.81185942182758 115.3714852636768
191.5995320497951 38.12530778124098 178.0175197127423
16.94518706285778 128.9900455640156 46.01219475633962
29.41407072713059 144.2289427980142 106.0234409563473
48.1468502999963 28.24836429409396 120.2777805813186
84.8105835270328 17.19924839201054 97.91459996887561
29.42476529546032 79.27993065332409 144.0540734716587
167.2364058908494 195.9226543735511 67.96371561511599
143.7263548696359 166.0532916450458 153.2027343486193
167.2670052980715 87.04790235482712 89.71990037279467
155.7931200673943 108.5671436688465 127.9465835700393
93.19917351905525 23.96663011667691 129.9840177445924
146.041048594937 61.05937157277882 107.3937226034688
13.23043389092424 82.26068583691976 114.3372184384571
170.8655955875871 195.9777241593496 156.6046833864673
132.1324857072455 38.18837757294109 67.38724026640628
110.4470568418531 158.9799889591573 161.3119021340363
81.71587614990406 63.18503428725872 128.9889964425685
173.3099371602006 177.4658112441496 143.9344784962157
134.8126882334228 150.7504424385079 43.85941385168879
6.681795616708466 129.0107555340629 7.807460067366904
89.6700614496326 55.84570192794263 15.19963670365776
121.3765490908871 55.02760777569067 6.640009172851233
74.59550234438521 169.6831850659785 125.0544853249915
86.98048002382944 63.25772918047402 150.2153468435469
24.55070271461387 170.7784055100773 172.2839627187184
142.6487988565988 85.67435457458899 28.83729276738452
132.5422571615067 69.57784400076002 121.9641648884344
38.20897378397351 78.65606565007323 164.2414021638529
86.60983900954136 117.690790640303 84.8139760647215
10.26031557438045 16.39610369549676 196.5711947855897
177.1865193985847 130.4938768607569 162.1640114272683
124.5197215378701 40.00699732994643 111.0925712721901
112.6840144646995 62.4643857034885 69.60587808468487
151.6182321340293 40.37139847277809 131.5739501318536
73.75249502777403 140.9111107050325 121.7611768514521
64.35023230271581 190.7434869421794 106.6311702250733
117.2513960910069 187.9355790410669 107.1480931013212
3.929788918574326 0.4243933427065315 188.9414777473118
193.5552203434453 128.6908393792719 188.7728009286546
89.19435756230214 175.4579357875454 39.44870216060771
70.8859641533975 141.4250324017134 154.9712179495919
184.6244571805025 162.4006858626106 151.5806634429364
135.231170091929 1.825894820406701 61.06940732205094
82.75730527897811 155.5190798643895 119.2717977443975
127.9381593508253 86.16505236750216 19.17275870714967
30.74380789870716 18.11272379283939 80.11986051531549
32.80468277502588 135.3101583874523 160.7166271220098
143.5840307616494 87.70085089192683 69.89037732398532
157.9844635834503 82.84448885002784 61.54054731240018
148.112090369101 53.43009964677411 181.9557924835876
24.31086876235124 14.66546826837086 41.66403563150048
16.34806494199886 149.1623593522114 5.582141573083665
167.4673385381443 91.73703255338806 73.01548208506991
63.18496143897965 147.1988174220955 23.27387760653204
129.8512724156783 185.8399253799753 95.42087129497219
13.19548533618823 54.28517511591354 0.6675953467062492
22.53630671014771 135.079318659541 61.25478355277956
113.2656895315849 67.19752846261206 181.2950109661353
48.48873890594825 87.55051982301256 129.0696306822706
193.8268670219576 85.34938707394542 142.0742204661607
122.0851181604915 18.47406983433651 140.1885997871091
98.6959229773414 36.61610461664852 66.5733852289912
36.49501355484722 5.797093501137073 161.414877651029
160.3289650205392 92.04164348541427 123.6783031735896
150.535294583907 178.8197783800881 104.4488186090018
38.68478117570849 17.69031951548898 130.2614330842725
65.5019791272637 43.81678568090405 16.50619461374237
67.9501582685357 194.448007275551 156.3448899339736
91.51315450446839 79.6032266484046 101.4221472099602
178.2992000043313 47.53396961525321 149.1390094221428
73.09369880744246 49.57546816136146 164.447111058828
55.38228203441832 23.35099045116423 183.8500658686646
30.39441650059835 63.50646959658905 75.69450758210068
118.8233787538756 90.95038159474063 106.9200315362954
40.95657489772395 63.35866442963707 181.4368609088042
195.7993551019536 35.6527035068257 48.58974328158182
189.3675596172091 128.883411722749 41.52256648719619
36.25660312718757 16.07840734290443 147.4537127599955
104.3162939235188 169.6105487480543 31.21220655953015
67.89525407719223 29.91211051074326 130.5705064500513
185.1081635886206 188.4470421334651 35.43709610966557
180.3089047981063 191.6397201208642 4.981109561846115
180.6287028797725 93.16440999879055 35.52017190549912
84.45981219969882 110.5436576249381 152.3189088705621
115.0755341329686 100.9294675897822 169.1037246431424
196.7361545465633 49.70758209510553 60.13556596921487
130.4347868145449 55.38779595625994 65.98217631596422
114.0941583566185 120.0184167518188 123.9746912666462
140.1509123532184 33.26926883718555 120.6773125475614
174.0327940810233 58.96634939719153 56.92129454181478
11.11071020896158 71.24950591889524 37.36058755224229
162.7657628753792 29.7977199288931 69.71237373479694
26.92302906842372 159.3449801655555 116.0733041394017
43.62237067237989 109.952591664699 184.8550268877301
182.6211752322603 77.52845109718777 123.5156900419615
50.85075805352322 39.16867722124135 178.3780959661651
53.58076558496023 143.4084914407857 100.5271196393573
156.1226670688138 76.79406699100258 99.20439205302856
19.42892236615844 6.114207471739845 74.76398986366685
51.9956128679102 58.32788862728222 141.7996181608808
113.7693699135579 3.815068090924608 118.3930359009809
87.81403656930731 158.5496541330598 35.85967660922903
42.92729864758776 92.73873115759174 94.78943316537104
135.1506438482302 182.4464587765003 111.5787618067471
47.93108319242042 16.38250982969202 81.63283517640919
117.5527534904518 75.70454544265368 90.2656690909146
38.60884938962121 48.47516823445214 136.8605045362901
43.73074394646708 53.61217713201329 35.9349643635345
138.9230153516807 129.9943917727566 146.8620637062943
99.86278177928719 164.0856057735899 47.03363549846174
143.4016682308605 122.1706323966576 13.99519233074651
40.61468878338806 191.777196991424 39.72200237493081
52.83790039195366 115.1758154872322 79.41487119105282
108.0185871535089 195.9684780139199 94.86378798563968
177.3380449067582 47.93471747905546 176.987061169679
50.17917863867776 66.33116040328088 166.5857791155144
156.405789043006 75.26290672278037 30.78874343664049
25.05128432381926 90.83391291675957 91.9812026566138
4.004526032209589 34.11236489277099 166.5855998114444
98.78637400627561 38.39042283348334 40.95107916436509
198.4780507053004 24.26550444525164 153.4260485748092
36.61943916019484 99.28752981764546 115.2619191267554
69.94979517920422 86.66208443450506 172.1840876489912
175.6835388902029 116.8711694894384 148.1533558639152
143.3906765225735 133.313428596314 47.88038122071147
113.6510415153477 144.675454514326 185.7186189656803
155.8008818164409 122.7726075965543 54.41876471894041
104.0151791590239 186.5076763939452 64.6385283229358
86.29300272623233 197.588288168013 194.8272617434595
164.6938760770236 174.8741280117627 95.24866685844519
29.1059736925977 187.4309156744361 167.2167664835981
98.36862488563978 197.6623596212517 175.5292897500512
166.3419562232629 35.21721464006426 146.6898775349584
100.0988469486587 95.61536394085833 176.0480418156559
8.011589462394182 96.51539217225158 65.68673297126513
137.5675923651685 50.19251825080577 117.9193302990122
180.2451559228043 99.19263336233756 82.06080012378079
178.4433906330709 164.3003760928032 133.8848341404618
20.81078358673286 3.819053843124335 190.9871263144089
124.2516509119064 169.3614392161091 158.005735306718
189.5241075903846 112.3128640626266 46.6283300868229
22.29397049160876 39.51479011835238 100.8157107849221
59.44533021130774 47.17255074097539 32.43362612961655
50.4630539905754 166.2344732602027 24.30205956776376
59.87194339146304 154.253992635866 158.8164103928605
70.35050299857313 194.0618438873343 66.03873591131101
29.83316735272163 104.0982348107686 46.36185379337501
94.43627354583256 192.0025191434282 50.62814634872714
5.452283151400927 49.70988970846366 44.88722240630107
9.880883308794076 175.0601213224488 65.2970317338311
2.497716776289953 87.36390085710676 127.1935458270588
186.1867315617722 23.14105389249146 17.68178549287504
156.9497778966461 50.10822636081895 144.8948052627883
2.442602911402094 67.86759908823113 166.8538470572845
94.41264821555697 71.7907778264393 137.076612668025
20.24056548962048 64.88527099751023 114.2763748341406
181.4800988410351 2.883921108641708 18.1292131368807
60.86873765905476 177.454229355317 117.2118699559865
33.40342259650021 142.0926634655387 143.6119524605046
50.41094282999966 148.0749229463306 11.58057753138675
4.496403479350516 143.5160570695055 41.7696605916157
146.0522665691531 139.7782106055207 90.18577672040567
67.08549472821269 75.95315710376775 191.3275355480023
143.5144396245871 21.67540482775027 171.6417871638539
181.3588640763286 92.41734862038449 132.3136261663546
191.0162990530431 47.12697367049029 115.5655723200966
152.8308749386114 24.32349672508754 138.0292367935385
38.07836676512009 76.07356568978592 87.30118788119049
78.55144696779502 46.50615994887411 77.77327809835312
155.6111184799821 46.14056934783687 115.7167780951303
102.0994524428162 152.7266808739456 27.94157995004935
158.1810593305327 117.3677801027096 142.6952419291608
97.77440551090776 31.9490556280873 172.1943370194572
95.82915496013737 78.84981379683653 121.3019526472588
36.98725929874419 26.29437901966897 94.07536879427902
57.52035431155434 97.39597756549121 142.1473140935843
25.98281773755832 157.9473122021059 89.06288484281458
4.687376890539571 95.80753023708871 150.6388539045046
181.7681771699668 45.47733531276482 193.5705342672795
91.09189401198037 140.1865931044615 42.09316357312875
65.16560650020135 44.68306475364214 88.6439716293483
67.80785697809696 142.4272392307844 64.28126624555598
108.3708218820993 32.12907718802368 158.4699087513702
135.2673857429569 189.8910450971167 42.15371612890497
193.4881131266914 53.3365228231423 169.9102034228357
128.2647212926065 86.3353195190961 120.7127336669101
92.58905482961437 181.4462110119362 183.9069627773625
161.2725942146453 139.9464626718164 64.85164811279711
29.36837436118853 116.0072058058954 113.8607224164313
108.4896670224848 138.7670834594069 93.8176480051268
144.8395479507912 120.4282112706697 111.7020313375023
176.5749804383537 61.81356954032395 190.9562393472968
19.38103546925065 177.6489700628416 10.45532658805603
7.299808903579112 172.9716876535074 174.8315242489695
98.98679178493583 136.8318553105116 144.7094906100177
15.87332607402822 22.95073228299875 72.62727597387742
68.9615661251771 71.10560874341465 108.1536695205937
124.2523586089075 34.41445663064366 127.5037986653628
189.4656984453757 173.5563240938309 25.19254564055355
178.1389702489353 33.14800160932931 42.31717524791983
165.6592644063988 12.27221054321727 114.2668339984604
148.0476514406944 147.5532244707688 56.61062617863878
158.1609483025455 65.80065069778784 58.35419938040311
142.2199628930264 188.5912914833576 26.32182772368274
76.24498533718968 147.7152260383944 2.721124452192499
9.115445747373274 194.5002068887098 67.0553214020767
151.155243232894 156.4109117939822 42.03116708384375
178.4815863576822 97.20638418451819 99.1961733485504
187.4518424963969 111.681322708868 91.69265799209562
87.47350904405971 191.3655685876695 66.49605684261188
0.1018459849266559 8.340653851920557 160.0922920019255
24.28916587813025 101.6366870871156 62.60627466373727
126.1170424982033 194.0922263744883 22.98835370382043
65.74663768200435 4.016162292614938 117.701966041915
60.0151394392327 172.8216383821343 133.8997952288857
184.2205196056211 48.51876240377696 47.55462204780424
140.1877422897177 158.964554271969 28.84521955946721
77.35860671102994 74.70044941628157 141.2388135069431
110.6235254368991 151.6232771451901 120.557190333516
120.9029911560945 102.9920424691966 18.17018408422931
40.71895823436426 159.9285429489653 185.9304700383408
31.56198759498137 33.40828111837422 131.9608075621733
86.89742874424238 86.79465439265343 168.5185016506884
179.930186063796 138.6925315876037 128.8176930469134
73.83177655052523 56.8441282240136 32.84244109750279
126.2664047334273 62.06064192922307 50.52985945387261
40.15889438502137 27.69097527179564 190.9274509219483
92.94168388300253 53.52444799923487 106.8293500010318
2.457808227886194 177.8652893984941 95.98964812833448
121.5137319373993 51.02308499536798 187.1961106731435
86.69385496720241 131.5466246255953 159.8291916495241
96.90039279921785 191.9460584002698 82.17985035919685
156.0808936248908 172.7995473791381 44.8288394793086
98.5192277396394 61.85746977210245 123.4699314169042
62.43356098226869 141.2768505413248 84.82977406634424
137.0623314257705 2.646281359211544 11.76254776534971
12.37714089879967 174.5923868468387 144.6648668559221
90.85756240230205 86.82294113036819 7.976142509411425
175.4733631294496 184.7534285255768 21.49471085450686
175.7674757299314 93.62854240882065 115.9445771736308
135.7613203365215 61.20711471815109 36.04557666356357
23.60448036641623 185.0323779597846 68.88776429400605
11.84594219419807 94.83858050607151 102.4815814925573
171.9974136681008 159.547241703789 171.440824568358
106.5057303085754 17.62854397056208 167.7936606137496
163.2552986776462 176.710443326315 129.8273865473622
41.43110771775159 170.735930548378 83.6930775780547
142.0905482748434 159.3307186761907 188.2149800067803
24.67378697988275 54.60488504500084 13.66077647748254
100.9781201572952 45.11434240989458 119.6886732703547
7.412105622917152 106.0252557452271 165.5088081252014
175.6168341493936 164.3049252765338 103.5947629189057
24.66723787825768 15.36472063487478 59.75109946788279
173.1522259043273 2.727270804018977 193.7327965319126
140.8704143614768 174.4268262550336 36.66369018509004
35.29609021588269 146.7564175733378 60.02609937703239
74.58112821666094 3.522992165798507 100.9137062770388
16.41813503610938 162.7523151751584 102.7049217218559
185.1764281497615 32.16705407354164 144.2757788590411
163.7501720965196 46.90072539058566 160.5198798293891
51.74609764451863 18.30576025183322 98.43828522999532
129.3397657282129 163.9653173029186 75.1638676597553
143.2031387131198 68.4823178964246 66.70578439654277
129.9027717885137 198.8731584282629 113.3952849569409
107.7915039669576 1.75772631291428 55.83872524541707
22.44637449613136 187.4560643655461 196.4874714575177
25.96494265192641 106.1938684684936 99.97578662751562
48.25767011613163 129.860827100648 91.10364764034003
90.44074062774598 197.1036218186801 97.58719209570819
16.72819997097072 129.3751318531908 109.1099810264111
94.92637856415143 122.9874689302312 70.55014951329522
189.2885260803995 198.8728228194317 135.9183183406236
101.4675610399563 194.2212311885434 110.8233482662466
152.7223839963898 18.97138453216204 37.5870418014656
119.3382516491995 64.56269801446697 20.97889952870405
59.31035014090239 127.8979162958308 54.97859153154971
110.7077385455074 101.4020259458502 152.1166878575963
189.132721926678 89.19481401477169 198.0639189490637
153.4900450348979 25.81677617708558 112.4794914095227
190.8139636565833 59.74711869908984 72.97346839910836
34.00825610894482 110.3387890023051 129.6604537889477
49.09842919137753 57.44201211317593 195.6026223397421
160.9182765120938 62.67301141242076 19.75190662684894
9.217708204170334 42.26884864100366 16.85965440593741
33.94731242969127 91.16905828693184 35.36265484401621
173.3264146432687 106.8139549707558 126.9383251834003
177.5846033899138 4.502551272711967 124.1711292236676
17.99947269864195 91.7680543234686 140.2876646733704
127.2234614705276 135.2795250097539 41.92790263498605
4.354179222738191 183.7268364422784 79.7809337356704
11.79516398954186 137.856707130292 74.58108631452365
172.3371933000997 80.42889456321572 26.29660508290545
198.2598212304886 175.4880237556789 157.6869920261245
106.6666881976745 180.0096248235745 47.93299844250868
67.97756523006333 87.0365516734532 29.38546744168818
101.4871380265916 81.55273874993317 87.37239866324377
38.70933656231543 130.0196575937348 109.6425695874614
177.6470398901791 183.1878809514874 103.2344941948168
182.8991013974236 14.83778610098322 94.38548642070919
123.6757661935673 148.7579900258041 104.5092846227278
141.3166912157724 186.0334537361491 9.195300191938758
192.3873501769276 25.66409591349797 62.34700753352077
16.54529924024212 162.8610953942042 29.58717623638555
145.8638588643032 86.73837567578423 158.9841929679809
60.96227047913451 171.9790142747716 100.5412542166596
59.94203100565009 157.0080922372501 91.85177875937431
193.7484383148719 147.8525883160308 73.71361384056074
182.1240362978138 72.22205676091835 64.63455589132444
37.09633057846327 91.14703098240777 57.44681479829822
78.35925109206556 72.88267995381895 178.515394178204
31.4123981452882 153.0904125006008 156.8694679425259
153.7536092236119 11.03421199365887 22.20477130636853
89.50356448256463 149.8873442571889 134.2199722071264
190.3948061202658 66.06725983058294 103.6667849701402
31.1533741873857 87.94700206223307 129.1352878826373
194.855383934571 129.3441438314706 83.1574552125205
3.639722350546389 76.29599058245721 5.55666734105135
193.1483997244459 178.5075863139885 137.7438328519674
82.99903823735606 185.1742219968815 113.9918299022329
177.8083145550573 31.9002761620662 163.7337776591037
160.2365184763528 96.12725493034671 32.62978250781666
160.5561468047164 194.8368463247771 11.05377074373035
199.2906207565113 155.0444743589279 138.7836409776671
179.2380195823168 42.4762242992384 68.76671438080741
95.54940505040526 93.29972446165343 136.2717825550628
0.2549754617238145 129.7349624202723 59.28941219723203
83.58991282653344 90.21308815721908 188.7755654742821
46.57301424736222 72.33301017301139 65.67250577834596
13.82596642504563 190.9146044062803 107.5418921845212
77.59012085950671 70.91308136040206 47.70559659702659
162.7132470182628 2.413613496571272 138.5743609560434
75.84939925090349 182.866596142708 90.90756625702927
183.555646497056 3.335547938244176 49.8985303736948
146.5346665834593 8.400239068151578 121.4939759445447
122.4531472918505 118.5747705970526 152.4575694025623
179.7084614080619 96.69036144312315 15.03371765524635
194.1357862338524 66.78614042871897 48.53664724437749
162.4060242035078 113.7009032264565 14.26375805847777
32.34145075514544 46.0381412859124 171.806186616503
107.2443970791501 139.7154947478809 73.0685804478148
115.4523671425605 43.84245374263915 78.46781123712107
90.65553135115506 164.8434426417025 15.48386185992397
81.28090734144249 83.20843196156729 82.68828645395172
183.2104511109353 168.3969616378516 186.5710669357498
160.3604268935124 190.1520642659654 174.3854834251203
175.1770168476243 163.097568835764 36.12058308337528
79.87462610618532 44.93949326234579 0.4321709536862534
101.5032601739707 79.76115047240174 66.64165007034586
167.4719966791706 80.27740861229731 187.9236960077735
85.1185455739417 172.9025430299859 166.4664577796033
44.32358951514033 11.2036712946791 46.18962459710397
13.08088049026582 31.72519888447405 37.68572689328276
158.0307984214877 153.8906472522393 99.68987542868582
41.34726022942289 26.86251799758846 64.49994099738765
113.4731575583086 97.89743575433261 54.16846560026377
33.02080045273395 47.62290092335673 116.8349874340736
144.7245894641358 138.8011570761643 26.43100810602372
120.3845691641784 8.719697688094595 180.4816185123764
126.5411322298019 19.40711032466873 113.2215475252534
48.04608645613396 152.8893372795084 75.28384748915562
197.6273367828115 191.0818768329264 171.4494661979596
165.2254609945478 159.2227813490294 57.92146060691688
191.1367521100462 108.6141023059194 67.04137799305435
147.3611474641863 34.7229010842837 155.2021356761158
77.90012286908849 193.9679883877477 176.1342956089175
60.15683203383545 156.6628003266124 117.6404198677765
127.6743278232101 64.49468038671512 166.1463535641211
199.1681752979582 10.82846028528621 75.26592048650203
10.70656772621659 75.52983747431861 94.81031992373939
106.4730843730472 122.848086400826 53.24037934800772
43.20547546190183 25.54949453317487 164.6288595253624
147.2301336438837 153.0411337389061 169.057741968566
97.34278586835903 193.1448854283856 131.8818028234114
111.5934594170839 71.65034867556511 109.7855125437348
59.91404059818496 192.6927417757618 48.0893682991879
128.4482205955186 146.7233621055259 63.54947512509212
12.9988558961465 50.40175007494491 157.2726010254873
41.96434913457076 171.5813602694258 123.6233821736398
167.9516555604457 62.52996069109927 76.49920082775994
103.3963913410778 50.11605831276083 197.3898959374939
98.11686400444896 82.91381340089146 42.81060434834297
196.7767515558753 121.2737595659341 155.2856524358367
60.89729230728387 12.4727154753564 63.88221076719009
115.0746098989856 124.2188372505929 182.1867286950197
74.27653741993558 145.3671593419239 101.442638621091
29.27048935896908 125.6616224533008 182.2174534471221
22.81193366242967 178.5883451961046 88.65693972355682
146.0220006395469 28.19007900147873 13.32375550779109
133.1572196446086 24.85238764218143 33.638354423424
85.98465891215004 97.28411521007286 27.46036890154402
162.9342190534786 139.385159890142 44.11766808521858
53.14178853359947 127.6311175170378 190.3161982797904
59.05060085473261 128.4494467948063 113.9167376736001
170.9522425150472 47.82510842600782 129.6733617435966
106.2177515939889 7.149915661535301 11.76049881417053
89.6157865164558 123.405752704733 9.694022643337275
6.910702708476084 21.59212915268566 16.50612569985721
34.61513933054202 105.1717246091383 80.32213669976942
66.04683067598798 63.09883878938904 8.699936451737319
198.3911604759698 33.4778480506446 197.1290054497283
61.44762557250369 40.06190427685934 67.8281864339472
91.31971190017282 131.9733827543348 180.833115111762
53.40065446857586 88.97285402819877 44.70256265233606
49.64359571363239 190.1311992421469 165.2448293454483
62.14368706186091 70.14670973193067 127.7896320247731
143.2469379696252 99.2327408463468 114.2193761184602
164.1317050547183 152.9003074060067 123.9758445075845
191.4133247924526 190.776381617647 116.8682040102298
149.8179951992709 3.954596272276421 76.02974710630093
151.4677089263602 62.85203546428254 127.4015135740188
168.1687575359708 136.4160171672042 20.59938793706926
70.0626539955808 87.04040411640617 8.682173604707302
178.2160581147375 59.73269933473427 31.08744115929801
16.96358111941065 111.848424209307 145.6430040263685
22.98110855062279 53.6424709344533 34.37749881758037
130.1026921475816 100.3214072657403 36.6496573012726
189.5810739375189 145.6044948001993 27.41189759714722
18.50503226507193 86.86648917581974 49.13931369590156
183.7074748544087 172.6599168204638 86.34049866380111
162.0251560684769 137.1130862084562 148.016876336131
149.2510449622602 72.5484252354877 173.8215196322257
128.4702559155625 173.6496967853101 19.89976886449882
42.42693501817457 130.0862876047149 18.33621247629474
194.0960991812335 133.0601989183023 107.16191052802
85.81458578552541 15.43879124028978 168.0292598673329
63.45139920135104 58.51304007488825 180.5753425892426
110.3186556275382 146.0994531769914 47.41704460513194
192.3512040597867 195.9052046073727 93.15868566884045
59.84039081921821 95.21256355903311 188.2359796224964
118.6454426976475 54.48486188859055 125.436113105298
150.3164210842405 155.6125627086708 76.73668192058733
90.06462544463031 151.6231221225844 60.72396382145968
10.07780418824017 109.7017227796789 49.72348056080412
165.5364428593311 134.4953462574083 85.14274149601192
95.06828361952802 111.3609965571176 118.2364851015159
83.53005090618218 142.8507956116468 22.89174332498651
83.56140429754132 120.7818110387006 33.05606640755845
32.56391589579331 177.5076706145047 148.784238346392
90.55031470219789 104.7903883434212 50.1241878202942
15.04604378082112 39.82831633817656 60.48492257062359
9.83724958699894 36.97750821005766 120.9032599468305
144.4346042742649 185.7266542442722 129.9096751010369
56.45907774671312 46.69550208013754 125.1341133621881
140.1151250419198 177.355959930272 170.2960866958721
51.8303174346592 29.82529263666078 23.82791858313665
96.91648289877746 110.4290220921104 190.5203428269505
17.77378750255778 4.586641379441731 170.4162379072311
107.4936121876232 108.4283849265522 33.1237362397556
101.0456494152092 116.4230945774508 141.2141256361282
77.17609368963706 13.52656105623704 139.6417324161851
192.1668513774553 40.02533918658692 28.57327607067366
34.34839803016276 61.08052256152573 152.8582413201099
181.7663269833051 12.40375855949958 149.8217094537154
83.65518065202158 39.56699908375472 26.6800124990284
57.4552614094257 195.3593346311537 189.1495750253148
40.75034867950423 181.3057950366661 57.70269544266981
122.0854305110346 77.41228547318413 37.1201435451521
65.89960715649266 109.2769277883845 20.97277726868135
77.97137694356674 106.4978530009516 171.671057551607
21.71480667398757 26.29615963431475 181.3962336047897
17.96642980154495 55.66161289057592 134.0997126553283
44.74648804398164 166.2828751264202 166.5300717972488
45.36482128680679 6.29325219212935 114.1848070003363
36.87555853272089 50.44261581144841 60.85184919683559
56.63411889812905 38.24127808269994 198.3447344884769
162.8445423289554 176.6976538435083 74.60335979047038
31.76552993783869 152.9715514903224 19.41292026423242
94.55321357251982 101.8633676054397 73.88834261263067
40.23199254009884 192.529493230212 6.021940296999115
22.94199788060123 110.4333449919577 27.77820108459679
105.9434887981412 167.9990371752797 196.6629724508637
129.3339447309058 174.386732453803 194.8149421924998
141.4458375580062 101.490883000183 15.21857983266995
25.34577186058528 148.9064663361809 176.3287748602135
8.766973843043379 152.4565222930975 60.06731880397238
45.82820692290144 112.1383312487422 101.7330801310091
173.1133146843512 127.5176158531122 197.3653783441333
1.923869288337341 76.92562354641638 69.17307976560311
168.2401794734151 38.52700492189341 24.75292676879086
141.4996129958412 140.9655245964057 111.8958909749356
107.5859820956853 60.59339242077234 149.0801905990549
125.1820806983201 44.2438759142371 152.6010323634075
36.51660060000827 71.56543483137359 43.59072425128316
13.111172195007 115.6826241273998 74.58340942077233
40.4776902908546 130.086915132528 71.80611453836315
175.0858299194558 13.87457559321503 74.97007363079533
125.4776288475522 78.72105751945752 62.97101577731375
123.8686463327244 184.5527369729896 58.72312142696096
99.9098197324749 114.9646098718848 165.6424209854292
72.03585868879573 24.73543081611087 11.37179109359183
22.697136234482 128.5935703319896 129.0281874509987
187.1746013787472 190.3647282006745 70.09721111428955
143.1272682203178 105.8992034031635 151.3456238512734
184.947940489541 146.7585915249253 51.21374286099081
118.3551389237492 101.6466209207098 132.7664572012213
8.658586803851293 182.0279654246104 27.74195378775138
35.83651168335244 143.3399642303631 197.5043525967143
99.74418255101831 16.24400613963267 148.163619538429
127.7465224315451 130.9221675324464 94.5953366029846
72.32432317853952 159.4823325437632 75.31300730703887
107.2373945690375 87.52066933037079 20.7897391649275
111.6822927372149 47.85372118537676 54.82416567976917
171.8472490625392 34.98256397353031 109.0189452012119
130.2735849506697 118.0667462403449 53.21466388403449
11.89064280326163 159.8539368984065 159.3453095748039
170.4857719639193 103.6656230740117 193.6886145316195
28.22505177310046 39.78035296956416 80.87210360713422
80.27483831752845 43.87692407386882 121.3670363498479
121.7584941848484 166.8715385457859 42.22317649216188
52.15126190142527 94.88273206024458 165.2122047272125
129.2333288545077 86.95894814320279 175.2156364856077
194.9664513134901 31.38041129085987 102.5495800012048
14.54115613848011 137.2365847280056 150.9336591647709
150.0780854401525 48.71842581319251 67.60523105987524
157.8790560149788 35.72142234485413 177.0585365182055
108.8117868231661 176.9487351933896 171.6770950908848
66.72182765280516 163.9946735838288 11.51106421510092
22.76862139744102 196.3736019069493 51.4621519700164
145.3823648192738 160.2801757699128 8.739025922894767
197.812856797645 103.4353901035017 29.73273662621976
22.39155654565283 68.16071621160074 172.7637808092192
138.4205908452185 197.0338418937886 191.7718089021108
51.7369456484077 14.82641766692568 2.478462664438806
98.63491715015296 168.4680550084845 122.904905186754
142.6623057270841 39.31740187229273 100.9266929164431
134.0049790663114 39.91219643461083 174.798300664588
161.6536590206728 18.19234785681403 94.72505605008148
36.72275923590122 35.0173797256736 42.1071313586357
140.2974259411022 9.219927759151032 144.9407378186268
147.9469954208594 116.7717347049262 36.1081126626756
57.98097905811508 199.7020914856016 88.96340286633524
178.6199848854237 177.8704094374207 164.1348639622188
82.90172756316335 73.43296796169253 24.15219538821918
62.00703956314274 10.73801249573118 168.684336064823
116.6203011178305 93.71413160279367 79.88495020371559
150.9839450237047 188.8305017000178 57.07643533402687
97.82878119510507 155.4350189678144 177.5417102079985
184.1293343995803 115.9320829028373 175.3065173637637
25.579571363557 199.4339114644607 27.54440189897305
79.02472405742256 191.2680430650649 30.52720856639927
56.59626156101837 69.63109632830296 30.08549367172061
67.0401564022708 110.1477657869158 47.31408703900527
102.5927969495996 60.93448890681766 89.94907820377196
22.288964036599 165.3449704391987 193.9286956425075
50.6540010870323 78.27486110887122 147.5695707040029
96.74141968726842 22.46098438139945 81.6990744270574
134.5252605806001 138.6986348889476 185.6826895640433
60.9376034460677 129.5302978550469 34.03244554386857
96.788241787537 145.771158436588 0.04358803290483514
63.95696314507909 113.9546821000792 153.3048492213093
153.3274718834136 178.0291090829354 194.2071181764931
177.6076825841165 25.77891017743839 187.2245062143275
5.628053759959458 127.4287261043831 28.62085320224534
157.7665202115136 129.1349875412905 125.4882353417103
48.42655181100889 77.6517539496854 0.5106668983343176
136.1548554380267 106.8325992843153 73.91563734871873
39.62798822903952 130.0747100253946 47.54496122278034
66.84820106800186 24.19946807506374 85.39356729580533
109.3605506609163 49.14079402396839 170.4112618128861
73.05021114505884 106.3216408906526 109.3406949883995
107.4333041028834 137.9628780720505 163.6924093233605
181.2948970155865 143.727589173178 181.25252079866
128.1423429526143 148.9070276437674 154.5859131061466
184.9836839977809 76.60287411780158 86.558466096906
37.9517664176011 68.2886350553914 128.5797186016281
175.7142232504863 125.8726609456187 59.71925671456886
126.6523490326899 88.07102932912184 151.102828242767
3.155561776154825 163.2178086774481 13.41643734147699
44.75995696996853 184.826583697148 102.8648253022274
162.8991898435929 191.5812049315101 115.2772105524972
108.1693997609021 119.2995863077594 86.17051753223325
28.8242834722795 59.41864702475373 96.03654225408822
42.17207897144867 116.9531917812007 163.5884995457054
195.4101870499383 107.4566060193312 135.3722280170821
147.63835138294 99.76442780251519 53.42809977426987
37.1850646186959 98.43968075275745 146.4322484531955
145.917858085661 198.4644040451148 99.35296349179558
67.68869723964768 122.4750003715243 92.03032674030739
17.09035661300759 63.54880707523728 55.74310783384811
162.9313576738086 39.90325044667421 0.4318602963018764
10.50489411800331 146.8142746871312 118.6031758089709
43.83703467867992 168.3678665564246 4.692916628211676
5.510274273241331 163.0407630094807 81.71064767013794
7.023152417108441 114.6057732899024 98.12580671479041
12.24610938444606 87.56589459963065 185.4255211660457
115.3921296577152 181.1418171339134 81.21400832966955
87.04961258139922 13.91937022856426 27.08566172369242
9.852913380476041 73.61775470350841 148.2797523322705
25.51482660357545 70.58218331837524 196.7159703533258
179.3515804413007 73.46767401110947 7.969361550743361
157.4858612505664 174.6212369427442 24.13918960174852
12.03649435076996 143.5311542690232 94.59898817831157
28.80889130632946 24.0129932501213 113.0723043801284
80.38199626007591 4.540504286414846 80.9565375217003
114.3632786647316 31.50061827653886 186.3210894323278
20.8923786591268 90.03670471611511 162.3465213147248
67.67316467961189 23.53859232923189 110.763867967179
36.32437538737864 88.49873296680695 182.4771959408569
73.9578908677711 152.723906335092 174.0551408291085
73.26321165324485 114.579640552137 194.0729233742844
27.92126774787381 125.3533741321023 92.03617991838922
56.37201438009792 87.58967788557266 109.8127768336648
192.3640230101134 143.4496739263275 3.392371285797998
48.48743140755074 150.3962966656788 37.65208066407202
106.5619703530347 183.1818581533637 15.59969605990046
92.75998154281102 57.11559811400313 66.88606758543236
28.11411019291925 13.4800826338985 7.907526099548832
102.0654869855061 21.5092644328228 52.66642999943085
198.3917917888664 3.827698432157498 30.68987910578017
154.845533628832 70.08392218416839 150.3278263501899
152.752995910997 118.9597725520028 187.2883529773993
64.17532275540979 174.0929643127413 154.2480283427395
100.8569931580152 176.4150369274032 100.0743651283934
46.11736345665756 110.3276515027152 35.00433158875659
193.037115153047 78.5933071004179 27.35388444526086
69.04909958187243 129.0747373816977 171.6166415598881
151.7124409794215 137.6109472309834 2.792437319571476
78.45412464413091 61.19096365880206 92.5150912184537
136.5598194290076 44.16151405388806 47.95288042621856
157.7352244490616 83.80704771094234 11.86245901583272
11.02103646858442 56.8376307145129 79.32393175155788
136.9941898212045 117.0592257652586 130.6776545995884
198.888819360068 131.3944019960997 133.3211932084406
61.88602331942961 99.09416047271442 89.03182648808387
70.28966111912871 30.11743764606424 155.9710178626975
15.50945241714531 87.48391040176409 25.05672672595167
54.74371236559901 6.658655183890808 145.8823926234297
9.639538706765592 197.7939913336257 9.308401141525836
50.87779126354272 39.12908700003371 102.7527750020941
87.28328715280455 54.09814288345477 179.2058528232426
129.6747912978085 166.4353086667668 137.8605829387367
194.1212430795088 54.22824729587254 8.982884112501196
27.60313278194306 164.5903873640652 69.41045198448229
82.48847146627445 37.87727138138131 97.94846041933836
113.0094514870215 128.7050440676015 5.955085219804164
69.36197612591555 199.9280250108705 10.00985693732141
190.7798828581628 10.80335860478942 1.283723750069678
139.3083926893103 68.87075786196695 17.02819416254361
159.3789707422634 14.09253280347142 159.5936651381273
5.446695068201495 12.74838273265603 114.0533926478374
199.1384393090585 17.82593231920174 178.587570471762
97.2495451416454 152.5315964910479 104.6422416144702
143.6327649185284 146.7237782254913 135.4200414359786
32.93496137325091 80.140588822173 107.9960220964379
137.208122475334 165.3332574288245 94.7090580711707
33.84880847599491 198.476950119349 136.6201900537492
192.1488345361923 144.7179997570051 159.5606598841377
91.98442786163098 128.7619231227344 101.5924684263492
108.1326461497449 191.8932337235136 192.9750646205441
32.31234223424908 176.1260007192167 26.68603376395124
88.64092295072169 195.5243730754528 154.4193564408928
131.0467722787912 187.3845614491001 150.1337993132172
167.3654953692096 85.55480453868537 164.2284759736025
140.5275400671367 166.9285741892342 57.6194541710255
25.11509412093947 119.2083723315645 5.248171109470221
7.548970148627939 132.5796453654766 173.8722593246262
163.8751900897817 160.9305142083338 152.3334954241859
158.8049078540176 34.63124839043986 49.86488986875172
123.3670461752039 152.1472160132143 2.533672318409643
120.9669818425923 4.857045295014174 40.0344539778885
145.96661239087 63.58568080954721 86.73975914379582
106.5905805045062 39.1196794597267 100.5696175754036
63.97323989394755 174.2918147036238 179.0006212201597
92.97705040686911 172.0468020617746 77.5321662747302
144.1378930487579 129.4709254457066 70.29583046480175
124.9268871560861 159.3783947051913 176.2501005740918
107.956631599418 46.52057939699224 20.96111658711687
125.9833234203073 21.22568278972361 160.4421576868441
106.7580397895608 37.32811452235743 138.3865093772615
172.1975731125239 23.59363655081954 130.4547868684053
147.6645622235615 93.91891833971417 90.94764242542001
120.2701834361314 167.9055762155133 111.9083342165389
172.9494269623824 15.8407086838655 31.99728000761159
187.4947805498085 154.4824066721166 117.5735505371689
189.7463178814874 167.1492866588671 63.48243590955306
131.2289223039566 114.9129085855099 197.7603561361096
190.5136192091722 77.8453281968586 180.6783996854362
38.76483954749813 9.021325560709048 181.8458884750409
159.8994608229188 111.024877910398 71.09708846716011
69.90279711653916 191.1825733283386 133.5449240596749
120.269960089488 186.363872371297 127.6759277468226
18.21700448304692 17.59028289285995 134.1232930723152
63.49025406731543 9.904900904578495 31.34786364434177
57.86916908865818 179.942531959604 74.861168694757
101.8039812185928 99.25756618213163 98.30000964138138
178.6182462198158 6.095659367971919 173.0515001298524
172.1736498891921 118.1786551285522 36.75269854085004
90.90364906080926 43.12569323732061 155.8343263115143
104.5560727306219 132.070720602954 28.46149123722359
173.6233709407703 181.2953080210633 52.11289922911417
85.27205897806728 174.5268010791755 142.2453116014166
0.4579334829108372 95.2455209406714 85.03366280782008
159.3779638986278 196.0126292933637 35.4597012346988
28.54468548306235 34.9389673978073 19.25021415703917
85.94237685727124 9.020755091925091 117.4566992902789
147.6168439976767 128.8767612196489 165.7337947112283
155.267225040663 62.92694935883553 199.7275435036747
71.81676400842186 35.39139245587392 179.6179851141294
31.72326102175106 46.00282428730309 196.0743199794931
132.205519160788 46.21033455210922 22.0660613518004
47.34341239776634 109.4501862217157 5.321473158408584
6.467470619011845 52.87604293583043 102.8697664960029
58.78050640220514 75.01807657569427 89.18561732379439
49.89503397052598 62.77247850066447 108.1703324970965
25.08103568232556 83.37816404757413 72.55480542609079
96.25855556014386 29.08660114315607 8.773535941850657
163.4009216868573 41.17997956554439 87.11969186683042
10.01678325016069 47.64246131854328 181.2062441049176
53.78652399030955 107.0483840073913 124.0956231280741
68.04737148459445 170.077516229837 34.97524248016261
175.2342285175916 158.1298375026227 12.35834255375994
193.7433112091112 86.41591468370096 108.3405436501598
96.63707094337028 59.09298407846601 38.37168492476874
38.36201892147716 181.0358356322442 184.7211249030509
88.87667377362661 151.8799841700831 154.9228797304277
168.5195570809231 17.59044372249892 8.193070655301272
162.9828767232469 155.9188238461299 191.5174812332013
113.9519312438984 77.77645518173597 133.1571648703857
132.4726979388922 65.06078305996148 142.3560010077384
122.8535908733659 23.57415965219618 89.59183230464049
66.30460840039628 131.1313858983121 10.41132199610639
151.3645830556112 96.15014951992264 179.0957276571464
171.4304369928302 76.95557597518368 46.79264949852465
53.10217923234702 47.05527762668584 159.2546385794335
143.6487358283039 164.530619207407 118.1013639490401
185.535488582469 50.43769201156753 90.8185310592219
194.7969938110774 48.64278841668146 135.9710284165324
20.50757942286128 172.5154241719518 47.58907217285144
148.6024536001257 118.2475428280893 91.35358638660989
114.3824514228721 157.9510298847389 88.31989598613652
193.9035155544971 109.3913958154412 196.5435251081785
194.6303787167133 90.95569701151626 50.75331492980061
112.1856022110428 4.627688932781255 75.97399780090204
45.65572322672696 51.70110902025711 15.30449517001996
144.7784702044543 27.3856912658843 79.8914407746136
144.0271672021844 76.5102063741455 47.46771074889985
176.5653324933821 63.13510608776011 162.7981539752419
3.02869016248153 154.0881508290995 184.355213239516
133.0487894424209 110.8188101435812 172.8757756808322
139.8948943615292 1.518244025485497 167.9591595445999
111.6841977456929 164.271145983827 64.15653493405259
155.807734173779 56.54848270550715 39.86545262978294
126.671956469769 91.10057105039978 198.9982358801649
39.00197032064364 3.01954714440845 68.41632439267582
144.0129142818827 84.89496678243603 134.4340219361117
33.71246064057403 72.41697374466321 19.49223086833958
139.4288416019479 21.77237756479462 56.88713931012435
42.11089226911331 160.7141809093241 101.9160414653485
109.2720422699048 23.37284438743143 29.55975707911583
16.977285569073 101.3099141581332 121.8246738520131
80.9271550338009 26.18700072490676 63.66157076278343
137.0203711343127 22.54998077744141 191.4952039975687
76.35691644740329 107.8730196291634 133.3403747115515
54.6578497230282 187.6597469233183 24.92976720029321
199.0020603915858 163.563859994933 40.75475781507704
10.42918803887013 194.7546422758206 131.4248550636113
161.0033952742567 10.83036190868003 54.85326862036166
50.47511184950076 30.23734501887744 141.9462197456424
14.96356022484861 21.15393123642217 93.33760715907248
122.4221169128778 148.3886950484532 26.49836158423063
108.4737905463233 79.26545675962331 164.5686221607571
72.08944560890795 148.2332531000518 44.76378209805008
163.45197127815 110.5817170961714 163.7676290793539
163.950988653757 112.1287799803189 109.138662031119
57.96457642908399 56.95068671970515 50.74125871058332
104.7741678180583 15.07592168590408 103.3845882372387
48.02745630024335 54.46093615113671 82.0370794431916
122.0366727994327 135.6384705867449 135.1954028404043
125.0842218802183 55.69159474253329 97.4306267154906
87.54792415715552 68.45221075423495 198.7817667374817
23.17294549579528 158.7718102162297 136.5325889536188
185.0397492279986 100.0366426564776 156.0295237218916
126.444601786132 121.852833899776 26.05051843194302
70.27503755365061 155.600775610448 139.7511963046828
70.09610156991067 65.20719022848724 70.07987164759821
58.39218870190272 151.2200285847636 192.6232040171817
39.80572811110944 145.0780181251122 124.0397239886126
111.2400564039995 72.6115572872669 2.054137250874757
45.98349938717195 109.8609547199353 59.39136477536192
132.29998724727 68.46619372228309 190.7130184104992
73.59060204140123 13.48073405771019 189.9185797548503
79.73137908064507 6.663125372369151 49.28401485612282
71.39810408812713 51.07079937614257 143.7622632516116
0.2693210799375754 35.07307582410729 79.14937693273355
49.40341143508918 90.89174093125281 20.83489364287418
164.4575845582971 97.53872029296836 143.3178203007
127.9521904057062 106.7600584627079 96.93539830028543
168.3369303162202 195.3858983749398 89.18087486171235
79.62234514541372 46.03008448718371 49.73766323942098
108.6745673059841 178.3532281304271 147.442114728717
99.21889007617183 134.5682525043567 124.0262554080253
30.05128424919303 92.43762008351307 6.259876188743552
0.4052145280636086 185.8628276954272 50.24753932116599
31.08538681941536 3.038944884319915 94.45996159444927
58.00748912360275 164.2891168430061 56.30646132664879
81.83491074509931 136.9841682497617 78.65446097097941
166.3325569586753 59.11283465002927 103.2176397457563
172.3803515728368 100.3453193306609 53.22252281114392
121.6155136523111 28.4901819729776 9.292116046474792
69.68189920119079 69.59004479420423 159.8918578982873
112.0462216976534 198.9153464802544 159.8983155295834
79.74010357792379 131.1968198172744 139.1610355319115
24.70416149596896 148.4595441941966 42.19678667554674
3.109676730668554 180.2271104316296 193.878193731743
7.291995956988172 170.8578491058761 119.5568619931805
20.09935616148907 24.82861277197666 157.2185097952746
72.42287881565994 111.4004445515368 70.95267409690219
108.5170189292865 154.951107756578 140.9890810795302
183.7336474847109 149.0440812488676 91.96342743886949
0.6930644551538175 67.37535932359228 121.7003297322234
138.1482367347951 45.75607037099732 198.5330323361804
139.328090770174 182.0964005039577 77.27838191009728
64.19749638282742 89.00951791040589 66.44543650100432
61.94246161107765 29.53939805397345 45.9539594165575
134.1944313614431 77.54061995824297 102.8111362724224
5.534613837664013 13.46759657209872 51.79386355875759
80.80814031573098 128.5056865413584 55.90528931396515
98.13212461998131 13.62943578371099 188.8698494140361
74.84238307754892 92.09169756158238 152.3838134352512
48.4881767664831 142.9437086513929 172.0625917037266
51.94542193538105 134.7032848574879 149.4911811518887
154.9607501684402 183.5008501681354 151.671378885205
185.7588606087161 120.139079033871 16.72959961540105
187.9225131006528 110.1835775876407 112.4413739628707
157.6605991990695 12.38645581442761 183.7486274297092
46.43680696192243 158.3124033577139 143.4541059682575
82.0741412013676 165.8458030619032 192.7972861058377
