3 1024 8.666501843312329 0.6533349999999999 1.4 1 1 200 200 200
99.08616400835622 161.9623835195827 57.55386601029704
169.3427673080725 95.27412122126185 163.6854298601766
73.33718682080328 89.08790984363949 141.7612017785974
148.3833015790798 104.6394414218733 55.66617823324069
67.13782641977603 112.342653734517 195.7242919155134
29.46470576814035 119.6171289469534 108.0688203116465
0.1409367614443297 102.4361863120683 13.99874062065492
37.60722224258669 179.8896018274728 64.56834120842313
185.0189371462567 38.1062694613424 165.1297960143405
30.98914636788098 106.1832097866079 163.1712555967534
8.609528659858455 23.23467311185095 123.5582063972978
84.36475661824254 24.26045314182164 112.9295490319126
145.8625817517464 183.7828073362427 29.77978268198146
188.2279243517255 54.28857382305024 116.5929688340516
3.677380350231466 155.3669160291292 77.95756223547447
184.154539442959 112.8736957294541 167.1483373811496
18.66176990811177 120.7018351503232 133.7669127639424
75.68933241458389 185.1925519630819 108.5695140972107
110.0216246682087 184.9973266919646 174.9122747904534
41.81931367781255 16.02584916553278 26.77335557622316
167.8230831180401 72.52506899800696 17.28203776115606
131.5887083341115 169.1582011293129 119.7520194229164
163.3743914490277 137.0896559113391 52.22491443233079
90.20600973427165 62.06309985927986 140.6919691062145
97.88628804598092 22.40706520822558 50.8495359755735
21.37268245718249 28.32254370442208 164.5272043367431
122.9427492917768 101.9785091311584 179.2599975035086
181.0264485522009 83.47412840929995 171.9352632400255
130.7097736001996 182.5873026680177 191.4895543724852
84.27547945478551 172.3538285293443 67.80674756525501
160.620086830377 41.92913230361705 24.12795609718471
32.82985741755737 107.4616467488621 180.7552458078219
199.5096940354117 6.566179456366135 80.3876724010919
8.091205912088283 194.9411700314873 158.080140319419
52.00197893013882 5.471637659196723 17.53475377389559
61.58709999019822 76.85144056006924 85.8483486299845
112.6642654422957 110.8941659564452 168.5224509599009
56.89384605907062 117.0550655708582 57.35138523387901
16.59353887172506 173.7433093004056 47.65958569228001
178.9745435254191 99.80648933068417 177.3640134350139
56.71868665930332 146.3383268161399 106.6088602472871
128.1488577109778 103.0528656005574 195.7575848624138
190.3300551430122 111.5396614591165 114.950060260511
106.1593231324471 83.7375158882472 95.27911719233589
96.52268944039498 47.15790651472973 134.2630931548286
99.93807907414372 139.8921950730667 54.34791079478511
67.26160575527148 23.94480830742245 115.7240818292264
1.473828610067043 174.5798573435474 106.4381066429735
5.220813393769153 192.3758559880563 72.23597499578634
108.6280145926292 168.4064918943853 41.20057459707132
195.1051232975032 143.8556031909067 128.1472365247931
89.86112045730771 164.0606199221773 153.2792295455248
54.70528552556149 47.4845034836556 139.3087070523678
58.34928086529357 31.953591322481 146.0867807563493
9.975990315493418 79.81340983788515 42.71247509049314
119.3959864394725 181.4624093241873 83.25709021763917
195.2911288275116 85.7515061610025 71.97931853314351
30.59823567853635 165.3505540076976 114.6272782801809
185.9967489340744 136.1781614285089 140.7378938172865
171.0751662909073 167.9892631194749 74.42260516761743
18.76583382837084 173.7666120148111 188.8051260511996
59.66363873466906 182.2866086664189 165.1951633138509
49.40193232374433 147.6733907669694 183.2973411271161
62.24685317217924 0.8615043976352758 57.71287791113312
168.5908476350885 151.6699937313385 44.43817507560131
25.88204337053537 74.61910086907702 32.43767084961966
110.2225312049101 37.29452457480934 175.1255142032867
15.57526843535657 155.1228296077986 24.54423101283426
72.66246774476062 115.3868708538359 64.44812304656335
68.69406789242859 14.37406249327051 36.66610285017023
37.68144107256852 49.24962679998196 75.21653860900649
39.62814805641202 32.40932236815708 78.82805854645008
142.821527746621 110.3144598644742 148.4875595553055
76.99502624438648 179.1668898970037 81.98449416648246
45.68065999162483 51.29306548211118 188.291522320888
3.086682258778992 173.5335204937006 126.7859541040141
111.0575505169262 159.699415102277 119.2118309763371
23.88244840726253 1.406087490065685 74.48640265450966
47.90003238269639 1.894306785426472 113.9786421203016
170.1194875159281 161.8140375103205 121.9460808104205
18.96963476425644 31.09450976968202 43.15525870719783
86.65604827599228 63.98516499263506 193.2578663151894
60.70521983855645 9.558093907371427 95.07933394596198
124.4421343249535 136.3074040921321 63.60304714404394
145.8264186911179 190.0761091162279 195.4690176219247
178.6646032300872 71.29079731351979 39.31460775217203
64.83316483409553 65.33384600010483 169.7010554630113
136.1889846956622 136.6042685876774 96.88116746532674
158.5630127622079 101.2833964893965 69.28737455624888
24.12624519367435 160.3349064067419 39.66580430804099
124.3740351332016 122.0658602993365 73.48263285128139
71.3973067127363 75.50892499420843 60.04935205621544
150.6987251513384 100.3646557076562 160.2935781558102
190.7829949925306 96.13755809642329 165.2177776508507
65.52520376115328 166.4488761695479 79.31482412758007
32.55287625986722 66.03257267130859 182.9012421225642
68.07285114434238 178.3561534798247 66.43679483088924
183.6311264326249 71.11278442074688 111.6652805306914
121.654388920837 12.93026857959875 164.6681332139107
37.4937811799413 128.2463131882874 30.13962483299532
30.82074304539008 2.444598407389825 42.73579350534757
56.75921459059237 100.5357183535929 132.0848126236192
144.5803052967956 41.86858443965654 51.80828974933579
29.3536803702293 53.9416521083691 194.9014490524409
199.8382581197041 38.53269193882143 40.33031514604596
72.08706250527382 111.4495550029329 22.98667549835596
14.30324163090235 7.879254330955983 129.2350003362894
34.59440366781355 103.0145113720831 37.5443977805941
86.60681552908635 89.17520445966518 130.6103308540514
56.42150107117642 13.78540050079473 124.6519525065798
5.114428361330712 149.0143086249526 162.6854483381142
158.1279064706935 112.4848716054493 198.2227838622389
6.825230285282969 184.0962456004268 37.76881597484134
62.96195100484327 196.8583725526668 107.0355378966074
137.7735601691925 56.30260209217648 13.79999978938655
0.3883831942657643 70.08529259720636 54.63945698470788
27.9423619886237 150.0919520052241 125.11406207962
141.0855040690868 104.7830399484836 132.1530077553538
52.33684172695658 95.28913625679543 116.1681447120552
179.385789900458 130.7012223179978 155.7954849081951
146.7441913616966 123.5075242940856 182.6647217903295
21.45722280130371 166.0517554584445 129.7325473734032
137.9646925950161 146.2174175852158 198.3037430261873
182.0816754439456 65.33134653190208 161.4782383823254
142.2976548147044 30.67463024383015 14.36756388228109
162.376309565362 59.37197195640671 134.5616122899683
84.76539735529984 180.538133344353 151.5601328118271
105.094870556511 101.0325346732754 51.44646131850083
195.4643411963369 131.343436128584 38.69112509406858
95.93221762287585 11.40355053727208 126.7156121576256
168.1841195858269 89.75700117719796 15.44841761440354
103.1458882204815 41.00607797921158 159.6643259336486
190.9397808230975 65.8290264494748 96.46155893596762
169.7177849291078 157.6614507931392 169.3098129701613
197.1826851891696 94.67337959381715 29.21106358700924
193.7529772994122 79.38604260921993 36.62480467137276
162.5686363960153 168.5355523352967 89.51476535347282
48.30087133075371 92.76190498972298 34.81515487602978
18.38333495100009 86.06372635211076 112.782147981519
25.29825176893227 152.4948703942327 104.2796182693011
124.6039177576281 16.99686546541115 107.0875185492395
77.4931677855448 168.9732652981826 100.631082227902
158.403584151641 174.1009050242489 57.28389532577688
80.2822080361566 149.8813200208443 28.9479579469625
68.5852806824886 198.4545444243821 172.4420191854219
8.481960149501614 119.9574990135522 149.136574770037
36.08621614647152 196.4228464893653 180.565356458149
23.11185520478453 71.32678602887307 120.5855922583464
110.4428564671019 14.29875719242215 147.6023305748048
179.3666883477816 150.4224271918286 131.2460417247638
138.7119310247654 108.1507908602754 182.9564773423075
13.8123457838252 159.9107080851736 144.0250685419616
75.23296932892472 35.81094800434288 145.386652541562
57.99485183488632 21.15452137390116 48.49754304521356
115.8285429487564 114.4578925638225 188.9594784734397
112.6630436762308 11.18425303207051 3.131096209365933
26.57498170867686 120.7075763023766 67.17011387217659
152.2791115695917 17.24986272287453 19.41043939524238
63.32115903699962 40.75492323868404 114.1999858181769
173.2674264686885 124.0261644953944 15.17260868007298
10.47069495251609 66.59410132102285 2.970684310467012
191.7143570467782 147.3073439989294 193.2797025412484
176.8402986505375 126.3728804475155 67.3805748242538
191.295950526964 118.9891393865268 151.1693958500105
184.869756339423 177.1679658102956 102.1908846677078
12.29121090721637 133.6648006886004 159.0375462554969
67.43373700699327 145.0429439329 179.4292805948922
77.06186169536242 13.01622002148375 99.6540345253175
9.490800334681948 8.275832525453813 66.32069810542136
153.4804495117588 11.27515300779294 2.699391338381858
187.3651346926146 22.47589111457302 172.2443138837302
57.68305870080311 178.6970874095725 115.2191438885857
3.319469737883221 172.4101595763101 181.0593064392203
157.8505450840413 199.0976981170462 121.8464398433671
109.0731652548483 128.2950546030435 63.43025959738101
147.8507691077783 120.2305422655469 89.65952141530244
42.8601892451692 179.2173339973897 128.4997203657492
41.28113333797695 44.91424159205805 18.6875409493312
136.6129745856592 75.1187789454311 88.85104625331959
123.8993296785981 199.1284795606949 112.5927285074057
105.9172396964453 145.8727097848247 69.47765491273607
20.32489550529537 124.052512384395 8.603663941193512
89.61864186992086 149.2847414373523 64.62990613881279
42.72759630751356 181.546863277934 168.8085027708777
178.332487185584 62.51703542708636 128.566982669605
181.3506582113159 62.79088891551529 22.9264240513859
25.02166749130739 92.64722877083507 1.223708800433143
86.82806342810797 118.6944052232635 28.5225403716032
132.9866008067839 141.3429599824736 35.80659405076341
103.5381857566703 153.7037880142873 133.6320674550185
189.8217289610082 102.0462879513174 199.8636901026915
25.32479371282649 135.6383318493792 196.7208395369144
3.88703324710294 7.343658113953922 21.49708248497355
135.644422962015 197.2652133446689 33.55359458693751
133.2028091077869 157.893946118578 40.94921551499694
21.05799998212088 75.44225216943244 172.9471695310654
114.7405163227845 135.5883588832781 17.94475936110812
170.350242673676 46.2776054096896 83.31590571575178
95.67098109834818 87.8181433648337 160.6525365182203
143.3942280973654 178.3411783793867 156.2451284828326
26.28722973109131 109.9199715630105 0.5320131655008925
101.5323092804457 150.8842388324949 15.65095121494382
54.42008418614464 159.437316033341 194.995954856737
168.8139634807534 63.85696956924258 150.4227227472353
195.5381459210656 38.6824533435537 193.1535678453555
170.1468351983874 106.9784409376923 15.43102707150556
85.49700911324504 93.8835111604248 173.3069257205444
19.03254685718458 12.45731743858639 50.55971210708641
197.3905506598963 137.0171771423237 89.49126807126315
153.8558820252504 159.6991806828942 48.77926446216377
55.45733716502742 112.188392424985 118.7982274403077
76.08324012824474 34.66417946042425 176.0289862961353
161.4430624886756 41.02212413194862 46.56105583325058
187.0898311740611 184.6396130577487 196.7479326040543
92.84806288828626 54.07934447730973 68.18476135789538
113.3070380409031 16.75716189054354 59.31152353362282
33.82951122293866 29.93307871634827 94.97349966876808
13.55377374235463 146.3789996502016 116.1916340982725
84.72091671624989 86.66142370896867 57.48511684789302
71.9483640038313 131.4434086916309 169.6772036345479
107.0324717505033 120.5149942323061 123.1153440544344
92.59765231393112 153.870139372301 120.1893512071174
67.78025876176631 68.79468162814642 199.7447106320757
191.3032466415372 126.4427379489758 22.59478168460778
180.6234804141766 136.4756665194939 53.81391474934563
77.19528142938708 68.7440438928504 100.3126656981796
181.8945174886536 80.09139446744689 24.00308324564602
54.81325572253591 80.33796822542186 167.2617833931644
7.628328201565981 108.9484042509338 199.7875229631876
29.62110167101051 133.3344871522186 129.212865178629
104.0806054725656 140.943816705516 118.9708223093437
40.76354021902736 155.2870319856234 170.3420961280873
56.25163970809218 14.5422787699121 67.2338682489048
96.5447777715252 105.0514359455856 165.9820460245338
42.53596120255648 137.5784500746173 197.3873409251912
126.8676391163207 66.5033549873733 120.9838141921203
140.9104529228609 114.3238237245569 199.0029983053319
113.426009449053 111.2817148764767 62.90589133683382
64.52853604201727 33.7032830570968 129.9875324746552
134.4884659127749 40.7076776126269 142.5369740672442
148.7666068616604 58.68757215195355 51.72894773352898
186.2515340845321 74.31105643269996 81.64520590367519
190.0805657931005 101.9167508247315 68.5198986100966
1.607367849401737 69.58602744821413 71.92226113527978
7.149363559085272 28.0696127723836 106.9773743241533
148.8727027663574 126.4731248057045 150.1324746708613
5.579698865137503 59.20184533098168 88.70131138373837
35.17945367326426 37.93283412399506 191.7063144494731
82.41657570815762 158.8802264143669 179.9644006951075
70.59634243543861 92.81674685238795 125.0574807245705
194.6189912094333 68.09669770869783 130.5760763945921
199.7240110565111 51.48216776874412 19.07720711401824
75.89687364965208 150.3721470936264 193.5856576448943
104.7905167182289 65.35509605837902 84.37775862935706
88.2343079965656 69.82441208614499 59.63043616425117
118.2893843225178 30.93986505203121 161.1622448041856
5.370505058571425 157.7003557603559 190.8457516495178
47.11866678645289 29.75269015335319 63.39574348672701
163.9168047938932 151.4935409129992 109.4782444005262
120.1235107195288 68.51153092077328 101.3806232462088
108.0134697433685 162.858217381217 147.6533991207278
46.93101843025592 101.1542869131892 49.91878971265403
175.3868213302284 111.637143281266 199.5794935336139
117.86118730783 111.4160934731087 46.00357493934877
110.267099542791 56.86191876685363 67.20893040534661
148.1185419226009 68.12097384844299 168.7624099958782
99.01247885202262 153.1886790720792 42.60576394865191
163.9857696815531 191.3968994780989 175.9377853981763
182.4538794935785 104.1228010896786 152.2835400773461
66.03230006455394 176.0680108760162 49.37716381405546
174.1201822019458 36.59372556659788 178.5223736011283
180.5976018693536 166.9380218749262 88.86708222904565
158.1954524750516 192.3640473898466 7.393834487627431
40.18098084925144 78.90491554319891 145.0287470601155
10.70393996942278 89.18490864544087 10.35813850381539
182.9639749176054 194.0251647435631 136.3337385157797
178.9242865716114 43.60003640367799 193.6306753724323
163.2659606126149 118.7987924502017 120.437411195358
111.4809195584212 197.7757716969946 142.4701493691156
17.84275117572947 102.0682411508709 187.5909289400056
161.4357050928942 20.96566945884008 188.8616886605598
144.7980170908474 114.988871042816 167.4869636080317
23.47947494899963 133.3304458972762 55.70227395793795
32.27111446445021 168.7722181903232 163.5261716431194
59.19652668273012 20.1264710707024 23.35697681947088
121.042528388832 182.1853024218867 115.3356723275808
60.75169045153213 142.0887288860013 195.147277681887
38.4400035008021 80.17873712712512 100.3156624009373
158.3177843582406 132.1014868707209 18.59737663846811
171.488670100257 183.9036529421294 93.20501577308215
133.429423394799 152.6897314859569 68.96849202243058
9.918488686087638 124.4090014468467 49.6244805812911
50.79053452103661 55.03091582230248 172.1562989092425
23.12905720820311 39.95936754437892 76.74821249212317
40.92042235736166 119.4792786486131 168.172650355845
189.9314625981071 88.36826032217969 185.9773718772426
180.7449171555828 91.46905164630797 37.02831719133411
75.92572154369549 182.7896679771835 136.8217215844907
48.90500036366866 30.86278886995608 32.25865305479457
40.35931996543201 73.71709228785645 117.3287860635281
76.09501065517054 177.2094195561845 18.21361637644414
85.94305475900677 33.20992790709813 161.847932409818
195.565239403551 101.4078768602879 128.0027442948978
49.10230639806172 119.00200570614 150.1729332089664
166.9785743738624 97.51019944412862 146.6609209205261
176.1279777121842 116.008925638918 182.8234154543748
52.52982661590576 176.5564172451213 73.89358086064966
153.0141401991143 57.3974000287964 108.1788828327855
32.5105684232871 75.50435589870936 66.81858395825651
50.04346979164512 159.0270777204469 156.1885138120751
96.20679580220057 161.8034577485358 74.6451295265968
171.8338090719579 165.8761718866479 103.9201956444276
95.64168374166508 21.48181174316388 16.15527187045528
108.9577816529056 185.9891940798814 41.10620213286994
179.8264357317791 82.94466315064699 52.09222882892366
11.32689793580898 44.34340210790823 169.4583220386669
136.7993995142689 92.16022180110683 121.0702925479437
180.2894675718277 49.91341882235108 153.3546496180418
161.3743211527 103.9491282028779 32.65819805015395
156.271822350757 19.35900493690268 99.45178494945965
56.27790858274517 103.9271786387625 68.65195542801195
90.83257924749741 194.0934697801178 108.1164375554573
6.772167863735522 156.6719463468611 128.3775762398761
171.0851538459436 69.77450390242808 175.6661022897349
1.752044113414666 109.356181143873 161.0844908850653
57.99055005559565 85.76997063715319 150.7410127561859
60.76298699732566 65.8750368009833 72.38104729495574
156.473001928825 29.71131821091121 174.7436798578558
73.70557502226737 70.74418610913865 183.573229981393
49.16095652850633 39.16527172830082 91.63089562574446
197.8548619891326 137.6500898588122 55.2744611868107
147.9747321240368 89.01007684029712 63.14850579209921
9.719439135210669 117.104823125528 65.34200516052363
108.861883528148 95.55379933109583 152.4921855886869
73.61784343788847 25.47551435034819 194.4745237106864
143.1900207214296 93.33981379792526 145.0005676875267
184.4334098370897 10.17844840643597 111.2899401460073
18.78933946366129 181.665032763278 5.778424444058577
92.01145608808714 166.6337804246582 91.19669503547951
196.8622043273668 124.652353429673 167.6074133887073
80.56765418767563 169.8845806528038 166.7009900996204
184.518037654073 71.94405049137085 187.1444893716964
7.711950782870541 34.64958581624832 136.5706042904775
183.7869441476159 96.7043659903745 18.40095978302805
61.73669334085627 155.5950400589446 92.28679643208714
127.0734015164546 110.180406176762 140.8109060786776
172.8960000713818 59.27316517937864 189.3363043766346
128.3314649456709 117.1964587146764 172.4277415545239
146.1277120501428 1.296535949390671 16.56711164761197
154.3396636900237 77.47704034419779 7.581210208199215
90.3808146232444 57.1343797445677 121.0177479110589
39.15648230821968 81.89880657965087 3.356934209122852
15.98775503473266 125.8890480516195 117.4459058149129
157.20100413213 111.447888511599 138.876429958499
83.39950279748268 160.6248164272298 44.76239425162343
52.35063369079544 186.038695591507 56.84775725518562
40.23294609138325 150.8070522472419 112.9131833861222
47.1562373252289 20.73516784826212 10.9034564214824
85.85192819504228 41.78396162762708 114.3629461805766
25.69777562242479 81.39725099120922 14.39231142509563
59.05845168044251 106.4982663721289 11.99765534893891
105.5092212065292 54.3635883108401 26.78590460343299
3.89427892406804 120.1338909509151 12.49071208186627
15.56069278338756 95.3461757750849 98.41909860522438
88.99042461037709 39.65715320139712 55.45404353868472
147.2138476448259 130.4630205555908 198.5339688854216
137.5488292493997 183.6696878664268 140.8221185093058
156.011209794588 69.3098316484146 95.9501039734934
38.10509989912438 137.364779262467 64.08367961035637
172.0970984363027 197.8771153944064 157.201767217161
149.1953957505051 40.28253251330645 159.5857536151947
13.70904731006564 123.4717535664225 192.5398791024105
67.22920295263104 58.6312571955899 39.4118508957798
159.3008604083233 193.4573228456734 24.65676966634932
89.46233709731663 80.67077239857798 91.78108747646354
175.0992462646288 0.7088070550553048 122.4087745942212
133.2260838131281 167.0741622429069 147.1738393232228
125.3822593350105 24.26384730068708 5.878440851123535
198.5758918870942 141.9584995905079 25.34695055733006
8.909009440211582 9.169143340811853 147.3710165912189
146.5187734025914 167.2754320054852 35.02431323770235
199.3277534754882 73.70818945463422 146.2850195342988
133.5583145353932 127.2549353781917 111.2374323785549
76.8931316132802 132.893904105847 28.20611360121553
195.666446607508 136.6096468203094 155.116391061584
34.01611059973433 121.7501054356365 190.494987615523
155.6201129676023 166.6837459244568 110.4010009927812
121.8504603852559 129.4456796286888 124.1642612047285
32.35882989260851 145.4043434239855 36.54641427774956
27.92468813370153 137.3517820172907 112.2934366154923
60.26423705669516 163.2656656716721 107.7600473901699
110.3049695094568 137.7918965495562 134.8375767166484
36.41998501509254 50.82141020767068 93.12446986814572
90.11237135944857 81.23415217744781 145.6130903994738
13.27517137646224 164.7779767277717 114.5054812026598
44.80283343816713 50.26806660303818 156.0913493713454
61.7162193755693 149.6074483366735 147.5023287966028
57.96276036139495 119.9113449257897 165.042081066103
75.99527404713714 71.92387400969938 141.8110494407009
180.0701757756432 147.6122650137547 159.5345680914575
170.8997390621324 149.6521878272295 61.49768791820492
186.2837691110867 72.58638069068128 64.39828377248887
144.4836822705382 52.65885389218464 175.7008691697505
177.5752314761892 29.00500425618293 134.2615361002661
64.420932261457 29.08070993150007 62.50862424191202
48.94796825110836 196.8970593379671 96.45254129624649
47.33895900307982 165.3472374116742 119.1194250298134
130.6396185897224 184.0007257737529 101.0168191123977
93.34464674031267 34.15679468280361 177.5173549248544
149.8925498355051 45.22651561964184 8.243165386809615
198.1951462519494 35.37103165111893 176.3487133930191
16.43659897664785 108.3003697551474 14.70148321437377
57.36614957165799 170.5823416183294 132.4296859077454
97.27541692416523 139.8070581375213 83.22375044328267
170.7292268634118 121.7504953262541 48.90107436990931
178.3537362472329 166.3094507213303 6.76170605527114
198.1294084264256 104.3498838499048 144.8905128734212
7.258228108117597 30.5991557378219 26.8231833604953
38.08931076729545 167.333303746206 76.50733245684687
115.0335284557736 93.9738421642558 2.539136422014566
141.280989494564 54.55722258248338 196.178538912656
73.67544978676855 135.3199097678108 129.5355012637348
38.59713535827002 13.19661253394154 123.2950880286408
5.189944756031887 11.03180508173439 190.401983966448
113.051595371841 52.78259899639257 99.64338937959684
125.8014899766137 87.29973617731746 188.9198017448067
153.0174354922041 63.52665258311484 17.78257766122291
1.340635919921675 89.47725759172481 153.192467279639
166.2138747951507 25.700432234097 28.4515712058706
187.9344054499728 164.2924433390102 72.83118641498274
100.6564758065103 41.72772029732558 104.6007552062726
83.23722042067587 39.48479654523333 191.0627534431997
126.803334604686 195.9397658172073 134.4015584255198
52.4765725149386 143.4485475282922 10.31627616528255
185.0884939152349 63.99506722812281 144.4604330437903
122.4248689413495 39.56637977059827 93.4871894790044
62.72286042996112 16.52068033977375 4.551379830679862
12.260102291402 131.3934622178028 24.10045361290126
112.9171089463971 20.94120921853396 17.4547825037599
72.88843333099631 55.04031937483052 112.0034213901966
161.9647766317612 84.52671032772049 175.214675844527
173.9623784944567 109.491672199327 70.34373446294602
168.7545406024645 31.92775340524063 162.7152067156653
134.8004255168533 87.10940917505791 74.25045238072165
87.01296140193323 182.6161931993154 95.7021603426589
187.8442802582444 38.52513741457803 52.89135359141515
181.2464372286265 28.5150627558346 151.1940354203159
21.34486168327456 3.728261950715129 186.0201116841218
27.25293132526948 16.92961340124615 195.5725578382705
15.03483319517768 195.6737568876795 27.81926521191249
54.769091284595 120.7011850239943 133.881003878177
25.81707421274316 72.50856530937016 197.4997374292159
113.7690811151776 30.42134332565005 105.4084042517083
139.3063004497071 165.5828086607225 104.6495038433465
167.1393376783435 75.70365385667982 137.8816329340037
32.54667257274126 150.6466858695866 191.922432429652
84.94240589731488 80.53518766560347 21.34164435647266
23.08121802599022 40.5143555116754 131.110061497397
30.10693237505399 133.0297661777221 78.83712345899774
81.24134621458313 102.5912489606178 193.1335944980744
155.2894929223411 90.00465900871382 103.5001469256375
85.3812197808461 186.77439060603 122.8522772494284
81.99957348606678 12.26511897805998 156.6195049902353
40.51736619301918 155.4178896581358 6.555754237346487
28.58601852950381 114.0776328226957 25.63060353202581
81.60312926082835 161.8347353274484 10.58814358102469
186.393266752315 112.9353765134757 12.9060814040833
130.8412072615408 152.5770926509042 92.78149211168353
81.69064581163107 32.12658608227404 128.1415687844823
157.1225839957882 163.5992580664003 179.8221813070712
98.80808248409987 69.61564378705252 31.99885460265651
170.1914989935262 151.730050833214 80.36304418140706
3.133395653185143 171.9286634591538 0.4884139399126049
89.22510003929008 45.31793205332085 149.8828256806471
55.54313082651444 25.73708956315199 80.44776010132536
29.78327380912299 186.4458672656207 193.260257088346
6.841947372726374 163.8131411582623 36.9347563261806
103.8100280297392 54.93171158549039 148.7234486229304
91.31044895471359 67.60458039684903 157.0780415445156
65.63271184124692 144.2781376951457 21.57054095914461
109.8578601310624 199.8334134102297 165.1060324022651
151.1638030010534 92.1598740847494 18.19822751775343
32.05305518969013 34.86405621767363 31.60469250504322
60.04110240358541 131.6741789866261 32.07300377026338
0.903242355982431 186.6730047881877 171.5113593670651
72.92552210505845 182.0854277831241 176.3533200077148
181.8385662722154 166.6853516595697 158.1560135012043
33.77101138712309 89.03532764559951 163.0137439536917
77.68924903450898 58.09830261297405 152.1267612311583
133.1581979016725 42.05925354582464 5.024569300278306
174.1578912911031 71.99536453608556 1.040363284827823
112.5536926005735 144.7471261172025 185.1737034000706
140.0463885090564 9.785046176470484 48.3442356216454
43.46021933931982 22.89646107501109 194.1076745626829
162.4207058557833 147.8269823915069 128.6928227445306
119.5846618409784 77.2652983828645 86.43036928346861
46.93219283820751 142.3720593668051 26.70304250120409
21.88914768056917 125.2002763481619 37.11412553245064
162.809127053774 125.0028747277704 176.3313220137225
18.48424705738434 61.07737205565365 163.5957591083219
72.02083450087338 196.7350035903565 92.25881218433985
42.85714024649241 63.67643843937491 103.4227636870252
73.2225492092541 85.58491076557125 95.32201522703852
118.880181228133 42.866347133961 42.64904433809919
46.99096717992929 42.16541662139091 108.5637689024136
114.3693921229835 36.07722580985012 199.5862935421304
188.5414739022639 199.8168682637468 24.37545742617265
74.85093661137243 99.5007302946633 10.56118494409549
88.50525790396208 133.9155018167741 116.0651290508454
105.2574625791293 109.589187741705 1.822418279681658
76.29390163326185 175.2377489607246 35.43290464292745
188.2570108796372 167.7929265898255 192.6141908298418
26.10314748653441 153.654044754291 59.263346944894
118.6703516257186 66.52614659736594 37.344318904041
59.8505481841262 150.6194148946708 126.8116474452968
5.904823453242797 169.6925690814894 160.5903586016021
40.57524063974377 29.91163005116686 156.6942830824044
158.2113963237674 9.179176590976288 38.23070725592393
130.3281137549379 153.8268965165758 179.3215500929692
176.9309609388256 185.4052041514695 14.88230268799237
108.7528053892749 116.0127511625782 148.7456087789441
195.7822904748906 184.6550847335013 55.38594740119598
28.42169422218402 148.0599899374272 155.2406969357249
80.72201734872867 74.7903025491391 40.88140838565516
77.2209837928567 73.24137561776148 121.0898175129443
45.68136652181714 137.7043963792175 141.6865875320918
18.7255988212796 192.4882112135344 56.41729715680277
139.6613238138498 107.4253439345379 75.42031933408582
133.3147372515893 14.16145582585153 71.58181403172587
79.93461742817857 151.8502400985364 82.93646990469891
73.82725797480347 52.13779475441087 132.5776163715524
192.5503257523245 20.31847863393711 94.35384260833949
69.73850889137799 126.4079497772149 111.1593098956594
15.66879786421587 186.252823290176 116.1778368572897
189.5283951916456 3.029066890323083 179.2982131271787
77.64114504631758 14.66280930997002 55.4406309954002
109.4572641906715 59.02562466497703 168.3185713184442
168.9669671802463 53.48702753755664 8.983627340646693
174.9861662917592 135.6783210438804 117.2215964663941
116.7798027781776 161.591628345246 77.69559478407051
16.41506553111336 48.56617102780391 32.16273733653507
150.0170875561618 49.84085863497229 89.03376038429147
113.0676879582478 177.2355382146772 59.52069963164458
136.1333168435376 169.9327066484371 57.65549779683576
2.95040568353389 35.12457870837593 78.18417368022698
93.63510306314834 141.5971194979087 177.1250227842963
100.6397872065958 74.16692703103176 127.3783357699293
47.20090374333859 121.6257324430528 75.61733345578496
91.99521607064938 89.33057557792372 110.5215506184468
26.54817431022056 28.53631822654086 114.463231504874
119.9559521255285 75.29329340169477 65.72794624211615
5.719254821882086 190.9802213858513 137.7996807042286
38.03287435105065 68.67717990266497 163.0119005831278
99.94323076974214 144.1296104371579 151.7437568504702
148.6356885147498 58.81847997864763 150.1662509405251
158.1457595819381 44.60977373186301 189.1610785289162
181.0020031245361 135.0821709309792 176.1101144121497
17.03282980086347 132.9801904952087 95.0136000611114
96.391523915264 23.96533962241738 195.3909681648979
49.66249244636879 150.0525033731323 76.28318913410592
124.0538743275705 89.84783437270659 137.6358999813844
102.1401302062252 3.205958548401537 184.2181875539404
3.638754116951159 25.35009990336576 55.984357445809
12.42323390918893 59.69889066896522 183.4448226915847
34.65056620039483 86.95076262493605 183.6897907184096
99.09053618719651 181.9823991992162 78.78028994804144
138.1774694735657 76.47923008466647 49.74649013406848
134.3481686149345 119.9864514225941 55.34956996531845
151.3830875749368 183.8821397705063 99.49794685082225
90.54846838928813 104.801340593947 65.82727727697299
81.57468671149108 14.75861406759457 178.5228175573164
134.8231977112727 94.90299323633256 95.70683800111873
170.3652615636094 44.68202310790928 121.4223953623047
189.5543098604821 54.26012972298224 177.4219499248151
51.61249350702455 83.73328663869194 66.90659758441831
197.4542761045147 91.81594185358715 109.6441196054528
129.5836870288304 27.45867172910487 51.629930692564
38.83082130953394 169.4031304670113 185.4945040891129
180.9071299415739 121.0829481611112 98.76209412766875
191.6647170905159 82.18569051620297 5.761007642809185
118.0820142002111 153.9903628352864 54.68769338892916
41.7692047742802 2.164755754067698 199.7314542285195
125.8850123999331 153.7809046069399 132.5435578754353
188.9097892639992 29.71823527400226 116.8368158825874
193.7537985704722 11.21012063025536 131.7643237122169
191.3898322444788 124.7270984858057 196.5168378602928
193.6615904488912 155.0159416402468 145.6394656210067
0.3415961319033103 55.04344624604528 155.4070977150183
152.8865763023766 23.56727220016766 57.16466070161953
9.718745683331337 83.0233718221473 189.5686958059666
40.88643744785085 121.2142126598253 10.11962682833204
94.02770849441167 2.83466596829391 7.084662938902164
131.2295448887479 97.47721779315789 15.55762658396809
10.86013006767727 136.8228376983419 71.86278425087248
193.5353736494704 120.0705334243615 78.06588619713013
88.94586120742822 101.6377583071724 89.83225292067058
57.41053970413059 196.4585378229771 77.45742176918247
181.9710420814719 180.0794766435893 177.0535944797448
86.22504091825515 52.26845215214573 170.1760223163826
195.1590448265564 58.68313096592507 38.04867240963618
144.8900571416806 150.4838176933627 117.8200256521416
27.28251486502646 86.24725811934206 83.84438995716361
41.68764699762301 162.3988445071417 28.71361652729082
134.7832931331385 73.53749937357334 1.669016228652621
80.51970392404206 67.14055165493058 78.75870227545137
132.9465112553901 76.44919554450028 155.8083558681149
143.3451379645911 142.4697408676379 53.80766129826998
148.0778600872789 107.855480357805 111.3716368057311
127.5062234488028 130.706959590429 144.1401237430374
65.74321758806555 104.9536073701175 152.8622727645527
52.6216226777631 70.76218680502222 185.6393082883784
113.7800224150498 131.6558141512172 167.9492114223563
142.8491175099599 166.2978616345602 195.9509714214803
81.79785653070775 152.5050304286199 137.9799914847742
101.2400818059191 49.72910790442562 189.1724593222539
21.22641550216947 15.44681529544511 29.63955060034751
13.18830036320901 195.2561053026825 91.23184041108016
67.88970036494055 31.36405129191079 96.21230962234004
173.1714034191367 134.9414461864592 32.87753229009777
117.7406720315308 93.55647015947697 35.34392574978951
178.1405519531689 168.0018449761591 54.86011529515041
158.1842518575704 93.61301937528637 128.2196830822724
96.00681794102148 65.7623736794868 11.75180387019062
179.0021805354606 196.6254754829736 42.58041679412543
114.5505609349196 169.8534888433215 188.4316688781196
16.50297124188884 19.28662261588836 90.60705846375765
4.79709084116349 113.7847341363056 32.27696324176333
147.5678955611177 94.56918041874664 197.8540784701213
17.95439825943552 93.60718503061008 29.3448395318111
59.17280977262869 86.34780260356143 6.844383932885337
28.83209524645314 123.4039526643618 151.7079163368949
163.7486881734691 72.51094026593761 117.6104437795388
42.67255180867672 99.42416665090377 147.3469416391179
39.78917381045989 161.0816540228291 138.2095871347587
63.6009643633713 135.0890303386141 89.34660390480086
21.67567587579057 64.21312402802809 49.9488536490746
190.0964709286863 45.65813825833703 135.5128500753497
114.5190128501423 84.54385418830047 171.6651043250161
164.7224226466612 51.97187358976912 166.9943322057981
18.50902395241803 105.4865574488084 50.49689181880844
38.79236031442119 176.0193371877421 8.840574027582777
5.763286706345132 22.82971301403144 7.522090115636925
161.3661996735111 74.497420211076 56.6165498605148
181.5221490961105 86.09551969318093 127.0300822253439
125.26619282272 109.4686669652768 119.4878956699842
60.5639666730811 56.38647798635576 95.3030164547131
37.97711105095813 119.9133778275524 49.19071772238891
44.64046673859857 75.68726671497114 23.51596958575027
172.5205220827794 33.1050980590726 99.26563880024418
54.70650783479075 187.7345014247336 184.6464931696915
38.57559431737078 183.59720485623 108.6236000648767
170.8517489715851 10.37976257082649 140.6262577551783
152.3005775365217 124.6056066496883 39.69029418744134
40.34021208591548 12.36159839875633 85.52181912053028
42.99917222193235 67.77670993877217 83.03220951111855
127.3822873872573 96.83004890003913 57.37036437299689
189.1867092881813 150.9618012652821 41.5767206514528
131.9706641509495 14.9747031179953 23.28318265411898
49.20581081651075 116.5020496059255 99.43503954017298
35.45812888892917 194.6592180236351 24.01436545179467
2.1350167689427 3.926365525288822 41.93905858044609
153.5641013914613 157.9027809160548 69.49898531964072
98.54352944003845 41.63028790328582 11.88739679836867
158.1234083362336 27.71042550677193 80.49293080704805
134.6840051001703 184.1816313740792 12.24431079843778
25.70740337892751 21.15894588369523 68.2330657584276
188.110218010392 175.7746433377153 34.14690300685199
99.45868456213591 1.816311085471351 53.33050418827027
76.16177186725085 28.65751044307438 14.87121786518297
130.7180644453669 117.7843509315073 30.94499798150674
136.4092473838431 26.45085536720212 170.334762106698
140.2770230020805 188.0338697059591 120.6695122299332
107.1208480725934 114.8064763578168 26.13726990522682
154.6930840020706 69.29844222987803 188.4603558269494
51.44339606095287 112.8189126777875 30.29178091698664
109.4418988549575 74.9149519009692 149.978282067817
92.88090280686546 74.71329884178857 176.5616645030616
113.864715126266 37.97341235736626 142.0948143800785
23.79159470194572 22.2056956786657 140.9540198202701
92.23404409832733 177.1574596050929 182.312056852107
65.03370015908374 44.40704430249686 161.345847783677
50.73956880254079 94.45461306895631 88.97861432163869
164.2107831530435 178.018023213841 37.69984706115895
60.55961509303349 186.7211175354259 8.173694520060465
49.1898454443104 0.9590887910593257 165.0631140132145
53.88961209899175 140.297008869469 164.3746012214689
77.33771869288074 149.0566725120928 106.9009119247146
190.9486823187086 3.915512431136895 4.112904348550266
130.189737880203 20.82866468540433 147.4233413569257
112.8423188973242 1.283293929847074 73.56480457854734
137.9907867602543 135.9029160177861 16.36524247948303
122.7165860996297 151.0642753035841 156.447306842928
70.54818265504767 16.34759897685471 139.7428404000138
31.38008496102222 88.53875183908802 128.8314445868758
130.018302736038 48.11390744928667 161.4630690349296
89.91097364098044 97.93581149904891 37.57276070720286
189.2564932917454 20.08411305662873 28.99569704497952
23.20834183634399 66.37179121949296 97.15630831257545
145.3996753118963 4.71455267415527 137.5322545243754
18.87751827552826 173.9803756119943 72.11037364473471
94.77970582399247 172.7970236769063 135.0556155533819
4.344884909044965 112.820041068151 99.63468855653274
31.47033884484487 47.46297802125941 173.5943804447427
53.61443238462021 125.4728167448889 184.6068732026017
193.4927294720494 45.28843461887626 98.50785483689648
197.0598546510094 160.9962141503744 17.10778162793817
13.8319296880916 83.71160639838281 62.77623714983122
114.2436412205441 21.76492743918795 86.5019644963233
123.658929045966 197.1858348254289 50.65235763684674
1.164191708849098 185.4824497236883 16.14168732117379
198.1398136649577 133.7547268703017 110.2206023562324
150.8017013648786 36.75543863792412 109.4543827300655
45.20860249967815 60.70899150151654 59.575458511112
169.5045001521543 101.1630280612845 51.59889776688492
104.1933568455124 161.5105432714869 168.1350831827735
126.5927293496766 34.88508161835078 121.164123117928
95.96345499042297 119.3742963291554 47.19599154102063
96.54274832431956 172.0397004209545 110.8659970901201
158.8324165460564 104.7526957826933 178.9271209770715
99.99841896201022 94.78731352508267 188.1897734188732
92.85700239643921 24.84012785575811 144.1052867307692
43.85787441230249 31.71542322885292 131.16851639518
55.48613648048507 79.80503108200172 130.9732256427558
132.868548220731 52.72471194529616 105.958630693077
28.88348787842204 5.739844720115905 106.4825575717256
181.8445526207286 23.05044556158129 192.28952492897
21.07787643790451 175.1628138578974 25.40249130358199
92.08532264480354 127.7890363957942 135.6169301575077
35.61156316734802 101.9745880580094 67.34903296673207
93.28456135763767 166.029612389638 27.27857302284675
74.48366464015588 54.26661947354673 58.41015318589472
7.522361749997216 84.40904242329304 130.4434570125817
2.428095482704179 30.88500785889168 156.3322611450749
36.62325932649381 112.2005138111748 127.624264165092
122.7599392888226 118.9419452173739 8.050363261394677
74.92501157192575 168.8519660826987 121.4155901210906
138.5270813308242 76.30652130933063 25.4839151110987
117.8281453707808 55.81451282908768 7.922567319937214
4.407064374751747 49.63741715021438 58.79085166897871
125.355796986516 59.28121800199124 140.4302457268965
57.97497272194803 77.52020157679739 106.9437801483943
90.69338820813586 198.2679180874985 141.9678254156804
172.3690758822223 154.5048566003426 190.7163846120786
125.217511675985 173.3727468149553 165.6625168030327
20.13714196223392 60.33804383091934 73.8540669354316
89.32149598940408 13.32430559286464 34.2139162909394
40.53889046278833 138.9426812245124 95.83213602881131
91.54324830088159 26.64318228143019 93.55416295888557
19.9857311235982 157.3825046762269 176.0501062163173
76.97873998154996 51.53378433390869 6.819497720723338
191.4553580519949 58.34047556941469 1.266723812474754
61.28540559731159 45.58315324535478 24.34437509204266
80.34871334441767 140.2159415101248 47.36513866290154
118.5663838183233 167.065953390854 101.2681962128928
163.9311682808215 107.0876299100108 88.52543414006566
86.57437483532227 116.4652367334052 7.844778007371742
105.4656771942336 117.9039976903783 81.08340549623772
153.5134689092093 20.68508116877557 154.1168946881044
63.77248744077441 20.21278812236465 162.7210352179777
20.50152850974738 172.7511121138337 96.60260738666403
18.84317386089569 102.6439203817572 144.0865255730808
67.2147179224219 169.4085392251108 150.7121391937723
180.6155977467424 111.8455572880976 32.85708969759052
58.33052731702448 11.72737447496393 184.7943328531652
152.0152469463806 143.6518635116072 183.1842990850284
8.841535916009224 101.2544787788736 78.7813960002516
27.80978425497748 60.70560290396303 14.50975257962532
118.7122860097011 176.7992041907946 135.2901249191217
10.32983337433403 11.65420841488929 170.2571738398411
31.09138972358118 195.9632357248626 132.1992288054345
39.93365830139165 55.68802322779554 36.42803977190928
66.86738759839571 51.13719876122331 184.7650678835174
172.4659784848775 57.32086359845241 100.8142797943808
104.4840129378604 11.75788156543769 107.6890249257232
38.08044751235618 97.97441164596587 16.51114033035173
169.4771260699731 2.182510275261856 192.9391069127001
117.0189007552709 96.63921026635339 79.31104042394664
75.55214204736639 80.69778272529202 160.6640909532019
14.50598676144621 105.3486763517894 120.3648796660233
187.5369792120914 143.501955449142 72.36011883869899
127.2208014189837 177.2669637322509 36.31016103988473
67.80303028187518 68.751614883741 21.24827266611774
72.7665609033526 4.92003182081759 18.59243869581278
71.62602012522204 118.0577138804799 42.70323648759312
12.16292265221641 45.86755157603316 3.381302933484589
161.3464827934855 83.19056911974054 33.96156478098683
117.974922836939 138.3835416999078 84.68111257796872
49.66496938598873 100.7572054818234 170.5453033068427
48.03308939894691 104.0443229896968 194.5322972537085
13.46503534189167 61.10198964390698 135.9156799063458
196.6038594080991 95.05833057696319 49.99880766929831
190.5657221258726 118.2077402446944 54.05523605470533
180.0693720118315 31.61767994988377 70.904080288983
60.48555150829402 179.5904976810025 94.62879736746113
114.0736094046161 190.5301888241468 1.1211174940182
34.20658687915053 16.62168501220699 175.9725365189502
110.0920589594844 103.146531242846 101.6384031853326
67.55912498857049 111.6841810208972 84.30955007078252
197.8320616724442 121.8659039221244 131.3726663731722
174.6526164488198 88.29221122192361 71.51531540402495
162.2287280291757 59.01649960504199 35.87741309205069
53.53341856129501 57.95675704226417 120.5963244103875
133.0979366704726 5.591855945764174 0.9340905793897619
105.3782560726567 182.2010255061428 154.8314785560432
128.1273328836918 2.743170197105832 92.35528558953074
20.16681724441268 160.9221099909436 5.104478826774453
116.4282501372743 132.0995619602894 44.35014769581517
146.9109170048936 30.35219008880179 34.64628257382054
135.9164357247926 159.9682962931426 18.68970908521543
190.1197806812279 160.3074528189042 116.4382012336492
127.7399226563357 195.1038379928894 155.1629848844011
101.8396822449645 19.13111243621774 165.9121196757186
190.3715356445252 157.4223280315931 174.70899252145
24.92464394487511 152.8209263253673 83.48595242874539
91.72525771742717 2.636011278739113 89.17310755070538
68.67660640871661 195.338728188406 151.7408613005117
180.876510456643 187.4687284233995 74.32603581894232
84.91824140896206 53.69493726493783 29.64735776262677
146.6280032260778 145.495756687303 142.0258978624949
145.4099467312992 180.9541515574987 176.7812092378219
143.5260845168586 12.09348787902599 114.1955740987828
74.16642638143767 194.9479654479099 41.72609752026998
109.09202625523 37.22067204100351 60.20887926743848
76.82835038289062 129.882820129782 190.13048722876
27.12218123952585 2.802462797495717 155.1407113097043
82.92673693033565 83.01143640573626 0.7886428958269598
115.9544294952798 152.0814999878094 30.59049432953147
167.8843638173493 130.7466173898631 196.2391460285245
151.4707673768718 197.1789072536433 159.7851382537967
107.3697505699089 127.1931871611588 103.420001204945
186.591386668248 37.05763606474695 11.86010871405397
67.00085763228105 96.35364934980461 52.5189228296368
161.1463246066062 139.1354498900043 161.1614911887107
165.6063461015661 114.9183028928291 157.9611438336561
59.47362214500191 163.5258542009302 174.1732966272042
181.5665669163212 147.9796558933124 97.36734804250339
64.55486795642369 126.5219452103609 10.79213451608681
95.77049243739845 18.36111134294892 71.14066780176901
28.23600998201658 112.6874721378573 87.83514641887342
153.7457974962989 130.9392915019246 106.4876283873461
188.1917148384839 54.28756249331792 76.23466511260855
198.0824095462355 106.9521181433942 181.4161345173291
81.01285772051011 194.506060886917 68.52389287520054
114.266486871038 171.7901994145255 16.53549766265152
48.53654844069786 21.48157001622008 107.0106744328584
167.0824878811837 2.000422275142114 103.2482113700231
104.4363911510065 100.492518889232 128.1131722042147
127.9683846962433 100.3885748241979 159.1396072303397
167.2055044872367 157.5348635140118 146.5474829796128
163.7042495577555 176.295495309786 161.5345946506499
49.70553949008479 141.3775968054511 47.29259606256424
147.9875671545362 6.752059632776316 181.8090210677808
189.2898305756214 196.2912274746153 95.30724128890634
157.0311949398222 183.2594205223205 75.90718007673838
178.6835570989981 41.24205973115519 34.41660591189624
76.97265134242058 150.0348192681268 161.6329346923237
116.9129893895624 195.867180865046 24.62131988479895
156.0475453058196 173.0502852462589 15.16147526112402
181.6770705954409 173.3015913514505 135.110771171048
12.22963017455478 143.3589043713514 41.36769742679239
156.737364547713 81.16562115545354 155.0448552700641
56.75679178030565 75.85466006061758 44.53936852847469
18.96639792749218 2.476566754271106 8.024125347149782
96.47938853956863 118.0439325828278 182.2242809232487
69.38195124261921 102.5546699986994 106.7186313647683
128.9105618741599 54.72186436042085 56.48514696351105
100.9099576533508 150.4283463626123 100.7331652989418
5.027719733473642 7.34288099480478 110.6261668960508
3.248244507478756 161.7336414434404 58.16137611663734
149.4875480078146 168.14865339262 133.8091348323517
74.33304714656315 111.3827606469155 174.6275722946785
85.61740713861928 125.4903245152189 92.80189492049966
156.0016798834409 149.859312221904 8.018445059568148
118.6477215777816 151.5713487046881 3.852908570013419
116.1376053560809 78.49350271390334 16.38686582752836
117.5433405844625 13.45491713757823 128.0705027514107
7.336217741087252 45.42564919393686 118.4374020632129
76.56284622244419 195.2432928817753 192.0457862626681
73.19537757193405 14.7969817648237 79.29476650933319
140.5742735994578 134.7240175495803 76.63645678419151
146.9377305229519 158.7716561899782 162.3359545857007
12.27288686125124 139.7499113974667 139.1480751013614
42.76436688629402 163.1009375562279 96.32778965480402
66.84304570977301 90.36958645470766 184.1763367588262
5.559394869876194 138.4005755879155 180.5676075671591
110.8114919204801 53.29869507932107 120.3155317937065
6.833638320029073 140.6832224422045 6.299573408932838
33.02866449352908 136.9219717355596 176.3016432419079
71.81978669392447 170.7671439693685 193.7686957329913
124.6141415134553 57.38076543422354 82.97653447068127
68.03595072298586 128.7010399674883 148.4299456806417
17.55230556833735 42.78106851453374 96.58634107100002
35.82246925368875 180.7035377149655 43.86155955751867
88.11111409134413 128.8353247201842 68.11614313295934
47.13672173689722 131.8820006896046 118.0901735063707
168.3342940488733 181.8732958183938 116.7447138398265
183.104411896461 141.9694708784001 11.44532325033126
98.07174991335637 82.86649255669928 72.97547110672402
47.03841822154336 10.74958854119015 142.9647010538825
151.5924264736533 151.1623126421595 92.72659101036287
6.363297606339499 190.2828550573654 191.2534229442988
47.59842517090244 183.4899249777223 148.2961194552009
168.9133289505316 12.93481331967452 171.192511161736
7.629857126470054 72.69181342948863 22.65205859239621
137.7827230363099 134.4962133819843 165.7933905732053
127.5590489916524 117.9620951976456 93.6229735836197
141.826783408117 97.1941926834853 37.38543883707699
104.1388313225765 132.4239317962076 0.2202687190218967
17.37308542446467 118.7522091940461 172.6169455093865
141.4460054441197 88.23043044219034 175.2449274340832
21.63068934175873 185.0969491529424 170.7996890386291
97.26371076820224 136.6113805668983 30.16580335231975
163.8402723134062 29.81325167994639 7.531200492717989
109.1973506184031 189.3845204246393 99.56200783648654
50.78652029931735 59.1427683069369 6.863285086621992
91.09261089960499 179.3712403752995 49.45192785806741
89.05559901475257 101.9714950024643 146.8236947260197
199.8849844161997 75.28908054552288 168.7764321376867
58.17859020275225 64.98491297800186 149.9983015786393
127.1652921043251 43.93865206841316 185.1960896688356
172.7116113270942 101.4500083965208 110.4332080488074
57.40539966900134 36.4060198616959 1.566929099842722
83.90991136733355 141.1527200202183 10.42039004324784
99.74186399045078 56.40844393594625 48.66652941137115
102.8113871769392 80.47096327262472 49.29759531748248
101.6870558253998 30.90443840399559 122.3321006967977
76.7402456200743 33.27927278338272 39.90168120049889
55.74416135466801 41.83183500789812 48.55354799788246
100.5906780123261 36.09257691238083 35.42312632193543
51.07414591732608 33.92379364693308 178.2002697672079
30.40272121845802 52.46002303183653 115.7381276581293
73.58048294876451 90.09044574675907 75.01994639130069
163.8281344444038 40.75402923502823 144.5370552638137
144.0308026070994 66.34656131073095 71.51196755954155
90.07921841585276 113.3557740200373 113.3368060328887
172.9203846316558 158.9688289415973 25.44878043023042
143.0325251497422 75.35704981559869 133.3163281244645
51.43644620790975 3.287020255253869 40.1096054167653
5.328718758433807 153.9248293666718 98.64091519060156
129.906621206053 67.17580251422957 178.7650550837247
28.86361216266874 141.3172940246643 16.45442293377755
61.18480023937946 163.2477445766673 14.29197348217958
16.81994229494809 31.20318179020953 184.6168023676337
174.6614024036158 9.988742280110442 81.62437278380158
145.0382002121609 124.858638339962 128.4155123798843
137.4107842678704 25.15606859335659 92.87363014317006
95.52889632432445 156.8126305178365 195.9773729724728
186.9741848460984 99.50830208489563 89.15480509564671
37.26557769455309 21.77558148315781 46.90614868711825
191.602305241508 188.6040617970532 118.2065277827844
93.51869012606547 190.2874003646459 27.84825365658033
56.73888636736181 181.2282540076384 31.49910109390853
181.5626152651818 83.37376528126453 151.1429172751225
122.5394155895672 144.8667652919235 110.2241226998854
158.347056855556 47.44043139773611 66.36918352421358
33.98640628679775 99.28359603259025 107.2285941137421
198.9939234950775 176.1617554263324 85.84774758514379
98.44547659819391 95.04693916158084 15.04137872788261
113.1079762080939 15.37508747788665 38.54209448953722
151.1926108200418 4.925419616221681 85.14331732060602
20.12737511196172 79.28620284956546 150.5358041349378
172.9969115709829 81.27200084699366 96.95735446237616
162.6634089840546 187.5441155745918 140.0583041942457
171.4978058972251 91.72227372622805 195.0090940162163
138.7218794882207 53.19279825151137 34.34381117233154
136.7491090522197 38.16911735603234 72.40308502802479
93.23742569758927 178.5881382526534 6.515041286042879
28.56222688168037 30.02355253433453 11.67987865554258
177.510633569138 56.49873561746429 54.55811219142068
141.2459789219577 75.72771073368273 109.118841616514
138.5827326212066 169.92998204099 84.32228067628775
110.7264032748592 73.55172036329333 192.9636472116119
4.279988483396402 68.66677851530241 112.1653300535116
118.5322473636758 84.46809776250097 114.6271596708958
88.87436240033418 124.181330013889 160.0131065559288
125.3658042970915 198.404745693838 179.085278000027
152.4868730986816 147.5936238845348 31.92144623210623
63.81480885911349 158.7969879446894 38.00102222565955
188.900955298183 185.912345678169 154.5419211648349
166.3248242205935 20.43404488490192 119.0106852164859
177.0323646655099 109.4643432293946 132.9264159221496
64.75261820837611 134.6796722181026 65.11186946385247
70.96013559849072 157.8085094102437 61.1924294313286
189.8713896166539 10.13077684535581 155.6935731423193
175.6960411723796 22.09250530451972 49.01822314917352
68.16124526352974 91.84066228957505 28.70475955717092
59.05814007064394 193.7364306314489 129.5207057920876
35.53001778866825 187.0325927784547 83.99206448717226
98.37627076848275 66.73624683698169 104.3895728563301
147.3113271250323 28.24227748186628 131.9080887600212
118.4860754918023 21.07213361408854 185.7834219265348
164.3239981828195 2.509825738240774 60.98514685905785
33.41629385546515 85.40351431490129 48.54823381736617
88.12099094345113 194.8753299635482 166.2498334287028
40.1426756507867 2.66253774805568 61.57777130079489
24.06110683867744 177.8125565543993 146.6891382169864
58.05825128989886 45.30530313266681 73.86123042480843
105.1885062949041 193.1115304965102 123.2022338299976
163.5265806537132 178.587882631934 192.7508879106475
73.71955881124586 112.5454596660662 131.2391177604962
171.1939752979947 8.857967347737803 17.30948407658121
47.94929100760782 163.8132216197494 56.36997135115568
29.49752525571903 42.38273345565207 57.0965013249302
83.86186228495725 49.60280602014867 95.19197664373338
142.1702171632502 26.97058118760202 193.9010513077352
14.49723411936267 94.65950837054893 168.4458450862784
167.2699059879209 66.32725022689156 78.71751647384573
164.5004380356143 132.2161611338594 84.77231740686842
156.8367999459527 121.5283250137348 64.3791750695282
146.8537320533951 190.1396666742313 49.55912078283284
150.3246781458489 112.9306971105685 17.4975356241043
123.7312564025856 37.79810690622835 23.06866453261677
37.48355498031925 59.13485383895255 138.7583847579853
77.45844123025179 5.635142686138618 119.0954814097869
153.5304583845196 85.81965587102206 83.20201600148673
80.95123595629931 37.28255766547012 74.48966800712726
21.90970498763231 44.51705901517281 151.48668541502
128.1158386817224 131.2003353659271 187.8052337612312
166.1291299951811 130.2316860356054 139.1456526876925
144.3786122892818 51.88628523908763 127.304548111026
134.1573709396149 189.911988185426 71.28509980680464
189.1143083102772 6.915285488706305 62.37570482894031
4.573133953025311 79.99868380588261 89.68159064579196
104.0934067240055 44.43027359348366 82.83276724881087
