3 1024 8.666338238310473 0.6532980000000002 1.4 1 1 200 200 200
98.93261928285975 162.0173676143936 57.61774915570769
169.1906124073251 95.21064578608171 163.6379881473055
73.34409133238687 89.13389442105607 141.9119983208349
148.4519407149932 104.6929681137415 55.55687265215937
67.20679256711776 111.6445707678941 196.6865064466244
28.97110182956094 119.8080043389859 108.0189970027333
199.9506541670519 102.3827674720277 13.91416688955851
37.41305290811946 179.9141576668461 64.52892341492507
185.0143712186516 38.46667006336236 164.9840505662385
30.9533438093384 106.2707273506635 163.1195459510021
8.484135670659375 23.27708519160905 123.6078508962757
84.2109864617138 24.65064108359117 112.9781910666859
145.8173623861097 183.8621414404851 29.83511784780504
188.8138201826154 55.14939261515935 116.46285113847
3.731794713584432 155.2990323110639 77.87550075758699
183.739722887528 113.2014941407876 167.3161584829439
18.68504748032373 120.7555211966905 133.8469563557009
75.62487260201037 185.3839212602063 108.6157529187838
109.8211937003158 185.028645591265 174.9083631204413
41.6272562261405 16.14561705454241 26.84310747307708
167.7463981394874 72.56736530057736 17.38969403578823
131.6937476761969 169.1009860074157 119.6349026403494
163.582496461552 137.215901914859 52.08529136671955
90.18740059195237 62.1692331406655 140.6564881045408
97.68600428966279 22.42516076778849 50.89315050135308
21.25894869711715 28.45161800792464 164.6365927182877
122.9151971853273 101.9489282298183 179.21540971034
180.9773596477555 83.47129953089024 171.8608793967336
130.6467472071394 182.65528914428 191.5268145026486
84.25907617582379 172.311631944631 67.7800327096077
160.4319796578619 41.983528322476 24.22409145801875
32.70181588439437 107.4492816791785 180.6858934528553
199.6366802461752 6.677843502661293 80.3734623466157
7.969797102617481 194.9284568284255 157.9434033521075
51.88891017092839 5.639985250575156 17.63703162287585
61.64161235032096 76.76359142430822 85.70585232703715
112.5951972022181 110.9444173861766 168.5852427770707
56.94096028037013 116.9173480126206 57.34580866945127
16.50429799487547 173.8385786013128 47.5182003301538
178.8923695664173 99.81466483609404 177.2431559321459
56.7813011159195 146.2224445090607 106.5362851807632
128.2280136987792 103.1093370581029 195.6729036230743
190.1883407932117 111.7368461107339 114.8522464416726
105.9666465225867 83.85622799446919 94.92281597332229
96.46079869810544 47.36117447340345 134.1437550932476
99.81855016220105 139.8124100781823 54.38202136209188
67.12557042434318 24.05451099812256 115.8338628954417
1.308150553272302 174.6306176486534 106.2826003378166
5.262493228237301 192.4243528702108 72.24866130344613
108.881793693611 168.4312275531251 41.19991605224406
194.9946412045186 143.8367847735866 128.1382882529375
89.92747628532123 163.9701808187363 153.1630615438138
54.7456294989787 47.60503702962047 139.0996195434815
58.19533324608495 32.13774963204636 146.1198929328059
9.990569722250344 79.79665302812808 42.70989523406352
120.0280031304807 181.1766725889826 83.79902074027848
195.2045771252233 85.71291182067874 71.93280165161904
30.51842861357024 165.4397690633753 114.7706677326707
185.8739160895936 136.1364667313163 140.7056725976708
171.0073367374422 167.9667757052992 74.39335383654399
18.8472455623746 173.8202468181443 188.7281446682201
59.62409921535851 182.2485062216619 165.077466987368
49.39660874411499 147.7400795368854 183.1902355709458
62.16661662930721 0.8706473580288701 57.64571180451666
168.5966246046324 151.9866588719801 44.52851085376624
25.87103477830457 74.75267974099644 32.4240848894014
110.1662161906794 37.24909310118974 175.1556422778659
15.47217304486089 155.1904914180749 24.54258426774956
72.60733907625141 115.3502518499642 64.5935986004135
68.67582610843064 14.37581521167231 36.7371072600378
37.71665686385917 49.48877811070227 74.99342290813225
39.75308418344972 32.68104118200956 78.70484001613664
142.9058981982228 110.2567798304527 148.4843480349756
77.00510930738085 178.9123109882805 82.07103248836779
45.49328628507291 51.26473002362142 188.3481204130962
3.010409728183459 173.5290538794294 126.5870534250067
111.034537545431 159.7337463632288 119.1508871832268
23.84569074814235 1.492084100053836 74.42547507650475
47.92132864666739 1.99589291804665 114.047287057422
170.1330945752665 162.013597158308 121.9084729865371
18.9885259062123 31.20383400761999 43.2836173059814
86.61947372121085 63.99831582206469 193.2476140740406
60.72005606396117 9.565453681910281 95.05903390993051
124.6300993343957 136.4259227004311 63.39207921889145
145.7508810080275 190.2234196069727 195.4011166678337
178.3462486638481 71.85332108521388 38.78040298399694
64.64189576673159 65.40872555148177 169.7319449960484
136.0844341957979 136.3811047959153 96.92629207390176
158.6267527875695 101.4848009611306 69.21712655354939
23.95917824660322 160.3245522827183 39.63039157653448
124.2924946690206 122.1505863620503 73.33130111048054
70.76263903130626 75.09494377015514 60.11141256277635
150.1522066259878 100.1147863698118 160.5281288639696
190.7568812523476 96.21023820847384 165.1326999133471
65.41600870797309 166.3022439164282 79.4063318329098
32.41410128967362 65.97043713998993 182.9785908205434
68.00075288995292 178.1532992524433 66.37877583128306
183.5553715416702 71.17361031800739 111.5619614373687
121.5698918506059 13.05800832032942 164.7565347052084
37.46977216942241 128.4061363219924 30.09468454763967
30.72703343120851 2.59467097047932 42.65339686570393
56.65439754166581 100.656674578504 132.0162926480913
144.5580832060865 41.89276816372217 51.78364896497975
29.52566818079927 53.88326245572421 195.0607609969084
199.9262012190501 38.61179304561822 40.39923799571898
72.0990281491037 111.3750485311221 22.89087901982236
14.23878710416579 7.916075546927173 129.2065153278782
34.40050600692428 103.1928240443671 37.23865228755901
86.7379646500999 89.26118310820732 130.6165734454419
56.27093394436799 13.74628782157576 124.5710864631826
4.863222547492022 149.1066465059711 162.4864230719527
158.1900172018235 112.3565636753228 198.2400621778933
6.808491389296653 184.3006022402168 37.67142067950001
63.09550809528924 197.2682175070862 107.1324452579638
137.6810241023722 56.31630392921011 13.85990314562447
0.3776464344746313 70.05912219429098 54.56309865089268
27.83565013407914 150.1747577970965 125.1258782714999
141.1534287037923 105.1152698181623 132.0248401654576
52.1683544367699 95.26552602564654 116.1659737748467
179.4486439483437 130.7160250784439 155.8633889178332
146.565745838556 123.7037335845231 182.6149659638742
21.46946125441535 166.1182544542316 129.5381157575425
137.8669269776518 146.1743170171881 198.2697369441012
181.8159530540116 65.66465005761786 161.4298163861875
142.2360191151904 30.75737417597723 14.49433964504573
162.3452122573771 59.31236781466063 134.6128996662487
84.85618725663367 180.467791531605 151.5716652396646
105.0503263618944 100.9386227160243 51.37199781985159
195.2741783395894 131.3812694023571 38.74853548817818
96.1713980766005 11.33535840453886 127.021866852718
168.1665538867276 89.77890786016646 15.38770859389782
102.3056646372919 40.33715588039862 159.7991862024714
190.8702464501758 65.79990343928206 96.28081762798882
169.6786323836608 157.6101958380322 169.1644820275338
196.9638022328214 94.76384459540557 29.1933161971758
193.7920428782094 79.39663090598667 36.55608468888037
162.4430059303032 168.4393601467472 89.45491337115918
48.13402813295792 92.90632780985904 34.78915456891643
18.33186541663377 86.15750866056922 112.7809098421756
25.25596464616336 152.761285959411 104.1884083795009
124.5130439830175 16.91516831418178 107.0189513198461
77.18214601573902 168.8283921255745 100.5323543093683
158.3600610118099 174.1530839447559 57.26162967143326
80.22885835923725 149.9395435089272 28.86179593286855
68.41315350226462 198.5608663540646 172.3550057240913
8.562229967271508 120.2747161718917 149.0530154224966
36.16888185544398 196.4629454627784 180.6172326563907
22.92851274399002 71.38358605257872 120.5926777575589
110.385443054687 14.42071963281615 147.6127572386908
179.3592174387647 150.5996731194149 131.3349331703781
138.6402450014619 108.2904406402527 182.8112080042774
13.88722828335431 159.980511636421 143.8649971389842
75.12374186921744 35.81322258904544 145.535466827262
57.98215163816602 21.1292719216561 48.58859757279133
115.8020469943079 114.4173367771651 188.9295003264877
112.4598100702719 11.19595874069488 3.018585203251891
26.35556253524486 120.6683703982905 67.16908551038209
152.253179456506 17.27890902953864 19.34269634619706
63.36297527423014 40.89191458071836 114.1706154165492
173.157092101341 124.0572918465266 15.21202870873893
10.33851235858564 66.66122646374478 2.858553873901359
191.8394506538919 147.2500622548567 193.4185061254569
176.7718824383131 126.3833037842447 67.38743963446782
191.368523151816 119.1412878393599 150.9274380002882
184.7007686139985 177.2799563842822 102.0876577601769
12.42804234994997 133.8944515833561 159.0535961270212
67.4372835100715 145.0207504080838 179.3404101663938
77.0607861353177 13.06107713008561 99.66151490223614
9.615724580760954 8.352135881419846 66.30089708511836
153.2271948864605 11.61964555923574 2.856382941526077
187.097617190977 22.74901567914838 171.986700116155
57.56247928028335 178.6278681106951 115.1706392391173
3.399466351466134 172.3901381976934 180.9988121856212
158.2764551133824 199.8296431065805 121.9468464652541
109.2144784722317 128.5043349868895 63.56165331360393
147.704788641623 120.0639053139924 89.60443867241507
42.8984956374068 179.2585519181767 128.3672961974505
41.64178855389982 44.61075652195522 18.78568334526608
136.5221157662327 75.19480482617473 88.92183476569774
124.5906383961439 199.3258822366247 113.2433605787176
105.873222397318 145.835367846062 69.46468020241906
20.23207551960667 124.1821387422743 8.761902898164028
89.56826022109124 149.2581344008082 64.68403679529052
42.47594946178916 181.712606003293 168.7507161921736
178.3056940478951 62.56258656341814 128.6866214967189
183.1731324170175 62.86236085394299 21.38021913168533
24.72254471908147 92.80516017708692 1.130169285570496
86.7523124113638 118.8052725436869 28.41308014754591
132.9785756701488 141.3017040123875 35.91078770337361
103.620822857452 153.8022020851236 133.6517592550861
189.893634999047 102.122835493682 199.7999728047534
25.21086215072098 135.4731843851796 196.5903933034344
3.742789830215115 7.539721162088584 21.3778679469772
135.5548054515411 197.2947818400496 33.66470932765923
133.1643662239296 157.8664364343464 41.00949298027592
20.79680259017229 75.54899158309684 172.9436339660321
114.8439333793517 134.7592703613566 19.0053732806125
170.277134178004 46.20354726598721 83.30921250392716
95.56919135881743 87.85075036496421 160.671710686086
143.2818166595569 178.2917857788501 156.2636780671704
26.12775916235307 110.0727000620778 0.6018582685665115
101.4866647526684 150.9621964195741 15.6612643639139
54.40858959269124 159.2321140556171 195.1583124605427
168.8543720538134 63.41002091076523 150.1455025289758
195.4304024719247 38.75888040684318 193.2624426577376
170.0173495120211 107.0113747970288 15.19197238066297
85.54431998807306 93.88607248049472 173.4583644627713
19.04334921589302 12.54474081580751 50.71002811401284
197.3552362537004 136.9903720584792 89.49780126182782
153.704708884801 159.7325788585338 48.84745095498375
55.43071989924659 112.3958019569763 118.8075469691916
76.01992526358461 34.64983285411225 176.0140856711772
161.3909737643016 41.25937257553171 46.65205018551293
187.0431882923901 184.8759019498204 196.832681408303
92.86017158902136 54.11057551909432 68.09018201607368
113.5517727402997 16.41229303914749 59.31798155100014
33.90520144422745 30.0617051668953 94.80959149360709
13.5652130840962 146.3470060734283 116.0636149236067
84.68536483846475 86.56086913552367 57.42487118227606
71.82547044610766 131.3681210038845 169.579657389837
107.0475156201909 120.3241971001193 123.0437858295361
92.63105895695226 153.9344059980121 120.2491742290912
67.75581870536865 68.8650644489085 199.6706262270258
191.2616128342755 126.5878877173592 22.58238307242187
180.8093327950306 136.5793313888819 53.88877736580132
77.03816175921577 69.24955059037129 100.1110173148183
181.9110565113227 80.09561806280082 23.95547939607109
55.26661128530304 79.89607084646033 167.0331005279423
7.397903047753566 108.9691022642225 199.7162673281299
29.56443731418898 133.4045002531143 129.1497359525584
104.0325868578849 140.9420062740579 118.974660682559
40.71055433630439 155.3605622997779 170.2711653595379
56.24613604519518 14.60169116896559 67.24224402829965
96.46578830210042 105.1255542479831 166.0544970067404
42.45714181894717 137.8063548978917 197.2658886502726
126.8531889902962 66.39404755057956 121.0435902047186
140.989076163752 114.3968975412219 198.8616238908004
113.2075513451416 111.2583199264108 62.88955990549167
64.23234353680357 33.78765791160714 129.9565398381862
134.3921026179759 40.53943458012155 142.5968681713174
148.6872206187639 58.72624785791655 51.70710191364301
186.2538970681618 74.32585462413748 81.48694837680752
190.0498417182823 101.9021544549108 68.50369102969995
1.481771964207723 69.5570405760828 71.85328357488245
7.0811071373591 28.12489731211863 107.0261772044591
148.8434928438942 126.4457371857912 150.2405665327661
5.56024604322975 59.20586467649328 88.72606038926662
34.6569316838645 37.67490951575989 191.687171857921
82.39757132156799 158.8190684295807 179.8608466071553
70.65837646501305 92.7681582001956 125.1787757896805
194.5720953771759 68.28251871269154 130.4496410212618
199.7405334302343 51.47762655383642 19.05301565328712
75.87753260920334 150.3607677957899 193.5125102208221
103.7440717928792 65.46668684388739 83.94565887395737
88.31161864685643 69.75435590118691 59.61874220487987
118.3291538812803 30.78156176801001 161.3007095621748
5.36758877543149 157.7393851972349 190.7009231888761
47.33132739786604 29.6712798271965 63.40996374288701
163.9018422610397 151.6369285798941 109.5021069733295
120.1009115109091 68.42966788451118 101.3382478916884
107.7972034235027 162.951468724174 147.7680774428227
46.98916961531514 101.2834949400516 49.91972110455139
175.4703667512262 111.7277336822967 199.42992188908
117.7256676282608 111.4222930755078 45.90847757983633
110.23834838344 56.81115328024988 66.91102271028826
147.822526799039 68.36159602567641 168.6402426646859
99.174219678724 153.2361278711305 42.67609156150316
164.1579179256573 191.7950997722974 175.7278003569759
182.3114745086016 104.4397422536408 152.4294703260996
66.00593421706918 176.1750750554151 49.2752966141474
174.2577585826758 36.7926310361828 178.4716208358769
180.6377497702572 166.9587057595593 88.76904907688952
158.098295351128 192.262399599482 7.393013660025148
40.0602249623708 78.90917751921226 145.0745203644522
10.48536256868938 89.10298113421609 10.29631289079574
182.8640314257257 193.9193953972828 136.2870139282332
178.7813837827043 43.55118825243217 193.7778415727708
163.052282328316 118.7202184344933 120.5139429323949
111.4996614885716 197.922557158159 142.4174876515978
17.79208735519491 102.0584593169911 187.6902280599001
161.4235670320414 20.94649713521955 188.8014144146098
144.7944754881783 115.1220371942652 167.3760856955545
23.35425552795353 133.2375085221049 55.61786925773757
32.21761215933321 168.8114593512425 163.3889436593048
59.21173602949068 20.23447775197896 23.45069517632436
121.1216771497556 182.1471761568006 115.3395654925797
60.68031306639035 142.1816651914409 195.1151557205218
38.47403136325661 80.28898000572683 100.2575102076406
158.2263457204012 132.1679536659517 18.63425769010369
171.2937863006554 183.6515396218063 92.67868819054866
133.1719159917162 152.465529221931 68.76104670179612
9.800429039320594 124.3313499561891 49.50265863526853
50.6117626405683 55.06169818947373 172.2296246275687
23.27175330364429 40.09400256919675 76.86548794475216
40.9903571306757 119.466821495033 168.1735677913458
189.8976766233432 88.53278210415911 185.8333885864479
180.7825124447772 91.56573973313552 36.90091762731129
75.95873923518083 182.8059296151334 136.8818659609011
48.82618526241374 30.95006850055345 32.26761776952891
40.27286911505806 73.59341094770164 117.338869132028
75.96528680952045 177.4550528302242 18.21037501239861
85.95144612376851 33.20309184623583 161.8688138089332
195.4185706980275 101.526179579452 127.8448850488497
49.15425485204952 118.9621363908896 150.2239894801743
166.7600107433714 97.63481263348891 146.648660188595
176.2071965245985 116.0577219060297 182.6629914094134
52.53402283681805 176.583755519576 74.0428783733864
152.9733897213258 57.345587423921 108.237550940536
32.48834259864306 75.55009175914282 66.84116716172588
49.99086023682812 159.2015980407491 156.1451595308532
96.13701935425374 161.7688793266915 74.72168286850416
171.4754452070828 166.2564019445494 104.086092682532
95.61934275472187 21.45291281217823 16.05831681093267
108.9364739859427 185.9792268760149 41.10263241348721
179.6939898522107 83.03894687187179 51.95185101725717
11.18632862549793 44.22814525630231 169.4721712369566
137.0996256921942 92.13415954105656 121.260089812604
180.130239495049 50.24011818391169 153.2387174291551
161.2635072847641 104.1384431018352 32.68265507220713
156.3515221376579 19.35732368225166 99.45134032059256
56.26509811016436 103.8214925636662 68.67998063870432
90.89535956082567 194.1847983587401 108.1757317434042
6.871204770712225 156.7124938920469 128.2360669701334
171.0886239744043 69.79840801572222 175.8215129620036
1.621633897570528 109.3949870017898 160.9426770818905
57.93138685619211 85.78375411308808 150.8579347738207
60.69427469397954 65.7601538902688 72.34738730884673
156.507452794706 29.92236658399455 174.8125880770203
73.73613558995034 70.69929536904003 183.5060637295898
49.11416054633821 39.13598434485863 91.78633962188216
198.0500882273414 137.4817965978535 55.42617208221827
148.0300182593006 89.15064973191723 63.2171595006925
9.521036400381902 117.0318033307341 65.22080842007793
108.8244536009787 95.42020514115801 152.4605566182641
73.57882450623573 25.48269903047077 194.49026113305
143.2065475441308 93.36714948487227 144.602123079692
184.4386798105234 10.48030765336856 110.7200090422301
18.7779590565198 181.8060364842059 5.743532640393378
91.98621673479394 166.6631434697184 91.17539417579603
196.756654817356 124.6427878694568 167.595362336145
80.66914519370718 169.8348212942302 166.591053625029
184.3809264424341 72.17861856976528 187.423506938686
7.652747644409025 34.80097082713356 136.5280106341294
183.7398101246347 96.85482571587491 18.18534160965291
61.6741724614906 155.434036745868 92.37947363606474
126.9966151431338 110.1652949882697 140.6563840269172
172.9615399799554 59.30399628125945 189.4883041664582
128.2749226283139 117.344001118946 172.2748514896942
146.1133918195536 1.351438283970819 16.33597765849977
154.4887170465917 77.35014303710069 7.301056714317808
90.34919737018683 57.27141444671084 120.8166630218661
39.04987106253574 82.01166358669499 3.388947428578933
15.90307000835301 126.070851235511 117.5856666846157
156.9828862742773 111.6267700652156 138.4652059905947
83.37944467658912 160.6673677874673 44.86376284282015
52.94599487247996 186.0024920525541 57.06748770321366
40.1071194252868 150.7660784035669 112.8995519541586
47.1796609473799 20.94110392275049 10.99471177413363
85.54209525909704 41.86548602697717 114.4944155842339
25.55965105870021 81.5220307123755 14.26074110485908
59.05053425403957 106.5549646670082 11.87175227967954
105.7622322480625 54.19751985378578 26.76739482105639
3.739813888262611 120.2470280546315 12.35938590741274
15.43532047335952 95.36154235736053 98.38238682964443
88.99078547277435 39.91335106407824 55.52894823378144
147.0029318737286 130.6485655840275 198.4894691281499
137.5147006607753 183.5610599997988 140.7912252530927
155.9204300256439 69.23143147127828 95.97120109332792
37.99179886667105 137.146951658675 64.03691036776922
172.0645757788089 197.7584162076126 157.1371429859679
149.2243201108393 40.26054201967952 159.698109412037
13.38033556322065 123.5106459152408 192.4241014436926
67.3527577682304 58.79655829505992 39.52232300989034
159.1942517564713 193.5830788000239 24.64051666328073
89.23669856396954 80.61711840004062 91.75442771122404
175.5430150865308 1.271714143479738 122.4029294190307
133.2731926008388 167.2450675560864 147.4194521816307
125.3736112506557 24.37171166540393 5.921426933499988
198.6548813938903 142.0132206658199 25.37887324360496
8.766641577326691 8.993043271912935 147.5046499787386
146.4076965911063 167.3586908705279 35.09908010574258
199.6299595622316 73.74166190689132 146.3931491993092
132.8974858233215 126.9088655237588 111.3112045057277
76.7720219852857 132.9725599902912 28.09145418648961
195.7866741495729 136.4258692582649 154.9209864409935
33.82184175377615 121.7704469437366 190.3849367747356
155.584909117509 166.7709948779128 110.988826252791
121.6460745070534 129.5893530437812 124.2523542424291
32.28213042985738 145.4362846179363 36.54986779984625
27.91121455939407 137.3869524721098 112.2779373125354
60.24273244939091 163.1565851022656 107.8305221511937
110.3063505504852 137.8545720200784 134.8343363633421
36.46255742851054 50.90845194024628 93.1158579957843
90.05054666725543 81.24967810165094 145.6253795855863
13.19805413871568 164.9386378572761 114.3521352869522
44.83763765189757 50.29284817285328 156.5982707521617
61.86599262836238 149.5599358748464 147.3318669952888
58.03178136781817 120.0767670506212 165.06881333552
75.86047543184702 71.98502586425434 141.9881043558777
180.0455811658485 147.6578856257822 159.4743030673646
170.8983032537248 149.7499740909032 61.56145512154175
186.2362809590543 72.70191222725751 64.23052422210343
144.5182661478125 52.83477604790249 175.598791131812
177.380890095781 28.86396818433627 134.2743255911947
64.62867845976896 29.01803368131928 62.51744508258992
48.98051908649236 196.8866303594605 96.42005725727029
47.28697422802355 165.2495413619004 119.1526039760115
130.761823994497 183.9486519071501 101.0481720064693
93.27735595185942 34.18000146440217 177.5574645446614
149.8225489213837 45.23789327937305 8.357733902029963
197.7816112093419 35.67446252197551 176.3692529759103
16.18268601675226 108.4098388581253 14.69980445187277
57.36886791207839 170.6282280050341 132.4351591780082
97.22665767204099 139.7316022264706 83.19066423109192
170.6994554066217 121.7752920342526 48.71510802876646
178.433528385905 166.321785202888 6.763040982997598
198.0561694094576 104.3992874447102 144.7330465258742
7.200761493572036 30.87505810943075 26.70086658952702
38.11613244602608 167.2629397035851 76.42374020151402
115.0323626557052 94.39684291330094 2.771418479594089
141.0770893959125 54.66667288395367 196.2286268919028
73.71445479000538 135.221967619201 129.5264003230291
38.65598361753283 13.34899459928172 123.3037516929932
5.893283922304903 11.03008604732683 190.479879971972
113.055011352755 52.69363976141089 99.56218941509829
125.8030146266203 87.39883757252699 188.7648460628586
152.9017401035512 63.62796116652289 17.77029272921527
1.386970299865698 89.61123624976773 153.1378654487308
166.2165350896103 25.5935612614382 28.50715655623509
187.8658233495132 164.2652921068808 72.80838627712772
100.6541510398232 41.74621076308586 104.7384946288481
83.16071861210825 39.50824054302957 191.0416143743486
126.8259885159962 195.8784326683989 134.3411353276192
52.39293426084957 143.4880326494786 10.28204170412657
185.2126267956212 64.31142026947364 144.4871763771326
122.5195484505293 39.52207649685084 93.45038669139991
62.65767414702979 16.54316478047219 4.551815489489015
12.32895383066514 131.4427747258075 24.07231690497124
112.8881186246145 20.84090162183101 17.41349063693517
72.86001722130085 55.22728662931197 111.9969143500668
162.0082219081151 84.55171003325049 175.2664888751232
174.42277536079 109.516075627092 70.6691580721058
168.8524393947689 31.77152917055248 162.7874653159268
134.6904090887257 87.08586821133392 74.08974789034856
86.93407114983965 182.7770016785595 95.7422268927383
187.8906984491408 38.66068601186544 52.87184623923038
181.325004543249 28.69582378490196 151.1514510137439
21.41109875581518 3.659715217299907 186.1702513784562
27.16965225897829 17.02251327796754 195.5881260529015
14.91870282886419 195.8447995731235 27.60277369060205
54.78999578947616 120.8244405744136 133.939275142609
25.72830386743862 72.59542118935477 197.5330187727531
113.7476139860942 30.41570395399347 105.5147145493964
139.5239678217953 165.4910284269726 104.5990277878025
167.3307522521408 75.58347518515045 137.9018401858864
32.14170001166729 150.6272598429449 191.8218340442792
84.79025985953348 80.55336381710821 21.29492738555234
23.14219431114007 40.42875157896431 131.1589511624821
30.074948699473 132.9099396030772 78.86232389025074
81.4995283243109 102.58050298431 192.9465689224213
155.0130924469852 90.10328289623973 103.3929937868791
85.33246039995285 186.9134497220745 122.8931811070967
81.76596764719598 12.0063791860954 156.4751242671302
40.48235683437385 155.4143572392132 6.241917820986207
28.39216716891551 114.3898796132851 25.4510535143918
81.50304819070634 161.8373017801941 10.78384814141651
186.3894778596879 113.1212766207053 12.81845147682599
130.8251555611264 152.5640638141284 92.74118787922058
81.41703042696606 32.2421945528254 128.3073723704238
157.1462203486196 163.6820313807169 179.5192398626326
98.79599957885807 69.14775478793838 32.09928568448224
170.1880088638406 151.7037257261893 80.33166850110692
2.886450799529656 171.8932615631466 0.3928482817318264
89.09532715267638 45.19436730536344 149.6840331607125
55.43558313879373 25.55995691370947 80.64676153909006
29.87964907453528 186.4001267185401 193.2507952494476
6.811812685686238 163.8768943735633 36.93832782323014
103.6358183890906 54.81833049106787 148.7512989629025
91.16896737021199 67.64707616725394 157.0714640801133
65.49615559989303 144.4182169284676 21.58965071708372
109.9399378633845 0.06668549874928566 164.793025433558
151.160065721701 92.23827037799806 18.13900662830038
31.95808626668838 34.8874667770514 31.6464857995819
59.90524901905036 131.7768775951889 32.04718280200075
0.9659993264796438 186.6656454885135 171.4746427378263
72.82600118213136 181.8603109023121 176.3015822173057
181.8221201982354 166.7186608951051 157.9707065913133
33.68067691722772 89.15413675887085 163.0443497126053
77.65648710742637 58.00787036173998 152.0794442055455
133.0950699276382 42.08804983308478 5.087931672468164
173.8101563410019 72.09027037652086 1.159324639201726
112.4454048783445 145.0005829213082 185.117350443887
140.0128886800759 9.753843328929236 48.25086216803215
43.40682523524386 22.92447516917509 194.1943063316834
162.433836757152 148.0175979225719 128.6356646952347
119.4906572001942 77.17467837504491 86.38585493809995
46.99309696268923 142.4898826675329 26.72184485405794
21.93621514042767 125.4040873585535 37.17409002345634
162.7307955504027 125.0537908035627 176.508396782929
18.40459416906332 61.19381125884074 163.5293995006899
72.01243921150052 196.7132383233404 92.27976834715918
42.8746755756802 63.5934498585795 103.4229410206896
73.02918827300874 85.63207354444175 95.30245658751871
118.7984373882598 42.82955764780472 42.66261696881879
46.96330092357718 42.18732133791117 108.7122020602004
114.2382813608891 36.05273083761563 199.5984613961113
188.4875969378198 199.837202100167 24.27130254243255
74.81563681314771 99.46627103643962 10.59361388518047
88.47067465619421 133.9018492123178 116.0276705204368
105.3099961349587 109.5314251263399 1.87556233126476
76.33225233646027 175.1845478057035 35.38977596464794
187.9685684761648 168.1441469478458 192.4039434490038
26.15134452908257 153.5395176310618 59.16919712080968
118.8071021305051 66.61657445498305 37.17444006589569
59.98791250218528 150.580153088535 126.6427591796257
6.059086359512893 169.7724854129646 160.4615224956184
40.4345152028576 29.96542874797909 156.7237400998557
158.3497374098625 9.108629854487749 38.4554097249131
130.2842106060712 153.9000368455376 179.1857452318248
176.8088289787949 185.380226801434 14.93270229826545
108.7145458891283 115.8869152094073 148.7580021473828
195.8259823686137 184.6311321803267 55.43124528520642
28.37462978206474 148.1339220801699 155.1646155596005
80.73534243727235 74.66514360489685 40.82679155065128
77.15263854669539 73.34155449359621 121.2734391427508
45.65068474898824 137.888331215001 141.5487324323332
18.75131896520566 192.5299596593438 56.36073284255414
139.6116105124552 107.3382973457309 75.28080156656443
133.2113442264612 14.18758326835802 71.57213410510813
79.87300585198405 151.7855210151625 82.99341980500226
73.98056376125969 51.99011789946675 132.5120873787474
192.556633755975 20.42385229836136 94.28487471976452
69.70071942456819 126.4032542467455 111.1218510702013
15.56279434490183 186.2717938690355 115.9725619946515
189.6670534936158 3.634440936929628 179.7737560323793
77.73377469436646 14.49025004094195 55.46002590051035
109.4351866587745 58.94048368198649 168.2956687679576
168.8879531543339 53.51645532352732 9.121266644607784
174.9085726440714 135.7473455049264 117.1819667579274
116.7263025252416 161.5710159168346 77.66268251165157
16.39653298350958 48.67238727233035 32.29551329024181
149.9977942321712 49.80648508504471 89.08252607130389
113.0037245812553 177.2945185954488 59.55908182849721
136.0362481253808 169.8752042466649 57.74714515454592
3.085515842063909 35.27376301097279 78.23964880755889
93.55421550708351 141.4740196364226 177.1616276062991
100.6510761318945 74.16686008079891 127.2708371180022
47.23803667962454 121.6017158324817 75.67489601278581
91.87986026587855 89.31247748824764 110.463025651155
26.540811733478 28.65915827103963 114.3502247588338
119.8040689351134 75.24262236245063 65.6789444254221
5.717768612480343 190.9282290676103 137.6571085728093
37.91830627368545 68.79132884393785 163.1202548424014
99.80434149894909 144.1513902933426 151.6768393417978
148.5824178353436 58.75692666187852 150.2071175265505
158.0164658913604 44.82318308544409 189.2450430794916
180.8509856649715 135.2587145123229 176.1542038352397
17.00327715997466 133.0101910828078 95.04035106095438
96.24238684505896 23.94136925523702 195.4176496674283
49.63129817301597 149.9435289812702 76.20884291638339
123.9269552304215 89.81417329635021 137.6536778756129
102.0431013041876 3.212900216439781 184.2145802756945
3.625102781364574 25.43761372216805 56.06341166429127
12.20228923024009 59.70808010849896 183.3266525103519
34.46264841433842 86.94675646032086 183.7113089260007
99.00916563645262 181.9556148450318 78.8270080900746
138.066660118239 76.50213895696933 49.75042089193628
134.2743348628763 119.9077862134355 55.22218947654029
151.5048679224082 183.6556364985305 99.54901193950006
90.46523507681492 104.7450289533335 65.70355719383926
81.45768650533475 14.73146285630513 178.5233683652459
134.7411025671579 94.80298526985747 95.72932632261421
170.3292742227137 44.80590489704333 121.3596717014124
189.2289563536982 54.60532300177637 177.4093619830568
51.65249310181492 83.63296169406794 66.74237730070099
197.53542747476 91.80308590454918 109.580505040015
129.5954671316754 27.44689685449859 51.57357123706436
38.90637155068094 169.2895701727555 185.611793589108
180.8223471156133 121.0881165329019 98.77107981087137
191.4370767273672 82.20451165711796 5.586627581605825
117.9097157137324 154.0481964573337 54.62286477508112
41.71214359661094 2.190376500064536 199.8285832937756
125.8756585291556 153.7923051667991 132.4568112318929
188.8955347836494 29.80823494760544 116.9789930323355
193.6349110086119 11.1121102203961 131.7037923149418
191.2443380102883 124.943777916173 196.4091246664424
193.7837218693338 154.9610460088041 145.6708778125963
0.2450821324631298 55.03794228258164 155.470577622004
152.8309824995495 23.41412270560947 57.28969220954336
9.610905715631532 83.02437007885074 189.5284130854059
40.8413403585249 121.4099389719222 9.96053085697598
93.87217191670005 2.782861391090916 7.059217727006465
131.2111958257588 97.4870252388673 15.47435418959408
10.83533566252466 136.6979987411346 71.8631412830872
193.452298864903 120.0509192291857 78.07723963331767
88.9934401920998 101.5591437374945 89.71418892087947
57.45237629908932 196.5075275880556 77.42818723898289
181.8150670215064 180.8289800926343 177.1122254857891
86.17685695360579 52.27931809359121 170.1679542859373
195.0382485415512 58.68427211105506 37.98869591488059
144.8560253697781 150.2853348723814 117.7505773604666
27.24756427091521 86.34580151745469 83.82922483964305
41.64713438462147 162.4719169784079 28.90042219847488
134.8065037294811 73.75095243848426 1.620958448602118
80.46402178374655 67.02090746695694 78.68574756656717
132.8420702509479 76.364916538006 155.7772729259481
143.4925204800967 142.3111169954041 53.82852361756598
147.7889703999575 107.8470251265791 111.4910727349302
127.4226878803346 130.6551478864187 144.2048485631855
65.58525306768439 105.0185002275895 152.8704168877267
52.46119197265394 70.79458467191026 185.7078702258437
113.7699934319561 131.7010620290815 167.9617306922521
142.6735299015141 166.2805787526012 195.9801916416012
81.68428329714975 152.5232903392875 137.8782429959171
101.1834844078212 49.72012978909841 189.1695990346097
21.02633672659291 15.62036270096611 29.65974269452219
13.26407849000521 195.3241195497322 91.23597493980505
67.91390298640026 31.42139741220484 96.22052984985066
173.1126673904594 135.0438971271527 32.87271219455605
117.6601434825128 93.57915723006806 35.22084827694168
178.1015780199409 168.0683919593092 54.84166273081404
158.0205772251436 93.55517548945708 128.2207988670983
95.90333411821535 65.77226182929911 11.77516820367073
179.1109493600141 196.7408185401753 42.57698743485833
114.5243061639277 169.8968101466492 188.3811319363012
16.53247528548954 19.37261767412111 90.69594598750749
4.724656503909081 113.8925130619269 32.24361961806771
147.5442150405815 94.48901549794159 197.7805444911502
17.74271573172163 93.633650899919 29.2544527487484
59.09795405104568 86.38735408294683 6.785255938972286
28.9252057060213 123.5574529577351 151.7325804223156
163.7117111638864 72.46284295879411 117.6590289571587
42.63232048231578 99.42526533143551 147.328777637081
39.7447527711474 161.1781457158909 138.1530014773545
63.55396534495284 134.9560216384489 89.26106277350354
21.87089000951746 64.35282558909451 49.98680352238638
190.0289273423254 45.79815192003954 135.4935173755281
114.5284207541786 84.53972289408067 171.5219864798571
164.6966260841184 52.04857111097073 167.0640668070308
18.48246574966122 105.4537846650506 50.43377493845855
38.75439519842221 175.9652157933413 8.940727115120831
5.719652097544957 22.9357517916928 7.533682641876904
161.273297773159 74.55542536442866 56.56868721655011
181.5667614748458 86.03825505486574 126.9181782455805
125.0148969327731 109.5790308033072 119.6866944184714
60.61140641517256 56.45744536872025 95.23190754639835
38.09068968138334 120.0668496051959 49.13879042930596
44.52567334962404 75.9457089720411 23.30332004426251
172.5484161185765 33.17868855739273 99.365412063634
54.63998309342621 187.7305857319329 184.5122965738559
38.49656274976435 183.598351004999 108.5078817784374
170.6470826837844 10.20755986784323 140.5354338635767
152.2265790207097 124.6915199251203 39.6125994048692
40.15276085538714 12.40932987368785 85.75592603452468
43.00605442122704 67.9086059425415 83.0767035822617
127.1476980413261 96.80724838055836 57.32044593723185
189.1559718305448 151.0666659434771 41.51619198141324
131.9587079311404 14.93413800417044 23.24701250602518
49.12555018137088 116.5059195498483 99.41788532863676
35.36754346882483 194.7090882992577 23.9747870979299
2.205895143308448 4.15088219315921 41.84151707165264
153.4899560954303 157.848113646893 69.56000469512045
98.40840945176301 41.6363961340796 11.8803605786226
158.2088942710818 27.81307952202136 80.539503491033
134.5812647049343 184.3680531666053 12.33936486153734
25.77480645725865 21.28769830445622 68.34111963129719
188.1323958793985 175.8458705197659 34.16027010265321
99.51846464400209 1.852300063838289 53.34400786868283
76.16169896240795 28.70602030948343 14.87521072359066
130.6333873899487 117.8416484612242 30.91548397229628
136.4756709253154 26.39220251594389 170.4682967506144
140.3624786546076 187.9794032026763 120.6672193354769
107.0488107011759 114.9626384448751 25.98542063993715
154.5018689247394 68.81777057069759 188.3325128203879
51.35097257564004 112.9168163454751 30.11595145404969
109.3479439296155 74.78384949440074 149.9161522028841
92.93098923866773 74.69197880946231 176.5617651559913
113.7634318557302 37.84398979338522 142.2774736885567
23.53351723265299 22.18786874786205 141.1451551582572
92.12647901832018 177.04884786615 182.3801173269803
64.91462148583997 44.49492397371081 161.4417276196525
50.28767770995358 93.89984138220463 89.54546598352442
164.2154566469557 178.2107095275753 37.72046218032117
60.42686945652056 186.8444095566611 8.061248115917273
49.1178266934045 1.063476977424438 165.0041885042253
53.88836272764566 140.4421718711061 164.238404519945
77.38357329485753 149.0439997784682 106.9749390976514
190.9696665959711 3.986563000668792 4.041884739081756
130.1948607823822 20.7589420158433 147.467441568909
112.7905399611668 1.24532361447382 73.64942776321942
137.9045927909264 136.0007946561354 16.4109947391227
122.5803995880207 151.0992212057816 156.3464543437617
70.25555350136143 16.4433127108788 139.7290442057518
31.40077177166837 88.52021091257579 128.7880499704323
130.0020279796624 47.995131094218 161.5110703615463
89.72791656904882 97.8444424514504 37.65131937587123
189.0589556344892 20.08095775028471 29.10506721198568
23.25258654839184 66.45965188068416 97.14873043259189
145.4051490832472 4.658666549781378 137.5550886467519
18.93562160778939 173.9987751177787 72.02558881860752
94.70712764361916 172.7867221866778 134.9413508246672
4.261686274368977 112.8637056135395 99.5787941481982
31.31466901571503 47.42694657389949 173.622447564203
53.45882342104969 125.487065297643 184.6244759125952
193.5527561433827 45.30575686100168 98.60488907834443
196.9458783344027 161.0152003352421 17.09568016853067
13.7754490068518 83.67582676169964 62.79058023926662
114.2651209256098 21.68569071110645 86.64340654815611
123.5705944178561 197.2471035976599 50.66739501914636
1.082925866977493 185.4772191739198 16.03991202471734
198.0616882571486 133.7883597053424 110.1875337742327
150.7786000749794 36.70043027877898 109.489587358592
45.21835396670736 60.92136291345544 59.32090697617769
169.5618615167388 101.1984208391781 51.52677342427189
104.0803314451515 161.4115867009619 168.1882902374357
126.5615709903323 34.88099906842221 121.2776728937609
95.89463265248547 119.3328126153075 47.08784634186498
96.51074951772166 172.028831289575 110.7545976269417
158.7598365105225 104.7753852332035 178.8800970510224
100.1627032785934 94.70060767342038 188.2315365229808
92.64858056767635 24.70262117524314 144.1065598512562
43.51972062791634 31.88744775653059 131.3831716698014
55.4000069852763 79.91715442843189 131.0644425497976
132.833780280206 52.65697813788579 105.9969517235231
28.89077793280955 5.79693809083649 106.5641456414312
181.8500618052862 23.0472479866702 192.1108505403697
20.97142567544515 175.2296915533445 25.43471025344266
92.15728398536167 127.7195685287839 135.5416533927014
35.5890341693876 102.0314985043247 67.30030259121777
93.292428115365 166.0574846475764 27.39130995527483
74.35373745610191 54.3677362982087 58.60055745284548
7.520021645329157 84.5600386459577 130.4772183315456
2.295710147590527 30.87116431457567 156.2375509728637
36.58341895353522 112.1963700512856 127.6022433431337
122.8065863254753 118.9799710150183 7.974867424606713
74.90962122860896 168.9779149427319 121.3804927327063
138.3530508438253 76.33212996586488 25.48695951430644
117.7288389171526 55.7979506208392 8.007653449101456
4.668130642942641 49.55035458689705 58.57623907636157
125.2908139276633 59.11995566593241 140.4666121567199
57.92927749916085 77.47791082328494 107.0544579177532
90.70461589974501 197.9864631805181 142.0061419190172
172.468268365308 154.365544527888 190.823430192783
125.0444434109567 173.3684283489719 165.6651120787743
20.05970985969009 60.42326887504556 73.86366871080172
89.28963221669149 13.37949680592033 34.15146271823616
40.52709093564006 138.9144767273327 95.81241141013213
91.57218212033516 26.68724446397277 93.63207374358471
20.05415720744891 157.4331201112655 175.9761780392579
76.86537911033935 51.56881025268974 6.77433725277537
191.3487613301868 58.32145196860071 1.294991409399653
61.58749773523459 45.48402928954949 24.61777475912286
80.28101202984951 140.2404230913343 47.26102291261071
118.5856594081948 167.0868986600393 101.2199385120991
163.8809635548376 107.0311515749022 88.56237078600432
86.57398444825513 116.3865260344012 7.755755180598069
105.4536334722492 117.8812491222863 81.04345247536698
153.5172372335398 20.67517335176782 154.1671594889487
63.76152817378324 20.2856978587781 162.7917888852545
20.4676912516729 172.7415189516053 96.42833414637386
18.7891254346676 102.7905940621127 144.3282621503152
67.29537888762368 169.3587960540873 150.6686484959362
180.542452382165 111.9439350735494 32.74414770755956
58.21376787935074 11.72986043505806 184.8112225730536
151.9920084737485 143.8201838159629 183.1850645934464
8.785567732247385 101.2557723384657 78.75532512000537
27.66599949342153 60.83215779570408 14.57643921369507
118.6394384164864 176.7811898711089 135.280776398286
10.52318969414225 11.53115293568878 170.2087153569491
31.06933737461147 195.9969322598716 131.9035157412083
39.94077081175053 55.89323015015736 36.1758971968064
66.78264425492091 51.13365285336938 184.7068141341579
172.3621740446923 57.40649222249232 100.7090355889318
104.389250524753 11.71415041500441 107.7867794220655
37.79567550916484 98.20739420758952 16.37865541230116
169.4070151602382 2.217039293164472 193.0533757573886
116.9402953656947 96.57491962525867 79.33365639590218
75.4791076856209 80.77193941246756 160.836232094988
14.40999378839243 105.5113950502494 120.3581556568628
187.5397776500737 143.4738059985532 72.34469463130354
127.2127396338717 177.2490976098213 36.37292129186271
67.67474118572669 68.73538706185651 21.25423006737429
72.65278829753049 4.945547521164711 18.63017396458165
71.52495310309256 118.1023726167225 42.56372220079712
12.16127315282326 45.9470250686723 3.313101984934576
161.3426770620204 83.37889393968231 33.96408437688719
117.9277435979645 138.3743946464673 84.68406284004807
49.55061386741409 100.6609682919597 170.5545550310649
47.85505919546874 104.0520986768723 194.5222793660261
13.33285054781395 61.21839433454907 135.9939554541107
196.5730161825887 95.03250832207053 49.98712095716841
190.4698613874535 118.1606279215525 54.06977524843593
180.1595901147679 31.90206035794263 71.03825786576562
60.41029351958728 179.6059955876404 94.5905413037645
113.9643394845078 190.5376075825297 1.127519630219616
34.07722525017255 16.62893018217399 175.9733933744013
109.9989406496035 103.0784922760499 101.7676951025499
67.51419289559587 111.5160418601048 84.39172745315653
197.7876786081674 121.893005350231 131.3358657228835
174.5752382421419 88.32625573212908 71.47670826107415
162.1455204624324 59.14182909976761 35.85438391698791
53.57085331083394 57.98794771299693 120.8374894161634
132.9300065357436 5.671907384622116 0.8395551828920369
105.3187148419598 182.3769769096288 154.7762110331175
128.2115626629997 2.660187114825225 92.33141643774867
19.99968474856452 161.052499454064 5.106902908702892
116.3380185498995 132.1171049507807 44.35721944318751
146.9166138640723 30.18932268129881 34.75209274422147
135.7483701514334 160.0520065618681 18.80189217042857
190.1289169122264 160.3294946179444 116.4369011798718
127.7293356689233 195.0498690211757 155.1041952306585
101.7166234897379 19.14938685443092 165.9184526362911
190.2601968368582 157.5744841045556 174.6377430344755
24.92814496287858 152.7670573842644 83.39178097792697
91.70723614523678 2.645388561523606 89.19241063867491
68.61425003712674 195.4060600873656 151.710972502903
180.8116441956633 187.5475836561912 74.26978134157059
84.86347760214649 53.55357692663545 29.59795665220438
146.5939906977017 145.3429159839874 141.8474989233974
145.235094084198 180.9260478824021 176.8027282108854
143.4776622570366 12.1748374297619 114.1238599863016
74.03258116989092 194.8868897835381 41.64568864374994
109.0797208052423 37.15436529236366 60.15819061813014
76.67888270750102 129.8494162568454 190.1584818372209
27.09130918894427 2.53734295788936 154.9301264424111
82.93166698442151 83.0513968264586 0.7300866630389902
116.0056387193134 152.0447276850536 30.51504271649088
167.6860257714701 130.7592703808847 196.2975335456984
151.4479168205943 197.0903315832937 159.8043975042055
107.3198555717712 127.1409129265581 103.3952381319245
186.5069471758252 37.07701626370322 11.97475114478797
67.04685583571634 96.42405322337692 52.50472787759404
161.1782334647886 139.0820404340662 161.2307996679242
165.2893282164106 115.0676470811331 157.8976862068154
59.49420608833134 163.5250447423426 174.1340849178417
181.5737923762601 148.0335900413296 97.34640470800774
64.52720894111536 126.5970810165139 10.90903895963541
95.82069952278611 18.41904445307249 71.21749256993073
28.1709314662974 112.7274655622337 87.77942663777779
153.7620051143682 130.799108356175 106.3577295304667
188.0935583521118 54.24519402677899 76.20188126378859
197.9195100111485 107.1770308045149 181.2892286170295
80.79545642632519 194.3864690414389 68.69976061179266
114.2392833375772 171.8404605481414 16.59256341857332
48.50851537748591 21.52389926902928 106.9115046873922
167.084785445082 1.918094261161372 103.0951770762676
104.2353710601769 100.3668460602474 128.1821895483378
127.8744324522096 100.5261223788702 159.066245474305
167.0360356802435 157.5266590858137 146.5915142782132
163.641635675612 176.197911662004 161.7139762659982
49.6139134502428 141.4303988179658 47.32805812197389
147.8071070198544 6.879610654909008 181.7073881671076
189.347864464648 196.3508596484997 95.20925975087673
156.985506605499 183.2535019369286 75.91371274220752
178.5038734029642 41.27049220957927 34.49567586843349
77.02765586859992 149.9835027606215 161.5639353345856
116.8794461555668 195.8703722376093 24.61986423334742
155.8837707031717 173.0954131718739 15.16023466887056
181.6561701339362 173.1841164278645 135.1931732207842
12.14006249231618 143.2886147737614 41.27128959536396
156.6127141597633 81.18519857093131 154.8237657527924
56.75419008952906 76.05374054474997 44.2622844329306
18.86694221274672 2.545647245884589 8.001528733340894
96.36467593664891 117.9535974781986 182.4263720828156
69.29573514469379 102.5186247425773 106.8572359752866
128.8491854728589 54.69074456002318 56.47934300294269
100.7904147496464 150.3571617062474 100.7122033062268
5.014959145018529 7.446905310919377 110.5703116532835
3.327110112976978 161.7078301673404 58.09240821013746
149.3736307425342 168.023466539413 133.6809385424181
74.30419401608972 111.3466387579422 174.6396365460708
85.57709388988326 125.3887374616304 92.764684227738
155.9330433806217 149.9035214064818 8.01363569173887
118.5897648717129 151.6438521419877 3.844897658264558
116.0358225809046 78.56692440637542 16.22556128303648
117.54025206377 13.41525422767796 128.1087843691273
7.386776034598914 45.44352409703041 118.5404701977873
76.54586345275844 195.0963496483485 191.908539426569
73.21917153297606 14.85783236180754 79.2992734190872
140.5384336738429 134.6991922754972 76.67931034196181
146.8736115133599 158.6625846011973 162.1288874572016
12.19634860763787 139.802280577708 139.1124054675842
42.72487549786608 163.0761752021753 96.26908476453552
66.80620384589807 90.30080178328272 184.1095557733323
5.496949885090516 138.5253010037152 180.3816941611828
110.7487408676853 53.25690035805572 120.2254675742794
6.813664093552405 140.7164708095557 6.290659209659977
33.05687546167415 136.9462130758726 176.1821849566593
71.68938921379205 170.7313814498547 193.8361838041418
124.5882766598504 57.31652316008581 82.88226283340457
68.18553124412686 128.7458620060631 148.5026557714188
17.61898050810349 42.86138600561995 96.68958840279031
35.83958996894933 180.7323917036882 43.80546043757232
88.1090879357203 128.7830377054192 68.03790648342672
47.10936692472033 131.879565091322 118.0836965505039
168.1469189780112 182.1624713558395 117.1455762417686
182.8980737589462 142.0479526292274 11.46281395361536
97.95673216361836 82.84960234448964 73.0038479925408
46.86682428824329 10.78455257489759 142.884962520327
151.5671254199648 151.0222267945744 92.76639328975187
6.343439963831263 190.2498058109306 191.244421120537
47.66697413982468 183.6951250689578 148.1204134648169
168.8771289179203 12.74900576374848 171.1987793629917
7.658437427742134 72.58470610381039 22.61549689785109
137.7536039638002 134.6844689440895 165.7887134955278
127.3859348106389 117.8132361047579 93.43665440679526
141.7100990978934 97.23260632044442 37.34979205550339
104.1713401133521 132.4617047569923 0.2420196531601126
17.31965333603755 118.8375423920965 172.5431786964785
141.516489361851 88.11317571709078 175.1566263742647
21.6986209182905 185.0983818193851 170.9184981030105
97.16589982887677 136.7217245804207 30.19216807304593
163.7883743052921 29.85165965182577 7.448477921969218
109.2094119062941 189.4052983048175 99.54617006908593
50.62469803254645 59.12977126754977 6.90659421991043
91.0448197527825 179.4483424226857 49.45987283060775
88.91558476409018 101.9767853833606 146.9315555095564
199.8806661043888 75.41453306541703 168.642070694515
57.99440989476081 65.00120932992189 150.0278319117145
127.1147053322138 43.84911977815153 185.2450215459896
172.5939481247575 101.5212788912628 110.529429843195
57.38419469270815 36.44179431800869 1.578237290918658
83.91250823556065 141.1824899592093 10.35904081237627
99.72407480755615 56.31840145418219 48.5807087381985
102.8023068545039 80.38148750796104 49.14538365038615
101.6616865173224 30.86572357469015 122.4361521329468
76.71589014391725 33.25882113624856 40.113002384148
55.6650211882661 41.79894057677688 48.64258366830758
100.5618959950715 35.97588847779262 35.37818238181789
50.94412091431727 33.92705537965632 178.2337420280197
30.43738745478455 52.55857226824295 115.9190424563443
73.57678461506273 89.99052852357761 74.97239955931038
163.772552527946 40.6584643194595 144.6815451953671
144.0246974956908 66.46590633122217 71.59772414522664
90.02481951704277 113.3344088495675 113.3495665249214
172.8443281548956 159.1295262878984 25.46168967244956
142.8961772613145 75.29589029893182 133.3858265335137
51.34927079139646 3.358389740744441 40.0558460519324
5.264127388229602 153.9512900736302 98.57435960935501
129.7391272379143 67.10652312065849 178.8393927591043
28.85137264780228 141.4939955151875 16.41791637925492
61.08354497419762 163.4316300362069 14.40451329382683
16.26253483844938 30.96621965709592 184.6695614806077
174.7058208371272 10.04569905837855 81.53854606523807
144.8687453178837 125.226261112835 128.2364814264276
137.4766912520977 25.08149984734264 92.84969078388886
95.48894178853637 156.8629608621097 195.9044394969981
186.9294631434198 99.46447203292625 89.14418531469136
37.25868182795644 21.86354842356531 46.9725566512106
191.5093328850722 188.6491725983206 118.1186148612537
93.48289784610667 190.3176642695763 27.87492831168755
56.70932572128572 181.3323744382942 31.39842485522696
181.5532123124673 83.69880456770794 151.0708855175332
122.4571720735212 144.8607568193797 110.1550652196757
158.2624389436239 47.52090671332869 66.38234413305565
33.84554573002633 99.33912224979797 107.2056330876852
198.9967817315031 176.2310008573344 85.67426323637611
98.31074457340068 95.10254202765299 15.12037340715587
113.0783434320365 15.42040567184707 38.48255847121504
151.2220299086442 5.005826072209857 84.9936473126229
20.0202116828367 79.38764683065459 150.6221455507213
172.7782643595637 81.38248313423681 96.9934993723256
162.548807065188 187.3357380263749 140.1830443252789
171.4955432440319 91.80784069936966 194.9571317120468
138.7109775007199 53.02238250645367 34.37079020568505
136.6993140477894 38.18560792544578 72.44124848937653
93.17376712194982 178.5319440237778 6.577846438311604
28.52369460903254 30.1100265085242 11.69684347811825
177.4162304749242 56.55285972073159 54.53402882794769
141.2019533401318 75.66912075368626 109.1821742252255
138.5041808193796 169.9586055298705 84.31090319158025
110.9237334833552 73.4355181417266 192.7947236621864
4.189159034613462 68.59420556168553 112.0099515377281
118.6462957947244 84.38658413302856 114.5997759818812
88.96553587046706 124.1702508350347 160.1680606452445
125.2440552346901 198.3662222674651 179.0134332577078
152.4344445985419 147.706426539697 31.92511957369017
63.81205802703958 158.7927775357398 38.06593220157072
188.9736490730635 185.9382305400327 154.4963738855702
166.1905976746121 20.29264412080184 118.9192987395814
176.946640350099 109.5762304615837 133.0015972135987
64.74431125209567 134.6010194942214 65.02712931600504
70.90218893013653 157.7665261243272 61.25005031177688
189.6529044109653 10.16833821765352 155.6219736545661
175.6929368387117 22.20852269671918 49.24580924582719
67.99175370363551 91.82945506188931 28.69667637226231
59.32444033564235 193.7366239208704 129.3561318790285
35.49966652961331 187.1313036228657 83.94177913349552
98.52187103479773 66.81755306954825 104.2430136682198
147.3036434146476 28.19105057311097 131.947138737976
118.3487614717338 21.12103285320747 185.7148178219608
164.3375385405583 2.372047829929873 60.98519403319082
33.26003320337877 85.7262766432948 48.47369808205644
87.96182617778622 194.7773530173864 166.343214491708
40.15611540551811 2.701696143243455 61.57580206384771
24.16742033616228 177.8706953286244 146.4853385571839
58.01736737897786 45.0831891980692 73.95460182481233
105.2189448798795 192.9990414168555 123.2102285562613
163.3853640307207 178.4971753352207 192.7242469747964
73.69218429941662 112.5637298723411 131.2793618801745
171.1525723546569 8.871609976051266 17.16612081608536
47.92378657657167 163.8973188629943 56.42999985579584
29.5754244296005 42.49502019422105 57.17728149109593
83.90275775931551 49.65028606587826 95.27680201621479
142.2326314754015 27.02501132675107 194.0327496184345
14.42490981804837 94.83782700291131 168.4774251735491
167.2309384967894 66.37265775480779 78.75182185674406
164.5002438030235 132.1667832690297 84.64031311073751
156.7638116147653 121.7102049024065 64.15534138534699
146.7366349772262 190.0958853981267 49.65688831627354
150.2281642613502 113.0049720108911 17.44411577900096
123.6286354362313 37.72472089826835 23.08668687828935
37.32611390266692 58.96719459456505 138.8368226771031
77.69113061775147 5.898082409050848 119.1782098783249
153.4067796668998 85.84107873490737 83.07613659051597
81.008525298263 37.34608129854839 74.56312430713039
21.77120052561801 44.56616366328704 151.4963405625987
127.8834003629726 131.3030997571138 187.6969745864089
165.9521345101257 130.3823904793919 139.0868966651409
144.3527628323663 51.8316622245009 127.3384225100956
134.1288835442984 189.9412242838142 71.2580030457118
189.2425646361771 6.935493015408703 62.3594903319113
4.55823461870764 79.96263143717626 89.59775501525495
104.0180226955362 44.44517547683715 82.74247231626069
