3 1024 8.868112738084598 0.7 1.4 1 1 200 200 200
2.180026503247509 92.27527854689831 54.30478395203666
29.03983541815593 117.7473832443942 40.44214321537343
78.14039167160367 112.9077320476087 162.1445412833184
167.0509744698575 185.686661288615 30.76071787083977
63.9516004854523 89.07780569317023 164.3284386514537
148.6122457722601 95.12992805970083 123.1739176650485
195.9129736991271 16.63492755756883 160.4318096568701
119.1780264776824 0.601218315270203 80.93978038793709
178.3944561266023 118.0671009113261 68.85784719278162
124.7872017161081 172.9145682262969 27.61263105607929
31.88442384292939 26.32446507069591 151.4155523717189
29.20041109254529 64.84190322966997 60.36563236725713
33.72447479602797 106.1873968028707 197.0918601039417
78.50035604573509 174.1337320375432 168.509102763717
108.7710344278508 164.6186998818469 170.1112843145006
153.5281794765421 111.9347807734688 197.9592700697282
98.79111037888129 108.8708943859715 147.6022500754478
104.1118239252013 83.47629300921622 0.3891797974688184
130.6784297622381 169.1207075553476 122.4614608273919
131.1806070987321 34.43124424472619 70.04102850189744
183.0789785491237 186.8329420485904 141.6920093951183
118.6424670960568 126.9333776340195 163.639801317912
66.93666065181577 29.73564497542474 22.60243009179927
71.44967413171065 158.4140319629713 196.9464926355155
191.7015299591567 119.5068104384916 57.39937543183752
1.628121925123425 127.050865415454 183.6191083016967
48.47742821467386 91.83314940041377 28.39495347973757
42.53466021877624 82.4253302762081 95.82755624101074
121.5579720256632 76.53432692613104 103.7542260834664
46.44505883323173 163.7729409495108 106.343716794271
32.01097284858567 78.14895226363379 8.01263437468646
115.3900555798133 60.48849220969386 100.0286732897873
39.26661274404569 41.47683479426441 146.5948339707675
137.9083239957954 171.823049174553 71.63963211940037
184.4968767067313 31.9160367236982 0.6067331809203944
45.28108008221506 60.99352022687903 66.2645356047714
145.3544500226386 80.39120991344629 114.1422756963216
49.91089473299694 34.58960365720289 23.25875585482445
65.43082919440532 123.9669539512074 194.3290556999325
50.2158564260353 117.5251027097759 151.0680063169031
108.7959855305373 72.85660835636153 115.4939806106689
173.0162474037332 65.03759309034102 137.0980044321757
173.5025207992507 172.0432488791712 140.8295838129011
13.4860481306566 182.0176806681083 77.85817530931084
64.09842506993253 46.7052116737042 18.62686681279815
29.36867894460005 88.85603592458331 151.8518901255236
143.8509877383977 67.55687775545533 47.83933016887777
146.7996209515422 199.3950103011157 52.10174187339524
0.2389136239049794 85.85553716353121 3.842233945152066
16.37822474415979 96.18081883296 186.0795002547028
109.6392718260067 55.73997131515162 8.627057068976168
158.1071989878257 189.4262962318859 86.04383509685971
193.1391324523581 188.3597062426623 101.6004371637179
59.63816276992869 105.4244132484776 30.47175834269332
125.6621612953381 59.45005676111992 164.7904711484842
102.3243028802825 191.1029624417105 153.2046256770387
41.2971422808963 92.2336992761588 189.9560800712101
16.07511336801045 131.8835908972721 170.4708907125032
146.7710740476855 79.48082238260888 60.59293850139864
156.8994487466792 101.8570591527234 12.54141676633894
28.05706221068977 173.0961230009564 81.66925167553498
60.6288535004046 10.8496599815559 179.0211343085288
12.55043936624559 137.1012484928549 153.9333040459659
102.995024702628 99.11965569713833 163.8673249117912
123.9703536792931 43.43779843875812 4.269081839829781
70.9163051923872 181.4990407675761 154.3841742344788
85.07346064417669 108.9458378346101 1.003883946224835
37.9039383472737 116.2208373683628 138.5712215859367
162.6190439553116 175.0574657067909 96.00752985387416
115.1504628659887 2.925722534475279 155.9556979538598
162.9723274432043 95.29408737833384 41.37716141784399
121.0739205757689 194.9631936972527 56.10526421609441
3.153487788159289 176.2651465381881 64.91484194473908
170.9686513399417 175.6182830246768 44.67013447840917
55.95295275755598 180.2841142815348 182.6439973408173
99.60049555347491 116.5540099763227 77.42677079898806
121.548274451667 86.48608108399597 60.2720428599121
172.7067902943373 196.3975048806648 152.0865270176617
24.6152583654439 122.8377282846222 24.06035010389092
111.3070300854927 121.2337710176421 148.7904778380816
0.1985267420249199 30.22978010371462 192.8837582072581
134.4013674861594 175.9067417298648 146.064437652478
38.91624334220342 136.5711827683415 15.30897913103282
12.98437408218523 83.87949311602419 24.11508062153644
15.09290103679144 190.3349387426155 33.73333451753621
108.3493301539335 105.8320015095803 110.802793491898
179.2167874018887 9.309102530337942 108.262772914653
101.6755463414089 71.86357611253078 13.46276370336001
198.8918992646857 179.6134528099041 87.38770409395482
121.5669580000042 87.74695865062073 40.81026322589852
58.47025764475892 174.1454221269195 29.58886923591204
19.24402008658526 145.6103419456139 94.51017561554552
51.22841587892949 90.00822813639529 82.51840225138623
106.3061511987864 177.3127597197944 181.786215187758
87.24748298300717 66.22186996925026 175.4896579612593
124.1051345681467 113.454336936097 111.9598186785328
188.6031378644496 3.268030476203101 93.46790029162084
143.8961757566243 122.3930905578591 90.32704543779941
11.45314018003595 155.0990239752211 115.8092579583646
8.574636427514122 88.16529384478127 94.00001869877532
124.8096714661529 154.6052111497424 4.774511978082221
119.7326954654381 17.16679390042294 85.66806031803759
111.5615048432532 139.1214171575768 3.016997555506227
19.52642565067823 171.800436468296 141.4576767432148
69.85111163115609 169.3274192312514 183.1271343768354
185.7547371124434 52.9140716344243 173.2680338247044
143.1475533163552 154.3790253578881 61.41002668947407
35.58812169906021 15.32340994267675 3.597299548297987
49.17323877641662 125.760010470407 166.5043166201974
3.025714688562087 149.3002441079805 99.79023495368456
124.8911763058739 51.24846935616652 180.3520970460531
62.59855843501824 172.3431235980748 73.59004776837322
149.2207719710087 103.40699265664 163.1614199452514
160.4407396622926 151.0909795190964 62.45506466312342
41.81023542704253 136.5384328345813 114.770422906498
190.9242565998983 154.3195902577448 9.179823625466978
171.9396496124551 8.752591110770975 92.26677867962947
134.5936471460891 20.44685439300405 122.8123685817889
119.2001885284283 120.223948816111 197.6659130011796
125.5278342344374 43.83331312072897 33.04898573669527
138.4595909181602 116.0052732609088 74.74922748457874
44.16935059135826 13.02235904276074 165.3686881146075
42.16853489930266 94.75169980284186 68.05361709481282
109.7206967444989 15.43360052784491 167.1514071047077
99.40363936352227 137.9891653105569 17.44807464352296
81.43032184686334 110.7251873319649 144.8978921641229
193.1739073653073 95.19782412949276 88.31843860312232
155.7988056477906 21.85653161735086 167.0758556835211
14.89581150968678 63.99309177864345 167.3284042858461
43.9911605356287 184.4738552960619 163.9050297430362
12.31829374973161 131.2004305078943 83.9675372680551
113.74801813131 69.44921357496936 156.3044161982961
53.13820357275996 101.9120833660786 198.8647955721454
126.4361791480275 35.68216902206179 188.6717375629161
166.0969706221238 90.28763496361891 61.2982942376879
174.9501305824925 17.84387222674162 8.485495363422009
27.81840707240052 37.54838818066781 117.4544652890978
25.75556697691737 47.98192090381288 155.9837296031017
128.2585462704056 122.2725217899424 144.1054987387135
185.5225961819327 29.21240671496789 153.6316264566468
24.80272390969498 74.24441642937006 46.1040651897032
91.21386571348629 103.927702474858 38.59734444988652
113.1239142315806 27.64797329397704 4.65147277288602
154.9429957146984 34.38294477690494 191.0667267500303
76.98264914643502 103.364195599252 28.42520033996113
148.6496418578328 174.5262350338025 85.36700426126615
144.8714371197094 177.0278159159988 129.1036218310743
70.01144561184435 145.4633218579867 8.791955490123504
31.59535163340949 110.186915867482 14.10574516162874
72.46233193019336 3.524870588208576 168.3328297638227
27.73563181012531 124.7435569275096 79.00983177784184
176.9227393568051 196.1188476341845 175.144935291697
133.6750237343435 160.4816796911627 137.5500546487686
44.33833628347849 9.934696422122062 98.73286018721161
115.5881488234995 86.63650663869132 162.7706806842623
121.3615710947624 135.3569352061577 188.7964115922962
134.1050259142859 149.7873556735449 190.6275673975968
170.7497546075592 140.1941343765962 52.60380320408661
199.0405869859798 32.34599976044436 60.46053907543577
28.50434472898977 182.8866201164051 173.6434072223453
97.58618246513394 179.805838891314 166.5763457112661
158.0397200079024 59.39351912246556 53.84345422104939
120.9920168562825 170.9125519916832 10.43777520013301
19.54378816856153 93.79472702563353 113.0348660982021
72.66551210224996 100.8199570436259 174.3397021819696
107.7821110293116 105.8333310886008 32.99954591174382
81.73374985202557 168.0311424073331 117.3045224341372
13.41689505724947 10.81003015398926 59.50478977599992
151.9076065536306 191.5890481142396 121.893493814782
138.6280759736749 4.19303290115047 195.184057334681
133.2233442218719 93.22456338345935 114.5903210256515
31.59562668485312 30.73168522196379 168.3826562078851
76.16956685215912 79.68605267943656 173.0467403438804
135.1192015090245 18.85004602475419 77.27110890458624
116.7206638197277 100.7214154412432 51.50103398592324
197.4790179216776 75.01375814996405 97.49982171235743
6.354740372477765 156.6784499332715 17.26644468437815
111.3922770382025 50.75200357703674 25.53908117819558
89.66404584106742 179.568446900224 18.88130106148962
19.09122027911265 114.8715463416153 117.7317175571818
91.5341503976239 185.3929974643386 187.2965722339475
129.5525792742496 76.45128755596599 159.4957603530388
122.9021982331388 52.71590571098237 131.2627443881922
39.65606826914343 106.4002269762499 32.29249491003623
26.37651147658358 20.80652712479714 112.3581903960357
1.490833420363141 68.66023464443771 0.01539791574885744
9.332763681193324 158.5201766798106 146.870775666283
23.84319921097957 49.6678159160617 67.64511073248482
80.13843410552876 120.3936292245935 129.4698604482284
69.22379562694759 161.3359934997081 127.5348361582162
140.1866176343131 42.66050197817108 180.2655016912477
88.7329673221995 197.408517194309 66.45394282352783
26.52012035339041 14.40923895596666 164.3234036123314
56.41317294490661 24.14542551385082 35.70129572779575
135.0427248358554 17.40751592026224 94.65430947210331
172.6094084774747 98.32083101425178 152.9263880530378
199.4186013676794 126.9447852620502 146.1110561029354
130.2578311860086 144.3105157216917 68.10556747113748
127.6206739224777 73.96092228612648 49.93885968902412
163.4788276430488 161.6655778321594 20.9617756593162
72.09861105130832 13.06861113364665 153.6768122090527
167.1856330900036 32.60663205131313 3.600937569371134
76.57012703075382 48.387326527582 83.48806925806596
14.95760942194118 136.7761510088688 19.09648039053834
99.08781765410703 167.0315533689001 117.3288801061589
60.88638354690169 111.2708766367462 138.4308128384825
42.12269704633742 65.16742105148515 92.88895805011803
175.3111755920793 122.7042296358405 52.07207274744958
154.6181110638307 176.7494453776063 22.16998302972389
164.5880284765854 117.0583979622203 106.8275441746829
124.4695606640884 146.3811017266581 132.0577552231146
191.3131451425908 103.4757578685202 64.37940066869871
17.91469761222617 135.5094492015118 187.6479041412395
41.9109549297415 13.25900596560483 116.2229268782705
131.5916097473186 56.85878931398156 195.6659776530011
145.3255132385678 86.41624697052715 166.2225637446279
142.2213861949114 42.83942006959956 41.79593079925903
28.79329379666191 3.253133417159527 85.01917820925264
13.02631283547508 86.59338110679246 41.48284109292624
128.4314805036423 36.55997494500478 117.6397398596113
85.0094612989636 75.44616831008635 38.17673665684674
37.50609196133853 120.4058537442126 120.4066274576102
114.6031296464594 97.25053704254171 176.889074647439
98.68011983053545 164.3581306580904 45.64553135293025
76.91794172342932 29.81150136778604 153.8915924684411
104.7104347814621 150.209988311099 146.1310454393028
165.1534188993125 129.0493363769057 64.99694158237469
141.6267614630007 6.17719928507357 13.11033025706825
139.0510961338137 53.95410599838991 28.51651947196276
189.6490154809756 63.17774222609352 58.71941967481222
88.93247562615971 19.12417044003455 126.1824542541865
40.19619303034002 93.63062319500152 7.531144776979722
151.4064910662449 97.19184784060826 54.60901866877526
106.0388748973137 197.9453981346562 69.34338488553782
150.6495253455314 119.6690863411518 62.71908004343108
173.4341034617217 139.4697316176643 151.9660481706566
119.5141188551006 52.24404561152095 72.98463104287923
128.6673802966801 31.9815136634912 87.29542482008532
3.234515617531253 94.68647167012548 73.73976055537669
177.6806683172435 56.29378592455971 47.16236199574205
115.7286959345342 105.133118693242 143.9612598948114
138.2212394826266 191.036158606509 137.7117404761437
46.87639006885555 30.58182871671405 159.3484838867087
188.3854975846176 5.040239162388832 122.438224533843
3.66581017879742 20.52263270330523 48.60647240047817
156.2329073559652 104.5550328388204 69.98337396136915
79.68553113495207 134.347018503962 23.95363076222809
155.1728075717739 65.81623080720473 113.5031382979351
117.9802418011748 187.4421900301401 92.33320039726674
171.6477601479758 176.9279518563789 157.5444103709917
49.09352959921019 134.9440715951865 148.7297867795457
150.4127248990957 25.76246463957886 71.63905577366371
148.0259454339903 105.903861220239 85.53739800817449
20.73220919406866 92.60004111156418 56.03045089015619
52.65541656280325 119.9655279182635 110.2488797198369
140.3309445037617 41.65310402150085 197.7438086489902
107.4612517483484 62.62462832643815 82.20165792355758
114.5386373038728 157.5789520293107 41.67874222994699
119.9074629683383 34.86845916638286 19.09008881168395
186.0495130579093 61.80978741696416 99.78045495168327
41.07383094177779 171.0442785674441 176.8735640142406
79.56756994831906 55.54573788383964 164.2011167086847
153.4779769410235 163.7304318242836 72.32056167498379
30.48627183805016 186.9126168369885 152.7122682775829
35.68665185653872 167.9044653207145 135.8201512301223
79.90363735531258 41.38411860478828 25.41109997590248
29.9740971643381 187.1440455483375 92.1945710302694
16.25678502182329 177.343342889412 97.36515242761294
177.7008218840704 42.74928460165719 161.7259870230199
103.553973717705 123.7827830498076 5.025203730516285
15.02744334699341 74.14742565264349 9.594030657015679
93.31081434074606 184.336831634076 77.36718319077134
165.783782568927 11.19504157444531 145.1855174873835
88.91833577170551 22.41154368314532 26.90510731381847
123.4652530375327 53.01222139322603 113.6871966994926
35.60721013003455 83.15850719391824 56.70548564249034
116.7814181231647 109.6773686131048 161.0631936755121
169.1005710854726 157.3344855197517 48.69045318580322
119.1562740268098 93.83959532169217 103.8561920774882
80.25102093462749 3.854731206253321 80.34358588242419
52.13228581867222 195.6630106701533 174.6859902666579
44.96608211183643 185.3030115311786 143.1687334351139
99.33445307363424 19.02881552480003 198.351069991024
123.6428270151239 27.4646853909704 103.4135609972652
154.7608519999823 181.7610212478082 42.88623976046448
22.49397730566745 185.6013998192136 18.55001653548354
57.15096033800455 139.0286700306366 198.2156380528236
123.4753867165866 80.35380290002459 142.5893571769967
51.38440058051204 7.391214374604051 36.87544771418936
174.6754362097252 48.69159960366368 82.99452904861431
136.0680203744681 89.4196762560133 50.59832718399438
145.7820487715624 117.8159753511201 142.8099290716431
64.75093366048907 11.73018446614924 49.46224942530554
25.99269501281479 79.96075208183036 121.4426830170343
23.11358767737294 93.58022103502348 167.7331048983717
64.890557290042 34.91762435814348 5.800374145114056
158.6796170078639 165.5814818675765 37.20367030386534
84.31871605193159 190.6408826848909 170.9695842441597
31.14307128620713 106.7286344804247 53.8850681236251
150.9436518959392 82.99556808257925 43.76892343188971
7.83498110663592 172.0978798727124 48.42952458508216
128.4448789727311 107.6949274241958 174.2292809082616
0.2956834857546773 103.2111373453965 1.885318100095158
5.190728577575357 160.1479218786577 163.6302329627448
164.5296658658595 97.27959431241362 168.6804910403011
30.92398594534829 189.1916028277817 74.85525582975656
43.72630357002704 2.947658629260916 70.57875768256739
178.5138029976088 124.5751321293545 14.33286310984372
97.40185548025538 184.4619426457612 34.03465505850196
127.673338278412 190.4745449881138 33.80722458542336
116.7616013850259 137.7908791799806 148.6280347878248
140.5317849817422 70.38057894075295 82.31701572416968
172.5238271667403 50.70127196936365 100.4030613027837
112.4754509009347 39.80696188057852 109.2838811683678
184.6258780511775 20.35837728749864 95.79939097792676
94.78941319563857 52.77759025681701 143.6189249348384
130.9873812775908 195.6024798426103 153.1922186339892
148.3948893504626 42.04909154499697 141.1253049951943
17.96702283219157 169.3590729746283 124.0855490490883
180.6007031761239 152.0404708971499 61.10651862259918
9.039715684142763 133.7942710798187 2.797194562101602
90.05211189913469 163.1591140421847 102.6926794213907
181.1812862740002 179.2994177738757 171.9316104447472
177.3629428114136 176.3209048468383 105.336723731987
177.1981454249159 165.3209220968188 10.50287952229282
16.2439592228111 198.1664906833031 71.5508251925902
116.9607490130907 82.03480322937614 188.5945266001891
155.9350421706942 22.93980370707101 101.3084494388525
139.0643226307336 155.5183099388382 78.50843340189454
170.4348269875088 111.1617329190878 6.094328268936486
176.5399824081057 170.8918443384765 28.56175149279112
60.32584781751959 75.31254423820172 138.5677334895988
28.25730568134741 17.6838061590571 95.07814053812568
51.22049624024378 29.29094255731898 84.58476262984138
144.9481300525639 23.73529060285102 147.7293959127305
104.7226017577659 174.1040616493852 149.3113099438651
54.76355938483571 69.57057903178466 81.41088248001282
137.3272690947663 168.6640038253382 197.3483590693955
146.0427481424497 34.27524622621426 56.70991000605054
88.3312260423246 180.5971197536596 151.4877976428999
165.2913555356098 147.6335103816073 165.1363661907687
140.376030405016 27.84646938947292 107.9213858070985
100.1951026747842 15.31570711739279 74.60707210508592
180.3414333444476 84.2317466052186 29.89656938550214
47.6343036041116 79.49899119743066 0.1218949285717038
71.11691546813506 76.554056992827 154.0617483837028
138.9411666041312 18.56176186337834 60.26658941599741
150.0748499380475 64.19647105447505 68.86473666364978
32.64455356703554 157.9462159811978 89.2766965665565
188.9267301315581 158.5298324797107 26.07125564766821
72.37861847802166 120.2150872571912 31.12523658679357
17.55007128144375 86.16576215198405 78.94031886158514
154.5688572847876 135.2975805890456 158.4954235262717
181.871930410203 163.9867957993155 117.1291568988364
40.75366812349543 109.9801244569987 163.9612573975679
187.0594566801948 109.4755485863342 11.56941162858837
117.2325133769 64.48511899489918 188.8113700391093
11.79657752242437 64.19616793111915 39.63045552352032
42.07035808039138 121.0915337778073 23.29645963781265
45.48293177993364 76.86673063759743 19.41204108218573
77.02180360870962 175.1851979495248 139.0351788964874
146.1616531696019 29.72868607414744 88.34907631288235
99.9737026167909 127.640386325161 63.8756612862489
103.1506358035298 150.3288188841368 120.7307879011639
1.879453727634666 78.55101962030442 80.81880844708304
52.23698630636265 133.7291268918368 182.0371387369488
96.13519842998245 81.37698916761418 127.3111423941599
151.9166686212251 32.33468227819963 12.5265615091491
103.7724151411612 17.29425601589637 15.26483906102274
99.34427466349293 9.618616311220149 57.92214590451678
184.9786622054869 126.8430019790627 156.2290834026333
111.5628916048361 108.783780576207 9.195860128763661
86.86562464061235 62.51249117193269 85.60426835092343
116.9848563385507 132.0370659279675 64.30918361388964
98.01191784599133 66.18100197602524 45.43691981739587
97.69238388603516 98.18078713003472 7.012657730624292
138.0850668463711 43.00719898411127 14.93696391841921
39.73991530156677 185.6066742169485 186.8517850708328
61.53154013982217 107.141786601892 159.9360987646937
20.30910763739551 170.533968096929 10.07630485779516
122.1937357162715 2.69282377925424 1.388193108368055
84.50340929750726 121.4151444382214 69.56949167674995
157.2675518780551 81.99837847867551 178.3317663163196
66.05058002814835 135.2186039131147 84.14236790317608
143.6237275781164 80.06512676106699 149.8921690207565
47.93985057871858 107.6808457949863 126.8578886231384
94.19166947699752 39.92664807721335 36.4524270864429
31.20016542521572 89.95555690142534 41.01923875925014
173.3079542678133 104.0844285846645 114.973866361386
33.0416822002249 106.0251144836879 111.8715335305665
81.15325780583004 96.43045131342646 12.76347476750716
26.72391065300007 82.71940323695434 191.83817550932
49.68497719242971 3.540372187791777 53.94632240237535
167.8055316980033 132.5432714015436 119.8996370850651
105.5543867583359 154.44341938165 8.444939828294654
82.23198345676104 75.33322483180525 96.89384037440915
153.7707482171018 10.10474406188483 64.18933764395575
124.8031050927028 63.11943237843511 85.62561786559124
79.97689759359422 173.7193199996391 197.9959836333598
21.00139912517443 19.5460028781588 139.3532991865421
115.3161315613118 0.280581611265744 123.0391670655704
44.14298219378617 38.05601149897464 39.64704357350774
60.25946241795543 20.4100685478301 164.3968337168894
88.95840473029148 33.22933489266704 197.6584364047728
31.37290670397617 15.29807300518312 67.56758064563959
152.0656187636863 42.00831468715084 27.27132227488466
170.1575186495223 166.4262685596844 63.65815629179146
183.4984101444932 127.015429353724 83.04163476952233
107.4970204313835 93.58412652505197 67.95558547921738
106.2644207132181 74.58763202509071 95.11560576960588
53.44367071804871 170.1155358034229 145.1458409019718
29.61136814546636 106.4912643133045 150.7971169535088
34.84729718211202 146.9977844872713 150.5032420892909
66.94314465879194 187.1323465762117 170.6604777103737
119.9075519042975 73.45493741660472 173.7640790647902
22.04654351410177 77.8417807987783 175.7366927899891
178.0335447536804 66.6742717446994 29.62527969514944
140.6937436228263 178.6551579629136 32.62654222070915
71.61001090585316 198.0516971408053 104.671371458276
17.82097419888191 115.8385776426104 90.60818684350585
132.0180838395547 71.959314815921 66.92037501464782
1.352996375514195 15.23136902226372 95.68285673245347
129.4294216157516 88.40781497614047 173.505072054661
21.34742741471019 161.2602271832552 102.5022413647039
83.41081316392317 76.10772025227223 138.283434016521
132.0444483823609 126.1961145502338 102.7515798419305
23.02531422515686 3.234822310613668 18.62877414724998
168.185990516915 167.7809250159021 81.05545816685151
77.86070466563361 6.061560960424155 119.1403329254164
31.43990130460286 102.8134691438393 180.0474136161287
138.3138412995425 86.08981309554059 134.3400469762932
69.84713860427378 104.5955268791413 193.16251398707
105.7107278493427 55.55969032373542 113.5831703953393
153.7023849812741 16.02944433153066 21.49242661150275
127.7845245095336 59.44845741930287 40.59816517051653
92.40217119823959 15.35207052624095 42.68005031114674
32.84858690123541 198.0606078629577 166.0236408755652
45.11950752323533 196.6603589508069 87.03041777949657
31.17685498428518 57.81533451451909 141.4674530516506
162.628184324266 189.8939820819637 165.0656256928617
35.63866650819988 144.8772010112915 100.6770680808076
35.60579461281134 55.1251498541584 79.83959631622113
190.6240142690029 158.2550148623801 191.894842417812
53.60697277669112 78.45700643700764 154.6157668005722
34.65383190477797 46.56758954931333 188.1435656558371
154.7079469491412 165.8371984298125 54.46502367498766
117.6809966119457 120.4793312818714 180.0131524635981
192.4931113207457 111.3855200148243 150.7288639543457
77.26865990651426 20.52634959277013 168.7762848520975
134.1816646858075 128.1749465558957 62.64527825473817
44.12955860515109 177.9102744893771 43.57695671722083
14.09460179235079 26.33698163730751 123.1457518874949
173.5752750297197 152.91033619988 32.46937572327128
169.27531139467 107.3371856106866 58.48150139281091
53.36963682374452 17.71711531321247 148.5407126324595
198.8805820288889 130.3070572745986 166.4657900670255
90.28177449194726 100.4179652782725 176.1441554118576
71.88978477073537 71.15201942685239 49.81363189148547
7.415844836464999 88.054256635567 173.2203275737142
10.89690361404545 42.55938565365501 118.1050803345537
66.38913748594072 124.5960428658633 169.7551753851018
174.3296976860252 49.46050582450327 29.3057654963653
84.91418535058045 135.3940605288954 58.96007511086172
30.62601069243637 25.48991842928218 190.1918439566069
16.49182817070785 61.69326199136285 149.9354206500192
47.1266954394623 114.6373347087372 61.23184341206517
131.8758894684689 43.03025314758928 101.696444122654
174.4961877140202 84.43997654196343 175.3663861177789
86.34942930812218 151.1116405926437 115.1559591591419
105.2047949304658 132.9740119908485 79.91904476881578
57.6779016371936 33.88187556506475 50.14518101596913
61.46629890932046 41.28601552961542 34.88234857964724
90.42953839090839 147.9542275606243 196.0821525309779
8.684654227133434 80.78412569360543 189.2850447999529
198.9627106738595 3.342065601952991 108.5865144530367
24.32388999620218 154.7565072917411 138.6263445716305
170.1282268729106 67.67259343770075 104.5984197622677
75.8194876555725 189.947666991359 27.59467559799814
156.4204143824975 77.86273674693811 100.6368029929492
119.5543328845459 46.84948197582016 89.82559901755072
86.59496514213696 18.99914742497282 143.7635267053271
73.88292763606073 186.0467839597208 186.8807142428665
148.2084262733504 159.6796546927766 186.6090505234577
54.47188488640978 131.6727172747812 97.05955351188055
94.7655478601412 67.30283072084777 106.2875976242793
164.1365985302718 13.77626183204456 116.2103700418162
90.33975835889983 70.00221312232426 60.62553293636896
125.1575260210823 109.0429120712331 33.34615210523164
172.6678046094552 69.64627294964122 13.11797596636491
15.37668929932721 80.20280664129197 159.7605075601081
108.5124925961506 138.8798583357272 133.0548503332043
23.31258592453559 111.0007531045768 166.7370686486406
20.23472319093667 152.0129546938722 159.2014955679142
108.1483769066366 137.8810129050553 37.01860898222366
40.76036728967664 15.65605453725489 82.43996187550952
72.58539149583878 174.9022538977929 18.99644465129887
28.97080573439071 9.427421634562503 127.2852163242764
2.138980854687448 71.25418955990342 153.2235906574524
36.40201693703383 88.87036018603855 110.9767147873164
99.39949265992628 186.6921431133084 57.41507896808208
125.7778447167391 55.4044862081243 17.05607048798925
48.40434819784853 105.8213113780024 16.99223484087893
74.76031986110377 156.8625942579795 170.7766440374683
170.4993171239382 86.06158981640766 138.4894414058487
170.00730136137 159.9336273834854 153.5429943385539
10.78549954533233 120.1675454977857 158.2989349021279
25.36859582236938 128.6311067847028 7.383283819826765
62.0107417570725 184.2818659543184 139.4094641970624
32.27671066494741 88.52694356664047 22.37591635940606
173.3568974317897 17.39498025347847 41.64747635380482
185.2080334274461 133.7449324706736 65.76472705825338
179.7582859060101 120.4026820044269 116.0451517427695
193.1916074212507 33.16135397926781 19.70923909829615
194.2302021221122 53.80240475048716 34.15544575826438
152.1267494583143 56.81977576217172 190.1100812828745
122.3014508663766 9.416524193721971 21.14461796531522
41.77410206798724 69.05596174669641 182.9994753698894
24.47070909603529 145.236579882248 74.40847851710241
162.0091905839536 171.466978865193 175.6954995451568
50.24050056413122 143.0886729513046 54.26737430826002
94.83684227462271 51.24376553933936 69.50049344028018
69.30869534694172 63.44432018424347 30.5172413613532
152.3242957750954 9.729416935405711 85.40196177330284
36.69423154940898 194.3688778531734 5.656015463459564
171.6291149761868 143.7829127639335 78.33163761987058
137.2092888287302 141.1337048612768 147.7336795193633
152.9171303102901 18.39801460867936 44.5252181321602
187.718020365279 82.76299728441394 65.82640986854271
190.2814641642421 40.54763771412784 94.63301247182618
192.6837635291155 33.21135858161789 173.2557014326162
67.38796172247253 86.84183776675475 36.64946072151091
199.6888686001035 172.8441269047344 179.6155684227769
130.1930418923132 166.2246050157097 177.6922908174057
101.6818678937772 174.1294887306942 2.151316727223097
172.4611549991758 23.86835641706232 185.137499670927
17.82761013356826 44.83365291014793 175.2672100589613
186.6637454772274 190.0691653508232 37.44511990390223
61.65213674875244 88.79430960481491 12.65348257585262
134.3940420268273 111.73298275456 13.56424365123001
2.723210285343351 147.0559141981761 178.7652780691531
42.21690110335206 68.9661207803242 114.3784786172226
90.42991124958898 147.3496411536745 76.20848095339154
177.5388421690381 152.2517365556439 135.4680545342917
110.2262480486851 49.55536337389918 46.4873345880938
79.31927325890992 178.9963158878893 62.25373672760061
42.94956404226384 160.3567957008509 70.09341083793143
88.18755922309605 59.06098607365075 124.604902899575
47.09739911816843 54.93164800390895 27.84526691309402
171.7246902578127 5.330954182422122 24.93197560396984
171.2346906960017 65.81778520647045 68.58879534446734
91.48625105724075 7.581384684203494 160.3647269680214
113.558251377764 21.17647499936635 120.6605509520636
183.2492272196077 97.33766496888325 46.30895939633093
80.95731663505026 16.9020728230077 8.111195185528976
181.3738763260299 103.7818479396622 134.4077832123958
54.04575504031904 155.6341992550415 185.419397044565
8.201549026117066 7.287470591478072 127.9578272778866
5.293964314919459 106.1222540375295 104.3469979930215
196.4292542760369 96.91331874228551 25.4975654217575
137.2096390399285 27.09168414643761 28.52364005344452
160.5128632279504 83.82471326528676 23.1282512954693
128.1214131936458 108.4243315825137 91.73177916935644
63.60824647525538 61.20425779311572 123.2317865875099
108.9587572050732 25.13010879574899 34.25271466370735
96.86711135182112 64.81552176410582 194.2420514753972
65.71614038335197 198.4063015360514 65.87728961287847
182.5045681095615 44.32892819902754 63.99220571954202
165.8913395087449 84.55699397906056 118.1101598322818
47.35071040506497 175.6156153479977 88.75321029845537
187.5401853413639 183.9859222316406 121.430627966227
188.6031456546322 164.686605624736 46.23367562682473
140.759452479346 21.62282744015939 181.8161032512553
36.20258914513052 57.61584261877361 6.128102157643113
29.34556648095591 50.72770906914954 100.999520594411
133.2322672768829 23.47753163958633 4.719635904574705
120.0435808435002 5.31855326447742 103.1206196841193
158.840259412438 61.40456312576655 88.25027978190548
136.65908528956 181.17735846328 53.10129317129844
83.54565568462893 138.8087704751949 163.8554334714024
181.316151977149 185.7333715635755 14.15238946317125
76.91914872303583 29.54020439992652 42.77070892436296
100.6161413118276 145.3647999936342 99.0957669059039
117.6946940990476 186.9876447076917 139.1580131067751
54.15908071279649 87.96309123757398 122.3744618528312
86.4031813423331 127.7697609895186 89.3952462971106
196.8280907808499 70.28078797316715 175.1974425317366
43.31246435275624 110.7350312204101 81.2785736808933
153.6019982795416 30.4164276094112 124.1305123198659
149.9167498620198 137.276654122888 50.90902195557945
27.16428073811015 68.53655918688183 26.07159703447374
170.177497329852 198.4086417271807 129.4214628307829
168.1818163048709 28.6886868555514 85.26447348988198
12.32641760967378 130.6560885974852 39.09657158320264
61.38887010153625 74.22196902341958 100.9846309719574
66.22904793945322 170.0621109055951 103.548000706315
198.7169919376201 28.97241221880217 137.2284942148502
92.13835705846876 102.0356200454282 128.8240305579376
61.29572290441418 10.93333881072795 86.57577201135545
46.49899603417944 121.460169052444 2.793609367174041
191.851584553075 117.9230127380842 36.49245641182555
155.2889759510723 155.4853869969247 92.11126138776163
59.28749211949105 174.6235388021517 2.642119114543561
194.8268822274719 76.21475638182885 43.22955772424854
98.48652302252634 37.56967573929793 15.81276478395725
48.22741019011448 97.15647910129223 146.6996528240006
135.1247428798388 61.19552625851657 145.9504512837409
100.0374539093018 0.2753914514622261 89.44179741730032
175.5326149007962 1.437701809071344 195.5477840061856
10.42978604138349 196.6812355094562 92.51648198844723
163.7427941120781 119.9736663277077 84.13800239457657
145.1669979557769 98.63366194462137 183.3323278856084
81.21633997717136 168.2670530521851 83.8667954308609
67.58320789523576 112.7992778703629 12.1721356709792
51.69456373904551 199.9141386655371 129.5005155716987
181.546029012649 46.05800028424918 141.3941427345457
70.86057860935584 10.15864282277363 29.47297441164276
131.3591642322507 134.5245355966933 7.313217834290001
100.3499437032516 167.6160471746286 66.52448292606039
71.52282834760074 38.53921840123613 64.98625461750819
128.4757079711175 71.46249838208489 123.1176412325448
62.10878934665023 101.913094816938 68.87324456704583
169.4960877160264 24.08345476607142 61.36564896510693
153.3515134317395 71.24043877132817 133.6830658215201
21.64213881824078 59.74361040072257 122.60897544321
142.9810668025995 182.1151322094904 164.3629028244231
106.830673299188 42.86544467675202 191.9354719137029
138.5643971737509 191.1300338137704 93.75813956679328
70.98591930704049 82.46140320234576 80.46777830986144
42.81825960453037 30.25488769816574 103.8712017294045
114.1844514109286 178.4033852345657 44.8996735828252
34.9500767609482 123.7583040360546 99.59634138147226
10.73389369680202 74.84561237983979 61.85459682125182
158.1425954680827 4.711334968594445 179.1528376386801
113.7343961688811 120.490793924457 47.01599541332426
25.15493975639765 172.1172010481455 36.777764413711
108.353540269492 66.95060411385118 135.8983641902417
104.7833641724006 166.3874394694732 25.54578377513297
170.6825417574175 76.27214296933094 46.80500378016859
61.38303831144641 64.99565466165734 168.98177078796
137.9892327845898 128.5477572606107 126.3609023961504
102.9730815586484 109.0141866449869 189.9049103301595
55.7055968043462 48.84713149573095 79.86413676491094
187.5713878425171 8.931768432238616 54.49548729512916
35.49564191582245 136.7954133081709 35.68382165339668
52.1395926101359 173.2810732154359 124.2156308835682
111.8869689000138 154.2751172815905 188.2490346897859
2.356392281834724 174.4923375015279 28.1790344626415
94.97300617533223 182.7728131092697 130.6964954210584
119.5758265321889 82.18219135814087 80.73693520009377
137.6294719975938 121.8107044197163 187.1745905215548
198.8261086646004 168.6056930725248 105.5496204645888
104.1835033664798 23.8500760271681 97.92640698256007
37.30576001936733 6.595836666901256 184.4571424625854
108.1871462778977 1.418958103293631 40.88327763670999
181.6724083987185 70.57248005429022 194.0119300097737
141.4386163520726 151.3868413845301 120.4151667897371
27.65975673360859 188.8692597019376 131.9150492439942
82.2893591867596 52.715123101704 48.3076209181328
88.76326731678378 111.5783167588643 106.8902982687543
104.5113620024999 171.6906607798613 90.2568828339093
158.9834925865645 117.2584360608168 175.6188784452769
84.0514159046451 102.6126182606816 78.9294271767854
17.0571912876864 6.321064660347923 198.3061181786274
121.4159776166874 73.40003864104068 7.27915536170024
58.90296529692425 148.8767647224354 114.1084952945086
47.34963622362996 183.273090159871 63.67765537673093
14.43258194545635 22.14072654810524 16.57296839536365
159.6067171995777 78.48853964882923 199.0002233972905
100.2865515283735 81.92411042479489 175.9923102607718
95.95966896223626 88.32415989327301 25.43132339481144
54.69527952236105 128.7610974496555 129.213963078536
57.45881243014134 197.9302509867972 154.6202370049278
119.4610829595647 93.27906470409822 20.7455104483736
162.7111910302399 50.95606302307859 11.60655753356758
59.0128458526317 64.45267163993711 8.800575379288727
73.19733185265173 67.421516596497 190.1154175723284
71.70739730716872 128.872002632964 109.1517815492194
28.44226300656134 51.65127494135916 43.88037700646464
140.612538925779 88.73210507175099 9.686209059914574
165.217702832086 193.7306553059339 105.5826538136344
77.36597302540608 55.6551570730594 103.2088860904289
38.33157258945501 19.9798890960841 48.1852164685634
157.979742410511 169.6166131098366 2.467400761551067
130.1782951383446 142.6776830879051 171.1990702925979
108.7018801103611 122.2889296325888 97.83050420852865
119.1252568917429 181.8195713721807 72.10175548996078
179.1013975130647 176.0149283228272 192.3448772453909
83.80616401569945 92.74500564047284 158.3644624234944
137.0943041360373 198.4653918642059 70.39666548625905
68.1194048571323 33.84523693217204 95.94224380849741
175.9794451511328 23.05138522852393 131.0182335558663
137.7596928295107 125.9807074105227 32.74724274584533
10.74277707388597 36.00501878134386 36.68837384789194
145.544721989765 171.8393497573028 107.66639409368
137.2278990387619 76.07912228340334 188.7308933185915
182.5930285615558 111.33620075746 97.28133464771579
16.77311799600098 117.8411011496123 138.4561750999796
16.20019120873224 62.86418721936086 81.98978915280067
99.12787118533967 47.89243430178841 94.86280185300322
199.7142739389481 122.1310060783228 122.2094592270424
122.5261441640076 183.3889770686635 193.3103339846492
114.4973544886392 151.9173869572051 80.11030909523629
95.07273296160704 24.97539691742794 178.9694680489148
52.71910100292797 121.2739359999533 42.32045765806755
10.18715177679984 54.53205032059239 15.85211778439136
104.0834880270287 146.2925413627272 55.82030659163777
68.04555400262939 187.8431766919493 86.99830568134865
129.162910335756 33.90089660532287 138.204301646012
28.14450246104518 152.8999499064434 51.93947925409404
27.5872762010633 97.35784773213551 93.8050315663715
15.43594330330942 115.5813508208297 194.2983567834162
95.94185732217952 107.896072963285 58.37870313283315
18.97656064759431 94.81997297469329 7.049293387996775
93.60236521240634 40.40652421457754 160.4394383726927
157.6313329311943 61.69913451388849 32.87580858233295
58.77316990938737 133.4968604154091 22.01193561770064
152.706868274197 144.6843835218551 27.57251365744192
13.02767227732578 178.8734983638825 160.1280910126111
82.66968241457768 37.48833533835516 135.3252759963567
30.97578540175857 127.0699184476901 156.1166817799586
59.90130968789387 37.3048287956949 144.2236620148146
5.632540059368526 117.9204266712215 16.26268889050552
153.5956130690443 97.66648554811016 143.4317039566377
175.0612581675429 13.7680394171197 163.4467522182025
74.4197000374579 58.10347605926695 144.5350141592139
106.870853183385 144.0739593961721 166.1466299920616
195.7828565593893 143.7632603107503 80.74834062776993
52.90285717635501 151.981914376289 90.99409203099417
92.55958091663206 1.858617776086141 23.30713246333184
0.839835021504069 50.73531856139074 158.4966278000367
82.94715160057078 5.120565945877384 186.3891340596624
156.7468183620576 83.57508504467602 78.83779516191105
21.19951700805879 105.8762665620752 72.26995325122877
87.57139099996286 30.81257467390718 81.35579275294778
105.7788305240723 100.0276799516813 88.61020128588962
114.4133500049565 49.01621037900283 150.6755248411215
105.6441561265091 197.5695351877193 177.1578951655605
21.42095362860442 163.2902624718303 177.149964306932
111.2832495676433 117.7301362688565 128.048631251451
87.09605502918063 34.61433677122467 111.7025223907661
29.63182552084444 197.990702811829 55.53219788353473
95.0842228557068 80.39197853154462 78.28862018663465
28.12361943982802 0.7888379871722393 107.9703878494472
33.42531953820888 69.6785505837008 159.8970845930773
50.49618481285916 153.7319863365774 11.55415751001857
125.8691870366597 130.4916990999857 82.94328570487599
78.70576274750354 196.9271646638331 142.241708268383
74.28487962617815 94.7037753583467 99.84123819701036
40.55941629883678 174.6205186093534 18.58959044641887
85.48502036874969 159.4897827229252 12.55687151131039
13.97525524026419 17.39436988386425 79.39191639815029
0.2204244947520305 172.1272640674441 4.362842047682108
89.91959737053348 159.2340383207604 134.4539029347113
113.3525615412466 164.1674827845781 132.8606094215635
143.5984577417219 64.69634801486437 11.11031190913747
98.00332200149803 30.96792685807694 55.62542158873372
51.71614462644379 191.7143932998358 106.5705394454688
11.86235943219391 5.358710737758617 152.0948368814227
18.22918184362877 39.26919761731477 199.2910629450905
32.38918597166227 154.8432098626814 119.0940029149636
80.09229349667089 88.34554457347969 58.82514140489553
149.570469522388 4.534406907575297 156.9187323157108
54.56828726921683 110.3186611039877 179.779449925902
138.070377865589 41.12538993731148 159.6246383867913
193.3604893355833 193.0838414240939 162.3879846540592
183.9818516753552 68.53570997530383 119.7516804085008
35.95795836996457 194.0261147840545 32.45382704029679
71.51925711281753 26.78247999395437 187.786780532845
194.6182196864129 12.23454729599547 31.33500344752727
41.6024289077245 25.41100123531636 132.8872621890301
73.49489569993139 141.2657449356757 185.1652980757089
32.17346030246956 177.5226697537175 110.8167853042126
189.6604794806988 21.57227389367765 75.58634350467764
148.7558040748743 198.0525272087089 31.15028483447888
110.8397952532255 33.6511166414459 76.15859786141817
186.354732096186 114.9179340139657 191.396379026649
75.29521265889298 141.0357908771091 130.2748502115219
31.20490887178471 128.0477081568011 58.37633104459313
13.40985793839881 32.04730374517199 99.9136150787963
136.0432949417304 76.27575485864726 30.55038746456561
61.03940610019243 87.26793993862276 185.6751629260789
46.0659038900646 74.90324787655025 40.53844097243221
151.5019864060604 133.6165261836424 106.4829284412564
128.7550170938785 169.3995709901173 90.22179821719962
159.378505124986 41.96686358283515 171.8943956713187
7.59494381667897 131.4305239849205 63.36527479501754
57.73097493039533 55.30714723170363 50.27489601839463
122.5505729927272 159.4827398249507 155.1356231695153
115.1961110904724 124.3737180727445 22.70790502731466
135.3305395433204 110.4655887476331 51.72766309958091
78.08878382444 192.4151034152449 6.731328353207404
12.22111571416778 29.39361615246838 157.1353195336337
80.45226789984353 50.66061282515505 6.294719732560634
1.061436961145769 59.65064965350778 135.5577344256639
67.98999224174639 155.4600478289472 27.98095094135534
49.40588829669979 97.88657909159842 48.55855310031482
143.8184366541102 99.11499766220481 31.94961168798151
102.0614296758118 86.29386274320899 48.7606256926685
129.4853352578129 18.0801147191596 160.652930145922
195.5698791052284 197.8029362788852 74.2564187596832
163.0869777112661 41.01802271280547 45.25580646245461
166.4515468654681 128.8013683036715 195.7107904642179
179.5778101387989 157.7960658603619 96.1639521952581
8.92430657113081 153.85467497177 37.53660057686096
135.4232392190158 186.1868460090478 13.72669423256662
55.66860308551254 78.88621465954411 62.3422498612418
131.8610039036632 189.2548174906196 117.6594692020681
10.37996662445994 110.5635266220486 51.25633638946447
19.34748368782823 182.4688535390741 192.7539448297475
166.7551525791088 198.3642417107691 48.10891766566886
93.02397092288815 113.8508978603783 20.04608481803319
168.2389013252032 99.015703162734 189.3074521786037
118.3983975710003 111.5044274419669 69.48610311410397
193.4736012318847 145.9679745006246 153.1261724373205
6.626527252530247 51.37392537724339 55.48777798118518
90.9482910822161 125.0144244383223 41.44877437070488
20.40215678712857 40.46383764758221 137.0840311127954
139.4332886167713 48.86821425348037 82.77800198110107
72.31057660409296 186.0611873315329 121.4733066946573
84.48453924524659 46.83044154174674 182.484689059677
39.1922477034514 76.74073837580514 137.3858255097042
15.09997888963189 153.5198705293304 198.6214907743274
164.8250301204362 175.4278484360786 122.1615975799645
148.6933916588499 8.781417623367862 133.4122737800157
53.54549845049553 51.35491769466813 103.5318851427331
158.9043064677273 44.92334408301797 69.30282242460324
190.8554364246553 144.734754832 116.4571442649974
108.7590339515831 25.36255851981185 148.6198629438456
194.7580732273246 13.91567233237726 4.456009479176756
81.50879280988687 118.2494652300546 182.3990380564693
158.0548349412007 192.824638420658 9.1419245699387
194.2495529575615 138.4091460601138 22.77920756243037
45.49202577668652 158.4440424426428 35.63601404704748
195.2538126916745 73.5431792002787 19.51912521778283
18.30560044574506 10.57192714685534 37.8578735697453
86.92309872576678 183.9328031844939 102.1299564533062
84.52874938330203 196.3729973196053 45.8554338161003
191.0715709397296 91.67933167688372 186.0097754478047
4.8497315978204 99.12169289923739 128.0820556650792
65.57672859319517 40.5466136545421 168.0091808316876
187.1007623338096 32.59033802241218 43.24627558243517
31.69132814470259 135.672303488785 133.351941045256
35.77452524794624 6.319529899857985 147.0004054606203
101.1660503568355 5.2879115740741 137.6336494260726
187.258821291559 90.07572625849356 108.0896847381788
19.18508017511735 103.1323072910691 29.84785274147447
155.6770562566299 15.4116900575971 0.5384773637860609
94.29464153881219 131.7756457821256 118.512153376968
106.0846708718779 57.67576526389149 172.3545967490606
168.5023077884855 64.49628670184491 174.6478176029472
92.80482797609878 129.4893467953465 143.3965988000652
124.5505296542062 99.95985142332522 195.2368863116567
156.983349315404 184.6377354899208 144.5528003776987
60.69746350513552 166.6666517566574 52.26072977101236
49.58103461396665 151.8273294352641 136.233094002414
29.24862155431206 40.33812636349425 21.93768984618737
175.062272712145 134.4327165515384 100.6452235416203
146.4095798547444 185.6183499867321 188.5324330514271
125.2789519168066 9.869035961269779 138.6503859004396
180.8252821429023 110.3890061622182 168.3297055999473
192.1336193589572 10.33087140304315 179.9945707188396
145.2132185803416 7.504945241840275 109.8077236697929
23.46312222141354 74.78032842477315 101.0150980114716
130.6031635464498 8.918309746523429 43.63803499031246
157.6687464574062 183.4916676750657 65.73944496728389
178.6674495337313 185.1947495445323 86.64660961396062
18.33560435301677 135.4106761941584 112.8303121799341
41.70705465083024 40.69797764655902 61.48550505187501
178.6209033287142 78.16771355498844 88.51963085487364
35.0841985761032 166.8364949834414 156.9363328840093
71.23432444625934 93.27865814402512 138.5180525513099
10.26166925726366 186.8996033741183 115.1702144823269
8.061141926760898 141.9282247109371 133.9054825425267
180.8862834801277 128.1171347219452 135.7827050383767
147.1536422266747 157.9627452190665 162.0654287644098
61.23099075255128 15.19867633014123 110.3887143572672
56.90341237561039 15.80411676493046 10.15135474759919
80.61927315944023 173.0602079787847 38.53191298452337
103.7536272009462 88.45055138736862 145.6712201688404
191.1444965388132 140.2414752748343 47.0062748012673
46.18018146118816 134.3249783455506 76.79587354419998
33.71914478573257 123.3815388491252 180.4024794098903
158.2287213918861 137.0135680091538 137.6342441150701
160.2530904511383 114.6839088359307 127.6072617843845
191.1485265138228 170.6099541556751 152.2058668047903
114.5585169686122 91.26622049499423 124.3541070623482
4.157265196764738 186.1836771164649 138.9324420083568
144.6581922960228 110.3575620761772 109.3308538474905
160.5867546316057 55.82129779720848 151.4937856038359
61.41278244566256 189.7830297265154 43.23834082374756
72.64248275928048 62.26080129156392 68.61201682872398
189.2811034298205 137.8395890331705 196.8474817231303
65.7601140756331 115.1202133177957 89.45627423026146
15.226510844208 79.60151281456717 139.0411092204386
188.1467670245662 165.8877455431314 75.07608938208728
82.20916683465391 14.5305080909443 98.29667898689411
7.472180835086283 40.75210205604314 77.70010443775293
138.5998921036783 87.04190705862614 95.18306789608572
139.1272243794671 159.7871942084413 41.40327788977947
58.20937303589127 168.7232026873709 165.3561492692486
109.6297276128138 183.7940174767915 111.0736065593657
163.085428022384 79.86949975612326 157.0753872392969
65.87316561836364 151.5495094194006 71.17972498624491
68.27280200425426 17.39937728497042 133.6006129174022
157.5643104236609 115.5792295768942 43.14820931369967
139.8054300321697 162.5604247898371 17.28253492731599
59.54790562171301 143.8187071650982 164.7925962154812
90.79668357032779 148.623632607416 33.88133192166709
172.5316908536693 131.8355933965845 33.32515325041525
76.32063965508533 148.686990041201 96.64161689063886
118.2181341937916 136.9558035179732 114.4233130456103
162.4011225762304 97.7784148388598 98.13067576673777
54.78487431516392 20.43035132289044 65.82846899448199
13.55808496243013 21.47442695457638 179.5522305855993
98.82077516472447 119.7659901951889 165.5814628190676
9.771058566920184 99.26076337600396 152.3660449023038
27.2775151837331 153.7115705966126 20.08760941035684
67.54042382317374 107.5383556637343 118.9378152412029
81.05910180040837 74.54180104356286 12.09373688897597
175.3333160087097 99.56478361514323 77.57556871658227
118.4240119866645 182.1405794950204 163.3416070611061
3.882197151548406 195.2489418052072 16.49164906749117
195.3044939049476 22.9881229558955 113.9706789607854
132.6122566823927 105.9353422537061 131.3869941305027
148.4602155031084 136.9058169763758 75.55759162413536
13.68691506888629 197.9382884420188 175.271983122456
166.7518403064561 51.04891854061374 122.5917682352339
82.08719982493999 155.8186669764854 55.02278148170222
172.5506810993702 106.1710450169159 26.25430881920283
130.3173779785587 199.4237965681071 176.2760902529313
197.5326635719567 192.423406538504 193.2545030094782
96.80801282073119 88.41539842945146 107.5951267629119
145.3101726415722 65.37786921931463 168.0771986710733
198.645013589469 50.63664974354455 189.6623705542987
70.13155482497918 157.2426354101568 147.9862411564137
142.267332444537 51.76274963853518 123.4813327815316
137.91114165839 63.38321823858816 102.1191760882846
92.68880843957352 69.77098624926433 155.8462753580244
63.89369599105537 37.13187809358431 119.9860763213615
190.3076666919222 45.70022333130296 118.6634368843398
57.92066148219735 197.5091181380245 194.6363079098952
179.7191318192749 89.80467017604211 9.025824523083733
182.3685956377084 158.2830871806586 170.7377278337528
30.92419105822925 34.64108441568172 82.59016483313172
24.20893694867834 174.8330806963476 61.15657624674669
111.3229458654906 68.20520144847292 62.20781419641529
182.5533098324841 66.02074308810873 155.5097846596736
169.2451539146547 29.793386201247 24.58571957012776
83.44479745502579 129.7692936342371 4.006810450865808
137.2108422344459 95.43102525291026 70.85432401516731
36.06130311090081 166.4218537420454 196.6566062869962
73.29505421270858 109.1100833584824 48.50679970357027
35.72117322026197 76.6818145960641 76.6580117482746
68.83762679527048 127.1556084672726 149.1164241095765
36.45655964095357 145.6765193159883 171.2585848163099
150.9507673298266 146.405579400575 2.989688125398217
186.3416610204369 53.59809130368194 10.62944198946913
50.85801611049433 100.7472508812004 101.9443052259844
5.771303959265308 77.54239725064546 116.867862669583
173.0026089202989 31.58216729026321 109.0606590613382
156.3566212764475 122.5373571750866 17.15826589451834
56.82581212728261 192.8695835811871 19.19855568927521
191.0383783588471 81.7889035351013 138.5332000194527
92.24813622831208 58.52563931878166 26.63408359966562
29.36157655918993 98.32883637373084 131.1744963961571
181.891674075961 183.7463153051846 60.44455538029664
43.16581288796093 48.4624795813687 126.9200525393177
172.7129946885478 144.7756179269395 13.13886379804758
42.48492442346342 48.92194404074717 168.738544584114
19.33722362470557 63.06967787253227 190.5392519781984
188.8856047094792 6.998264638503745 143.2607051555363
97.52812276042403 4.433410237895242 113.4042487489977
112.6493571436987 71.10783205871309 31.35556767804699
70.84327355906214 137.4483816532544 43.30843276952207
126.1601000596633 31.79205256858999 50.02517658532683
37.49619474447812 17.40836683667094 24.32473257987681
198.8147356748107 128.9809813703101 99.49442370488386
56.43049460338173 49.91603284597051 188.9184974214689
112.2159319252694 187.9389564531762 19.62030993679285
135.2656080205165 52.4511522441445 59.17543779762048
91.52397615594354 161.090386295863 158.6010631484713
152.2752977466107 140.2044260092216 179.4709867255391
164.901857832786 118.0512840268854 151.6629383537019
19.71104055013108 30.80318492414455 59.02706822313786
123.3903629526494 161.8336423890904 59.94875280448498
48.6146919356662 28.0640192608979 180.2592369469482
36.32125693499325 142.1934321076495 195.3694584603534
5.831421655156789 192.7278650640411 52.36441050825348
178.5006807729473 134.1989629589661 174.914578413465
192.2799518220378 59.96367107548367 79.6627683371993
199.8145828812276 114.5791934449252 79.8211187840858
100.5278447098722 132.7297017291168 186.2705746927862
105.347646704105 41.76763442437363 129.1840656123184
77.11410643051799 80.27667266333454 118.748000022373
117.0180726090126 17.00138053278775 186.923132472018
189.6347371997715 88.95745622283734 161.507954218081
138.9086925060518 121.5844306378626 162.393209476547
84.44774310671643 89.30417635382275 193.051982176694
116.9993765538783 160.7050094547711 108.9478758642682
80.3306599605918 16.36790153395429 63.14172112422276
5.727016722868063 155.6022482130573 61.55192999573062
131.6815216326311 96.78013248862921 154.1042805348206
115.6849545908117 35.24864402740645 170.4506655869041
164.1244525448798 31.51973065301043 150.3366181542756
90.31443107221438 163.9895398588331 182.7253958167709
64.89023109829859 125.956429917291 64.14435793147646
174.5562163304052 47.30790233526233 190.3601498049672
154.6749884316297 160.9708313839289 138.9542085612371
152.8497536420989 43.72327192693643 103.0799469009817
126.1637435825684 140.9172788853859 47.64085026091375
170.4651930691953 152.5537239483994 190.2579211681425
43.53586227918625 89.6351801910693 169.2632955387844
121.4059379039809 148.1983759013127 24.49765064505979
51.01912122014269 58.7799507314952 147.8712711914026
171.646348563055 2.728762321578502 72.05519468678429
6.135486191798838 56.91950297485543 103.5569759582384
118.828613566644 13.95704566892184 64.66685487284285
164.7448430601139 152.3953050586846 114.5461449817148
101.4224131834494 198.4670936282377 0.8658428526331796
3.937288181198336 108.5841915315331 174.2432984522354
198.4733926007191 163.9996610425904 129.850131767624
43.84318559841797 34.84640001363712 3.247197934915362
10.40675013367151 162.1993416816183 84.60631634149398
133.3636391643744 147.0082119932333 97.87277589345673
