3 1024 8.665020329499249 0.653 1.4 1 1 200 200 200
55.27529372360063 12.3982298133369 56.89427999231105
148.543735661206 182.3447805658916 70.90099653569959
8.960646189370413 91.66398386144844 193.5680692668564
65.24455557170526 101.4950672281021 60.54623942879836
113.5937843313812 46.37701250285843 44.40466302900151
81.63255685976981 156.8848024982496 163.7684177237806
39.95677111989729 75.11507428134091 22.24332713260481
41.16804785699952 119.6719203588197 198.6273389132661
91.31635731607255 57.72615521415746 4.057064509579273
135.7714721795429 95.06924701278385 18.87861154170211
177.5708275860135 96.85814074792938 87.49968497590874
180.0432614148067 151.0857403428447 112.7020303127253
32.22772504297138 164.9137650044666 169.5610126479491
138.8396655913745 114.1456558776879 179.4883786493222
36.71453177297643 176.4005521030526 92.8009630580287
96.61446516210881 148.3487125996346 162.0635683916083
112.5847783797303 87.20709911212307 44.42148364767896
152.1808978343703 162.7753171122347 64.23031908044216
81.69074074523577 79.76311113474242 183.994227764623
113.0795402275714 151.6072470537389 18.69017371229759
84.5137113317225 42.93212973813666 35.50541179475474
130.1948227349817 29.99823601153252 123.5590934466382
2.174852731733804 112.7190681862519 191.4909532650698
157.2213669016378 86.17959050840935 177.3451622960309
19.06201385223374 142.1169052590134 103.8990794074741
138.9870508959025 100.4402771392704 47.14906675056667
15.28855742362908 146.5831324446288 120.2119633561357
53.53773239344066 115.7050273926754 25.0962008493112
97.17578052158889 157.7168798274501 25.36358264128731
127.6368525330191 157.0364191343131 42.12065257421013
149.8014681346276 72.53540209915886 168.6915626267664
94.13624989947024 162.025970613453 42.66800330059329
184.5986931939194 58.02944326932707 113.2349374857332
192.6823741161203 51.81369310163047 2.226141471437575
187.6833394069121 38.87852885056432 51.8140585696889
6.458415147721845 74.42151647233523 53.52099955413164
50.16981717027614 153.3785535608809 155.3431870538865
198.0812420250131 56.61438650428014 186.0670253988804
2.209747934302386 14.27248485498252 34.89908300646114
129.4082081458974 57.14924216818007 120.4423255044374
165.1127272770072 129.1119399394928 42.76631554101321
58.35557480311913 48.58627793014909 148.6810555834729
94.53221869308638 197.1364179617993 165.7262827151135
48.80371647896531 149.1438636845734 61.08776900976189
161.9682019438543 113.3884950443309 132.1357367031301
174.437444462094 115.5646136955615 49.34566048519341
149.5348276162248 64.1750570416424 153.5143048529621
91.66929931520063 96.96467557016486 30.65869801648556
42.03083299209115 43.13121264742874 96.83386206762071
181.7097654291115 154.2433485680083 50.20639875464301
122.4300728499632 158.2749150619722 80.33830111681486
25.17773567638464 27.12073393200856 147.8463372106177
59.06272465505153 21.52355672792904 83.26418767602095
86.88653837058186 171.0415978826768 29.47027535270785
83.04919082734202 171.723769068179 154.933092952551
109.4578189744839 101.4722477440541 35.09216136357721
46.74521244310375 66.82723403596398 185.8166773851139
126.7181199377203 146.7471684897868 28.20765131047699
176.452390887537 170.1639106600678 54.58395474757387
129.529544941035 189.0780957365714 177.3546523531095
144.332283978334 20.34193480524468 97.35713262558572
152.9350757500534 97.09920076044799 17.63668354870302
106.5060944784717 15.17632870790906 94.49504171190361
171.6773007712324 123.7498810220202 85.99664601707987
48.6900092306366 60.00323334442899 139.9323026832954
148.0333945360122 195.0831396066901 132.0195584371404
190.1221268014817 115.5528743136199 57.48293829289531
99.45176728023014 51.70708537816964 35.92711632629064
191.126408541191 68.03223979664796 48.58221028115634
34.32969766343609 100.6676023266406 97.51658378295537
175.0839687526265 75.35066819964392 61.96695189242762
135.5923958751737 51.48348048921867 184.045837278965
100.0380683712693 68.87208607833874 71.33773278815949
160.3034544811746 2.820279488225116 155.3993524808004
141.9924975762205 114.4921140062218 77.63587354192713
138.9279879903724 155.925190844939 98.18599144112923
152.1351216795013 34.03504376882715 65.48577545817227
79.24148144958237 22.71474390612515 114.1244838146603
157.9432334559265 70.47687869109036 104.0843586074042
21.93966435837076 80.27167404489418 37.54483480580477
9.572104294549144 66.97999410385616 173.0637983491413
184.2108289910885 124.0514850197979 37.82444895488013
29.82962986957682 18.73860549683912 133.4120690981779
128.8480978218624 16.01242330272434 112.6971382469964
176.0400186818792 37.80518129555777 24.49471748444729
165.0862346005298 66.0596675296392 163.7259273492173
77.96943786326707 10.13482125614018 1.058469825860101
45.08320569170929 25.73281314283147 34.75543361508105
1.862075658769323 110.2703560430825 100.5735268318953
166.3603715897437 140.7590382189941 174.6934624989786
40.36571824605551 116.8572975838698 100.0568993137485
156.5866229804991 179.6379791179633 35.14627094952591
33.93149597236219 120.2640413403016 65.81320103661851
179.7504057785752 177.5682044687943 154.7386418057603
23.92384916006128 83.74923765812055 197.2738779761345
12.28185759002136 119.1826724586606 139.2909805089483
23.77888330036237 113.5255534543253 171.4675408932188
2.798656225035245 117.4927548725791 84.85150133286028
128.2073857057586 113.9345281189292 88.1199959384371
131.3330258868937 61.52026481059728 152.4658990272485
50.78125611323763 194.7689535396314 127.472172691584
111.4216426658553 63.26744357802465 180.7185892037352
153.2111619671408 9.840729598937841 140.1321720220623
60.70556168061663 68.65393933045475 68.07128623589155
159.0972544145876 103.2960754639094 117.7214476800624
83.65641184326162 40.54447115348131 127.7099318094536
123.9520951433857 92.56972756896972 31.29966281998948
12.6413658370046 185.2752213924337 65.45785961662293
76.301382268197 35.82162953862653 12.58861240159827
12.14317458702032 61.54300877267682 74.48435580782014
178.5279467188511 148.7555897470852 163.8396990055573
49.51211904536208 94.79062799591173 63.28236977942071
89.47699278319052 60.58160536305259 130.1492463414735
90.88897520586116 196.0907513576274 52.12117958775319
78.89197860221786 146.9228564647104 45.70340367990925
91.14498840212337 157.781970961562 148.5969280314201
107.7158543954946 9.413542696149291 152.4615379624946
194.9803024951019 168.7964304619998 109.0293492344475
194.6536987420346 85.22835816569201 137.7757615880824
78.56748987523733 26.65965591389569 35.83479155992514
193.6868961010952 17.79796271039301 136.3581566915353
133.3377412835028 179.5912432777395 13.07867152291205
149.4395802728263 30.57298090161844 184.9143868775089
128.282952999995 50.96552231716041 90.73846653779184
49.01802270764811 27.77810874238058 66.94540716055859
173.6098851139224 71.30659203532306 111.4386149325446
76.49483073773519 50.39884012225972 21.95181840166937
190.710068225471 137.9168650086747 157.9708597402476
177.6495249902738 81.53184512235339 168.7023676379474
128.9153162113779 30.52715623690501 161.0624572155543
23.62201958212161 76.61916878724959 54.40077572456249
142.9240119129757 112.8563430527053 97.20424319966899
148.9611743946699 141.4745298625743 175.4696794147372
8.903140533404462 160.0514190363481 176.2510813359716
69.95510167343961 37.26899615452913 115.6072612059032
44.13371517026378 11.46462637760042 70.13248612940409
67.90878878191376 175.9340847920728 147.6327152630117
82.86991763307218 72.16032455219575 199.5224802301079
65.80024697453494 39.69247916374615 47.69936931250545
67.14275328226945 40.21560539758528 188.9064651462455
8.926824798438252 82.57141502492718 98.9095034292904
52.65099476075297 43.2462074777369 164.1490073895853
57.79575406718728 193.8035563674538 21.89614183506989
186.5287013289249 38.17903153840371 69.08631908998304
3.562018959554627 195.6716931355665 127.9888302805714
124.342267512571 6.666049592586201 9.168447555181233
14.42553079735933 188.2772508049914 139.2847452138996
169.1273006437579 160.0336667214623 66.58525852327026
97.39575357899869 97.82912626915298 46.98709399703642
40.53703547961061 178.6688848764056 145.5034038795302
96.14926941551072 137.9856696775259 120.9882172303007
118.1630412488601 139.0871843279336 160.2808759449062
39.32549389912712 149.3664065569488 45.48515513350767
59.99500727924683 3.199514324062621 165.5198650557745
64.63544352592824 27.03440276092312 59.47819230574567
10.83205477068591 83.19937069320332 143.6456915725989
176.9992421504697 3.490284084556394 150.6730127306758
136.0813105694684 5.533087592016538 100.9433885919881
157.4518809859526 59.14533594307059 47.16992892001153
0.5078513018725811 56.88947474272481 120.0083370558878
151.8722264610049 20.41203835990027 54.7801687613134
198.9486677792354 177.662270693701 84.77877689945475
30.23913218349764 46.73026930971751 109.0092048218458
80.67552867256265 70.95375978864909 168.954473329819
159.8511613357674 24.90435154759763 147.912295671094
22.41051906637183 168.8717267199433 183.280208514064
145.3714911507682 21.38047721129613 36.68620710508633
50.8703042021365 60.03006713037713 21.85608593029786
80.94166439540973 144.081449871777 72.19405150177195
72.1106143827182 170.6241493654284 168.327192393685
169.3136604303974 1.908508380341773 86.25823730807238
62.58451166959481 184.6365559989487 42.12304969373726
169.965544852583 14.09328197693621 138.9078282813774
146.6082767481251 190.2806352475051 148.6080448463442
138.7658236652964 169.5722717534783 0.02661904016778991
41.33529281611123 176.5960270239405 178.5521318677534
62.60783851468656 138.7745008616488 74.9718622597689
124.9460441049675 107.5701770059447 39.9148865232299
189.4673503933383 1.932493985608885 111.3152340568882
117.9022432911139 77.73173984554224 142.342815131449
155.66731922947 3.956752546471597 44.92039777406073
102.4825461786346 110.4909178922733 73.42221331616172
6.722007194885651 172.882860863851 141.578928839026
1.980655466614763 147.2026280127172 185.5876690282023
160.2597806507529 115.1456160809264 105.1310007344394
33.5745647797628 90.56656993314019 26.80273403693852
161.6237469591769 21.93679593644739 194.4688299463039
185.0446204673306 185.295510535745 109.3789095987613
197.6198373602933 160.5191438071824 86.94105396107167
21.70925922745394 74.99225887317671 182.485897987026
173.3775036133316 184.6418124459791 122.2103982131662
136.0878951311987 46.15596323497922 158.9160147535496
150.9097953924537 81.00173169297722 92.25737546475717
52.54032879119546 125.7027390228317 110.4607992748283
107.7845804313649 161.3003703151538 89.08783027030401
58.69834679526293 113.7401424627233 172.4065238123304
195.621278281564 16.89614528138945 177.6591147560116
93.90904972603832 168.7075703128882 81.82500758520962
119.5057189281656 174.6071999423437 174.1869454833668
164.9154810219736 87.93712276380438 55.77736700569429
122.3601237956044 188.6778281140301 3.222623269637334
111.7619162483549 198.6526405463304 119.5147649160033
51.36895741097552 103.0174851560683 140.743799436298
161.1630031406983 82.58627856431046 160.3178707730814
2.692237374828611 123.0939923914935 177.6196834516393
174.2099615835702 170.2358620766522 169.42569293091
49.83988495173408 185.2818142628628 113.0038853519665
169.3226786495198 142.0258122125406 122.8664903015704
0.8532189339430118 124.8906270545599 47.58474160352203
50.74880922114384 31.44767769440147 50.09933593284702
51.08863470481572 140.882433137548 19.65429884026788
5.679204629060108 128.5698422824188 103.7715035663923
171.6206956944241 154.305149964428 18.69151118032885
158.4253437601873 10.27106379429904 96.83365205764707
195.1329473480623 182.25067824939 20.17054413116039
21.74032266027756 178.6475144150442 168.2596604522958
4.600897221278557 185.2244415482302 5.965891181951596
46.01746397199522 8.533048404327609 174.263645659045
62.23994344790152 135.4939394931022 99.95650716718531
119.1095246360695 63.18507982326388 133.0031329418999
83.22760558332516 88.52427838210947 164.968866576813
146.6881887909512 119.7593516074089 127.0196788547329
45.19108577578191 33.30657363724272 82.91517499875086
159.8360850709965 67.13050185258454 62.36398385926937
167.6365857383175 72.51815560856117 179.6019359326839
126.7512494493376 194.5971874628594 91.26796820236238
84.24274058514612 6.880645327997186 119.0807946893643
85.99237777214803 23.79291206840988 20.44145115405583
18.87695614207966 50.05425925733073 145.6985031782621
107.6181867637696 89.78630967463671 131.0285434424241
146.5715495930262 103.6846955111992 168.0411010610842
8.383709853013817 19.26269250522128 14.55545549264569
68.64011445576506 125.4127896247345 84.21162573431825
172.4379874445313 198.928582906702 112.4482261898769
24.34335903720794 174.344704161603 31.76170805162106
138.3575526451106 140.1303131924124 105.2828969640499
45.65929121447107 11.03275668994249 130.5544309328768
187.7340088585594 96.22954429791336 166.002819374225
195.6228165964266 126.1682595165884 137.9022097585496
163.5532949014612 130.2704487656445 135.7075913404626
19.78421876730602 60.76822790756272 132.1087497308677
176.6800109745472 170.1222494321104 109.635047154849
199.7850754931608 134.2252063118255 15.84898399952284
146.5243393390709 131.1245198900035 75.88959157982944
44.70374336975321 128.6735808324862 150.5799034625585
71.8533649769101 175.1088347487587 93.24194526513152
148.0318558298386 161.8460471230872 47.43985816740472
94.71571928352408 49.54161606544635 117.8616853131725
84.19506749800415 39.00738555024088 186.0722038741322
173.9567479024456 40.83841726234954 41.42395627763771
163.1699355800136 176.1692561301161 63.95613473927789
52.68440797852739 113.2396490378503 156.1643935754028
189.1429091874169 188.8544222208197 55.28288569991654
143.3591791252868 6.434285725100415 153.9738976224949
99.98428914994895 135.9549028276289 193.5982689079627
167.6281664639576 60.56305292820849 6.033638507140577
163.1421095576734 2.530344711900931 127.9568926910939
108.9134258357716 168.0693460480721 73.1772468384891
109.0700830809811 9.840043229863488 174.2028664055894
67.46535858294074 46.16982081466779 130.2602040384918
130.614781103024 22.74224339066004 7.539279195156504
136.7278179366437 100.287437153851 151.5016467316596
172.7737033009717 181.739348469537 5.584648423392011
5.077499032126383 7.940432839080758 115.8443949935614
190.6062462398883 74.49822970402667 112.546611770589
103.5383331296252 69.42702116320278 137.3454437921363
119.9368932006674 81.89058857374677 76.55430201702059
9.88905818905547 113.6274655773618 57.15720004120597
176.7423175841552 10.58583857831342 99.323110417129
99.29310990717593 115.1989625212196 30.68000178706904
37.76244318252341 105.8608978595562 178.2447900547939
75.80139684073924 9.198127423717157 169.3236893583597
45.87948655453749 49.63712887158666 35.01399579073723
138.5127921326648 130.0135558248016 91.21495247644896
148.7134328159057 69.25901784315599 33.40998511445701
8.273662308582299 50.5990989166148 91.15275000511789
74.93271067957407 143.1900769715602 155.5363962494653
43.77228075664731 109.3951000825966 54.79074943344672
12.59549868076957 61.77240983019129 156.8138359961617
112.6273990669365 32.02672854189439 54.80692532531689
91.68085752146992 19.46779294499664 102.5039249596592
124.6592972011516 67.45455282641278 107.3465666000208
24.30877359498394 42.49538543805554 160.3147532101908
152.0871080665097 75.48093196809172 49.3085181513753
187.2423056809409 18.31318473541543 79.7227504881772
140.5926534444766 193.0448906793654 164.6217761677894
129.1779134514478 55.09157737658805 27.60336716568004
165.2049128524754 14.67285209920538 112.1586087068159
165.3127723147534 31.75249894305605 178.0703205751279
57.7682263258607 184.235207325031 191.1379855554153
21.29366692821531 125.651024342178 158.4647200168333
188.2248199634175 120.5638857027546 103.4656142002425
177.7027968139399 27.74967699498618 189.5022904865389
123.886398561244 86.18483887946725 99.72627017833375
35.8296503927191 38.49031032032433 63.55222026974653
47.52503969394196 82.95677604107667 192.0978138755806
78.66192496144735 173.5217864828084 75.14408111292488
104.9179437122423 167.1629453147941 115.3747951661543
75.50295641394581 75.80922417586139 35.25623417192119
82.28349614760499 175.2431139672025 137.984869293105
46.15729455346036 161.2926438399494 73.15543948618452
114.4786488097237 196.0259134274025 142.5375242548324
21.89469750308551 130.9600633384469 72.2175628003917
196.577065907262 188.7727267541192 70.93693471433127
157.9368127990208 86.60158364851846 122.2216180237412
177.2597486332209 66.81510851622599 151.4180345169449
9.759868138051615 95.3649680194102 110.5694500072457
33.33418578592622 24.59595339050532 73.60775053045263
4.774158211134436 69.8594902699418 87.81502384576783
29.76727933063802 123.458015570153 143.5085098504133
108.4068483686328 133.9952307841086 109.4089631575381
64.16861381068622 155.2337322553285 167.7309145664122
56.66728285483487 110.9351230883365 98.94350678986434
141.4898632652555 59.24127424383751 138.5884964576643
37.89886596668595 97.99954990957906 160.6277647835424
58.86467356538783 99.69359059348722 10.75018842841679
118.3265709327723 5.103672792773339 102.4358024064829
1.609040750457825 0.9086640310414971 199.2321518416118
97.89902221478617 29.84205444673934 129.7850112155468
15.95521086472371 114.5538272709251 73.36054251616996
91.66884165267832 85.37560463993394 9.138657394479658
15.38834282673996 55.80963225742013 186.3292860300478
84.3028130273901 190.0806156733834 22.23586306759803
21.74404769081367 92.31169796866405 181.8871142465275
182.6808879452321 122.3149060361744 72.68828558495008
106.6817674050526 127.3685118545175 40.96837611514069
123.4444776084296 160.4015932480875 186.3121905218658
76.79948723134143 20.79238008279354 186.6926312418672
27.13468531830813 77.7435783411976 131.3399310187005
193.7046366178811 153.6877086068741 170.597602912637
69.41468810786775 159.1577394157032 151.6904837434923
192.5725195632635 14.83987098273979 20.10241098100711
40.20297092693708 197.2466626803965 22.21826428551171
116.8374929782671 182.9694166956752 69.23938843364992
8.867166350022474 133.3106631457913 129.3125124069511
164.3046519863532 76.6472936985604 198.8973267294531
176.5679235716342 39.3519359011481 112.4860904718557
126.2449419678326 137.5120544751655 144.462144074018
171.2664615026666 50.83841464202276 158.224809149384
81.03907241389213 135.410519879968 91.0376161510942
88.08409531472304 3.925479989418712 70.22888940874485
164.1144402887553 96.51857409897467 135.4457974689554
79.79598264944937 84.06748873827321 148.4657385390798
51.31173960625199 20.04327313448568 19.61981668226309
155.5828783011964 160.7667989239853 19.83851779931522
198.5827197482196 199.6040954354317 177.3340941418815
89.18905772010957 6.641123509968275 152.2276645874288
35.88615570662002 142.7325741253121 11.54396529934498
149.6367934360793 45.65589576823656 193.4428460542645
114.318840537695 54.52186092711509 102.2365273057299
91.22071516769508 192.9045489821142 1.874812869356816
165.5906798072816 34.70612864787434 160.999181076101
125.2456779666867 94.27117349201015 139.1219294927132
12.54129104401596 163.6594658964759 119.1563873431914
43.88954685018192 125.8897735750668 14.64343329295518
36.32317723325335 21.34989692285743 11.03090122301011
94.12525350686319 121.3098727277218 143.7862374313797
38.36527532232345 82.82822386309685 6.807660835821879
88.82604601000543 4.794616321846292 14.25124614781334
153.2931105208655 149.2305258891983 190.3467418169101
14.10938884591701 151.2889568708911 139.2743309970745
120.9330412731951 169.8869970533119 123.0956802710318
185.2176423877416 87.56185064225436 75.03644513842814
69.25547558020648 72.5794519147928 156.0241880697217
7.022907510075429 148.9500595418654 8.51301768797183
89.8449477173741 134.462215723006 154.2186449410913
130.2628531016847 195.9304669493327 149.6880441395547
173.848371116683 98.67456102623561 45.5212826521285
36.08884085644415 116.7210120322508 159.7012470631052
53.40849159819287 174.5760803579041 97.065913739732
31.17847014847106 49.15503517627094 126.1417570188192
187.6209368664175 148.1668397798753 21.25955208003764
113.0561187722509 37.02740049500908 154.4051336462291
50.06373642105647 68.47266717242171 3.59716698409562
117.256686961576 17.33412949446684 45.86134868918968
125.9974561158493 182.5384938622407 41.25750602892289
148.7334330968286 168.894860035991 143.2305081988432
89.62742292156021 177.0856956018145 50.44886216280882
12.80527058039198 180.2933015561651 123.9934411396296
166.2187934686386 140.3287912883167 29.43842258278904
54.07133500475138 188.9257640318391 174.8700108053025
46.22798102131383 9.310229395515169 156.9527745337462
144.1032055600534 87.55786900598352 162.201535230633
138.1149122967123 37.67580147199262 173.8908658836518
174.5532037504009 63.72421676113446 75.14141341164431
26.5105111488376 111.8939093448878 52.57805730344997
8.825042380680124 47.35016266592159 131.8439197109877
119.5251384934904 113.6120686718354 73.13177536764584
13.82209705601079 134.6992935909199 31.9276674247215
175.5055894024636 109.6922051174023 98.95786205922956
51.55288069583881 97.99679729759325 171.2998755854651
63.43205641331177 22.07613629715313 42.91776401462235
77.32434442911295 48.15803267701742 0.4617045880827845
109.9635458703651 5.795168934265989 35.19258434458113
125.395596935263 12.33274231711692 152.468389740693
47.67131828244921 168.5090267328291 116.7640940798919
160.6588173249686 30.3908070607601 27.40886807112281
37.51570593375631 91.66269184216318 132.4102722393911
18.87549624060458 97.50432206904041 6.525579161074541
20.31335663280911 195.902415492391 123.5641137440817
114.0002092022579 21.86675217437993 162.7438818447272
153.7034444392675 50.92887757234778 61.96020845016282
113.8292043218467 184.6355810955407 129.4928898267116
27.55184617480989 87.18224885403802 145.8620615442121
70.97031947747352 199.1746818205995 37.68918281206555
146.6747614074089 125.3083961329626 108.6574166397639
140.2172366292621 110.1810417317513 114.1097198522037
114.4747686133465 125.9057739384045 149.6548574937523
178.792092052071 122.1353253184588 137.074857781819
41.71975833964304 180.0196494237572 128.2690244085202
154.575757749191 111.990779740551 46.90753781630976
155.5003154570532 126.6110821953477 91.50989837211846
106.8413507368514 126.7874050069261 68.51472797668355
179.7534080032987 50.86003715413065 13.72494543544325
163.1728440083435 93.08867811937087 4.245085360435958
174.8026014522027 8.877661382569109 49.72580530229267
199.8041884711049 124.6448543277514 30.2888287274313
185.7585413324184 174.7763424125564 95.62979986552536
192.8491978944496 40.37552942342619 189.0734652208761
52.35378770863115 125.2053305058391 90.1280688606615
117.8786548629211 131.4488143356124 55.94893199141681
199.0591281290615 87.26774686883731 85.45978927939024
164.4037631693072 186.8735282379463 77.5283142297298
64.98280350737525 128.5052106823682 123.4506503530633
154.125659797229 128.3379482816775 26.2295386292195
7.668964880543096 149.0764807051235 64.85840296759761
22.11282213252735 36.35001680240118 133.5021779204945
36.35073166880515 163.5158066305758 152.788937967379
35.52113309205386 95.45016113009234 191.9145242945586
198.1348535008405 94.41065534354797 123.3835413680494
152.8989943388105 139.3801949989624 116.6268360059218
24.70727056967959 189.6084662808698 23.56622224049635
170.7199896338313 146.8663838852463 190.3042421099994
91.28399287719262 10.24745750777023 87.84004899057243
0.8017175882701146 141.4062895641569 144.3266500739128
93.93181503728495 14.387243773319 167.1018649113443
29.62994280099828 132.5776632064687 197.858157703753
62.25815638123653 148.8226285008597 50.17847068963753
147.818004328581 127.6471854639802 43.21015020028366
69.51643419517276 158.4874742794271 134.3768064041172
39.36762392790807 116.6175685408585 82.51629349899702
16.18180530006358 16.91314645867881 44.80190970200923
19.15834291786533 128.1116116649508 179.5940963042271
153.4990581183436 92.82729450156515 148.6319951791682
119.6573833488663 13.72342831405498 62.63658418803395
64.65972875272513 144.4469857740948 181.28271024893
118.7768573960272 46.96759060973431 61.07037571651323
67.9041950055057 81.93297584711358 114.6815517590648
18.80211179420595 109.7479261370507 107.164376856164
105.7265680559802 197.5186044997911 10.15598557347334
28.7812847098659 8.258113543195289 172.4982521940786
127.4487143234816 103.1718593620475 101.904580242073
24.27682350627531 180.4758776465492 151.2153401627639
93.258301542936 32.87339391895312 113.3672124679019
165.3786843181061 157.8024354503137 177.6520635685657
162.0967662694252 19.51409219065664 40.81734162471294
95.00573717091403 175.5770076132972 193.297000066469
108.8539364417185 183.013804164156 109.5928710161163
4.392113806042942 147.7888726280149 25.59976165560002
151.9479764248416 154.8266641725714 164.8355763482017
13.3495635623498 117.1141485974853 38.12439573834316
126.7833355142732 199.7981220790973 190.6913211123549
189.763545059654 123.0612527664021 197.8053816669369
140.2116173286513 199.7090533958983 9.113653689704318
34.92015263865653 107.8097270895631 138.1379274247801
16.91006863787175 135.0267664450174 144.5653174816129
79.78298920145755 184.2645695610865 38.12943541422028
145.3789181280912 31.0591097009998 1.752542967725533
142.7141615510671 14.85538969499643 75.09508418796607
117.7992048642856 81.09814801208184 182.8742747231067
162.1744968684932 124.9840053109684 119.2643707866335
55.96442629746942 75.02744719388016 28.87696133709834
20.12829700458148 143.8919463586803 18.6600480479307
60.24551047501129 11.52617672428099 139.892782700002
112.8458297612604 29.71906109791167 3.664969608202125
29.01907129192169 10.53420035973661 155.3200579320351
66.65093831286535 91.03706237762604 74.29152543775803
70.87233690278281 108.5534275611789 80.88660974322316
195.6781527287858 62.81479055537964 100.7993812552979
58.51986891993973 68.57143489812213 108.871690544263
19.48757267011803 20.26727270489237 83.09049855047191
41.73844190558772 37.93889729979357 22.91855175002509
178.4642736483682 85.50920214231769 7.251419901288767
72.20269720685351 10.10206738292624 152.3741448877005
34.96025356242195 193.5574638116319 94.48736962116271
107.7183164369362 167.5056036627818 184.7204127397582
5.117780365592837 62.34852219413894 141.1914673391036
5.83638519937861 30.1761045392843 182.2576810211452
14.14809934837213 46.06782446320953 115.4036095806931
84.94873927490353 58.99145568492892 41.99930072196071
20.92881584453335 23.48932760144215 3.372547803069173
172.1472226036298 108.3673108935803 145.2282506525946
192.9575496234108 98.28498482603378 194.1066407814717
24.79850714661 62.99376090102869 86.23367699393232
173.0289651965532 47.52252034422992 141.3078931100292
182.1728770564337 141.1794844266929 36.1499019783302
42.94993185366528 20.92123279154751 144.5152725120344
127.1328479934982 177.0168003935957 189.5599089325707
186.5374722191232 111.5781126891429 85.72980426089543
31.12776219649398 65.39219966628075 119.8625228326008
146.9894667599685 130.7674100520823 140.7603651918704
21.62746582866224 156.9868748189331 3.793102766382455
182.6096093699664 37.72344563293201 2.795895105937988
142.2540488079275 148.5965670225446 151.6648177450329
54.25867359658781 83.22534948457734 13.70438855499314
117.0135220660154 178.7662691795055 148.4078692510774
1.253729770564533 94.7699328528721 154.8119011350064
21.30773229127243 12.73181252848255 119.5758092035375
92.45464122804755 131.0390279853982 103.3193529037726
135.9817310904503 148.906192671576 189.6267318081674
151.7711647936441 144.2083007822292 95.08223697469879
42.82756414515181 196.8973398889882 79.41388574785387
58.07277272318252 25.07982892796764 177.9045394596977
66.65011922076349 62.8007601182799 190.2586173095993
160.4166118172448 157.1851398804989 108.9648989451951
5.916518447449334 182.3377167671668 37.94793894001518
166.968830686061 161.3975893987794 152.0500242959459
49.37498939007695 168.6838585670116 53.99352628509811
109.5612791925978 183.1582314331954 88.81270329419387
89.06235720783029 4.143437706633727 184.5225246106391
87.96273025974061 65.04515230116486 150.4022068805246
186.2528024853565 135.8071587915665 178.1610681598343
115.111770185338 195.9890436357554 52.79116441805801
53.43869949497681 95.59902329666635 30.39832483143942
71.34274065888322 92.817399357624 94.47020710108815
33.1616011836825 197.2666687935799 139.8529079681351
127.2043210579422 157.9536969627292 140.7893417251269
131.1527028751455 30.35488208702104 67.45020451891153
36.48577060522052 106.0931779664333 117.4721516355139
183.3816428074315 22.85493645993075 36.94468133793782
39.82803115543384 3.4847926994072 112.0925267135421
141.8792091856411 151.2633109823094 78.14084753848282
37.92261316790445 67.64177225141731 41.71922679596789
129.4251030115599 4.263436283776969 130.6558289182105
4.743381388618701 6.898951101327909 77.03474027645085
114.410643100952 149.837745292913 121.8473118331505
148.9156990203435 17.01597407334039 16.66660909242037
1.405548176990827 80.49159302630537 34.28733288248645
62.82745910125929 24.3711273020404 1.664982081694993
96.40828519012916 176.8858576201474 170.0047022857824
84.87258965078851 101.2399889926784 67.36279293892528
14.90882588199836 99.73217967088409 26.81459898229586
165.6465258767364 55.37886932879656 28.43419170214268
91.48003109398364 25.92597565955271 0.496749099636815
146.7580997400623 146.2703702706485 33.73083110544506
31.55617004802352 143.6353916785208 156.5516089800902
7.257999521561183 71.32188468560354 197.5350015726023
76.11835176240213 94.55304932653222 44.24232474445785
160.0321568576503 138.357836951494 155.0447453648393
34.58701240670122 135.2612470233592 30.9684953513282
159.1567004345638 167.5138861958883 83.2299467825963
100.441733065274 85.8314092518976 150.1959136675494
84.42408111185867 121.3858121925217 125.3970422088644
3.933411257432472 115.0357469409728 120.7045096190342
15.15874800549612 22.28863188831611 165.4261427524272
5.979052204213311 102.9793194683046 173.5172899119036
37.12287559742897 191.667422328174 163.1367816215168
98.08651455460569 104.8622312078152 12.53410642928815
196.5578623923221 154.2469270063511 128.5350245682393
74.74874266699776 102.3157901252677 179.0599082808221
39.80207256676989 126.5470250605344 177.6474334744964
135.4281939691056 53.88487229428797 71.42950933451804
54.86445354322323 29.66018870284473 129.8934413864939
185.4895273668934 70.0552132183323 19.25784510165363
109.9951986643412 131.162159317108 20.79286416078059
169.2432624843655 53.68463641744914 99.33563349430734
45.58930415882049 130.6720916438078 52.09527950080501
173.010300691326 16.1356277352422 166.6880712506245
122.4452365171964 111.4822611032145 162.4698219256215
121.5606225939154 105.0997879973452 121.7562388596073
196.1589866295198 74.44138130207133 155.5363848887292
109.1525933398942 147.9455968472105 39.27252346921225
20.14262224883335 105.3656868026541 152.6953752647649
55.77179031881762 117.5411985557534 69.76906577772971
77.30508487555561 141.5411315774961 112.9436121427341
199.0869509491152 89.18112540460005 11.7602204003651
98.56438992560963 102.2517837358573 167.9451689761368
172.8025404043082 74.65130981634088 41.31419415535049
52.73489507550725 144.7428619535425 118.8172215531978
157.5376047464294 33.63609487453752 106.3730945150598
175.8452889313906 55.41619555858826 56.12446398446885
26.91040532445804 57.03274796383538 60.55394538256101
87.55102798816981 116.0823672187843 48.38427799108758
131.1140929506267 117.3569877756873 140.5885581800416
15.41698138304387 99.62833814006169 88.93903432115835
120.2692137437079 144.4495685230672 95.90049577282615
83.02712451779068 137.1011233381487 173.6827612862293
188.8941789114361 42.158606972601 128.9830434562318
20.08541360726597 78.19229010390909 16.93933712636776
180.308118333766 92.53095016332971 26.73576442996098
120.6354817048011 192.2014185374247 23.64111313756286
111.0237886118006 53.13964159458641 79.3531873008257
180.8791359044789 193.2466924884823 168.3496727423409
50.46494981721509 89.66401448298491 106.3950098058189
180.6068879326395 74.17497185704805 92.06726754936298
114.0900832424402 150.6896529664085 62.86645904267771
196.8466128910801 16.11880725770233 98.03715408005942
51.24038591211063 63.83927401264656 161.6183659310533
109.2366740307235 107.0859570206759 142.5512833945817
142.7324627499652 111.3186272584312 29.83050830163182
29.7520268194788 39.8036816882359 43.71135638078369
64.44903718488548 127.1458557652416 11.59579322914546
5.295662087101825 189.2284023071808 106.7852148361066
127.5256766811617 15.05920909339257 27.92390773418859
190.1305948899655 52.25887952770154 35.07329945921887
186.4046640515423 166.2219707029966 10.21345673193914
184.4728432646332 111.6557350233107 180.6340005290661
88.30437241208134 81.33447952981402 129.6931306777351
179.7486990114296 129.1707925232655 18.16980584685784
153.3683852686001 44.65780144464453 147.4459042108992
45.52915952482169 150.0086175720399 175.3234558981022
17.64843916784944 97.29588634740837 129.960727637989
130.7133758475356 198.3309735444187 71.19828224449854
177.6023311895342 107.8399614139363 6.787771235587585
77.02430044912525 153.2400314378396 22.84456456643237
145.1838178686605 54.13971319367756 102.4248415726135
63.35473725886111 81.13866277957747 174.2808915962652
61.24991309028163 113.8557902260492 44.31868488222446
35.657624648983 17.28059093641198 52.06249704056743
119.1205734634922 45.93973421975773 172.1864046714491
127.1051299309944 96.65502640786426 63.7838623795736
135.822857003777 8.229681554385712 49.65962565245476
76.15996416557061 107.8908271865956 2.628419503649555
106.5212743533619 84.21466272607164 23.64625219278696
14.66944740300376 60.94148675464527 39.9850293145447
91.0053976963018 174.2568831198579 101.6461023179411
120.80981516258 109.4885360143132 19.62610698713693
48.44254458447568 75.25410123662509 125.800225245946
160.9774867322464 123.0001312475346 63.3442862171023
94.62445931744369 137.992665306102 55.95703143292432
144.5105795104458 188.0615641141898 192.4387021012915
84.05885871395657 32.99578472117189 55.0614648465215
66.41879970873703 97.64372395283486 156.7675850247058
162.4845965515091 77.74320711235814 19.58203181097063
73.64466811171573 186.585750441689 59.76203269550971
125.8111956385794 17.04489183810091 87.00743000627814
31.67319510229636 156.9599157341471 87.42333305041691
50.63363617459083 50.92879886737587 119.0133095921736
183.8360012201254 37.49341078354939 170.5664185940821
132.9766958093325 71.11535353934883 88.64823713828946
77.4658446654302 22.01415041473305 134.8281237599428
125.4312264133379 27.97134816941923 187.2041875191532
148.0672755536144 194.7148767833912 87.72339499389135
195.832246756176 35.32538521904927 18.6664876127328
75.14340778974494 190.855398870616 109.4466861422515
189.3098122368942 134.5639765891742 88.12772616064304
144.2314307790099 185.5048710513464 50.80408981001302
55.33599125226555 151.9629938674621 89.30714893017368
173.8108710507549 162.6372775104265 128.8196796366293
20.7550235493403 154.3488342904866 36.62417745947694
67.45163692918564 124.8500081061255 187.6413588165485
135.6630789877172 142.8487503280152 55.03415125362129
100.2194343598838 187.2830503868471 35.76428817154776
118.8737931571561 166.6760034634853 5.593409233727455
167.2060670849857 101.2797001978717 167.1186301143061
39.13148042100387 81.42948172884446 173.1332847825983
58.85913849237795 179.3783237968497 77.58248184330795
41.97157352454041 136.460268964993 76.08053205428934
131.9079349258465 151.722165600355 169.429273493965
124.8309893927005 81.10159371456716 123.0332087353093
169.7323006160635 126.2961062342422 193.1512786259886
49.95652745541045 51.55637951012322 55.31582862411795
23.05163048861651 147.7369958045456 185.2296570811251
137.780016432901 130.1245035107388 160.105016756142
49.14489578698384 162.0370424332867 136.4670899620567
177.6233043298443 88.70985157855475 149.1857182686147
195.594551025828 22.00102174327751 198.4018503838756
74.22328347106028 54.75414155065221 59.29941970957514
32.59680407627452 144.786566953836 132.3413606889307
30.88335212234569 157.3595666978063 111.6657088531089
5.162949222883519 32.3546643328768 145.7704084643851
126.2831052668264 45.20685483017959 140.6019565851446
106.192789114866 66.84536371338152 116.8845261602982
57.48725383429875 47.47699646615666 6.663922595708592
21.71821834146549 123.0377207064485 91.44442485114635
80.71087566402582 116.875677229847 160.5217116786949
1.324348202899493 120.0653675649681 156.9433491986403
174.7873534797791 20.17668364352618 10.74330866275015
48.52323402214627 180.1096476728388 9.30174560396496
22.94360164822064 112.0041480655807 192.1870959498183
8.877844703577878 131.5044590628168 197.3486305012946
190.3541117599717 185.5758319289458 190.8242220854447
152.7814531110095 113.4955900891145 150.7899885261626
86.9884573452231 124.3207351117926 74.48497990739511
120.7026898393235 90.21094630188931 4.902929322480488
127.1904996224293 128.2221200240288 37.63749332746952
66.14105585583491 158.1663354615207 68.34290755505009
91.01648771060373 106.3468606941422 90.26181394280979
75.81911724989524 10.187035084355 54.64581980160535
175.4980557941206 103.822581099038 66.46604451176658
96.44341343375871 46.59080838012282 163.6419943400718
86.18394695802208 77.3826223988349 105.8687863451696
20.12219958990782 131.6534565275551 51.50927142844235
159.4418446649929 106.9376403105892 86.04701880133686
150.9809913381427 100.9093431132753 64.13074202976476
94.57049543034957 94.71327868444213 190.7865919055043
60.6378798534705 27.37559904287402 153.3419385437002
142.7709010572379 78.35662835047567 67.6749466623849
102.5738406944609 28.96377708323877 179.137176685217
71.26874453804764 52.27046446206081 168.9090393432342
47.78277219007261 46.13221023011916 184.1593622483223
106.3540974021453 90.15457197485905 110.1798114513737
85.45253667524712 102.620629576615 140.9749150526702
88.91508263252965 43.64374212726793 76.3063692372308
146.9343609363627 166.7483936950183 181.1183475678952
66.02241905385236 90.0255937221901 133.7471286534843
134.8323837342685 128.6395115933997 14.61422331969961
17.05384016157606 187.8338683781553 85.61283717762826
108.2074708037375 47.42838996364271 193.8033817258477
145.2308531446664 44.31604104986703 124.6000592331112
130.2814411013148 34.48943611695045 103.2631332067444
55.69419077119147 192.7537438139541 147.5747933651077
48.66427353322022 192.6887442937395 57.43316579635773
65.76899516979404 162.4220141823918 108.541640387864
36.92032956781058 194.9959480126317 187.1624985452774
149.5885479235965 22.34501740635609 165.8171589445533
39.26169263375463 41.89583183992356 143.8722189737708
156.1708915253538 1.205602192500501 175.7191352381824
131.9440515195788 176.6832973523741 82.07191245180478
24.28974713565606 43.09527242362312 80.22417143516846
133.9790152407346 173.6589516832375 159.2850759684687
188.2000462174422 199.0775750852252 37.19816027126689
166.9508362375113 112.4639048035701 30.20398843214237
49.73948023865636 98.63240219287063 83.70600788905007
188.3388864332702 143.8950341003748 0.9278566295054154
108.8727422888388 147.5931202787764 178.8359274089233
29.23917669202686 13.57546550981664 28.96791191393212
38.37049444808306 103.1966828704653 10.99933398186078
78.38611086383619 113.6045887342357 26.09079740992164
143.1597923344609 12.40974897018594 192.8476153978525
155.6481468138366 92.35316289604974 37.69710735705077
66.29524458541674 117.4941583721726 141.040393587014
30.37210261345257 64.00892729414642 198.3152552248458
187.9540076257819 133.2686363516854 119.925118603627
166.3051824388042 187.6464718800059 142.4934580280702
188.4246037758789 194.7434538977364 90.24631231732586
60.54811518306287 108.6348072855163 119.2202226845688
97.42392977628215 153.0906152379001 5.092252980270651
89.57295714948434 58.90875034927875 183.373933571685
56.1538143241362 28.94578069315346 102.4705764127522
144.7230857746945 83.49545292352974 4.107305089988096
6.639453901183618 199.5499463269084 20.90129478988499
181.2315633951012 175.1249970575126 74.20510287081837
51.36064489725165 6.078278928094639 37.38188797417861
89.42702506401639 8.968699794938136 34.61450316842652
183.6687350853778 61.71156910121863 171.9809920358193
192.4184722170925 178.1233683443722 127.4396087821516
64.64941314136763 3.114620189568135 185.7877044951049
118.3552595018292 36.82212161197163 22.41629531211489
159.0785835317911 140.2342929025781 9.907437742876873
13.1298091551071 167.7160148029953 98.77640932335095
28.42389952178675 194.7328375409016 44.21445335273232
179.4548586678055 142.5190875759608 141.1167515547635
28.22378629934855 151.4656711397529 62.92524327644856
115.1964622206354 169.2790649122975 29.42782532821703
114.7754612614301 193.1092184122448 163.2668284634941
105.0226718412214 167.019054035943 136.1694290572843
154.849492437499 103.8424735212782 188.5150591676543
179.4292333011862 7.065947871093141 188.2335359286732
52.64305947029789 173.0955662484149 161.4614763354043
139.4360653157197 25.10311326904594 143.9649618768389
142.1916743450919 90.19177555522776 108.7334746358895
155.0034122411598 63.2697560725078 82.21379109032813
91.20121344029542 118.3904215952977 186.7672194516162
156.8011494110773 122.3771892839579 173.0039902208837
146.2465248047718 37.09652499089771 85.19241100392168
57.51444291832679 157.5902600745027 9.093878550350654
75.51467381079399 190.032067641212 161.2666130473574
0.09964291305734471 145.5790474188615 45.82298765101906
95.28215633347514 42.57018483476924 17.71973543441293
6.2200199527622 57.58620992256805 17.50278650946831
40.79863056524122 76.12869565497938 66.10767978607754
164.2101580230937 141.7833753099725 78.35264201845948
194.2456835128063 20.98634499184439 60.3062767423884
180.8396096325351 29.34663065217638 147.9238345323947
114.4931992702958 65.97761400539429 37.5179277520214
154.9478837883632 116.1027673608811 9.439994649931133
166.0416980132012 89.94884398424341 103.3661133246737
14.6418589670003 11.87766247655245 187.3105570367442
24.59235010059391 179.5407289014522 5.370641137052752
193.6830321318814 69.5042138718664 69.16533498088022
32.3518651059048 82.28508198813792 87.99708654659786
178.4361216631137 31.23166378736219 93.43547217807502
170.3104733273879 135.3625269540703 103.1917576912911
116.1524002084083 23.40223835386989 137.3862663532618
78.72635128162517 21.6352688376416 75.82089042341603
57.79559276101834 79.42322412749324 49.117796333207
127.3033979098468 68.48037927825163 196.3898122861107
145.7663360875086 175.1965906084968 101.9386300089857
184.1352326034577 20.83477990350339 118.145561522408
25.7007353978294 167.9596855051185 134.6695551671079
36.65848962696595 91.20202102627756 47.35319438689751
167.5589012783455 43.60866297383851 75.63001103058643
62.87120135697891 3.308061104833583 73.98457116141421
97.27193389276998 199.5502318989464 104.6251176930281
155.356533664589 1.243143533932322 65.5284098193851
99.62762388558414 14.44542324234403 56.49838553071987
78.3468476602896 42.95020921027337 147.6713236986338
135.5736492359208 118.7235733090921 58.31849640326852
136.8194331952369 56.54900206148446 47.35437190704724
106.1457985580486 144.1171851185583 144.0734684235875
142.4250507399417 39.58937490704005 23.5251565312708
102.0424212521513 114.0178841764763 110.4417592025014
24.81345750619787 127.3567882685789 117.3682775520442
112.2588384037874 126.6017225942338 128.4635794756778
154.0299898342579 180.8167917208435 14.54513379275835
53.95886519721186 105.0273078218416 191.2594505139595
153.5887835125237 38.82573295268482 45.05173891785757
147.664445558342 60.19116755692552 11.84486827158202
178.6532893479642 87.16571998257108 123.9040878334369
13.60652673811322 197.6154169642297 163.0705482950621
116.7412655496016 101.8346542727182 183.9831731712988
55.89159694852523 75.48325495992923 87.48177810431778
67.32489769311869 85.8532244835425 197.7411136520582
75.15802729349573 119.4963890356502 103.0598132406844
132.1769380102018 166.5878906263389 60.02386869675814
130.2862891673621 9.287619835048419 172.522411222201
133.8921464168845 109.7565718003662 199.2020365408351
108.9183838780392 122.7973843366092 88.89944992530583
64.12362074447496 178.8179337308331 127.3903280185048
111.8559997028143 119.8981292628746 199.3978044747749
2.578829315977147 32.30666505332563 80.92610286525698
196.0688412786473 42.34750495749073 105.8271896376671
183.2387667357347 68.92795304496212 195.1342058903975
25.30607373237007 37.43415775452843 181.4235414423331
26.29379584052489 1.101182911539661 67.52514058349007
194.8928744249476 11.86967588231122 157.1512204792716
138.5766876679497 79.09229122739944 144.0352772821738
100.8346456278123 30.13736401084775 37.79199103712226
183.5672746041811 0.3902094738779248 131.1893520806965
190.3175031892731 93.22914766238506 103.5188200198271
44.28719787101749 180.0596231199881 33.18561678813427
19.83667372040351 34.86025701503655 22.13316587303807
75.71813313527744 57.45312386631187 114.8800925749922
164.2266822355414 85.02632892937979 76.81541623974888
67.29988604755152 175.4358812205726 24.03884825215557
80.90699984834079 192.331318934731 85.92954899172675
35.6523437671194 27.16648408041803 115.3146502997985
78.1258094257617 78.49605249886338 62.31950594711047
31.01287931995087 66.75082346856399 148.5536936019593
99.50282829354738 78.61739190074466 173.3245517596001
12.82670359241618 94.03527392581613 50.85551576014475
108.3420077525253 18.64301117267351 114.9171214203333
53.99947236006199 157.2874538118447 33.08248094704622
199.2761547139956 102.3543261565721 71.03848493968671
7.07454088257531 27.68092381708145 122.0530668234861
9.284473327086825 167.0335387268631 19.42600302915398
195.4046761942337 106.534873440556 39.51303059924753
78.58654595688598 168.3156731813656 3.784717843752178
143.903809887635 99.00488907139228 131.2538803066323
154.3935537574546 176.4878290006841 124.5584158758107
9.517556529822354 140.8828631053344 166.3138897688759
178.1799354914987 155.6703048893977 92.5121384894646
105.4108627648064 16.73302731227234 18.10338441945927
98.73170381107509 177.5070933791481 13.6477087824038
151.6425712950338 196.8047138610519 111.6134112934223
26.09932871130488 3.68760537612725 7.049081106942413
16.96333552899094 29.37244660929039 61.62890939980529
82.64660806314134 99.64154001920788 114.8181954891044
177.3472775828771 122.1089432300514 159.9402796787574
63.27859592536474 40.31457712448621 75.41847224054297
97.80788316327164 151.113618506881 104.2163971189665
147.2783051930706 18.24774511720303 122.0620592139674
104.5948203293318 87.64432187090729 63.61592279838494
199.2443246023361 148.8349169558511 105.0451160516072
138.2929695090225 159.3198618171764 118.6924579238265
77.68772550608783 182.7202780913287 184.2885745781098
186.4597788105016 65.99154911527002 132.769457772045
159.7476145504689 145.679935608828 54.82507858727509
109.9513119420592 188.3337737501285 186.5450974078824
174.971944247749 90.36262823777103 187.3387391450671
190.9081293813822 51.12991740885987 151.4143748100624
139.4352609016847 169.0883434382486 29.9559456122339
134.2531321067512 136.3361139444424 125.3097174858895
106.6910189291548 35.70516028286634 97.74859277379323
27.37935363081715 84.38016760267433 111.6418415421252
14.11056299469407 82.24577123833807 72.01702590129945
30.35561052853417 56.68934064337311 21.44267057440693
150.024937578167 65.81302593354627 188.3654756405746
131.0233277770606 75.11218326416001 22.28988524060198
138.2423515412648 152.5021117224948 11.88494157478452
23.13504352489649 121.7661350303188 14.39175971580578
61.91279215502115 36.05334011268581 27.59921351890045
17.02934354418786 83.86252189960318 163.4835201448206
74.87638340840573 90.30778104244058 20.36184484885953
103.5164557003276 73.11733121625957 197.2361826374465
70.90664246956649 191.210448282182 5.972908642571872
19.47787946067372 7.525588661553599 99.53357047401552
93.83394608092168 185.1408176749504 123.8142284610059
98.7578922975289 54.10235818983269 56.75638632531887
17.11607006874483 31.6415952290738 100.3386441976809
0.4313168211571571 113.380652206287 12.82047646690226
50.28244093011754 3.960282675496717 5.317238538265836
195.8704907683049 81.56111979687269 178.7244550978995
113.7703841345341 59.20315367002515 14.25522997075937
156.9283676598574 180.2172284547943 163.5933341521734
76.46159168971592 197.8062910405966 136.0975168773539
99.70468605858872 143.8616206861365 81.15470039921959
35.15053907747892 111.1792930908979 33.68201982385259
118.2694885413302 67.75337341820928 61.39835769589931
110.6943554641593 111.9975229647919 54.38239084665773
12.42553828372908 9.814588114139756 140.511128955785
137.8511821142797 95.69925362669004 85.50911745468518
92.70855190260825 55.51312684121156 97.6731891422139
192.3842739729767 161.4062917508592 151.3346224397791
45.74036563935442 124.5119742247836 130.235631566057
171.8967918620992 48.50987661725091 188.5800868621303
166.3470123497881 161.4435387838031 37.61245817485528
146.0773565558933 69.55819926633208 121.1301006718335
119.152721888321 143.0043738989981 0.3225736758298447
96.12011367402972 184.6608735869039 68.68131311485573
129.9703271824768 33.60324220400874 43.45308556114406
178.3231571906857 111.0139474047301 119.5138614968166
190.1645591572602 164.3178178007304 34.1000847077329
175.2535417114529 181.7361070260503 26.23204476352678
5.624655943287909 167.3115968410179 195.4525934127034
64.72701197412979 58.13533886683103 37.2418029934395
162.4437452917251 20.1361258702387 78.976850394899
180.318230313792 2.153486499059853 68.61440758618944
15.99863254746797 162.2483707352655 156.8385572817009
64.87611421759317 135.6448615590842 34.3107353856729
137.0691363624102 88.81788062520121 181.7218374336427
30.31125315667483 100.0803620140065 69.2596415508996
109.8404917325179 11.08338940685023 194.9403373023419
29.61485410933989 59.1694861161584 171.5510402106795
133.3143404256019 180.8617621413886 135.689033973122
29.42783847877704 181.5737999353904 111.5696590747354
69.85414071241458 10.67780497942493 20.4050737458749
68.48510100705174 67.82408903380231 13.92213449306392
39.06632963698043 163.4176053265239 194.4721860659074
89.70667241126432 160.6234630405661 63.14027230212667
4.819404935186548 33.93431937384625 41.14488726553767
10.40570620537127 41.1335230715156 0.1848254296399055
155.0312710067852 49.45227775582535 171.1688359828208
13.85504794237706 187.7253233531791 185.2209560912329
128.5645760925242 189.321421659811 111.5733780973738
89.03312098001636 134.4279557194941 32.53903375986223
171.1148970397979 27.74884390013845 57.63901698207847
35.10196145755177 162.2337333369271 18.72415542760665
90.78911224348735 65.76097387981542 23.227197061233
71.27671363562828 131.5834029467945 57.49481472554093
107.6852153763071 28.3626447928577 74.66152545200542
166.9550095413614 181.8660154336916 185.6200724015925
85.85581185980939 162.3016842746921 122.1084466849512
192.0231619919703 105.7667775134644 139.6956752153077
3.817138856722946 49.65731144081523 59.58931455438534
161.6599306108305 73.34973335999183 139.3271249411326
122.4845168808902 87.33492190012147 160.2093846171787
68.2574495865843 66.02876642584775 136.3140304893717
39.92692976783139 63.36566334415661 101.144706599039
6.080886850222489 0.9526692971175175 53.48858318724443
161.6797836496245 1.052697063385526 3.613006812234728
72.90363701542132 12.1545205044476 97.37500821477376
38.22494490679994 18.9952303298119 190.4584345395002
102.1287567972067 47.4087854040964 140.0799403775466
22.75760000631941 172.6249381654692 52.42249889340653
114.3329755633298 42.85392303325272 119.6228417232823
7.605902739273739 75.92183731826621 124.4353051450617
197.1345943514654 169.7082076969182 56.70348847358848
143.7061572791202 196.9580409461682 29.42425415892511
189.5396014579015 88.0293896392765 54.0577215600686
124.0066650341066 128.6933976353369 180.3289207241699
59.57171533332863 140.7811733322575 141.74169750755
181.0960112377924 134.2005735780958 55.70564966149091
109.2816749160161 72.7338681886324 93.55299269803261
6.237827415015567 46.73627025692544 169.6876342067008
60.839224178431 51.99386652786463 96.52982613244698
39.0166781232706 137.6404032574632 100.1247026990355
79.76951078496153 29.56983165564023 168.0815402749323
126.0596489741463 123.406460411176 106.4984309957133
103.6544385855726 126.004553744704 167.402372439641
132.1439972567386 80.3152953273123 45.96065768006972
49.46847157812745 138.5984843782575 196.3502671353727
96.64625912778686 186.7404263487508 147.8455994494589
47.91331100266581 84.15071494087522 148.77900838445
188.5182447306616 51.68828505566421 84.76317158745776
166.5708816269704 55.78142863265851 123.3491690889844
94.20718512460269 77.47815518804003 44.19016494809588
167.6874345825459 184.7920389788034 97.95609602015014
183.6039212680613 162.7089305326597 186.3752297973247
87.82207118788236 158.7002648739514 183.5349712463149
61.85711909370498 164.4459813399571 186.2303495432995
1.618314014054576 129.4179429555738 67.86309505652896
78.78399744142507 35.67333644179566 96.85155073553764
98.91360325576197 6.707970983965571 133.8170887133634
95.7685310216913 26.27843485899782 150.1603645443881
38.68596394262185 27.84554557756699 163.6352517550242
113.8462017108007 98.95836660842319 86.74906301509721
184.618945383582 197.9964520851489 10.85921428675591
164.1227271930222 163.3780084999232 1.062240500643779
162.0862716523913 40.79962612962252 9.375478909655671
90.32218226808746 83.29962713727622 82.73098773359911
122.3442238318594 167.7152855360432 102.4662186455847
195.9435593450096 189.1448893259017 148.7618028980781
130.4480904725739 45.43890868284517 3.258181503694644
40.89393605921743 14.41050737784353 90.45860263843758
79.24628393359951 156.0590583937363 89.39690211710051
44.88336475046922 55.77495879679234 78.64977496176168
112.2355923730609 161.8289534267574 159.4804089218636
34.40923902941718 40.69503364284572 3.655575603815851
89.03188106212518 127.3767565316423 9.195576621812943
75.46534824907941 144.7328856296194 199.0438748884197
125.838769269301 133.3274056572042 75.06849017838823
13.26497704233958 166.5898467110212 74.55206962195489
165.7728896175092 32.24384480272998 129.1482260177148
198.8079711511907 176.9455837268704 169.5361666915899
55.65326134810865 195.2014044432863 95.68255725704879
72.21652503203015 166.6074248633795 46.09084249043077
76.23887158613027 63.57894273647234 81.79849723306293
63.13945797811909 9.420433753086526 119.4093731193109
59.28400462119711 133.0572236026017 164.7390734257417
35.21360263350753 178.9432556182449 72.22362247116277
111.2864307741871 64.60822752892305 157.0506368531731
11.41533919900863 143.9243090962646 84.64894817517083
15.99627437859542 64.00212187007348 105.0463721933736
144.8828820808014 130.3446983594828 192.5763156140957
107.8846648990248 4.210463073905071 76.88521346740778
154.008683654117 149.8543463338702 134.5565788864129
169.4208250336492 188.8222969110552 48.68695848262596
83.14960164695101 142.9279212630555 136.4455110963091
109.7292556472657 172.3370129037704 52.84373134437402
129.914280441885 67.65658179447185 172.2835012098014
187.9174252245226 152.0862319175387 70.595220577747
166.6993810695148 4.402538521836765 27.29958672377512
