3 1024 8.739571232202431 0.6699999999999999 1.4 1 1 200 200 200
29.54255216211176 148.2117139440696 163.8570981419387
190.3006484597589 20.44392747864347 158.2362306039026
178.8176751273964 22.32128242399136 198.3384959193828
10.86368285018465 87.35184998708984 99.13912768187556
33.12871122466029 173.1969183869718 26.62160992993661
64.99956915583516 53.20254484491458 106.1930153888657
111.4725805746862 192.4322273195903 160.0814631482107
58.32472825131984 80.57805842414578 83.25918553862667
121.6300866507721 64.97938832107916 35.05989877974277
192.5168719238269 26.31657642191089 13.32226626693972
124.5516636590763 112.5123446721243 5.406911304299097
156.1799475881186 166.5991450332854 168.6735057780825
100.0108154930976 175.788410568686 83.7778090258235
111.1029092422294 86.87354103298108 51.26277152431306
8.124083941830097 60.28435591415062 51.16877373617539
50.06370465337054 154.1504660890986 163.1922910998575
57.84262832722011 125.4339684765748 177.6323739414013
53.90846925715127 41.15233210145698 112.1607677384894
191.4657692572033 116.3086611477785 87.105227232389
172.0270195634138 123.3375428312552 87.68547158811874
130.5936160563358 144.6515577623567 162.3158244789338
85.72812276323467 134.3923446446879 163.9500307425273
113.6273161451726 69.87322444535624 124.7068896448583
144.4407826416028 145.499732518595 108.3859965131972
166.8833387661626 167.1693611457618 49.8308133585527
60.86148702127693 194.7409124180921 194.2238486225604
130.9845464712077 19.97597555583418 195.3648626001994
91.27892949810803 40.0878792628128 89.61192755126777
54.40130325333853 199.9643119917616 18.37743415987087
92.6649420078374 180.0800615362628 68.556368205383
34.83682665077762 139.3365268359432 109.4233669000645
52.21427774494897 30.17146341929944 177.322063771104
8.710910547364827 21.2517187085924 63.97527883115526
165.5143932536843 192.0578068014203 91.83690181742543
154.5908008887401 62.25291175091456 101.8405138143913
196.0728753578656 24.95665929079149 32.86717194727294
69.44854606775029 148.3659686385968 104.6977078439695
198.3655476517035 14.3405724659758 141.824437956318
121.3520927938012 82.74615905825964 194.4646509137191
68.67749111291553 15.60183127120859 63.09695837816008
112.2405923055533 59.26601521893296 138.5132217050621
190.5052788752319 11.83722578368475 108.0629913052448
16.41241194281011 55.51839843897198 106.8569588139098
39.56690628474969 126.820266506768 19.15026797407742
198.7282518679505 38.42411944091526 128.5236557717188
147.5751538508408 23.15157591738589 44.57939518101332
197.0366460263211 28.23444068780354 49.99486806725612
58.37620581733817 185.7552416809093 91.77353816762444
117.9300083108862 102.3171157943443 46.783224152164
98.07616229846728 181.7428196062878 52.02172144674108
180.9055804396162 164.4962659159076 153.4245131985604
194.2133873765812 61.60426352420491 161.7666886834779
4.153597247073655 182.3262306409239 184.4676401321692
21.23222318739126 131.423393674324 171.9187742592008
55.48148184331458 89.49568650474809 174.674645642145
120.8386718677345 52.80398592477881 68.02888047873385
83.07794886995804 63.721668760833 168.2850998910664
102.2663798616474 140.3947096584362 65.52910699739354
120.0247375783009 104.8373657416775 63.93507372638991
85.62260842630859 174.4630710725262 175.6542958747179
100.2747718428247 28.48095116834193 56.15264595867792
139.5164512225459 55.42974785806319 195.8819371796642
140.8185411590383 116.1378848384639 101.8445205410975
99.20147544192275 164.1085675271318 48.11147440006862
63.45828030628042 99.31736160872322 52.5511110326031
156.6657413691265 169.5540407664941 63.75518133343684
158.7014235758162 180.1951804583731 193.9443149783236
149.1914177817508 62.3095523651191 118.5205802772629
128.1719403984174 172.4499335682058 102.1196397958285
195.284886026957 91.73279377699498 55.76708072142811
193.0387184694258 192.9186843687719 109.3437423920923
49.63464208519092 96.74114380345847 136.2881235552604
90.61612891993249 43.01227376407148 56.2136738802557
110.6331012614563 67.0423151306546 80.08623102413469
38.15922495469764 42.12137213663041 172.8087585191987
131.3697807270002 180.6170442006707 179.3160472784291
187.008065101317 75.15594646718452 28.26213960094508
129.7905266746752 81.81288814065971 124.0762508214286
11.26892448855121 64.39454857012845 159.259977150389
166.9448178048704 127.0810120628797 131.7944152223123
75.71521286585502 112.6606505887688 27.56237610071195
60.92281918172205 159.7837732311893 114.7563856102714
68.37532230123558 4.11535481114606 159.9753565955455
178.9559823145966 138.1052022869498 93.84518157642682
42.34085531498029 35.04624619375578 100.6132110009809
127.3054994241287 139.8767888469758 32.7340289128472
117.5890046453656 102.6691450916361 81.86243534998937
118.724622428994 117.5785125828637 100.7799980005629
166.9523226554348 42.11828647960071 182.096421250872
174.8799473315311 118.9308052146012 104.3500043283328
18.55206017598417 62.90807538068304 184.1073554587599
140.9909303865557 3.554591383251101 78.10064290551838
197.449147718098 192.8368349341663 11.59987435726031
40.67790943810016 94.46067889156122 79.76016824686788
83.08583522294435 193.4637151981221 62.74274091079442
193.9901293060307 140.9498228271698 112.2386679121633
121.9408963992732 54.80230986521458 178.1772833766898
119.3538531425649 47.55790493151774 127.658061434398
188.8277488979545 87.80774644493845 40.11396803708046
98.63129338160861 12.75991169159394 149.0042973754061
81.93047466912164 132.4500232337237 127.0344159616732
143.5373597325846 92.64057239757949 161.5787967590157
188.4786083231095 16.10599656212201 89.72569636640901
143.6447148813926 5.284625365086586 167.6182259782491
68.64497392121648 113.8243222192224 184.8623860667539
139.8897083973166 77.71677002235226 69.84375364175804
97.27061013399467 100.3416548527306 48.55856084645631
50.55640603763625 6.093044169840115 2.471902707583042
51.67079874304881 48.86108806264472 95.45345976879484
63.84132411687845 158.2566009923949 176.3893604526631
29.99401891322243 31.52311741800465 11.11218203723203
151.078232478332 177.5729291465462 156.0632618409923
122.2040276668532 100.120459920381 193.155123587044
180.0236294755069 54.40278195219525 12.15493514325545
126.3317812162319 70.23551555995655 136.6974900719037
189.2753605434684 151.3722055540926 25.69036082149406
151.4664805839606 44.79998688105489 118.9677890870926
135.4432632471869 182.5086278554587 65.07490367174918
97.36138747401372 13.70993055013982 166.3222530892637
23.45720791074359 15.37971730635324 13.57054796853259
158.1854495615024 193.7376645965508 44.32090994043617
79.47850415263433 95.37531896961553 194.4292327634505
66.91467413265708 27.22561584402919 75.83683224372547
85.93564271463009 100.2303228352297 35.31691258766332
163.4775451681633 165.1603332080415 152.8663580706627
181.3242993489275 84.62721854756093 176.3989018118007
69.66976221777861 7.126193329889813 100.9720553832887
51.27178530509908 147.3325409951642 181.4469423170725
22.16423469218346 4.951972638735165 51.58314777990496
40.45014827858937 94.77388340921969 181.5632766420032
140.9604231595571 19.78528938091641 181.0740038637409
169.976642591679 143.0211995251771 18.58158910504934
165.7741228887631 134.9931968695271 75.82980534580585
15.32232213165019 128.7725788135124 140.8527191011674
143.6971869541151 139.1736316775902 70.72393016791582
119.4245325894207 188.2704497787917 123.0424269172174
85.68723478487074 99.25827484868293 17.98544583490136
39.87010933396191 18.92506662606397 38.81812373879352
116.6487214022907 35.03944765898108 68.15111685219965
112.9696332261758 134.0656946086063 101.1366983303899
176.0110128713783 194.0395197288807 105.616263342642
73.35869021697899 175.4315280405189 26.49414166809062
44.25422084916341 138.503868595975 168.1964643887079
47.5795571936332 128.2827196501683 50.87884944256047
191.6578430430934 17.45849354357053 63.01567381051149
134.9440362108266 7.304178561618014 97.35374943269105
194.2703996043438 117.4843879451834 167.3218566627648
136.427341656075 20.82825314000581 164.3065286559477
97.89716866168611 94.8744993200161 149.5887281066191
5.178374362601802 199.2812915978821 155.6129072881628
184.6150494286957 61.12074361034301 128.6653979829745
80.27648978563866 48.94861590174466 198.5967646274671
7.025361392984845 151.5192787505802 11.00466578992568
42.44620695996031 186.6784764112836 18.51325684525682
18.06066254439417 67.76289426210789 89.32709500972442
13.68953628672712 67.05387674948759 119.4707228357453
85.29412225412283 1.616101284479404 163.0947679422288
65.19820136475504 58.94122462778055 198.0616119041355
196.9681601190389 147.7115273569275 40.895876819799
36.69661846402703 1.931777334205974 12.20666275485172
196.4918178746153 113.4423915643588 187.416847604014
26.06995857504453 152.2002323525207 67.58274027841519
65.15882038693798 190.6417206153965 28.98711882203054
99.30312919794996 72.45839573790511 197.654688185051
150.6705160814295 3.77232948499024 124.920597225945
81.45925243681026 59.09015005066939 30.90867677437574
100.1762205501095 88.72988769172109 171.5665761490368
46.55667430637427 64.6316885456897 22.59036499979874
191.8841486095463 196.627882942336 62.39973649787549
144.2670872749816 160.3802957134888 97.11165978749925
8.722870246966034 119.2739670722508 199.9198485661724
191.7926051181034 184.8211453180866 86.83929680543717
111.3021076563107 164.7593217034363 35.58621103791326
1.415957896579147 80.22110742106295 195.7441718391558
4.520852290964706 142.8557103325446 25.92591559517144
122.3456245860114 76.44474459808187 152.5419055545873
169.4058529249349 139.1864829016729 1.655672637320338
40.57746245525716 59.27942720418987 65.21692606368612
14.97044989040361 95.16688167699796 71.80763125897906
70.23348078164754 97.2425609166236 179.7756520510604
192.9738555794244 137.5448301192975 54.45418020899142
65.2947983822326 76.06843432898204 188.2484065484606
71.03808643597975 26.51241432691745 31.08050678136131
161.2393303143849 124.122596371294 148.0419974047082
117.3122942370954 65.48397133455954 18.25894035420841
160.621257582624 46.06611159086395 63.87985602523677
111.8209703084913 134.6178919904653 0.9237566376073395
32.63433277744527 184.9823214837472 111.6608304565569
153.1308202046439 8.434680993076727 52.07542211021808
173.5266690817574 64.44021853008765 97.33663326492736
159.4665182431764 192.2296995536583 134.6572004918318
162.9324988508294 184.9657803384124 58.58251925082666
190.7042391474572 178.795417772166 155.4502503772027
173.3394401761983 76.5811891923596 137.6679983037445
24.83958577469815 69.20164001340623 169.1099099645931
125.9578156215917 198.005317583213 1.741060585342314
108.9546222110689 103.3045678872026 8.760079413628766
87.33331984461896 10.38864216133042 61.85347621787761
58.37252837855772 116.8014442794135 145.6437534942668
161.3920986670574 113.5874042159387 42.91778441258214
109.5978885447363 87.9020807847098 89.35595923462984
140.7951071105783 190.1483308036398 195.9229918345482
183.5019954992524 7.007424325573584 183.8935774519586
0.05582447006866845 130.0559311838709 124.4259968981444
44.47368103206232 68.07088498374263 39.58683827313036
0.6436764487819714 100.1957545250259 108.8838923157342
0.3757466021933448 5.678853741148629 125.7363429223374
76.19314087881459 133.9581337338717 65.96618227514463
158.3103072991747 30.29347443523269 96.03077972609178
105.4543262819624 6.493946641407658 13.98257674579496
191.1717381239906 73.14464559241195 139.9383430131757
152.7801185582168 44.75782988295222 191.9381207134048
160.0454920956815 67.30586519569565 131.224832174186
89.24042014649378 169.7189659456731 34.94167576555938
107.3701859854186 104.5975253345822 127.3506931266963
1.958146086240204 71.29495084329136 36.41905033354359
97.85015633611353 16.33984700709452 86.15631849298535
180.016190671936 127.4958031961926 194.3484591225081
168.268017598613 44.39404648583474 98.53759108022693
196.4030115432375 179.9494111438224 199.8849652521312
176.7298355178886 101.4560915220423 176.4812248149165
81.01820056047727 66.32050176110015 198.1548785150002
103.8211710278932 98.53893092434454 64.62747134625337
82.90555747268679 58.60546731751737 74.0830423748988
161.0851645396532 116.6482441032459 174.1877509918961
77.06554707179421 127.090075278547 177.2471332776311
48.71858724940453 51.24702795535404 37.99374590359752
10.92856450980304 138.0572011489096 109.2800595028188
103.1715016355822 180.1876768171828 35.37628995477701
45.86616895849082 113.6094471821695 133.9039455586129
192.836333018122 64.80188796392152 2.511300378462986
141.2009595769149 123.6166432906124 128.8182784278128
178.9598684518435 37.05119746909441 11.04527167694583
179.775149361124 110.4873660852897 33.8868589504004
64.09246857185549 20.61059511172756 156.2144552894838
37.00704014084511 144.5544094518945 56.30659642514286
4.959793335552402 43.51131765613876 112.3227755446771
142.5783705034055 197.6667115985795 109.7382586772092
141.3128767550415 173.2555736630667 29.15848509441258
4.633727128101995 127.2795862171131 14.87425767499735
98.962877973261 14.99518499201237 45.14349813846617
107.9781572877483 39.58401220117024 138.2657427426614
87.11954433423445 146.1273927537315 71.94090821109256
145.289906581639 189.2565982120783 144.4232191887725
13.3518568563526 175.6530252923913 2.928415640804085
7.23840382567439 16.56968273156504 156.6706771526544
44.18106487479007 122.5742702776616 67.04193551442749
31.24205709537939 73.74529752589744 62.909044240551
78.37252541254003 191.6856836947655 128.7928954753413
68.10047201713606 176.8047887191958 58.71063807928957
119.6257963120765 143.93145244715 13.2554477322115
94.9120610441975 111.5948777006737 137.3671010409457
0.3070180869653258 198.050775118693 94.32882089877069
77.34999694564466 44.88621043436567 180.4842499893123
98.1925530646915 120.1884706363949 34.21926916659331
16.15232003515874 108.085476312133 108.6379775414709
102.9287665353564 1.521481116867015 30.49320761984849
49.77892819861219 108.879465521106 76.27505141767072
95.60940338414365 187.9218094335317 165.2910565440154
52.25961985736457 169.8330792109705 170.5609286413577
29.38327781018339 101.197832059051 169.7795899177419
54.92882466622369 182.4683053567053 182.3149989398256
199.6376325193134 9.166857232958433 76.18600773584942
122.5601630044894 46.65404439083353 144.813248923982
182.1846123576643 9.096488984875167 75.03918402064657
193.0846489370396 28.66145021629457 190.5129393874497
47.41166167636448 88.09006108282117 94.56174113208304
136.7282076086119 152.9647730616686 83.4064991748775
173.0567239715289 57.87700837461835 67.13005175394846
158.2358503108872 66.59326223464666 64.42013189191243
83.87471240171266 46.98200563915375 104.4516619489728
22.65368361440202 164.2015496723318 162.6933463203019
156.465172921518 130.7962107809027 163.3701661581261
74.50851811911069 5.096694935900969 50.46231925453816
130.1742111376816 112.6572943578276 88.54980677093782
30.74856221919428 90.95038150941083 65.81215954681404
6.539797363602655 3.996025991979006 109.484699234062
45.92756849683525 194.0598717913118 33.96692074023687
100.8440421385947 67.84368699544518 113.0329419223994
135.0520203297776 190.3712537247267 130.4247529390636
114.7886022016768 12.65687564635174 36.82170206185581
158.6355761703085 91.77155518175485 6.227640172746157
179.5331065713159 39.10344330449013 193.7312327158409
97.70147960453845 84.9948537906596 40.22303454028942
118.3309627956924 114.455771457083 117.9799080581467
28.3389301103712 29.33684800167612 120.7077327273839
45.25077083141981 45.67691403215585 54.17481190131805
52.30691105935475 18.96018221965475 190.7968873782792
152.0152261793963 41.1253066115378 49.50007628530684
73.67956374188851 61.67361476814281 183.0516568032613
27.55130697737713 116.0531121671092 138.886028578963
85.86522737422915 34.00987042840769 115.9877321930712
70.1791035212284 9.43953840415668 195.8097807268227
24.53601100491181 16.16706505708519 154.7804329631489
80.07236624210634 122.6228715957857 194.6704223939705
199.4841687634857 57.7910313304667 187.975676166748
118.5220615546406 173.6735145637824 159.4912827959583
19.99812310959767 45.73631788631576 181.311018065164
8.818085229170537 169.2857222385028 130.855776638251
6.729892514346798 124.9731110992951 179.2224457179395
100.2420095474012 67.86349048335931 15.53487130404785
104.7267205886711 125.2483507335379 170.6382474096927
24.72540482482262 147.8121807080645 120.8838999962038
41.47307693378561 144.6106098220648 124.6817248413592
58.949891636233 190.7321086518653 45.13384545539754
90.47198984831412 116.0353135798641 18.88268817754734
143.3806424379979 74.21176107970904 136.9444066664681
175.0393779274081 126.6662253875044 15.43196343592378
143.0232786180217 173.5500608663999 190.1824665679499
183.9619757363639 179.1294894446537 101.296972449154
108.4752991801174 28.6036491856258 39.91061386109033
174.904415545204 68.92839787962696 80.53051570583193
186.7853421348328 73.85738009666593 188.881872481395
2.166827128818137 40.27153366486742 38.41181584543895
198.246384920393 73.64801496105552 124.0340352952682
109.4874363926498 43.57789096537699 189.6238034237236
189.1814012994861 164.8416797913597 138.0582862577126
132.9390871581305 67.83218139572432 184.4140776039488
5.906548841819681 125.8717828170152 55.41301004954798
92.18994229306961 189.1570999264044 182.1820555484095
56.37603963858081 124.2329240341426 81.16645791998222
105.7732123615047 44.52917741744655 172.6563012011255
62.26478754218982 98.09363338427336 70.61732052609692
110.3907752736082 181.5646285269445 71.02943109827862
123.6683755387734 21.0084394724018 178.9629907326692
85.35315406200381 168.8153358746296 57.58607368990232
165.0787424657902 87.86850960052695 169.2460306184832
70.34461066835922 36.83193169071116 108.6250883438361
107.5284901963172 9.301025567706194 59.16317690682239
181.7843162891744 118.458809402207 179.4995352147895
127.4987884117358 66.92098098322113 75.63194375944569
9.382976162951298 55.66371336709208 34.4180959084559
169.4543399014821 124.4151437779026 31.82157616535186
16.66147289069902 103.3667240204407 143.7060545576515
176.6024303464646 117.5473136580488 143.0871926895941
1.972494751729687 110.5312969275153 23.70403591237056
149.7505897258438 169.3985405995923 47.30344210467904
126.3164212503195 106.0598166455872 31.93224370582195
4.065187958910407 185.1187451487375 57.44001293153273
139.7282292026131 77.65399338936942 153.6896781531712
51.50354530941469 125.4116156687978 159.1993802708525
129.4932245456511 41.48171122594753 78.0616578624806
102.4373168940283 19.21332091225444 102.7428211391059
107.7126031211971 27.49036739957941 176.0068247084341
19.46593704035499 41.71185233180584 37.03880818613155
192.8117018525695 59.66726050183404 22.72276141522051
95.38695684141089 195.6657462779391 149.6923083888233
113.1031941558471 149.0193138974382 28.48679588282765
37.79493059344239 55.97033587677726 143.6836336467961
44.30667318790608 13.49500252336801 22.85459043393157
66.60862546528381 36.48879492627147 169.7275697414082
21.62834443848746 82.33242904607808 6.626902240356837
132.2608350925528 62.22433376193853 151.0448380055845
99.65454404771707 128.5915663905938 49.47152441447013
85.95226728335427 82.06359471244242 3.57040364443331
117.5411200783466 52.14258065998361 85.95036916634069
55.38133566004016 143.2449239301018 114.1986745062779
107.1490111266903 20.95315544093609 72.12892196018873
107.0875807326257 80.92610899999269 24.88916505340423
98.92692941022248 89.61253092472069 12.29708474290663
38.6684117915538 166.4362919509997 63.29584145848814
151.2802084067384 140.9878044604504 195.4368648949244
90.42422809923791 178.4400423003795 98.08472915435676
199.376186778367 90.67690516514939 78.0726286464686
111.772149453475 78.60452052362032 8.248843244228038
180.8376116903833 22.10644702365396 50.12050900092762
107.876654629993 14.08327983223666 134.372266338197
8.775704043244881 55.70103377092748 17.02533951634701
153.5622091697411 65.74504706676795 196.3240499344367
150.8796370514176 122.4997705989641 190.5728027981494
28.42106822445565 179.3951415992575 11.05267634896149
150.0130605207039 59.1658286289158 30.01672841788861
169.6087148562396 52.76595601123086 49.30833297474018
144.0204485947895 197.4149265601095 62.05653808208027
98.87583574999222 38.16538980016186 105.1541978422643
79.59662467868201 133.9216199327838 7.979024469570785
21.75425394831432 188.2797683702628 187.7733863112348
131.0902413102018 72.50382850866613 10.15950621313154
129.6951257091334 64.73251005551629 120.4146540495305
123.161046314146 157.8602859677889 153.7018689959564
155.9513696584568 57.86977630073124 180.9188234453451
116.743722208722 23.17323421294883 54.23551636206952
159.9263067790082 197.0754153777314 111.7027238651121
137.2044261996407 51.67426474006353 111.6280975039475
166.5535457288782 7.926095974118679 137.4378676723004
91.06067391578803 147.0059676562259 130.1630535883269
194.6173839934669 92.05163672607857 94.72591703581342
80.69899087578813 172.8218903328419 10.09818576301271
53.90540741362531 167.3784544659992 54.84224310040808
94.84607319644036 85.50852617119449 57.45782015092815
199.626644814957 76.79253694011332 155.4020089203733
151.2292845100814 37.53764232133985 176.1154864608109
94.11717381416088 199.061820525268 50.40846911246275
54.31102600458839 106.5787865226392 177.9880011141772
21.04745174275592 54.97492541063228 148.3306308219179
128.7375587209817 70.59778708935967 167.6641434828359
183.4556447003523 42.90197774025074 136.5684777678853
12.03817366345896 78.78467095392963 77.23405025767362
51.46552804421498 36.88527453495571 7.760918873390684
193.2011175493464 30.80353782063111 144.5031028699184
8.033101361216119 70.40884192701495 103.3454054218414
139.9328968196684 170.1282855896809 83.45423817037316
39.15424095085358 198.5669152599113 84.16312466626884
58.53224121758954 2.801544182595463 88.24732546058453
119.2089199124902 141.3521231785855 149.6058086700543
1.003353309473868 56.434677353849 125.0149495257041
43.67554553820391 21.36392358326995 7.417172193723925
7.335495734892977 54.16735263861952 172.8267983775636
10.85458461338661 194.010691201845 44.04503109078475
156.128798410712 190.3728481117306 7.759213780048976
184.6373572677343 40.84363311258695 155.8565955034813
37.08207263625167 153.3571144704503 22.54891694151387
7.91585049076673 198.9214609209812 187.859434884004
97.12012151870685 161.8497330586643 123.3515921432968
29.81946491790617 69.93167419109612 150.5368417312364
184.1816327464112 100.8088974132413 83.81852611563379
128.4880993113405 100.988898400247 158.8105211648944
123.1668183862 18.72716242457519 106.3201251371414
135.018378660079 114.1797172874963 142.6954920140801
104.5507128068978 199.9762239207138 174.1947929955301
51.17289645832624 38.34932930609564 161.9703188800448
125.4598186564143 0.5511593453326655 30.19170153609397
122.3495107977724 178.2024299150865 35.01474735289955
47.73600296946292 183.5917901789834 56.25185808482055
105.5735316207144 83.97258095494796 117.6409115742174
144.9741702414177 16.10364066747137 65.45544682546985
89.7770740416067 47.70343986090709 166.3805594632847
27.53747033171973 67.73275085808865 198.3025847687953
3.86181289304719 131.4352869209207 163.2919060922504
31.03612388675322 44.77543950221285 65.24300428719013
0.3542904473502183 162.0318134739686 88.91695003743709
180.3562891263088 27.13451905551835 25.72941353250518
160.7777680746771 77.60997520039001 107.1955057181957
155.6305130058656 147.7472052919348 167.1843225999788
170.9532209966772 41.77551371904913 25.78863550465974
94.31320310606478 125.2082658333976 4.526855337576287
14.14453191704926 141.170826362808 153.0879066981402
91.25392312313986 106.9126495973428 2.527623451688776
80.18280306384224 115.3355519539935 124.267087043259
147.0231731971917 16.17472907259776 88.57257139779898
173.425786820084 169.0101129924512 68.64804951108654
165.5080393650449 11.48537092452802 119.8729103294832
160.6018629609557 97.07137942231051 82.02899637380213
167.320736531023 37.00441984629627 42.1626170895346
190.9008084339113 154.0513670739303 123.3427315019908
144.5392194301894 3.120863659415552 184.8127355508933
172.2863505596115 140.3350485040622 60.537467497568
69.29617290947289 173.417497586083 169.6540318416834
197.3201289770122 82.83494284509287 109.2148982073319
97.32894946881311 154.2443169205275 33.81855663219527
50.99408666344811 30.79649149189895 146.2672282285417
183.3020014360438 199.5095744262519 90.75317940622381
143.6143181604897 156.8066883347795 175.8173816922543
7.622127137084862 4.06806451382 61.17066365683097
186.5888227543979 192.9140552818194 193.6287080889429
44.15614657832934 169.6838955274674 12.67399630511553
81.60201803761461 18.30483305020263 160.3204138352014
125.3532295843201 196.657654752407 107.2523285041521
184.6304291943747 35.90662824163964 40.16547549399646
10.23953634960764 65.66748724777742 199.1775725345624
70.58508205309049 52.39433538249601 163.7372313492376
113.9912680614123 128.4391859354584 60.56805748657143
190.5202233760385 42.08848493164957 23.98604048674168
136.6920675418465 70.28595398731193 27.98482545697184
72.94838918561307 0.1470770188350734 16.80613290769855
47.33315412826817 97.30076736488257 35.49626945996501
37.01519896873688 161.6133703653126 172.0627970762086
151.4607285551462 107.2596463944107 65.65660932494463
174.759633195648 5.796940864659613 168.8623345390093
52.3027828904779 150.6119333256989 50.43627427287829
29.83415959771189 28.52037971507675 28.30806555759609
41.43933376322912 120.0844411088885 89.19600818427861
158.0040763226648 150.4800548730614 8.430650164203795
139.036821109457 171.0659977302772 166.9281265389605
188.6094070710241 103.7482572757694 155.4376996579508
184.6770438953437 42.77710030583978 119.1673643151564
22.61913932328279 89.20043687327049 86.34057083483347
172.8194022006957 196.5089058835551 35.34616183272011
39.88150021433756 130.0012012958815 134.0905109134819
23.87567127668733 168.3854802533258 102.9097123664031
119.1785966713 94.76104635137975 119.0970448512513
46.63051627209799 81.335421873038 28.42103234577558
101.6265518541084 137.3207863111803 34.51048844644625
151.0839605829449 45.19391226188272 101.5218625927664
153.7342882336831 98.18731394863228 45.99592804394345
107.1327552269242 112.9800049464935 55.44868710453159
102.9014078043289 160.919545737956 179.5375230384586
67.70042017093625 20.08353839235259 112.4904498749616
81.77515783911197 58.20657503605009 13.53127790356537
84.03379996175755 31.87418396410508 170.9686493542885
3.390457647739387 41.20504540718773 184.0943856712976
34.3116841040248 55.4074066975882 183.4145148822135
149.4512091793048 198.8287234459478 92.6400048420263
131.7775705410426 79.02453391787537 87.43119968582438
191.2044239184416 94.17670582224568 122.2024013686275
96.22814388738612 198.8433597532413 132.5326650848755
160.9236241785941 5.752106415575799 179.4795162529434
111.6886318703791 88.89258305274866 158.4399012451709
84.02294494325038 86.34849156033293 143.4792738870328
161.1751479569474 2.254320039833308 19.51230205482759
23.42302091558178 52.16982993304606 165.4233190230319
177.9009611818644 150.0854125226026 191.0011755852599
153.1536496827092 58.49648976577231 49.78887410517296
149.4610062333077 186.7440267434311 121.4418326475746
186.1184748326941 106.1917928926649 100.2683535914696
56.34377042592773 85.51526571956077 44.62135605852786
36.00695579350432 38.55751758836676 41.26889609481691
133.8210186972563 183.3537733989758 114.5062366498299
193.0785833779309 74.98651025289323 50.99731814023696
173.0796543996111 193.316648186455 180.9685099014952
170.3727291897077 106.7126281384943 92.743957922679
152.8722299184299 115.2331118594024 27.76188602613239
63.8181068308806 117.4196432551052 62.8606017029635
153.0162427835874 23.05431571849301 132.6225741863401
16.45257166831322 147.0026864009207 48.53864001631258
71.03412135069213 162.1318432476309 44.11138347030281
22.37996266730125 148.8018924013043 95.59791599762181
197.4701867166885 168.8661607214967 17.53813457184741
43.73923618030278 141.285232068596 4.635486236765632
82.04964138540441 132.5763386997661 28.6680403509483
164.7203312220193 43.67508700609328 161.406930810367
19.86158265863975 47.64320283837631 126.4249548571099
194.9858362541127 167.9455556914303 172.5304109404828
165.84844375131 135.6420232549775 181.4292553383799
42.9826432060322 3.610042145147063 52.57442585523327
99.10921882290633 198.7506809282041 74.94448865705901
93.98662262462454 52.74465628542848 146.4999479935113
56.16034780559056 50.34598578343545 181.3076348991876
122.8713092961847 36.60026871333219 163.548846332557
20.83254153432694 31.46800187480862 77.69067714002892
139.6383849813846 52.67558437003258 134.2947173151003
159.122527644238 50.70164213712257 10.9969756415362
149.2646112929118 77.77847912305204 42.92760394341615
3.092981247785471 74.36562284481634 175.7804795938201
89.10551843705049 94.67592894388976 124.9136438985234
117.8767444016085 123.0634991467516 40.72428613374621
146.24270003582 8.551529247481783 4.663529888270941
169.3558041080103 3.690240009806244 198.7620985963614
156.8412360005917 153.8761133016258 77.57763444740094
42.04420542093825 158.6116981194441 106.0970225096798
15.44068957908402 114.2554513126287 161.3964689152651
7.756856845793418 23.3504016125311 117.2721226871041
134.2744915326761 137.0072484672035 52.22684053324762
14.83340525568838 183.3413126204059 26.50114493797448
135.048604522697 50.4770678985502 41.49038579140969
88.80570818185049 142.3016638734385 109.9509119805852
189.8275364844318 114.5391296579096 7.206219365324374
27.39572888232607 159.4240873009227 5.085529554485457
38.70820322463388 83.80674716016627 163.4883288671973
170.2013492206118 13.18783146783611 99.5027466319644
15.36114622380135 89.71985034990317 159.5542963767965
80.5613168307783 25.98831679097534 49.58226372792366
142.0320701924685 133.362338359591 147.3179246639171
133.1690511565267 130.6757992742725 199.5236879364099
192.050808760929 174.9131698295772 119.9855794765664
111.4076829121498 155.271743160668 197.751575725086
145.758666297744 95.65506457658742 26.78556383316606
6.452392572532343 110.3874119753071 126.9168359686555
161.9226319976942 157.7153634880413 107.5088149151308
82.11751314902797 117.0648551497459 47.03057967966987
79.78103537127872 155.9118050891879 22.4997129169603
31.46654632709229 104.0207886475121 122.2333511413307
196.9658416701807 120.7309456097008 146.7781026778059
92.2441527769584 0.05673288180337847 98.08793324760504
32.04961901551491 135.1218243818378 78.03782865640076
33.39153797854259 48.45258871930375 22.98612545118001
183.1099758675776 50.26660643058398 85.20789828045669
168.0939196963267 86.5119876221809 30.18780807451692
181.52822894716 7.131280199162426 19.67568867617346
80.13466609760832 64.92828082627769 114.4569735450799
60.83822017787901 105.3262530190069 119.7514302874807
199.8019280950046 120.869680945806 105.678287199264
134.1329186553425 33.86078945461395 96.96060867249773
132.3254727167943 9.881175615707631 49.97023800469243
108.6410820757129 116.0825964924825 192.3078237294593
80.39949406633646 35.94013925875876 14.98763014106091
167.3281628593579 31.78379850613452 115.0052242233855
139.8834241297525 9.113622490577596 147.4194240915993
4.040717546705062 76.06128949210611 16.11353859949751
171.2571236941192 67.35149443606021 170.3017223286755
195.1316106362666 7.820263244774729 44.83748666487436
139.87674258691 145.9395160175182 17.24341372911306
27.00596784052603 8.697474890571042 117.2434460001254
142.0793469126366 83.19884300994148 195.9424427752963
173.4638211964546 137.4402071583191 114.0100014412495
36.90476922680435 52.97459110851385 109.7569301284085
152.3831756901881 116.1578238593155 84.59297704895833
191.2498489078781 58.30303747371504 106.7130024714995
197.1016939815664 97.7883550232056 173.5079885522008
33.01578740944279 50.55065732803216 86.07613610599985
178.8781122489964 77.92484547463324 117.5813256807272
183.4820803839011 117.3119854167415 123.382450595798
154.8160690935703 127.117864101472 10.61337993679787
117.1249622030034 167.6209121571261 122.2179522074091
51.92706371594642 142.3219499097463 145.9742438383919
70.65345352271902 43.26562705294784 88.67635824122867
111.0117998564081 32.53837622143977 89.14866857736047
103.9508537686042 144.7276407030713 163.3698137578262
140.1794719318835 53.17224042404458 168.0045536489813
9.019040447570724 90.83551966065993 34.78513980615446
62.28111839252765 51.75215060800894 17.46518196377953
175.5900993932997 180.5083547555844 141.1129220967297
84.97158179219988 79.23874123235602 182.2370970666848
9.30312768424721 190.543337285123 77.00639265355551
56.49030803802107 60.33585832186539 78.52923317968143
140.5467756251903 163.8940972431347 117.2640449406976
153.1629112392568 73.9244646878989 15.5910074925585
49.57186718320254 73.22113652449092 144.3499301526528
91.35662520362359 33.12582243847049 190.5374867550835
110.8715724212136 45.84682185894989 51.16308860127063
178.0580992799299 174.5102000887316 188.6724447509504
26.82443787727331 126.2353700679957 56.036401779651
148.4742191916807 75.57928984375371 172.6317338729554
68.80463421536108 85.42498297145423 108.1451280590729
41.02427198339209 188.2891153498596 196.9679338508389
93.19395083951109 121.8814798707674 68.17756816411924
30.94756296443806 88.4988197471547 140.8932324238463
111.3467760585072 72.85251789628644 179.0750260615011
118.6815073732188 85.09656725765545 70.69147699157196
82.46656407779435 23.38670539858714 98.26233018590278
14.34438201694657 188.3119298444772 120.8383564895339
173.6461129009548 143.6933190788254 38.91467038185834
66.49333705126989 76.66527786215364 9.104697163836246
58.05655597394283 23.0370496737297 94.17856956146161
32.35786143811941 37.99770566693011 152.8025860243464
84.71448515903873 9.951316946466285 118.9759066709671
66.76544355358267 135.9907822373115 47.37028777176567
55.16270506363615 6.039073401157809 144.1624801288657
165.8580585572826 16.83229403833916 36.6566741060139
92.11282153703667 83.03273874753302 101.6465143479685
162.4201355217527 25.75775595504523 59.09534720036166
56.15858484333656 149.2917799648182 29.89552614668657
170.5667814291068 100.0964939862361 112.6156620544499
113.2199795505194 108.725893509753 146.8868686753968
144.3800150890241 106.5951243729262 2.50786131827741
33.52785046724441 100.4754079608553 0.368453972666905
101.2453687165637 48.27428940428337 73.33772570591265
185.6369967215322 93.94113953627181 194.7616166250125
189.4068779430528 140.0256011866111 8.179315736217712
110.5814950193125 180.3138804683726 177.6383260616195
174.2374098103969 98.7294817235742 50.22479600695637
17.46473901509916 169.0310823250696 58.6848205482264
61.06251981901011 157.6985130626582 7.568790432866923
198.584610614233 188.4038798744158 138.9758750398823
31.97916345362031 130.3631525406647 153.408439486728
23.96070622198977 27.070642662283 172.9497869620595
98.72433610835053 143.060592330353 14.59728575143495
9.765169986864718 126.2876738073988 76.00148947479266
38.01730619781246 34.22360222279183 191.9862315666157
89.36206279524436 188.1201252378451 21.7997029177262
126.6302409019519 92.81205240101112 12.15813266422618
96.78645614076186 103.3234242312141 83.63229667595152
1.258147865454373 15.27157284718249 176.6894042396718
21.07275879500566 48.17934651675711 2.042585480208969
30.24318893021818 93.28303634463089 23.38271084201243
7.427194388092672 97.67399914905218 5.181502023474515
28.69527051777754 110.9132903236231 74.97812507063216
151.1831624357721 185.8480051428436 175.3062713024228
74.9720822541551 46.92677996390313 129.6849086759736
84.72353416175021 151.152079395015 149.8569971286756
139.0694350215975 96.60279873793074 78.76695775050015
29.86866572874165 151.4945789875551 141.2865622645786
173.4011495654473 3.291302776251397 55.09773898858474
190.2791040668061 33.37715237644106 101.3575716924853
172.3503537240944 179.4982956878522 165.2920195744887
134.1271610639207 33.33385417281848 121.1225177069995
21.55262420274551 35.92895264552626 101.9892458988473
171.43830750997 111.0327461726199 70.78972386664577
113.9381178925174 123.2508789983739 80.85133727801798
65.67269521408083 24.73121503918466 132.7093356582097
168.8300208919121 56.00569621445058 115.9048141401216
121.3132288377541 127.4866654620466 134.2463879464607
197.0884924897685 44.383750352874 3.805875119076562
40.20346409702038 107.5050056082388 153.0982776910353
24.17209621132275 70.31211961062328 28.52469122977801
168.0139737650201 105.4879050125582 157.9216055427387
185.8767715150499 158.1348111921257 103.4463993795447
159.7433192422099 182.6263862416522 26.75236023189441
87.52366806021926 28.30888276494901 72.724202155545
95.04055273682167 172.8711858990241 194.7819941102649
132.1383978110347 114.2070384042751 181.5779181966763
194.7869656277802 72.52359001827283 87.35452998182426
184.5081803534876 156.6589482535865 55.87276044866999
35.7281329348441 161.0413612372042 43.4069060981012
123.2850261406215 177.51779062081 198.2933689214976
9.308427305602187 139.3719201077368 194.1824411523751
191.4841745410236 188.1890432198937 31.06201019846089
132.0468176459048 189.613898938572 160.4600640350726
85.30666743240975 79.28815899740655 24.3303956632462
62.50649286565339 195.9095568901129 64.99494778149077
75.06055751293749 68.8429978325299 91.35919277725273
43.67621531515307 104.641571199405 56.68431551435086
185.9874131121713 130.4673058146874 72.82218727236085
36.89112936746998 74.22620086491213 82.97847719582597
30.09331337941239 184.5447368630158 45.23294484560178
155.9723643375322 126.6046603127537 59.34997900087858
121.8006938821625 144.425870887194 71.65429256804964
196.1321917724676 159.5763469713268 195.1294551756276
148.4543928223083 17.65558569294066 109.3549480181535
32.78508138520019 68.2969604859765 127.6880076297062
152.487097926945 185.3322984478815 76.87993595168162
35.88714935616841 19.22836872198396 137.4631554210127
11.14056183435694 32.93158821562206 20.02448358931585
173.0030231462161 58.89298101731986 193.0431335010228
13.41150648416684 87.84138064115903 121.5104907414345
141.9292952882831 135.9956861164688 177.4290081373048
86.62811587996262 13.54862090150416 8.441744937907815
131.5374351334194 188.4320466090501 88.98044857305501
197.9362160279761 110.1336962128217 44.143775022033
94.33713872657668 183.9459905825987 117.8935652508341
176.0146121719683 97.85957301474322 136.0859863112899
168.3901050756894 106.8801995342927 16.83310800199423
3.524349049551044 148.8307315732985 69.13481985682921
105.4004306034557 67.82087452512586 59.79106377973396
38.21133643205188 119.4476616667068 174.2881219368311
178.4406929442335 122.9289407022158 50.70573858924283
170.5231596909611 62.36689960308975 28.98904959623919
110.4206013548723 28.62079212372846 119.6415947113288
70.60416949848251 158.3535567961862 68.11513577178566
118.1712206055544 137.1203260657739 181.4383160377313
82.47008784386546 61.67365542832375 51.67836483520249
154.2273793227993 62.83681089178477 150.8427518464707
10.2526837692683 149.2146084331954 171.894117084596
44.39669316776502 120.7976151209576 110.3780566123681
38.68992429409769 179.0372931282669 92.62651712688837
140.547745724557 114.8174441433299 44.60072714813887
25.00384927603618 8.201746395662056 72.10314159053443
95.4508803699996 123.4779662190956 96.59135445619791
44.04247254683096 18.71859534257531 161.8312570493616
190.0489505865752 128.2474098502087 29.83694806596111
134.1517990187353 122.9026351021372 22.55137659740583
98.21331928817234 49.55083730376508 122.6904654260445
59.32483317053493 92.79826625566706 154.4578400329796
61.20654503290929 181.7788278193546 10.52290228491553
122.5529948479343 198.4535087661336 68.90400006097516
58.16104619894927 62.0805603059008 54.28731549839286
193.6838930665416 60.84572302964153 66.24409179048125
68.71136813729876 45.29990831907865 40.03876190442686
157.3739299383343 87.41933950822448 63.80038051919344
13.40403155063104 26.29841596423863 194.9156561664951
82.11373717165219 100.4822128755391 64.44494247921621
59.83147114946404 9.607078175576195 36.177476824064
150.2836914017217 97.60359314513397 100.2483277219678
182.0309089185406 153.3450953994245 79.84607718310652
137.4988253096409 189.6266661454619 17.02296698492022
16.26925686976024 107.2030117682131 184.6726427446814
89.50970761330021 9.520264503537135 185.0053488361986
134.4893152232704 119.0901321825257 68.48772137244011
128.6753442809304 28.1300438806176 34.32319769722925
3.268956001745074 35.80774084210604 163.8572280387225
199.1220316476972 92.34995297762593 141.4734039644133
153.0264542972217 78.00238536988907 86.04217055312249
139.9568344434811 76.51674196127318 106.5304776856226
75.71870465335074 116.9303411685787 84.04430699913014
80.89884111648952 191.8856712433817 199.506275401431
85.27782009168506 161.3487603158094 87.16652593555771
49.19606303164544 37.9402816300271 73.11403821608602
191.2086026222326 146.6938215031123 156.9237140964249
117.0886022979994 48.35128246256826 106.826293534049
66.60723646053087 85.23055595507165 132.1250801187355
158.7838475348057 159.7152762335239 189.8043877257882
81.73965191165173 170.6872032178785 134.3448566684517
67.25500380617669 33.12364755578638 194.5445014158891
99.1487085095405 132.5561071623869 142.8180472231031
185.7801553530093 48.40851278363363 175.348330574959
17.34766834596596 196.4266860585985 6.323840929020841
106.9000275714127 155.532209081722 140.7481336431461
76.75427359806304 36.51788738421327 151.5807762292891
182.0570490178365 40.19966453268757 60.50036264614871
19.51538544810286 103.2274292474936 53.06675157366808
68.23696150226174 16.88068676374254 176.3950189053584
68.14201790841499 113.5786746242941 163.8987066151357
130.5679522161778 9.504863452206177 123.5631513632648
0.4583011025769964 168.323832884184 41.71242882545375
195.4912016042962 108.5257448452933 68.09953071922229
174.1126775146012 156.0617721686523 171.3218605845045
176.2742046013776 189.0374992238002 74.12762673728719
19.32732289955855 167.9709583127437 183.9722740147255
151.1156702840017 99.14064515066644 179.9000446461925
93.98012989900275 56.76802593408448 184.7955043717694
75.63323848699561 105.4549462659959 142.0999653901971
155.8832735025937 158.3199562592919 30.58765177292145
75.26528917532568 129.1678706052736 146.5530675775622
108.0395357173818 4.180322296851298 116.0496721816764
45.89929627104609 165.4358573891848 190.4229972349727
34.11462574084788 17.56753800905411 92.63256702313676
59.73152464504732 128.0294918667268 127.9017242561073
155.3005929511224 150.1819262210142 53.51558043007206
172.6583484490079 28.8153650833456 80.94258922366699
32.13048869464372 10.79919062018444 193.7880709126129
45.01517268396815 73.26648688914118 184.5003290033854
52.36581986054468 178.8597097230648 114.6533576105654
150.1926313335231 179.932212332372 101.7041168172855
130.3504148746573 130.6452465787279 112.3275347133778
135.5245117182263 93.39850035402711 140.5690100683744
117.5074797701042 12.46768875026473 160.9937403850249
195.4415327370015 171.743858383225 71.04915420461661
124.720947464645 14.4780598059129 14.5592542545304
179.0482250232756 25.30582296507055 175.133739357337
32.02380079246349 185.0841801368963 69.88612856620307
196.6198453032721 31.27026241553041 77.85364055229512
154.1585962132961 108.4215279852272 136.4093465678503
112.617616814173 86.64293788388919 137.1710069438602
83.05892932873579 152.323548162823 198.6041534841126
111.9484998553073 105.7815146726379 170.773025060303
76.26682139911216 183.259667044836 81.18398277215016
43.02484859935177 41.14514096332469 129.9658610519368
92.3835174223242 41.79849142477506 35.40463221096471
7.081111281757212 146.9235602966893 134.3690429408664
100.8362300918065 64.65786458575444 36.1929223596094
110.4677226218799 122.0956850906305 17.52285198888638
104.5873832705364 103.3234153632284 106.7480121630544
195.8896875763934 10.38438409523955 0.3438052105991216
54.20689163200451 175.3347603254292 74.19775914373278
51.2986123230873 32.88688709033195 28.34110056141916
64.02504900509882 70.46360046863532 32.42156885748491
88.42513502098326 146.4029690894926 51.04496466650274
91.77654966374686 115.0536599251526 157.7688383179663
113.4671465061693 187.763202058414 18.77859048490662
180.4856977559041 84.46549731252912 155.6390758723317
99.38065005278774 48.89660909872111 7.21549371055877
114.7189379774288 46.82473462285675 27.33298858576157
152.9794858325448 87.49098448565334 123.8427066303304
56.32922134497808 28.04757720885716 51.78997208193215
12.56770977965002 80.06238762281592 56.37083698188107
156.5547410990789 119.9500696164911 115.0368446533836
9.405669054577547 105.6589334466955 89.01369554806391
143.9413661439516 35.71588080035275 151.3399434319921
162.6381622568248 44.88009445310261 136.695853990959
22.39768344659332 138.3144049517088 15.97078255701293
119.1058526586983 198.0284645628631 141.5337619986208
52.56275512854853 69.03938243920338 100.9391463577609
58.4016254349095 114.6454118557856 39.18454038845817
137.1164334758161 105.3987280436197 119.3255023795777
141.561401193065 54.30221669286587 66.68471777707107
21.48841213764775 180.9596661304988 142.7715198354134
125.7336036437455 151.6751898746375 101.193865319091
12.94734070659209 182.5124792963632 165.4508200182522
33.27877256010624 102.9144923733554 97.9268036941032
94.42282733799308 134.9618549579023 185.9683878031163
172.2444932212236 73.51471423413818 50.48476334648505
13.55825326748761 28.71136377224327 140.4123406182916
35.8749311952243 182.4653730781994 173.5979447774047
53.79581869671745 140.9739956456038 68.89591080679571
144.1791052152849 157.0497770403464 152.4438854965875
144.0436510953317 9.968659286322703 28.74164430522719
114.9647329379286 6.117258528236187 91.81639067975129
135.4731452831717 154.6358135084821 194.9431926325398
157.6985499498313 86.42202245925033 147.5205464663038
62.45277770980032 165.3864226603567 94.67813655410644
47.294626908712 21.69325874837384 116.0099760330889
103.373330525017 26.48090389281371 19.92567334408416
189.2913831761408 56.03424339215243 42.98010612152958
157.3133986158168 20.77777771673158 165.3120110719832
135.4427516401032 93.72402468473722 55.16456905943151
135.0144260006066 132.8827306083585 88.63609624174519
178.2140918985484 184.6072627982285 10.93479681353359
134.7786062745689 32.78111243009091 57.88798511974537
167.8988937071507 110.6202687076297 193.0292043941486
124.502180697464 85.60379656231524 35.24237304080527
191.7333168627152 193.3239749158184 170.5051057671736
199.4798612550722 141.3485414821263 92.05435323363764
176.1862971631565 160.5432451002039 9.025239296290925
111.242325925709 144.1330804499193 119.4372863218124
30.67905346182598 146.3393232320633 184.7133077269211
9.087852576121669 16.9400578405451 93.25469017186835
80.66659879483373 164.9639353736021 110.8352447950564
182.5199551057478 180.7870137491803 52.36028101230164
174.9482777001849 85.06826444864249 93.88453359526494
164.8774789598651 144.6475627453268 148.8050209593929
180.811727592243 198.3247719853735 125.4771601319811
19.04534303948389 168.871872100467 82.59201171174364
16.60304420884154 4.588503113197124 138.8858558732499
103.8768404150454 179.4500054798544 139.6609587130355
150.938394727228 36.68893926607127 29.09524302114428
28.56788458191213 56.85169907247679 48.29176834632865
101.2957616543058 161.0632527628262 68.71081305452155
14.92992457549873 21.74600556434649 41.3988100128656
171.4855382147447 157.7989690426574 129.6216281288692
103.3633292999565 160.8302259732363 103.4371773377988
55.94183708333498 61.30143097436169 123.9462962792176
81.86936842980167 93.5510836494616 162.917292463553
151.4687505727104 134.5772199113435 35.24970028857476
51.15823075461639 117.4205232214919 195.6222957095085
96.08475416893768 75.03094953899819 156.3641215533131
129.7978214881285 150.2784553403311 134.0438832019148
48.72122059132028 13.89724735650551 73.60297716336595
132.7109224084506 38.51139393881382 185.6244889272413
182.6893428420517 3.003887187706182 149.7513812339896
57.79745398480649 50.6293170581691 146.6043934321556
161.2832350417505 8.003918532373884 75.75753471075926
185.760584813482 22.01781851050419 127.0529479744807
138.5064767887303 186.874866704837 44.8346980784608
72.43017346130948 75.9010113675691 68.46535215794393
117.7684067089153 171.5130910431227 54.27545819533469
23.40094708034831 126.9679769835739 121.6653433615804
22.26791468801763 196.6222864906709 96.66719627786235
75.15223968559214 92.59462381457337 86.09317552218947
80.55305610814787 106.3977231237775 105.3985342339008
136.973452336581 57.46769594560289 91.58171172010361
12.07325948852582 71.77321604589534 139.6807052104188
6.809853743545674 50.1934644527221 89.20106109085559
5.582624700110048 164.7478796219381 150.8604405937243
39.25809001412991 192.1850100941083 130.324687794954
180.9269734226119 85.70972259495724 69.72970787270035
79.27954191952588 185.8800605376693 43.68506441317122
60.91263972082545 129.2277334725697 16.99243712499671
32.87678712319769 25.59091048785639 57.33669402100259
13.61756192806313 126.6833356829302 35.59505163418713
68.5173274301838 127.4700920043326 105.2189615296347
78.53923857635206 184.0192342211744 154.1315892582388
153.3687404993568 172.2281947810505 135.9431561026957
117.0536362728389 71.94883490782971 100.5329813997708
28.15771942959478 168.2908890141441 123.3453640489059
45.37869405950912 199.5625758519924 104.0590260144687
65.73460950451449 140.4653362853149 165.7531408045284
152.9545176503734 142.0171638538664 127.2220691074293
53.255697881366 173.7607943668508 32.18498253562151
126.2342439779684 95.28008187239139 99.45948969387032
83.69432551748926 9.404820284908565 32.14781388876388
88.46822632277505 108.6198703333638 180.9729456597049
105.8880612740752 194.5645164365695 196.8216675029919
23.10121114620483 83.8682912026143 185.7756598101714
158.1313815066229 137.1040550471448 95.1697115224199
40.46890061734252 169.8965201261675 153.2319189658313
102.9078082027015 92.32918188168661 191.9895476121733
100.7962784721305 167.0661928227417 17.64493144158358
110.1393137530502 18.22874714134305 194.6416247248885
178.2045418558815 59.32382568044788 148.4855524390125
77.20802418225912 7.664074932457908 80.45093885208186
97.22210568231192 59.51750323394105 94.34031361765062
48.67325303135682 108.1283777581547 17.75569417872283
133.2178390803619 158.2445881285327 40.84484368344258
33.99388134485481 85.03617042634903 45.7858757118786
0.8146563703736467 50.89544589191291 145.1077525102267
168.3396135815728 178.8583920105652 117.8057942741788
49.80674525116755 162.2653117636713 132.2057519592142
56.43714563381409 93.77329557883863 195.0717575486844
128.9903404653458 89.58914821225719 176.3416072758414
49.09101504408682 2.190481935766822 178.6930157298202
159.546827468167 54.94351336356623 82.84429411402711
71.12875327580115 44.14215158759453 64.29150953860376
40.53869655708912 157.2493755457859 81.89492240632281
114.0905079665538 194.1007840129556 46.47760702521855
177.0337919618555 127.6666988023945 161.3470509713271
27.64629923275058 3.866049641687781 30.90801901089532
176.8956683150579 76.13589325828191 9.913773142152957
98.42189785155573 168.0382949613378 160.3902153504007
55.49530439996198 187.6633229991628 160.2446123724447
12.41596655726967 40.52492888401419 56.67829763133394
77.2237904843853 84.91688255399357 46.48651038568072
148.4183852325903 169.0121365270015 9.901915540958708
94.25857865060769 72.08176931449769 132.3137689807445
28.38767988003327 124.869959242591 195.7852474457545
145.2299924751705 113.3837978416745 160.9436107000264
159.5303706198283 24.02435003829801 189.6145885272721
42.2461248354005 78.98479361136765 8.04814473694433
190.1059807658112 137.7079392448795 179.3502158980145
64.28910428765445 164.1971456704725 151.6330940106763
66.15969282949054 94.07599307614828 26.81442245117171
124.2468817816482 0.2254652656386109 181.0379205734196
63.71271632878207 71.73759297098509 167.7379364965911
106.0434096314007 101.3105299953359 29.5437631849929
129.8453353673908 173.81503256248 141.9783077388189
61.84038220686129 2.190632309639929 121.4401007054873
135.4613600834599 53.03738976970904 16.29964446355313
184.3314815343195 138.1771730601747 135.5696396845291
35.65311559066215 137.8015748111492 36.49522349851765
27.87294752623907 76.79487785443845 105.3859034004513
84.107602993051 153.7075715872668 174.2396922031795
124.9613357157444 165.0092531706987 18.99443784028482
79.49885085127511 7.287066278865654 142.6291453003181
159.8213869476955 198.3176190379995 156.2573228433378
137.3020330849036 161.7513698370531 64.56996007409141
8.459742578521931 158.3818449390347 112.9823090525194
100.0569529532077 31.97640085624455 157.0271749395938
46.70656417306686 85.58340701419598 118.016605450763
72.3486515982606 192.7698540102447 176.9215067287766
5.422053516919656 9.333525146244213 22.7834685733286
143.7433185491877 32.53452461070998 6.23814210840238
123.8861314689562 124.8691186024364 161.3411315728525
164.2052782154551 22.56676719242703 13.33094096122112
128.7101555610819 70.43294383290166 53.86834421543583
17.59131839099019 159.1601280738597 27.3669091694234
57.33415477961383 106.3579552955595 95.65609864278383
188.9230519945733 94.48807119920788 20.52574465938532
178.135843132597 167.7657471329644 32.24249856021626
119.2230121778764 60.00726422755674 198.2333959381564
70.72285890249991 109.1111668450081 7.509208791437165
74.96440080595501 67.73862222946705 146.6098266963319
99.36473126761322 122.8910589115164 120.4601861008055
119.2324548903286 167.5269334984656 83.83092294983916
17.55933206985877 60.04952383880072 69.89469121595637
112.7287209798781 148.1394416189663 49.29188542131887
110.5931612376041 183.6940725703654 100.0151943317457
5.994802519653391 178.8394670103173 100.3842586629128
65.01968666944289 137.1549493113606 193.3625397502054
148.9543011352998 33.77783665787477 77.62790859120726
123.4384942935428 25.98748686299 141.622535743041
102.3591825447449 144.0558087775812 86.09899506059665
91.49924565634777 27.08138170875334 134.8330720060776
113.6151029565858 58.67040207753796 159.427049292803
22.09210531597679 3.225883159548466 173.2453115803653
73.33123971938754 187.3569412219419 106.1114900060206
70.38621381345764 149.5883951516588 130.2835510523437
123.1005154568347 159.8536674068494 174.5361070564278
61.0420794626845 183.4015877876396 136.9744465808916
71.93012180484389 141.0025608465981 85.25370397648099
34.1219568554243 113.551998380245 36.45165099357161
173.0740466078999 25.51922434501187 147.4263274781626
22.357761771766 124.58721351444 97.47709283807349
70.99303716218496 171.8297311133237 190.4389967168228
49.59458352696136 138.6086383013809 94.61973344824241
128.5367316873358 20.3312297808148 77.61837719161119
44.22226683116995 55.62372999553119 1.835684500145843
34.64296583753644 197.8492233358407 153.6063401611097
120.2638697456421 36.91692411497628 6.155692654158311
21.02386671490334 114.2810923320883 16.11703269510497
42.80212917639935 59.97142882638874 163.523772692565
63.40149143851738 18.31959677566745 13.46045889228872
94.3406801116423 79.88821155798769 77.65351765599203
168.9584645898111 171.5774798194478 88.95909067052045
165.2895973973687 81.62347954390955 189.2349248254928
49.83792789658266 82.6226873386765 64.24266285684791
