3 1024 8.662808172055787 0.6525000000000001 1.4 1 1 200 200 200
30.71305048384474 120.8189124040717 162.0869527778259
171.8284122457792 139.6922257324507 141.0584018009687
155.0316229647732 43.06298838599633 133.6693942286343
166.226813796928 19.74986930244284 191.6538902317539
39.2139701678574 198.5925288492575 28.00747418188174
46.2696544244109 49.42658384413374 145.3426961164056
56.66470102483007 162.8244642291904 147.4585673059894
179.0602146191158 30.03363208286751 38.81184893993171
79.75805805158093 117.7536450703976 137.6823639085042
14.85862521916438 30.43485310200119 69.46062829771149
181.882162193578 100.2932338196928 165.0238219151276
25.90004870513453 162.029629463999 97.94048866268275
58.41628593602678 159.0837326930762 169.02959628778
71.32860098191485 126.3931111873095 40.64578339499544
95.32233872514526 175.6555076959455 187.2764494536114
138.0010192272235 75.08307249981939 170.7872403962412
55.12716205123886 180.3208952461966 76.43386980694721
134.7085752295647 189.1626923067558 95.91691261108875
64.04190272750694 77.123449017456 94.53731139737451
115.5031008400224 105.7080359424741 186.6062185831881
53.08733837533506 49.21127267314857 161.2614352978311
65.97981475832277 35.32308325903644 78.99301218413375
20.78623884900308 148.1720698236784 21.89779675921733
112.0824628585412 71.87242279474549 155.4182970009407
156.2846353119691 21.88992874175218 139.8199351349891
175.2531298156269 7.451423139066526 115.943344185435
37.70332677867067 82.67057665459131 70.69852248887452
147.0375949147567 194.190403245939 164.0416834598841
22.28383363395096 73.83834439684553 2.246439295327734
4.478591251855394 158.9016610887503 41.12415615882446
131.1815344532623 175.4670704422409 187.4527047701194
113.2663877145581 59.67081153732072 115.0913369612035
37.56599500672139 47.20995626555785 196.9202863114007
159.2546959455213 22.39850893519729 157.1422834821791
138.2647137211398 81.57150692363892 186.8461091493824
171.3678154026535 137.196697191056 158.2764103577687
14.95080637509053 113.0261593593132 164.4025165306369
96.44040783027428 37.74876565888791 179.7281998229168
39.5404581876403 35.08463449481891 119.6243450848536
63.08903491807673 165.0918822888115 74.31193649567984
163.5747598114198 35.90367428162127 146.9296481644932
177.2449332133149 119.6369604549988 81.32768051016251
145.1594587548917 98.55515425203771 81.91489547202008
25.32466517773232 84.51647503970516 111.0485796287636
68.99807301591824 25.51320911475817 148.5984365717579
50.40717257698584 77.58824145264779 83.05701351793003
159.421283117064 171.4830788252043 17.54342405240767
187.6955854030023 175.8179368770444 121.4865681109976
170.01278886524 60.3153114547658 92.95489238277423
98.75550161468024 10.99465495230777 26.79034071463342
120.2188910335956 86.85039521876685 52.86208135519599
89.0425658782799 81.59498699137423 47.73574087624254
14.65657029265828 87.2833493008974 37.44641008941716
135.3191046580611 79.32946601371042 63.40519580569484
150.4675132430514 25.03196576842975 26.22189557065276
183.9704045209099 109.7727338163496 93.87744535057878
61.34382519641725 5.507501000921351 4.818616269501348
125.2332433352211 180.7659687851867 124.109012368447
140.4661648811062 35.83018851119924 169.1784266123953
45.17191864167084 194.7574541789518 171.5504785683193
152.9026762887555 58.25578056245964 75.37891816044561
175.0087823921654 175.4116198003082 23.99418043103505
89.86329301071406 194.8037906900997 83.65329029925743
14.01610586513413 95.58863155974177 4.491434672071411
198.7146643063085 160.9073501634224 198.5307756757961
104.8071347250005 2.010222327813707 190.1717705238648
78.90732988110075 70.21026528157076 28.29701825189785
148.1121874867838 131.8700586119848 73.99329830915291
147.2853189459945 132.3446740546322 91.30671289072004
44.52644190019832 16.55826491839498 85.75165536094458
156.7293871023954 150.5504135571917 164.5044516213332
56.00098019657753 37.72688448521956 24.71685935273753
1.296578221275662 153.7705944143315 153.4879654186733
143.0082873925075 36.65749719561384 56.49140012336493
11.49892186401999 111.092579743492 34.99437371290544
23.01215858670072 39.63034971077094 81.67098350674557
59.31339253089729 165.162621963624 130.3397865113791
28.50834849940901 43.43214634892659 36.07969980081072
17.77288155008113 144.5717843728692 148.783944468118
120.5241510146275 57.40921571902457 40.24197006143327
156.8632101137398 54.00832706113535 196.9119745707567
56.40977207701886 166.1002041451008 90.26950071777473
94.36618545265218 147.6922054269357 71.27329014982864
45.16549060666421 77.30277156088759 56.01367070473071
108.5145242153716 37.72923336393027 167.311698829234
181.5649924088058 12.82005431535038 71.49567469875869
93.04633965928979 105.5618081434064 183.0227609851815
145.324067092917 81.83819772366553 155.6185820473665
176.0512565601466 10.23908407147742 87.70784148067047
117.3746168385741 123.4586434751101 139.5892297273961
41.82542989956992 125.2710470945426 174.6172650600971
93.02292946726888 28.11407211436325 193.7133364056695
128.117142303006 105.2524535438649 174.7391743923613
42.64610203136169 32.6395302110442 34.57049542766677
27.22251178163205 43.40077132517484 171.1116655944457
54.63082809865929 139.6368256663179 115.7050481263326
35.76636988639703 50.57572718039701 85.86204216922873
103.3863497273389 86.7348848118629 39.49464071444352
13.17872351191919 80.60301533459322 123.4576638383297
140.1587496052684 168.0333192033432 57.3012956234972
182.9707051525832 93.87412956453862 87.06751869574761
116.0870032700633 184.9325830628593 31.70219364897847
158.2885977435215 142.96210167323 179.9980259622422
80.15573132349189 86.81804146690075 137.5016009591119
97.68141885865683 150.610274590384 168.5386793363901
92.9865596145147 52.30740367123224 35.59589278841879
13.81940689624641 172.572616200437 46.21922659286115
68.89837872126441 189.3803595395798 110.6534108513917
42.39654256975205 166.562296497232 167.3723498510446
33.12560609448497 59.95736536218485 28.87056113815763
46.71038913409791 111.2762663890365 34.90878425024429
122.6367100090482 89.64165694364307 179.8792738338174
21.68509118865596 95.43101067722512 126.2587618161476
28.36107297219325 194.3781202861069 175.7252307032334
159.2899864854374 59.72675392634655 179.7264432259455
170.9969962328292 10.43799898125708 54.17385807575361
189.6839462749863 0.7164810026947792 82.87133899345976
69.25278625067574 102.8924626186886 62.79267623529205
101.563040765256 132.3595418222176 74.90901193384667
151.9307093738581 23.40462889120498 172.9449200888748
141.6538894948708 171.1776269552988 23.17123135079608
116.78300290919 4.66077655663416 57.46048895580594
104.758706384288 164.4814535637712 177.9935278893294
59.0601987697476 193.1278283378933 161.321256877073
113.9144267298897 138.1265526677294 196.3468447532211
199.6549878361556 24.4950187526751 149.2157576014464
154.7129491300997 186.9055303375777 130.5267443630506
30.86200702754023 71.80502369219998 148.7172935044887
176.7906559258964 76.39877033067296 45.67692396126363
83.48128481720023 140.5189929889343 38.68413992074893
147.622790009876 28.55145976022518 9.501552866570414
5.432002360634465 144.326816839745 126.7352642930624
125.1619101495668 163.7451778445347 65.45894547923493
160.2566707530752 52.04995403874475 60.97488022070272
163.8424725784248 21.86205642103538 41.61875335560531
191.6558753807548 112.7513554428836 140.3628818096213
183.061831422144 131.5510702546802 169.7419656895224
76.20784607114979 83.74551659466918 119.4226863229313
71.95626618806777 102.7548943179042 177.731657088248
71.65759803497144 153.1413852869085 178.5382749383751
197.3572853652828 174.6937356015011 41.27009535892299
53.89471316591789 52.74270375103056 198.6150910013399
97.02637452169969 7.024128297483023 43.81135460321543
174.2184815650041 23.24768423886178 141.7676260084682
13.25116241458659 126.1294964512472 197.3064994269607
78.21915653945648 72.58754645078031 157.0145073666377
87.75557687212827 28.21166223692757 57.01102827376403
94.25361852246112 26.33112496221326 165.0655931193647
10.61410745058273 57.33713279011599 5.057276664340412
89.87964425709166 152.0662436509622 106.5740388783862
174.7049215102864 168.0434790842961 89.88531559411707
41.38394293972771 2.757332310958447 44.92573219816265
80.81402171084353 43.87418145972757 26.60365147579811
99.2083966802459 44.18923861592667 195.5657722213509
143.8443651968151 117.0553477948347 66.08869814265249
103.865193507694 125.3900607501317 166.8000933796319
156.4557388433392 195.6330139039202 50.94610580336644
106.8465821408727 143.0889313095226 105.6932311995944
53.37756806315969 68.60818914743506 191.6824425239671
193.8367065213831 40.45867051638953 182.1098030455806
93.70671361983132 190.057164631877 196.7676785942456
79.04925031455134 26.46879307808706 71.87935269010636
33.36045011470423 102.6493908763449 139.5906332293628
166.2416844975178 67.13550133802363 108.4285107287506
20.22343294771882 80.06989660468886 186.2088573682587
3.195424593476445 17.75460116884947 118.7749710507996
198.8981882996644 139.2663794705131 49.43895578136231
37.74463886501357 134.0286917607942 120.0103221848611
197.2306229039394 169.5604932394951 107.9006851672018
180.5897094274727 114.4233484246313 174.960073703762
33.5945374730023 3.480793426840264 161.949505011978
19.17046110924634 97.37583051520691 187.5071734102538
52.72181068323763 21.29572506966959 144.4399124350189
125.5606828458367 82.80161574342421 0.2983898654805753
13.91976095762031 132.6159883016275 25.20609582787673
175.1695855985281 15.48202055663727 157.2305226171388
60.84760005590946 157.9440396815536 25.8708194355618
114.5573476169913 0.06885214825221189 175.9839317452825
97.50524096433723 163.3923544302104 46.59320923660893
198.8426483332774 87.06772056937822 30.23232101969127
16.62204973873459 28.03381548989729 92.83299418851678
76.60899000539203 6.86839665189618 12.88273761173159
168.3912406974787 66.58637851385831 34.13633259125042
180.0678394475225 122.8997326323435 24.88429276932385
74.88451893011317 128.4100468869258 84.0825972983325
122.792809666178 142.8430488082823 112.4624568069692
43.41868154420008 62.78841020617387 156.5379949502287
36.70506748384267 151.5316052863383 193.3622711816698
66.68463293055774 158.4268643923637 58.68370186078302
173.8454971279363 71.83463022898768 179.7070949197959
51.6350735246936 95.22915600108848 30.66018085730485
66.0104273922659 78.47306697071546 146.2289515749843
9.556565554355236 192.904984553127 151.8468540151512
164.854206445255 166.9321349890043 160.9487323940401
12.99248767402199 134.9243280470679 96.03771417659215
32.98322792292094 163.7311401005516 181.6370716046517
49.18342336442805 20.81651466746765 117.7383843712592
59.35020634458319 182.9507340697174 93.02827217261003
183.9521034528442 3.361943665458013 101.5002214070675
123.4475502496013 80.55879293229418 92.91728058425042
77.35974587580768 68.84007127857051 174.1029718275001
197.37072346583 80.1639184210553 116.3860926610493
163.7038702668845 159.8282725146348 79.33413176056413
17.89598092607472 59.56880540902183 20.61904228920652
80.8826712794027 135.9468112154211 110.418749655835
80.44623782098503 72.39176533671949 190.7718281525077
19.61917171137821 30.03188119853291 42.52887539216392
176.6873418540638 40.89742685077692 134.5496094553231
115.9971390527932 108.59300755904 56.22979281501712
192.4722544635505 94.97798760351642 8.217793999645773
185.4120081270503 140.1295182159373 130.3150849891965
189.4342592747293 29.26791603721108 136.0768635723629
50.71397061869767 188.871824725531 36.57426406601402
195.7577363069808 102.7717640341835 175.0813721598289
58.49508342544556 9.463431044229134 93.13474362978904
138.8447772557168 14.74858795849332 143.275311937988
17.88364324251959 6.397956408082013 194.422241379899
57.0215571981071 41.10558471807759 41.67308319411299
115.7952270473515 82.06693553045753 141.9115664523203
114.1727337461813 98.40983713484145 119.0537455856799
78.67720148657104 113.6920456914674 51.04742090668467
113.6880342340632 54.78496629478624 153.0560101002236
39.86900496091501 172.6509499991185 194.7963379879431
53.86565516456522 81.53953304942677 3.198129163722737
101.101616367869 93.24246553763163 23.60516035548755
78.64479441164796 32.69188903770487 161.0683104772048
168.3263615237388 107.5854092748119 115.5504284144281
41.03167183803997 133.5434729441622 189.8358230625695
27.6328129431758 104.9853983897618 155.7725285602824
149.8554886129761 182.7142020193602 60.62926267462326
180.598187037182 173.5645663608885 105.2067239435172
129.7300316021463 134.0860641596854 190.5422094298682
131.5843617793132 157.1897719085054 8.298720387176463
70.01838832241357 24.002817443003 40.72990111339281
170.4713370558161 153.7991891628535 98.79090933071647
31.66452299377316 119.0739289124712 144.8771769696875
42.95830442998354 182.914632254577 101.94012408424
57.44520321172195 26.66263566565556 91.33421390991782
104.2658059299601 178.8893903009618 42.82912505254109
14.82856496081977 171.3565934554048 28.96961236489111
101.9259053530662 136.3598457999869 28.06387912569668
152.1989316828409 60.50549009016585 35.12965570324216
142.5025887762177 113.4106418345341 179.9040761299041
178.9680507959387 50.70632177160757 66.15845866517633
31.69926565209797 89.47299378722553 162.3227537139489
70.48054407750206 29.51454743277025 57.14397269984245
102.2538410851814 184.8441253725384 90.53209328690964
170.3142804645631 55.48521673159117 47.29540925394594
112.0407772928222 153.8126241806015 37.68609230234985
57.64262187256156 93.22201364281158 94.67258285686074
131.015138569252 51.93270144627807 151.6925198886091
123.7684667823375 66.19957001046731 5.264760174841071
27.0018520957785 196.808759086736 52.68650767520381
0.9214966856796487 54.34460505996037 106.4059204166551
13.68812272871242 172.8998403873154 103.6648521474109
32.89077021308832 17.84253318657638 43.82344604582716
186.5214018261832 152.5466582967801 7.548873235832247
186.3128657495893 19.10536360071377 122.4075318092546
72.64153472012215 195.7313275922674 127.5690597498481
84.88966281857938 65.25242560437238 43.77774022812581
186.4371955604946 151.1723041398975 92.60847412446407
180.2131109225322 172.4572163418669 40.24293358593054
98.82185208524714 50.55434016619179 80.706714026982
9.139639741832561 194.8962949776319 184.5781521937964
68.9453335174023 168.2271987031556 158.4204962448285
62.87948543582571 120.7102697763231 140.2400151898787
51.81185787413975 177.7337362372586 158.0665340368689
18.57117851156724 40.86407970738677 1.843056932894769
150.668155593442 59.71730398397071 106.8121891316665
29.27401640983227 137.9863036188239 160.3166343350563
130.8437381227039 39.42308789411638 72.07588570153446
60.49022185771124 80.46116987579914 63.45364802569694
22.85552804731507 181.7472256530025 17.66833188530597
138.2160060341951 68.38791850799224 41.63591506324024
61.05781136697525 40.90713670775164 148.3137343908258
4.600375946215968 69.07020924574168 176.4202493270642
9.005035130656415 71.57343180618156 31.17421802644434
19.09184021063501 7.637169124852424 63.65465828859411
187.8775263200242 173.6227377274469 55.73195170506406
109.5463693322094 160.12622511725 58.60910059569137
132.5820610371051 133.4081893700645 38.04489775611999
57.76556484330596 65.03407140469021 56.05512272939922
147.2864176892919 104.5479901269353 33.10461630198907
156.2510384479101 133.2837847303532 165.7739250742667
12.14646900553287 171.6687456160614 0.4079444290431655
0.1400428535610375 55.76106907061826 187.2307449011578
186.858140321262 169.8985809574435 7.400271100234312
79.26798703474847 11.66820025114733 129.0510501589536
25.25271410118297 112.3167570629673 127.718446442552
119.2227951601924 137.174159749022 27.678503861219
109.0818999220067 30.57177567245818 199.7163259236559
115.9971689417537 15.8682109179813 80.04631209096347
192.0157762621468 168.1587667844802 90.45529813490643
119.5100584407263 183.4647703579069 89.86006846711196
129.3398977562171 24.11047723754236 108.101347871311
92.85818439642156 185.1287031591431 69.59879782891252
101.1461777278515 193.4136380522832 33.91884600497112
197.0082163488311 85.60523976058721 94.74599197055696
76.9071744281968 176.284579385192 102.6219505560896
166.1532464637755 5.995745211746216 101.276592194352
73.6725552019689 29.28405986338276 100.4296381509467
93.51107380905172 126.4159101290972 39.47874532751616
39.05937570048827 37.80078222770957 182.4513837645056
156.650528788169 136.8780280283717 133.1964853721414
193.1519129480667 40.4697908349632 123.4008783818722
168.4248744809006 176.1584420122361 75.92640725402676
193.25285172185 3.191889664810273 41.67912076463785
113.6991955502761 128.1415463031271 111.3379903033003
45.38606175561259 95.5683796063973 129.3259905467191
100.9542752419245 189.6126495198444 178.7000707625554
127.0342681671991 90.46081787903437 106.6735414105794
141.6314998371593 113.7588268365148 160.9621689127891
61.20583070987197 114.9038197425237 48.80963478387123
11.48590890575708 95.28222635904191 21.70129073602489
83.64299886236729 102.2932256731816 144.4663085180599
176.8241166006091 134.2316105909501 112.4272193845315
54.60270822872452 196.4876363133884 103.9302560902316
13.07634206898961 186.9823132895904 55.79496353892777
138.8851557023701 4.153629776135575 175.6264427394472
68.04942567345512 45.51766848449839 15.00715685963246
7.765647010870015 126.7623184512098 41.36831947737149
170.038092107421 153.1926038587431 151.7651015907763
140.3067127786448 175.2323475641092 130.6156764523433
13.37083611332746 82.88852152906873 60.10708505721565
72.19451359756712 161.1536484340003 95.42344754313874
128.2983647845816 191.8425439951155 182.5916129031237
75.5370185038184 116.4271475428342 71.59014115084217
3.204704846398618 34.48723621285696 39.22923123535384
196.5058926032757 78.83718484393142 133.6389531343265
196.1457854988248 87.54514867018787 65.43455035734506
80.40574117653176 150.5400694437287 159.596602658353
197.1017265670413 2.106790380743831 21.27855376806705
32.65504162849398 113.1749809042615 94.75813840525041
34.13288485492523 4.016233943604138 188.9096073888566
128.5263484150345 95.42573186001594 85.61890321049258
107.8391223492151 61.59165563188068 29.20742493999321
37.75294313694073 180.0545632234401 178.3324232594257
119.0764558575768 190.0117473051148 48.50700962111121
48.76321381767241 107.7381293114299 91.43227696049239
157.2026349705244 47.34677643900403 117.02654991845
167.7130677692981 100.7768935182994 99.6331867665202
84.60863726984333 23.73422600622671 179.2164786691815
65.81053697671831 196.4638952164311 84.32444208151331
50.50766277015733 114.9617375462192 62.5268997040688
83.83728373103239 86.41194462951097 31.9332997093624
149.0780702071952 199.0823910291944 66.23657807485588
142.8906603497275 64.15582982004361 158.2675482336086
146.2867651728553 66.92825314056631 192.2940882926182
60.20811505565496 106.9995958225235 76.98549007986421
7.433055570827123 91.87976536893993 108.536070584983
97.16520476559663 131.9767002073493 114.8007890150999
34.34974542878872 191.9214159008726 114.3217359953078
98.67938697343855 199.7021113151725 59.42295768360436
63.97764600921052 148.7417380754575 154.3982522498424
129.6642386363114 172.6449432103047 104.2211832262924
143.2892078448905 98.97951223982712 152.0792688861067
185.1680803732117 63.71759989576372 37.37059326448549
123.9989963967728 30.58602352131781 170.3309394063482
143.8973436213763 51.01748583737921 89.5580494509114
6.533021946967364 2.737796731429015 52.78382625740026
53.58624888746242 93.30831930510899 166.3383056867963
15.47985971655839 128.3214497188896 156.2856007411203
181.0554470772519 126.9157895405101 148.2508530760923
139.0755540284487 132.533679453146 58.7028200986104
152.7742218159404 147.9364589735377 85.59520613981832
25.33814165370953 3.849972905865287 36.94578362242471
151.616296429033 127.6459855291276 184.5787101820752
192.7822343721977 26.28501904553278 87.89194236824592
60.49624971782838 173.7872386037043 4.150105718537561
79.56704055544839 147.1384233952128 56.07679487288815
188.0999870325716 0.5667014899519826 61.14304881964402
91.89455735288128 43.45760432789096 164.0169437078495
16.9990746202738 113.5056406472129 181.5898517888091
61.0053618928301 31.92796348856196 163.3505847457679
79.55179082384161 40.10806329658494 176.6995759373082
68.50268060483124 112.0733805142267 154.1615544189609
75.13729338177757 63.9179351864531 58.03181764054487
85.4106308702186 102.4261224562905 69.01885769181085
167.4109829441043 28.62056860270295 26.0729518776876
46.62152751257202 66.55584343693609 139.9340844675907
176.1903790480062 155.7639914873882 135.7763424282249
34.72657055756757 14.80572323616356 148.8885421859054
189.5324578001288 69.44425752619048 186.6597014400904
68.58516446988503 59.83959900374198 186.0375415766194
143.9285938711905 166.3875331359988 39.6625431251618
47.68210546160336 34.89144428911585 134.9570065596994
69.74837195652185 125.7420643629867 7.622644316750208
158.7384370022028 181.8452862478411 167.288519548361
16.7486385092483 105.4091456311021 67.40404975529928
194.5181289243698 119.8021994342021 80.01823047370419
20.53807886712947 65.38139997151541 119.6821744893957
3.975483065319283 58.65397058655472 88.48058016938856
183.3218152553383 163.2540218892961 190.9378074422231
8.601370009952364 38.16257135881108 55.2735973382917
36.35114021032362 67.24283532130737 194.5799699285917
139.7097510305663 181.6687951702292 46.62977247122239
5.188042641654159 76.9866120755655 155.6938903905955
5.353349790256924 13.46838120214176 184.7748123690155
2.992206692355588 194.5796558134672 67.65031500994013
153.9921517602425 118.4882422609714 83.29465838341022
146.1283810686487 55.12003644936154 143.8491124982482
171.9836995301741 118.8720051755042 6.371096999029363
67.38992818986152 22.6892692876096 177.3700650826787
152.6278504340914 126.9927673280108 48.85617335220246
144.6742235509457 13.07421713325285 161.102007730153
167.6356643262698 50.00076103502452 79.23928035191827
177.3627570356985 110.3397168988609 151.6596031867577
9.417425407288532 196.7884783090539 83.57947878914929
83.21321946688329 130.4760361427704 52.79819773509531
49.29328906435607 161.9600197598542 11.60390090024658
53.32547875754031 97.86007372113777 197.4152325656559
95.64875807582789 73.77811106623317 30.95243876263996
79.44693644328274 80.95054283062527 62.14269219180643
124.778154735244 13.32164566212303 171.5074847740012
40.36917223545025 165.88843188607 25.92336357247062
8.238815455377329 163.3512183415792 15.09390955605752
158.9867939469006 114.6667522459982 17.01752731437388
115.5999765386998 11.27268378366913 0.2349206058022343
23.43973953906482 69.50478266689363 67.68856680284586
96.35731758218952 104.5287874702784 107.8750388594114
136.1735464434764 23.11136960146408 180.1288311302748
136.2859517673523 50.23515693514913 39.75017206766768
78.06176121146179 14.49536966401435 52.77055644974499
11.7611732136583 143.390448391515 38.59520236620414
27.86295214381183 58.01099711894101 6.534027443710026
163.3655783138689 69.64768928063708 193.3249123296704
107.8887783320566 78.83678413345167 172.2062326062838
7.407755080882395 28.3757902416782 131.7966114928725
189.3598667861719 186.2128238657009 31.09829832731936
47.74629252456545 167.9582261652005 66.80017049494542
57.50534444486716 136.8054484522533 185.5954015649037
41.43881177582637 91.33378885911027 88.60939443185588
196.2716084138417 10.72735134736819 133.8419026293477
79.82182479823872 97.58017832655986 192.3627358176912
61.80128473892152 61.67429488433542 146.707146401827
196.8492072825839 62.31401190397163 151.7997933234206
67.56655457855386 183.8463544832455 39.37360756764154
183.4961947487684 14.01722054904492 10.72129306761976
3.259023032940022 64.36140836132637 120.3406178340557
184.1100305472389 116.2493814168438 109.9454229924151
194.543642189143 63.01331563216391 1.945617085556507
51.70708370318922 92.80183044045916 71.8622529427761
138.9270474134104 82.9082439017903 116.7557724211148
185.6803037426241 146.3775557901106 154.7679474537619
100.1659551894804 103.7225876477136 149.4761312805092
4.066431651934828 139.0592021012932 110.2942628165609
85.21136188802788 119.1986408236478 109.5225958386189
41.25345958279065 135.680014226038 136.8956516830515
32.07266049452067 65.29668141713064 106.7559915297834
151.7490400063134 168.3849836495346 70.1742166978793
145.170512971219 159.5760409661592 155.3021119082088
83.87705360114708 187.2581059160919 180.926500712865
110.1613797488449 162.6137721863026 139.1921135241431
125.030527514661 65.26032478765917 164.8385335561379
120.3443962593925 120.6449758081181 179.298849482524
139.1804360054393 74.01914851143978 6.408436150475728
129.55616763537 69.77007212048771 148.7383646795775
85.24845720337152 99.66095263018012 20.86791427151539
125.1419698411346 70.07622614741101 52.87700764386844
57.41877444945039 195.8835060026801 69.18112868607392
54.91444022348655 102.6730829412326 180.8513613894794
81.7948557768683 96.53571568181614 52.6731796836899
124.0002020328063 121.7008762914259 123.6830943600904
129.9484423160817 21.20604535133306 156.9737774257001
96.58447122341893 11.4265992394201 128.6292469700694
150.5186908873582 199.8305564647396 97.07733437959926
109.5737742282934 169.0147056846588 29.62141665814397
101.0057300429033 120.330472090725 102.508650978182
121.8390173171107 10.03734716090644 95.27755898632786
163.7094518108015 61.49834951803574 124.6139683437496
105.0510522828606 69.92943563016311 135.7953729801115
196.2322972168507 188.3257749365831 51.96881256514147
26.44211709221765 22.71458586328216 59.14678155051611
79.81216780277515 192.6045399457535 97.5909248534452
91.77238440584506 175.8983741477528 31.20478300611889
39.19909466035593 49.55971596350432 108.0635280084188
182.9841413519493 64.86791496579964 57.02575135066364
55.41263644492679 9.965658461115483 131.6275044235839
6.39821764690086 40.72849805028162 86.6255873927341
166.684896570943 66.23739471853426 68.56057895489749
63.29372526053469 140.7718233021239 169.7590573964674
132.1585481522352 135.9936157018558 80.44160244103003
113.6857876541612 178.7898421595653 174.0385652155265
138.0495314091849 45.16039154010144 130.9763519357771
49.20034793921496 63.11327818729006 115.7470456906
74.86160291573162 15.93303557282079 163.2796908526393
173.1014730948046 161.5383475696528 13.80253525992522
7.907618096907277 69.95994150644677 193.4030569962327
7.010652731355838 158.6508457277977 117.1409100860769
65.29312622355499 156.6670908813884 7.602943875385057
34.60993914318485 34.79262623436595 49.79395557311268
122.7267273070847 36.56721161492003 153.5106476761972
51.55840957677748 42.27430653592853 85.58938958317489
2.147988620528216 107.5562245500181 199.0316159251938
45.12760793350274 86.13529076293401 17.43392882071821
127.3717255600891 8.310985150012383 187.8838815390832
85.43536029158298 3.670346051382118 189.9649706475874
93.83585424305713 30.87243487110799 129.9508907286968
19.12997499956102 57.74319753606677 80.13351789042702
140.3322026457454 120.4511748161027 195.5806162395614
146.5812305379607 104.6271454745244 10.29314668570146
10.27502963642886 19.62436079704225 53.77064047369722
169.6426295056626 144.3468037537456 124.5137581934732
122.5991167204811 48.17758978989634 166.3599613341225
153.7278288076048 65.86484600432065 90.91289551645163
27.69039958039862 137.1322001430922 41.24336722516538
87.30981626511524 153.3792583749622 8.124370075483316
86.30588835552017 55.69317966240187 181.0589684972366
106.6227802297108 184.3111459825528 59.11165514437774
154.0644753999075 77.52164501542819 181.0143916364407
22.46292849393827 90.32740110480121 73.72741617486304
84.95260580797091 130.9034156457465 70.2053073858464
177.7845848938665 77.08295990031669 122.632176736473
97.13891804526195 149.50970411512 190.2302996690369
121.4717830768973 69.49440369296394 184.874174974912
45.340376775142 81.29821150431673 106.4442949135915
43.05975765675934 62.58569277525623 70.54377545191971
81.82949336924571 119.9893865586238 23.5315077312475
175.0835464744005 48.15870044968733 186.7166069189576
182.1096042875466 105.7808683439319 193.7982931861592
152.0883309207309 34.92633431125233 190.23068258558
91.87552224648115 136.6259601675708 92.79612175118943
114.1549336721316 162.290132835352 159.5854592744207
25.50648672984846 187.3638490649975 197.8308004536129
172.8478071596275 99.28466001377579 15.24298004870756
1.105408172721168 98.10590843635286 127.3298252087994
109.9956145480517 15.39409975846476 157.0448226312817
111.905455913905 28.15265908258473 97.5241365980842
111.0395400456114 140.4563453025651 129.4416332153419
94.89290372406982 158.1780516624543 125.8021592945311
169.9019982582481 136.2007706523544 41.88119740084166
94.00245514254399 34.70752579957998 13.40597914099425
198.2421944170203 162.1256840940605 174.691267900232
139.9237690815876 88.75055652041806 45.45470828062359
120.499914764691 119.1337410395678 1.651274541105869
85.99537395632217 84.06293904894875 7.052693421976223
21.64776147656596 95.5628560875052 93.82362082254456
194.1401525127224 137.5598536204245 29.27456137709853
196.7701078981806 187.2871613879965 97.06245368337933
32.45805533733832 19.48730924922098 175.159168630878
102.9393731836244 37.94933137091209 147.2939024753333
199.781551940334 135.1014052267978 144.4649255201805
36.06865553058755 106.3620014031958 75.02500112992756
41.49592246032087 82.32273249376844 179.1983250770253
134.111594426558 2.735890552544092 80.18160975146877
37.30908947867496 42.92267296215389 17.25873733428952
25.4840381866177 72.29403073325403 46.96072145565907
134.0333411231372 25.7289835570048 87.89928372471667
91.4302515730981 160.2946080186496 87.54480294989882
103.0840611866617 114.9198601827536 125.1080696899295
76.62695617382454 178.8632974794484 82.00670564742512
96.99747876553366 173.4605683005592 107.0951706700159
59.52521187846271 50.92762878947936 129.0570097542675
81.8256505031065 103.4906304689709 122.7039905124158
0.5072637674375362 122.1233967450982 123.997312188642
158.5656467073673 89.27202996600536 114.3329352303245
176.3827220729873 191.9726567096129 46.28451176219297
17.02159376665774 29.5385825053776 159.455178199635
50.21690756612624 133.1880807959105 155.4870686291131
112.8420658207821 196.9623835444694 15.05903506559383
173.4580745976898 35.8579773320272 7.550647533502096
72.47838869058528 153.4324203202378 117.8684549236809
99.72049554075311 89.4230508816182 130.9698665205246
158.6980571172122 100.1174170247269 55.76760728009975
73.25653963736183 92.59894089831404 159.6437542565278
181.1362342858153 76.44209324434865 147.4328954042426
168.1505930892667 199.1400420877958 193.5987953214098
91.89137791765674 6.378753496763509 170.4016720153077
26.70861565628708 157.7991058471998 39.32860070196192
116.5996377049669 7.007357191929985 36.8084323299995
12.50324279090625 66.60964046932561 138.8170103948558
179.197244576229 23.51176453838064 103.3836817026037
162.8259477474891 5.821180863557117 170.9062091742718
165.0363358798533 28.8257502187875 122.2973245472957
98.83519640662782 51.77454391084476 127.803770399985
161.3051681345408 89.22325638229454 34.0446185552169
23.28230240655892 153.170716159042 79.32402174980048
61.60119101535481 1.001533521280705 49.47553788906016
35.954694260425 129.4447142676034 67.57397930069568
10.62981813765918 172.1650674860287 150.8976535290089
136.3795765706773 12.33071409176331 17.74353233009439
157.1188010290119 72.65946202199756 51.25700225643172
45.52988808634956 116.4844259352106 129.6059813166285
8.393089837524158 178.5375506601061 122.9632940176973
44.26427168963487 145.5703859048958 27.91122359419323
106.889054691684 99.60735819885815 168.7131481008952
24.03385247247709 190.4167381335591 137.1429151164535
175.1805245443637 47.72592066085375 28.63154630291377
133.70195761055 155.2179621527895 172.0640558367276
74.17147590972793 142.7609473085173 20.23822067873491
130.8636631814275 154.3489958352952 28.87821680418299
29.52632230829968 20.82846720213733 23.52711077503188
22.96633211794544 133.3118733545009 179.567295494675
97.44237115511152 148.452529849738 147.8669030788955
156.3325099939059 12.32776372055918 81.5138838035444
140.1915021507851 57.10249949736842 58.97886927225173
47.93207342119339 109.0943805547202 154.0510963306258
65.60784140019057 83.95710687518414 20.18107721122077
4.316516271821586 162.3447474767183 61.62357180554091
9.839574922532359 22.28641162014254 5.141388673569757
51.92470502198082 14.75121566556273 188.7694547930315
2.181967969181978 14.48521995070365 73.59556377920852
42.22602082067419 54.75356637498763 46.83297537012408
114.0888899376429 48.29670575476256 9.475250871988317
31.2990140296645 181.4430619428673 36.66259618931016
197.7886803997685 76.34306850097595 48.00899081502393
123.6556326786003 145.2244636345899 52.63316055734679
118.300905818625 102.549721970414 139.3828930740462
182.1509797715888 58.58590937103415 166.0080148051701
189.0626632434834 46.58121570484818 48.46105605984475
176.9705665203583 3.394069013437177 136.2550295638445
161.8462586818569 71.42752199198581 162.7362854169601
183.0378869716329 37.51755241831515 154.0484294726952
188.531807005495 181.5440690792809 74.93502863884652
54.45803282262482 118.5978230732455 195.1542844793841
184.4720732783163 134.7323636635601 63.69581479563811
160.5453450082371 113.3119171347664 169.5813042079476
106.9487884472671 117.2391661263737 21.66164415425673
20.38569933995767 155.8938638201606 166.0045672162617
13.804170029289 114.7050943552519 14.66720279820727
104.9154759044399 57.73203293228954 171.670257791113
114.1567757798679 22.02910186305583 17.96269216422094
33.26848696278549 134.7159288399324 91.45956474959968
52.51900073404341 14.55448806271906 28.01150622073092
38.2410191597229 153.4893138497 149.7793162477494
69.28201615218202 64.3769164650495 6.361373464485346
2.352188195005358 139.1451064803599 168.2228220050598
158.9454804027417 78.26271436483579 137.8532472383048
33.07778184638227 124.1515727957911 25.93515243377763
99.33001401063736 49.30562517124357 103.6861855697578
2.84610829914036 111.2231520303557 102.465883695782
2.985320975804946 10.74405639167805 97.57620513812786
65.00854838229482 181.1666506971876 142.3780868946151
13.11434726241713 46.16737382349843 122.34845843293
150.8443157580934 185.3005452508415 82.21692699329844
78.16994181605824 118.1872178357947 190.1899241167324
99.5111727953342 143.3185547199289 51.61324281335173
171.6847777803493 139.5227642585193 83.73139452027928
114.0701574642347 160.1220044846585 96.21075745684766
30.10735234331178 73.64017884447796 87.81559496882728
7.574262348268573 76.86796713724323 79.12418184179742
44.15972529610271 185.7978853169401 56.74845119937616
164.0835357999575 121.7242010009333 65.37777713813179
166.5093515902547 171.2435998297352 55.81878968156995
196.4280105585174 42.33011090750793 2.652286078395663
40.87697045484268 32.98823884622281 156.8714981162165
136.1055413494727 1.809040464177522 50.22006965544541
10.81900037497965 72.23327740857999 102.6581732598582
16.39871535028645 154.2703261027239 189.8546560226909
69.27981355900356 104.9864733549919 8.678271624913345
3.346312724860597 139.4091585435378 78.17770508058175
155.9557296014712 141.8773835104207 107.6940945910097
193.1238679036703 5.413641014389577 154.2150308442469
23.63665227935859 70.19722850493163 168.139603228896
37.51681441994827 172.5698048991846 84.3017278391126
148.6574450208734 188.029392870107 184.3862806859092
42.95772854822374 58.23088606588887 176.9931745814164
36.59621218894441 32.61642169300219 96.30063026366291
167.7443384914319 81.06019322825142 93.0637310585672
170.1574756004849 34.18341773647718 57.12553448166547
64.70099697736946 84.97888239091013 185.6990874906444
135.7967882723923 114.9458867271027 47.04365257860651
50.11186296091307 149.4216091330964 78.57697250939842
79.18910275213545 176.471950048767 123.2826453758204
89.26281601702924 190.9205966577587 17.05420488675232
108.0807229990695 20.61832162532458 181.4977574804089
132.8184066349585 114.7155223631504 22.17002131324514
52.76990642695857 190.8964133009948 123.8609157596213
93.48089618670384 67.8443904785174 70.10129492154519
95.29625928158907 84.07172610050029 154.1810993007836
110.4607699463647 34.84264453590355 73.60072860022332
4.460906761342482 44.2470989471675 144.8953588195664
155.1591804810763 2.331691394536894 146.7385447663853
75.18838390291367 171.2387608842336 18.6370433883666
192.6411269460111 196.5293414180258 119.0955980554769
39.79131868677062 8.03801111160664 65.34149070529071
136.1113283290934 24.3258518348774 41.2418184505287
185.9685529234768 3.276100631894377 177.6867612716942
13.80893984078263 39.2356669907371 22.00018696477421
40.88917184647848 5.559186402091105 8.500783682634308
135.2878448756512 148.4081572758572 96.81236131660108
151.3865343231378 152.3684707763442 16.11816579070837
139.108004646405 88.6039649266388 21.22076096795776
67.30543669686266 179.1885696415162 59.62873318842702
88.48361611518045 86.09059072715593 177.3610027596221
110.2317057999825 41.17613055238368 32.31721757129095
33.97920765361427 90.93505591637864 0.5758901554375198
72.46754641849132 25.88077815875437 20.18138502345786
177.6398720371101 11.05799772350055 30.44703700217238
13.66811969485675 6.464589320931815 167.0585496855687
167.6000652733106 150.9689204614629 196.7680758588085
78.07423810975811 199.549113892526 67.21345680038854
12.07905103619017 91.50531950916506 168.8748445157147
153.6035528991341 165.732918970705 96.51375899000745
186.8276213793767 68.86569295990657 101.6941652869412
129.5035228738995 26.70987630787588 199.4792108403468
189.3163092078613 81.45330051193417 169.6937265649074
0.3177626310045115 88.97358552016149 189.9344596928116
95.69197319358069 11.62906718496459 6.187567425614771
193.619974778395 106.6011655426775 25.39705930342291
27.77317003442545 168.459504605846 61.06497516523615
132.2930777143963 99.77537139416708 65.64166341231635
59.40951854257558 99.35749897941876 114.45515235094
61.3299499127276 140.856116377095 135.3485244170737
121.4421615983055 78.01209440629337 34.02300357907477
46.58974018725083 85.56018897056786 148.3603943015364
58.22378332110006 171.5438667614921 110.3681668897611
123.0308399047068 41.09251715943441 52.89341316222914
74.6837597731011 142.2237615110134 195.9657685874595
172.1716864059573 28.03298091371355 173.5347511250389
9.03415045964196 191.0020144512874 35.80894362575572
106.4679634199651 87.03074602666105 103.0040917178347
117.2146416785288 82.33415470076274 73.1692835892629
84.49756878771544 135.7880970575333 174.7526842017874
196.2149648554926 95.11370234010666 150.8865124182933
181.7526443860539 77.98116866661695 22.64702603429678
94.58222392344999 172.4777789859116 149.5239860738512
93.88808024387279 155.5142660985148 27.70639260559809
108.1371001877591 66.91613031467162 89.53868350136551
197.1795934505434 184.9240194384011 166.5171576816943
153.3337690262524 81.36586908447903 73.56927837299958
179.4827500881495 193.1730766493341 14.18343709399209
139.1952855859263 42.41424776033911 107.8844935650291
5.094773348304499 99.72151435223819 51.16154060104754
63.72265523696324 178.0743926423653 175.9684005397505
104.8719264032662 68.15735659594367 48.7092951338859
29.15162339441128 100.8012673667602 31.16559984325388
115.7738803853991 58.5149827370434 68.11030852637337
94.84365911090818 106.3911428591967 3.701765298969989
22.61798780296439 123.0020994339988 110.0824794030482
28.52387610381147 137.2174062116576 6.021716322320772
86.23802298160921 188.1625741051532 47.41801545817842
77.3288352459026 165.7114465825577 42.15166807113668
169.5268678529339 187.4805771192478 115.9594666618294
133.6535431456478 193.5770336540993 2.616493203319898
186.9314508630948 47.04335100439214 91.10939404495387
67.7942824663664 123.0863042886555 120.1828111282403
74.23185806524259 19.79531481577694 196.7849935392775
54.26408521939311 125.9590702892129 83.07454421477679
79.54982959698523 188.0155404307386 160.511771934776
96.38667114087545 15.10422350856942 73.18891998108838
73.53505176444483 52.83480486830562 161.4150169930212
29.42105216962504 94.9283582894156 54.6923353543097
172.7982361005604 188.6369009888028 91.96846870635883
183.4651551803547 157.8995368291923 73.16812968380977
95.01363564317666 133.8443837985634 8.619508549383715
157.246074054189 181.7780095821829 35.46627497716237
151.2454424832656 37.53440452517755 75.54833273524882
143.7948828728775 83.38739203375583 96.04527764904074
30.6293221698615 114.7174232638831 197.2249727855223
31.4536110860656 181.9115506338011 158.6087250472265
185.5260549821726 95.53432762051818 108.9419779685853
118.2772015655628 97.72095090757355 12.79075739328151
119.2489856207694 78.43043091615569 121.7365580115181
90.85362941476771 58.5989788317486 15.89668913300225
133.4207880851197 115.5645527415 84.00582315355427
190.2774589959499 131.1934411176319 96.87863546019041
13.72830950620449 32.44665608923308 183.4669792230531
84.79261896114781 136.7202326411197 130.8189490056265
154.1796876848715 101.8190991983541 134.6017482423759
188.3103520536646 58.07908605162951 133.327913488455
119.5376707606148 158.7168514333499 191.4271293047438
143.1695907451858 64.56899474137744 125.5793799685268
72.47474464457791 48.94384293275651 93.28102350616373
165.3853899344203 158.9454875993604 34.79604553104825
55.32583764822046 32.86532044855926 4.518337248412077
68.94626007991818 1.71144020836551 177.4689576758953
26.34013337432122 51.79987907010591 152.1184254200409
142.8611069266116 35.14003567326903 148.5435949951169
132.7202582041893 37.3019831995954 21.05169162278152
99.31553418134581 170.3183897144246 9.146765037255738
166.8692849606151 56.28541764684924 144.4901683457544
1.724002301735724 100.3216719160148 80.84363131950657
57.57837949565419 78.8388468631419 127.2346806606043
46.10114676581382 65.20463334371351 13.45000034001568
107.3451788594839 22.61006323782112 52.89786732415644
51.33774827697836 60.68259923490822 95.21120932091942
93.80437886974673 60.1926160411839 150.3092407038492
162.7340261486004 14.43645874673843 11.62146323909217
136.196680393387 196.0099337936005 133.0146510368506
78.96790842874047 6.67315900764096 33.5312334709716
78.28524236172667 166.1609734779133 194.4484285135077
17.08200826155219 1.605451809751643 15.53565052326132
32.83314722185882 26.12172948745926 198.4820512182318
129.0494923059254 0.4716229134029582 155.7474526770142
191.0401825334817 144.0379364068106 189.1338089684123
118.1835429619561 161.6439220417791 120.0408791033032
128.6870985706194 20.3130836729556 64.19103547502263
133.8690757156497 125.966131064194 105.8895983427895
192.1869469251492 123.4409355626468 8.001240026183357
20.28935201308908 158.3835832331735 133.452522586843
155.6887593169693 6.179955813920822 122.8025189933923
56.75504300854971 38.43084577153756 108.4583519526809
133.0919765285406 168.8670967978055 83.97793360335969
153.2350745573019 121.1692915400094 120.0171220870943
118.2157403293446 101.8858854515883 36.67730910410022
139.240580384688 55.18074186372505 176.6596901745578
64.42376461984492 130.9137038242334 61.64749373948119
99.54214177974144 64.92577263982253 194.1730080242564
79.18528100168018 43.8227405764201 116.0189199949963
176.7273882121702 121.3109559278437 128.7060678441878
171.0081710625369 175.8484919055902 137.1741426060584
134.8036828503219 67.26404141498786 80.32844773687349
144.925045666873 172.1002447819529 2.664893012246454
43.54542493213103 181.8861772361264 13.05515215595056
40.46055819367658 31.40757807496833 71.78561162404314
195.7374608730552 23.94990794142603 169.6214508503087
8.207663393371122 15.13371200669508 33.58080488621567
33.44239285418304 78.55410480363568 129.2296952631038
114.5410209708852 140.8261948766859 175.7430126742956
3.467615006952213 58.57722406972437 63.79909614737301
97.94237722991839 124.2274987439176 146.9072999088588
164.6249518153639 94.28018780454043 155.136524176406
135.9848699777806 86.05232176265031 137.5329723350374
10.28678010709878 173.6772789363952 82.21815876549961
80.82396782413308 92.47096069706706 101.125688455698
76.43414572559385 46.50186278251655 46.75411547848484
153.8215841527524 87.04397834097288 199.4928776763062
197.2732171476142 57.21442866497571 21.77531186514508
46.32117704424238 129.0569704404499 45.64862888680717
117.91991092336 108.3186150353011 101.1783497551491
92.44475989918169 71.47061880180236 115.1960112838025
146.776843081172 146.651022977263 45.48716235502551
109.0410429913318 171.9877980158719 75.67203048809598
176.6793644025578 176.3413687971438 176.2180284979339
99.25418542805426 45.39150216609875 54.86197920340263
11.151815699675 53.57771356727692 41.35434334276557
166.931514253086 121.5413238508103 99.27848976094924
4.281279441329304 78.31824468982543 12.08794330485291
174.8261404556729 60.09672375370479 7.800177827861544
197.9284779222719 121.3679016698091 184.0898417923529
193.0606670697779 185.3382868068425 140.607212630888
106.8528910870461 191.2034400739466 158.8311346508938
197.0667971716547 2.294507991948197 0.2124907813688575
113.3715865921377 13.12160780204844 116.4931013995117
68.49266323695423 4.795756721990947 146.9307938925731
175.9692143142711 152.4492862041014 172.1174650359483
115.1025986498973 129.9889293122158 90.68190604295077
21.24353968948786 132.134939659336 132.5062606064362
143.6501481343444 149.2698754219633 193.3460756870779
90.14424724583886 33.17000298695336 88.11301125300638
4.675903305169487 121.4339931393209 61.95800900240847
137.3868701171311 118.0561694736353 141.0684279881341
177.5154565550931 49.71579447758749 113.2987457465106
34.85860884380448 10.35633551188812 128.5823846243568
161.0039009355521 42.0832783768663 97.27711806900815
55.38681782092296 159.8360750737098 189.6079780114222
140.9894933228958 150.6684235749658 68.69122503814484
172.188762041956 128.9160410977164 187.2598979026718
52.57692881238506 12.77131613000904 163.4010411728358
85.26593426926166 167.0543202236701 171.2466249751651
134.2290075737494 100.6373730025659 194.0648625658711
123.1066918545098 179.5473000421124 145.0850481787953
172.8297923338582 141.2687161152988 18.37013298094453
154.5766146352328 40.36266941500979 39.63048528680692
112.5366751201066 150.374053312424 13.08722823660176
65.25764988920363 141.6381648558348 97.94856649831846
69.30365493387416 113.4848068243615 97.42462037603529
21.12296349258165 55.24823164017738 187.0652682087899
156.2121357159033 71.69990520669212 18.09152119991807
119.7449611592103 126.0971529600336 67.02310231901333
122.7089709434866 169.7464079117718 45.71677034703475
89.55135448590615 195.2637005836158 139.6504127381664
134.6663394587171 61.42224969073173 22.30875803330082
70.64943995758959 102.0840237988215 35.46832073197927
133.150007536479 136.853279767708 12.26424408966866
30.4914783479846 171.5615153416126 115.8295062542881
160.6515325284611 121.726038028588 146.8489986103926
168.6575749036558 175.5296077385669 199.0879517746953
45.73341167414708 106.9091024144572 14.52051302696051
94.37518892959903 105.6590373509622 38.86405445833915
1.111569956640485 33.59374893583996 105.47417365614
187.7142429518458 120.011665934795 44.6992643011247
194.1707294232372 37.11598177533359 70.19980300719659
42.78118389246819 153.297195319251 125.9622664760835
44.48500926791767 153.5485137634533 101.7818127004266
88.45126116406225 18.53775874948784 146.3882864632706
114.8045930695724 148.4494920848807 74.97912178585517
136.2566440563605 131.1345789441564 171.0261248304857
15.09804865192598 12.30333350800026 142.5097038821799
187.7161693968871 151.9069886417148 113.3446426690963
1.496045011643428 182.9936458581699 14.20788468871297
23.58649483884895 147.1194349419686 112.2392319837815
78.48272081778271 43.9335232079158 197.1027854844904
122.9202740646537 174.9124664737139 14.81812761373153
25.2700314039752 48.04001202007842 62.8024028360226
42.14968432165948 174.3290059401475 138.0224640072531
166.6533296898922 163.4194135356028 116.8156793074095
150.6511118281561 129.9393878954027 28.37077510380284
53.30125245085102 168.9449229217966 41.90026150147402
112.151392684315 105.7264202248034 77.76364893234945
141.20336878261 25.47348287113523 125.119396134825
155.3132343184455 191.4111301219432 13.29369316591099
154.2024017186083 47.58291587876689 16.49392855286876
78.84706619368731 11.77033411381994 89.60010601986615
16.0957833247294 1.717963788974646 115.8758086086356
74.1765785778162 147.6308715719333 76.20981783593363
130.543684902524 65.13237807300642 104.9060898958122
65.88822987740966 27.54970873273844 128.1102437126312
158.1748318043881 45.64844732796379 164.4771066179241
195.6569654952052 179.986353647893 190.864750938254
182.1170938558665 96.42944886785828 44.17111183083251
17.2104321638716 176.9395895566126 177.594693388326
70.88544042016194 89.297471753962 79.14086921805114
63.69132905395185 145.668157839509 42.41863091729698
59.12017358710999 73.30404743718694 165.1875101645665
73.01515859345334 189.4492392802716 198.6538060244214
178.8230630247722 82.32480807639801 198.9697412800598
145.6425216852444 94.36086145587625 172.2094038959778
48.01358420883484 122.3660210263768 106.2096833842974
136.4183816052491 50.47174522401468 0.2813828286223001
42.28757783327884 146.8275917720505 173.8969246543645
190.4362494844366 161.3046016616547 25.9883171480506
6.500928154979464 154.653523717408 96.76267280195798
43.71722207861063 151.1397216302883 55.26770723146922
158.2456454426984 110.0768357793186 193.4864486812735
62.32153433519003 57.91641757260518 30.66771831468943
168.8315906694342 91.99525426956801 178.9130180425059
131.3858529237109 157.3770627322581 139.9136827204892
35.44971374105418 53.61737035934154 128.1061421509148
154.1140723392305 5.688529200104635 32.90121236924969
68.37399228925885 10.146357065937 111.411985546408
174.3911372507372 190.1777897924515 156.4347251481585
90.62840789787809 113.4148424402687 85.875424589891
5.340478604310455 143.7886288821374 8.704449174740208
25.40941551203517 189.806259556563 72.27905347757904
51.78904847638428 23.13532291126442 50.68004388425882
135.8103061832334 190.4801755931404 28.2143626910585
62.04663123138634 120.1672593479088 172.1806043710792
45.49600115249073 197.2235314616785 146.1070221000302
90.37549299858804 27.87982784796348 36.39597487325165
68.76734331826793 78.35846302742927 44.49973522957384
101.5140291372394 124.0352661061415 187.4107112842419
35.0646775462911 105.3708668860496 175.2912642573849
113.2593085257824 183.4678393265534 194.2875204963762
185.4065099628625 67.09880619615241 77.55329832100212
113.8350944523365 124.9363046957663 43.57312728875471
17.35253109881441 142.1237471196275 58.57107532772603
46.48264015310779 75.65860671828081 35.33258226214542
97.89023231110723 117.8957506778642 60.43666506588173
119.7511014395887 139.9189676500093 152.0722382439122
155.5192313158158 157.1980186570491 137.4373535228794
112.9666139502829 1.195818098407699 137.6053241464522
120.0849592202792 24.34960212541246 136.907235295895
184.8278486542037 167.3926307355676 155.2003054337003
196.232351916172 161.16776825352 134.7314192648437
175.5361747993118 85.02850464767116 64.54293282873132
106.7443833639971 88.05622302438459 193.1893938615279
135.0426013063074 4.233033054817157 110.2356786996272
52.57099589356033 140.3345852094777 5.738886954545401
57.57565098414965 125.5908805387719 24.46161323700223
87.02438926198643 165.8735807630204 64.36865649257129
151.6546613706367 20.67957687883597 103.7823463215852
28.66838868753512 162.5135919471413 9.079302144423007
147.2178889868992 11.36421941746474 193.2494117546169
184.6042668310383 107.8460961000766 65.42413192780188
142.171874504257 159.3618306899648 117.3158161918218
66.30142560614985 65.59704896387377 76.77022104444275
164.2116492928497 147.9805059222471 62.27432241379677
59.54210529043088 41.32517288132502 182.1838716204343
186.7977892198138 22.72539115725274 192.1350916272402
75.55083691466591 131.5637662141169 152.6371531028723
125.6493834976154 87.36012687158862 159.4350440992413
58.07190765983788 45.2905952386235 62.55545902212484
101.4325052549152 6.306355336598277 96.52055987895626
134.1534620690293 103.7566514021769 121.0708640547167
19.08634624318807 88.87245339027545 145.8108215940264
114.5435270791738 190.1071220487136 108.9237881405907
111.2547298553332 196.1236697339297 75.58392747653923
89.49337609481994 196.9867590110264 115.4594051311795
144.4671220521195 139.533272720836 149.8286510980297
20.01652628977971 50.03066731161346 99.42023328450693
22.08516198962154 25.15866301619391 114.241758552467
155.3335447923677 165.2614013464507 179.3534933102044
6.63030647703691 50.02401212992921 168.3376078915907
35.47132856526043 102.5952670752113 112.4576931210179
76.13149800114967 159.1697834223018 141.1433286909489
84.27374521986938 70.11020034806499 92.40848297852976
121.014822165063 116.6881248186516 158.90113739701
23.97501271741343 189.4693843391981 96.48252060049911
155.4886589322274 131.3970549798333 4.653903362779306
53.40677278456159 95.81272743097377 51.36112038884296
61.24921901354774 15.86662070620128 73.42854306430604
94.99386588116252 89.06499036274562 81.73916201542916
24.57947064975477 11.00069002555712 83.99927457903027
12.13503023399404 112.0224753950722 143.8350686321564
173.5945672353901 29.68648513468308 80.66328844562187
77.47281904835569 66.57140989089685 133.6203156149222
117.4393352937878 39.5439887246072 118.1986468960168
101.4680333599532 93.96702331990231 58.88736177444018
152.1155210037614 18.06943320122159 58.35161172011598
184.4247404522436 154.1864719870598 49.21563161079276
133.2702638716307 178.9332856218279 167.0742467859006
63.7082153061866 99.50774710968106 138.3226882115334
195.0457129760793 117.4070628491414 160.3364759554646
121.577246374443 57.45800765245971 134.0136397211276
123.2785292097025 47.97011475763902 89.43774903655125
118.1042288310778 43.3784212309244 186.0685676833625
129.6422785165997 184.0412156454638 65.38726636206385
90.40346918729506 22.22451864954468 111.2872277536906
136.8718863215044 137.7082223463724 126.8705680579477
178.1044771842174 97.92850972203972 135.003475997733
191.795658782539 29.06613126477713 22.41530036942668
189.4992893027327 19.90353517786379 53.64400894173833
147.8699771433486 106.7010342724804 101.309490894055
49.91687615857445 190.7208689309844 191.3859571698932
26.37103233579485 78.49057357879499 22.08836299685582
27.10944026597863 32.61335961508831 136.906230208276
24.98823290728198 118.1050508557549 49.15756593951833
86.07052954978434 113.5672386847205 165.1619194012885
63.84341994476635 192.5589151020682 20.88459238941491
80.19312705323215 42.75044896761477 140.40211320554
166.0317942541438 112.879578145815 36.49337712759958
16.70025410560057 119.256140183963 82.89918391022469
107.7096849137572 75.9401988805928 14.16432449911883
37.90311018365403 9.7441603907615 104.2426841466431
105.0353212639722 179.9771596140931 128.9728501430689
149.3901663588751 178.8984895214788 148.9535870093547
169.4410810240154 196.0969097595557 69.14583584305562
165.4863259607951 101.7062843528301 78.99586502681005
146.0640435326091 182.7180233751526 112.0936427227347
44.73762105747055 195.7696362678892 85.65417188675796
69.2767353341644 65.34389601826973 110.8451042250536
80.8763916099912 47.13788573432172 70.58986927373236
