3 1024 8.673857684252113 0.6549999999999999 1.4 1 1 200 200 200
177.4073790615078 118.3467331222395 79.05368484123035
176.5122266651215 127.1291806447007 116.4523297588913
187.4019959715643 194.3724929680269 189.2758868078065
59.09954652670321 140.7117369276416 130.817430435314
93.46982184537583 29.71124523714391 113.5280074482697
102.244549224823 67.30963590922239 19.75230283301703
83.40754452351277 87.5159106561498 59.20419573294796
189.7828492121996 31.41238078443836 122.8900163292719
176.2616545345076 188.5294322249426 130.9754427061645
193.044212255947 57.60727753060016 188.217055520458
18.5735823889703 76.01737564832575 129.5217642875074
82.14821516505951 33.82473201161988 139.5216539550728
178.1088672174561 3.099993427712844 106.7209197940846
192.6846943865585 163.2814265704147 168.8889429547394
131.1083621855931 13.10397381375074 73.81682947443036
174.2003728440028 80.42644709927893 103.9135809794752
124.1902374332688 9.143143784111055 1.109119929246811
187.2712822858273 192.3587636818159 152.0028633569034
181.8767494337198 37.52997442349508 8.991233633882858
111.3384186512778 122.5931917642368 106.2717211500084
114.5192467653519 106.770605983807 112.6292404997551
180.5948542865647 121.6174497152836 132.3832065276372
14.48031275616415 180.2148479859128 161.0526158569713
27.11859531056499 175.1121847676973 108.7309988066742
122.2205454586363 4.914193379742986 99.01588121280244
84.39713804575513 26.83600776117408 43.04396220491905
181.3685703604493 29.96602452679526 86.74371887838348
163.9416596927984 58.87970914761575 179.1201718339093
113.7447917469265 3.550723009897389 139.4476617337112
121.0609024391713 29.69511143381097 51.13356149046499
124.0212410312762 127.2793453440626 74.34068655249476
4.414425374089611 189.9840755364517 150.845657137813
127.3871031293551 6.010310265257064 129.0266668354031
76.75017281409551 177.8563971702206 66.03012243876313
190.9015760957586 76.76185019406346 156.8195437726383
91.12893013391067 32.88920696785291 188.001417584159
199.85320933353 27.32248635638939 136.5170269820551
161.2143855144868 91.83452969657255 106.2218069267039
124.2509833857919 188.3008550974611 178.7797986727912
159.0508418742342 153.9002657562549 26.75399904220992
73.74830355430154 135.1990097101588 190.8216935564732
127.2878544782088 131.8257089750327 167.3831302629922
158.1713941621887 169.337517915908 176.0823904630896
27.16701036682381 145.4409618730632 77.24349051563507
181.2188110310858 61.30327061133636 117.3149864398678
199.4151813154497 158.8961685812593 101.1092692951791
191.7520514355561 188.7751909171953 17.86118800383619
48.64774562682364 33.72743469626364 82.84010601849207
35.65754244777106 17.68358326524258 28.56316226023549
50.30648419385734 190.5903836471282 126.6231072921498
182.3672811198339 132.8214557332872 145.5047813190559
11.77415820066402 108.2553970946713 182.2219123557856
173.0963372709149 63.96660803895284 142.4243234426876
60.85415540027175 129.158548149422 72.51071908669618
23.57042000244507 178.7385555164189 130.0514959149679
175.7547402630333 25.3738684380828 57.50885809167832
27.50443628914275 106.1152129401621 189.2134468672559
33.67581456674375 39.50150059025185 151.4687580565325
31.44938960249881 188.8590737587721 118.3752593548038
171.1367599617831 157.7625171259917 77.94162011405658
59.14485215113276 182.3629481260777 5.269204619299024
116.460441172297 185.4311126440394 34.57119758241018
17.36690686431078 186.1327859155039 179.9887561693005
187.9879324727566 175.4376858021019 7.429462073558204
99.44045778124969 105.602117697383 13.80841939491658
172.6832485440986 141.9736888024817 108.3368954331251
132.9513123024845 81.52754236306022 82.41043497172817
109.9525275209144 68.2978422417663 51.27168110520942
65.63110923378271 90.62902399138288 128.5452130309068
13.82620467774304 66.48981993100567 20.57720953633926
94.87247577642938 43.20305988862989 82.06291865420677
156.1935554427853 79.62127038742219 78.14178416441017
135.8399013084384 28.90741833944405 139.028703172306
116.800148892618 112.7485653088404 68.20789127329644
7.242212213417267 67.49658724556396 186.9916443603775
92.57644273977996 176.1872398453178 57.06552975352316
197.0656104509924 100.0306395353535 178.11366326422
105.072303791126 92.26240093990202 199.5998094418282
93.06715772885838 52.97699348262002 137.3045461410268
33.06674735383375 125.0749856137149 146.7361942319579
90.29049854307777 69.43651370666154 165.8941534269628
61.09046763864787 123.7936533219977 134.0868410680793
46.90762415256155 115.9535971974876 141.6323834344843
106.0204134895283 92.81757052716446 118.4565185975361
7.101900304146485 112.9640970455553 13.72688992568052
124.511743931708 191.2045566832911 6.093750480462781
147.0315548814724 54.09688482353619 163.8181670161614
119.3413002012899 39.79103286533837 37.134398837638
13.59272954040404 36.72692895324167 141.3768171292301
26.28852305542776 130.4615195500437 31.81586009616704
177.4674357393979 143.4284592367888 70.50062540347248
155.0138006623341 139.0720084705356 182.2258610502622
25.78720818222201 107.6145958422471 172.0179112106113
190.8541462238783 14.56049055551094 128.9694523366813
0.2306031859841629 88.47902062283184 165.5681751220853
91.79993508651508 182.2659527022421 1.135117886638461
78.19239342563004 123.6451038050318 119.6546011881532
165.7415565978212 143.5770918050327 167.3322564822665
16.09784696117834 138.5758363590882 191.7317671127185
130.9477043861588 199.7926471420806 84.93143239109598
177.476401387025 81.03294401157396 146.6971648927006
46.9921743816784 88.76219290071103 78.4435328565433
79.06099526991794 184.647571912114 50.23612554517471
40.61682028768245 188.0706316633263 82.76044990361042
148.7598634453678 38.80104433553919 31.89518581555928
95.13220544577766 152.1624272519479 83.663959857875
115.6670691949843 103.4637439722429 185.4630628399236
99.37408983246257 188.4113476581106 34.41609245941623
113.6286966805857 24.79176743831579 70.37342983416067
67.23338549948799 51.17853859430978 106.8772928346222
94.42872755698677 96.77030590848244 157.058897885392
127.6659169333811 151.8880263162244 123.1065047834466
124.6064333814649 11.12938427835893 20.67012016806314
37.78011182639461 161.6522389736656 51.53871890231189
1.318197969573928 9.54195656347038 143.0594406287371
75.59665525023757 86.62982911765754 102.0844290405883
178.4401225666993 174.8106975656391 119.8730121021155
48.07649039277616 172.959252529138 39.98892317768254
190.3941698292651 172.2270400910409 107.5699884934072
166.4692880943976 73.68717298153767 117.9020702772293
78.49677040896864 181.2471382721705 12.21672620328093
194.56378076295 60.15330830348413 153.4013160964458
58.46301786256299 111.6947823028129 175.55509794826
135.6318228327 46.09552646059307 82.30549298172282
94.20618872585686 7.434787520863734 65.95012441081271
162.8694581608893 170.7339068494776 113.4028317211242
177.4845045155199 124.2319231993375 98.53849942092245
83.00297046787941 162.2386142541171 92.82824484538364
52.34673866116251 144.1662401178143 56.87018921987074
2.222418982511787 96.63042064432646 10.50992580315894
12.21844689106436 197.3698509514531 87.75285358736569
170.8265143751688 177.2276066035315 5.691956996732582
167.6940804962211 128.8274682999653 176.2993726240003
10.26645443796863 147.3680617860932 25.00522715068821
183.5145056195092 18.05912332093536 113.6452301654966
184.2129911131627 88.97363982730214 68.5101419131348
139.1007751481618 5.531695200605855 28.38487279140433
135.452762510574 46.25902916917477 134.499704075368
75.84372829045097 166.6703765063893 107.9922945217724
22.09423748269597 121.9851132393803 163.0316913968041
53.4742808635311 76.9185156437665 180.0996986301763
45.95888947043796 6.163605034975862 20.68213596272647
75.48234790250737 91.45934281247065 44.28558615562003
165.5818061321611 104.1981428876144 89.85442489369863
13.5326211335892 103.0060312310712 199.0060618573289
143.7456086145317 5.193547851403182 45.09310127743881
193.4299095917704 43.05630183126735 156.1016795736094
108.4777701078371 16.45937895074738 129.1277203831098
111.4765831649324 162.5370925707199 15.9262753935032
20.24084881509005 135.9876780985376 16.52699005522999
132.3809282699998 148.2012575430112 83.98587182589662
189.4274586066537 68.9385492498689 139.3544193723979
18.67491927587747 30.96764745187825 1.435462152742927
145.1265331583683 84.0783767087884 195.0585436823525
85.39920931482634 68.22762852507314 112.7268891026954
43.18701363889608 124.8373410576326 127.2052725837432
89.46622662304858 194.913334595838 12.77627154219008
141.037159548595 18.34104787795552 98.09127459259761
26.78405297753243 118.4627021074858 58.40488015900699
158.7395031969855 131.9540774011825 104.6087881082822
86.66655931501548 10.82225589730056 5.983942293764793
149.7308555018885 10.2408814668764 2.644093053707416
180.3289419472929 95.62819005769762 176.9405696372327
0.5074789573447955 59.19557543536983 29.39633275308553
109.9536959783723 30.37880196394038 118.8859589393242
120.515927735062 13.47468511219119 59.17476601422393
127.539938945996 120.2267096142968 112.4061349130967
178.1414370940864 149.3815791193192 142.5330231230133
78.52265762083722 167.0686825241763 52.56321602774243
9.50321739714974 122.5327988933599 191.807799126316
117.7362088112948 136.1871597773313 114.9409159233067
165.3855094461182 78.66176715196681 134.4854545013996
151.9236417654149 48.02118542740354 16.07217785729047
150.7260275748856 167.1914512337771 137.4069436560825
100.6147240895785 4.747990194659436 40.11552422231192
82.33876644995132 102.0326641605044 91.0800632305709
88.2882939769698 92.37688466145309 112.419838515204
126.5586226229917 65.7531711357468 79.07224829682539
117.1823163874 56.98176411008176 36.33721637398187
132.1357001628129 134.7422340272823 10.31225678649414
74.16238528224778 184.781539178903 195.7952661465264
173.6212919787466 53.81977944107354 11.72174645450452
37.8642219900731 143.6570080227597 90.7833807389773
6.296625303569845 118.6395479477912 118.3212708878539
172.3323020473838 185.9081749877633 190.7486204002541
83.63878556345951 102.779049855273 7.234394553445506
96.08537911736758 75.32594020870965 181.1479458009476
78.67227846988712 81.40014131343345 121.7914183683762
112.8975551909357 107.3618512521177 3.0101652187652
91.68473083272876 80.01086410473017 152.213909172662
110.6720068738832 84.81457091513855 184.9694017135579
24.44348081933039 4.704714717075459 119.147805622098
21.07025906079608 194.5126960344725 152.5554991017091
191.6995999263214 21.81312965247633 38.68761803268371
50.81195130402531 185.8535729351256 143.3043764616268
58.34822232607799 15.68175333600412 127.5684505669575
150.504507045932 80.04144375590872 115.5247763367833
191.5204258515471 38.15492126678335 178.0816922207948
16.80935650026682 129.0570650144946 46.27530533334205
29.45900758182536 144.6616387240091 106.0126624778218
48.56623906821304 28.02974841244593 120.3065700198698
84.76710791751719 17.32383843939311 98.32688340034156
29.23332017475419 79.08724001275415 144.0512882180166
167.1628008437109 195.7663317998714 68.17469185100401
143.6193638959018 166.2026794216085 153.200969498503
167.1039010902388 86.92321427963313 89.48040828997323
155.8362918913741 108.500638805252 127.7280833630383
92.98919969378427 24.22493652779244 129.9744458217304
146.079574303912 61.12253541812544 107.3092521659598
13.14026212021135 82.1589161564989 114.2363334567577
170.9259204213865 195.9451335646291 156.5694699583804
132.0205481440715 38.20520567931762 67.29097613055363
110.8023848392269 158.5141419486964 161.1903068973293
81.84006577417679 63.20791980953904 128.9409231233324
173.3098781403988 177.3402224130133 143.8972793741426
134.9574636226646 150.6681662346687 44.16613447608074
6.970048335583339 129.2096632290247 7.643127352145664
90.30549853980042 55.64496971705687 15.02755134587411
121.4689094812288 54.93207483352438 6.297505709999167
74.7329122800204 169.8208326522501 125.014710189071
87.09437450728831 63.07943860856486 150.0776256666673
25.15221357771328 171.1017040219306 171.9783872734375
142.6572349221659 85.64546503189462 28.49817164508062
132.4302261963915 69.73152354364655 121.9983139699765
38.15938900090478 78.69580843756265 164.1475837164178
86.5705760097197 117.6584738178325 84.84982355818525
10.2512338012253 16.3194757276398 196.6079828772989
177.19357379602 130.4766743936497 161.8873924480549
124.5862482826521 40.05725479024451 110.8692937466205
112.6094578337487 62.55104025836824 69.27303437193299
151.6289924295135 40.84620656773436 131.3489384083452
73.84425063438995 140.6469783669662 121.6783022064939
64.44375393468141 190.5936169371846 106.2449469841521
116.8262335658473 187.7723166636098 107.0707775799151
3.790779360315954 0.4192760412119715 189.0885721181678
193.6487203678818 128.7833149030571 188.5777204812052
89.11845670524777 175.3974845466427 39.5514515045167
70.92425079548012 141.4937638871187 154.8643848165989
184.8844217926846 162.5575405997069 151.5786431613749
135.2376397036295 1.902528256525819 61.23056976777166
82.81571266649462 155.253757683207 119.0330673266787
127.9885733925654 86.11318438330269 18.98591463380233
30.65264149022356 17.94388701922366 80.18741919061786
32.87073518688405 135.3744160244306 160.6916599967583
143.257060355116 87.73954295670748 69.91704532835954
157.8854837917832 83.11489235930175 61.12133431061532
147.701358969235 53.35678801918697 181.6856392185356
24.59362025445082 14.7184954792908 41.6223662407596
16.9783033715273 149.017709313319 5.552602870891145
167.5928660426103 91.54172588960424 72.76646753375302
63.23555838960742 147.2603289870549 23.17350392346837
129.5312016399087 186.0261934530509 95.38950041849424
13.33652508074553 54.08762456662933 0.6511735456729953
22.68533939530667 135.0382549817267 61.45821444114107
113.5307456640767 66.61725022966178 181.5107194013471
48.56370935185394 87.5650342132942 129.0491922723188
193.5842941234528 85.55203274473074 142.1087145778932
121.6611136436391 18.97214764399933 140.1197095021338
98.84119104128908 36.39759721907642 66.6112072901164
36.42803445368504 5.986999275552743 161.4131993730183
160.1517529029753 92.22136549020253 123.5316996279961
150.2808483334814 178.4248550930822 104.2757212638947
38.83270558218088 17.69402077743584 130.270428392367
65.62074997497574 43.829892055054 16.39037357655412
67.96565510883526 194.6508097329384 156.5648037333805
91.42731151667206 79.60643430379905 101.1099632399879
178.331226123375 47.88091605300623 149.0559630015436
73.194221335287 49.462463447487 164.4942457810565
55.28644674664463 23.30952710177623 183.9784353671719
30.54732270606803 63.74277540102808 75.37841466804456
118.7581900725038 90.98663358171751 106.8230718708122
40.97071456022091 62.49435727827824 180.9856138582215
195.7948340650854 35.47823836850248 48.55682844500439
189.2172010781104 128.7530570232289 41.44542621939782
36.15249629770265 16.18190466589855 147.3822719973801
104.434402363795 169.6326875566541 31.35330417064658
67.8169493033153 29.90461078016834 130.5676348486375
185.1720780204373 187.91635318062 36.11619385092344
180.514032305889 191.5975115286879 4.952699941147172
180.5975321203687 93.12310640891013 35.33230737824812
84.54091478669329 110.3858998140073 152.0999146982731
115.2819824087924 101.255752505414 168.2598939958678
196.8370803345131 49.48889202236195 59.69765529363434
130.6824838988059 55.4314480471884 65.75550152370619
114.2363281007045 120.1784847592372 123.6254019452692
140.2644173244485 33.5143076624771 120.4900045721399
174.0254521374965 58.90820139323678 56.9363316387081
11.0911116600176 70.7935306622183 37.15918479993609
162.8073366870272 29.85311586415642 69.52502721958663
27.00542431491622 159.4318854346271 116.1360905896574
43.81946190769521 109.8448515460345 184.6625185977395
182.4343519175482 77.44186476613525 123.5483105929312
50.78334003413265 39.16468264284483 178.5739114045182
53.60191984696091 143.3602613891551 100.2146711547682
155.8246867151742 76.86069642142583 99.32330580943245
19.37390697334636 6.033623033041161 74.54232553510633
51.82615641685481 58.15900920679787 141.9097907781665
113.8639107575025 3.971976686321337 118.3613225562294
87.82129427978062 158.5258380197067 35.74246260408197
42.66491741630805 92.69093855790693 94.77268983624546
135.0154978678111 182.4613108198086 111.452703103183
47.88638171011311 16.45929496711541 81.49480380060504
117.712798871801 75.72633519674726 90.19643900747933
38.3436096292556 48.62514670751693 136.6045001876996
43.56881060127814 53.46027967140824 36.0922230324536
138.5578304201377 130.041498350461 146.9490870099953
99.77431861059243 163.9709745746764 47.07353562571993
143.4726889248741 122.1127691505723 13.90217479580284
40.71645143988305 192.0279810671429 39.73690003060286
52.77221319593222 115.4927040732398 79.49743105757318
107.934278153222 196.0724422334557 94.70303096361053
177.2171229128623 47.91252264452058 177.0394564652703
50.25085410620962 66.45717183213569 166.3683506419466
156.3601515396831 75.20213351506793 30.51828731600854
24.90851594166191 90.81781960842159 92.1517192785591
3.885552999249502 34.07068851486235 166.6252009902807
99.84245006102265 38.03770195760698 40.34730382601652
198.8193386615063 23.92769191264534 153.4967878683595
36.67470421383823 99.17220295984913 115.1598977429545
69.71881444768418 86.31794041290692 172.1779722818019
175.6802443743305 117.0768773004378 148.3868710756429
143.381788820562 133.0075252469861 48.06700157237754
113.5010890073231 144.4629484895325 185.7786737288796
155.8307575422992 122.4760150172603 54.23582857197613
104.1423957725223 186.8814148796525 64.33120549012193
86.03885232184177 197.4267469590057 194.9799229227597
164.7484493872416 174.955493316913 95.35990544695636
29.00178842314062 187.4371897269585 167.190809204729
98.5495196908052 197.2402197256403 175.4248029295975
166.4214303454549 35.48135215173545 146.7499064035815
99.42430299333137 96.51670242279275 174.5899593294803
8.109790310229496 96.4957962548186 65.70749966772027
137.3315056009196 50.39272874234294 117.7593892949165
180.1717990367853 99.27290152575139 81.8692530159497
178.3957044417419 164.2880981852258 133.6644175740589
20.72084853907109 3.672168072439545 191.0086429997892
124.5658197680538 169.662160390224 158.4631650423145
189.2052556329732 112.1570756454195 46.49471426510087
22.30762315589523 39.42512786395756 100.665649015779
59.34933435255812 47.40598509850911 32.18724120297731
50.57899601377247 166.4941053519604 24.0930844902332
60.00022325014059 154.4165125889218 158.6765629878564
70.39528764130065 193.9974873104168 66.00763586011173
29.77689037162494 104.0340547967097 46.32191188036369
94.67976235038387 192.180436650499 50.68468472051882
5.048846986268568 49.55433863721517 44.41724508833296
10.00217994076426 175.3363242664647 65.37130834653985
2.410959811449376 87.42259454720272 127.2932503520473
186.0897875399378 23.11847895610192 17.67896748830027
157.2831329319811 50.19847144331199 144.81710097031
2.551167996160337 67.71753104249834 166.8121052183979
94.40841572674061 71.9546361649399 137.0940668652276
20.28559191755971 64.38549091990522 114.558598212949
181.4430424695737 2.721752922946326 18.23071977972792
60.99324142320258 177.5860135578503 117.1872320074564
33.49854673783338 142.1187775979669 143.5528105586414
50.45986994290458 148.1025411499581 11.47455820929298
4.220572672270463 143.3632321996699 42.06659965562794
146.0698294758407 139.6283331805531 90.31380869943223
67.33512204555183 76.00187017232405 191.1784125075749
143.5642585406281 21.60464046739914 171.4981431419657
181.2465436878572 92.48837906500411 132.0867830405017
191.0981432671732 47.14175389817144 115.6697423045164
152.6562488208837 24.80901197679684 137.8774888740006
37.85782872289969 76.52473395715617 87.76891201318375
78.43168259900389 46.5708971480031 77.69170917109717
155.8525222080369 46.44298380776164 115.4830115537142
102.2186067114882 152.7635631914671 27.97027058015216
158.1629810194852 117.3978166876481 142.5900096368563
97.65968077489497 32.04203281014473 171.9557821554251
95.85181612224255 79.06418219278557 121.3389213765069
36.92987741613336 26.26124145174807 94.05352421784968
57.41394371675588 97.51944933847312 142.1794388918723
26.03156441397405 158.0551402758184 89.09539342035283
4.630259644689214 95.93246543110011 150.5381042027596
181.8565215007387 45.48143902240417 193.5748401290786
91.20924248795514 140.5732913869435 42.00755376552206
65.09118088240535 44.67964927728943 88.61800756582188
68.00322019438396 142.576663352078 64.16357392383507
108.3912360136869 32.21902732891697 158.3293769999053
135.8656931653463 189.9819501107994 42.38811321682293
193.2840318351672 53.41050918178718 170.0191589107569
128.2701095604027 86.57892814921343 120.64468101204
92.7309610087251 181.4818944831272 183.8338022185604
161.4191136525619 140.004455002115 64.89178787884883
29.48656768826218 116.0013507292592 113.898217763237
108.4615716167112 138.8429817696424 93.26013844035838
144.8947121224553 120.3317695398826 111.5645274322209
176.3995108402597 61.71732310527968 190.8502541643989
19.39004759828009 177.4781714517597 10.47521789720941
7.63383023082352 172.6192705159274 175.0653970151159
99.11870697470748 136.839130881021 144.7018713620942
15.79971941728563 22.90848682681801 72.7305245884656
68.96974522414524 71.29988649786017 108.0988738788927
124.4062981721164 34.80283976824984 127.3969598496742
189.6830132388683 173.0510511040424 24.89160062693521
178.2171034948903 33.13390082845939 42.19710689452345
165.6714453604651 12.57804602777426 114.2294700965108
148.1468136475627 147.3887724940576 56.51458720086011
158.2581665660267 65.99266976131193 58.36141049726923
142.3897734559392 188.6186980046354 26.37552661778483
76.35547458466411 147.7855750168699 2.469315487104408
8.95727495741291 194.2689921074528 67.19606097765916
151.1713940493709 156.4556074285453 42.03942191407961
178.5840505337662 97.30447309245068 99.02898974288118
187.3013926042589 111.6959776513401 91.65277705062522
87.54287041663304 191.428182757978 66.47826669695543
199.8649995312986 7.994197045622719 160.2755062583289
24.32850531851487 101.8226542568633 62.63777810738301
126.2379170815481 194.039315837793 23.11966577686935
65.85763480872744 3.852241127510283 117.3415846428954
60.10641557122408 172.9473646787017 133.8776460567503
184.2827763728535 48.42211293891381 47.68394005828893
140.27831883643 158.9116436757076 28.76774841892573
77.5148472894593 74.7798870721907 141.1165267639572
110.5421699264187 151.441094490454 120.3956017823276
120.9137059709934 102.9970473938286 17.76120679467151
40.62681501510799 159.6784413420201 185.7128502230648
31.66580283605922 33.43822438663631 131.5484219821815
86.65079321111905 86.2072241377563 168.4056015368607
179.7891617004661 138.6182908807859 129.0293535234136
74.04869585599191 56.60979684480218 32.55184318342815
126.0799145419614 61.97733588693016 50.36563259239227
40.03311636944144 27.52011100228653 191.0860744073897
92.81766618612151 53.67423370382854 106.9023006843952
2.46961803604325 177.6790810076293 96.37306525674794
121.4727662724529 50.75587688432781 187.3851963472881
87.05140988290593 130.6850714542179 159.6918730345631
96.94918770283515 191.8671155830789 81.95554083723509
155.9986657972168 172.8882318878782 44.7720690728325
98.66548066868768 62.00898266468705 123.3174749066212
62.40820939199489 141.2717224388542 84.82889824742914
136.7154294477326 2.85833848583807 11.4139520544039
12.32773489736159 174.5339711025929 144.8052823962259
90.74564099202884 86.96517495289133 7.818625258985697
175.3752979071351 184.9457621920075 22.11141196243804
175.5720168033573 93.81617661115601 115.7507540172487
135.5720800331538 61.15843778312341 35.87137606930014
23.78483810827391 185.2528442473919 68.91939962311505
11.678648892488 94.9312272242863 102.5900305228725
171.8080485564128 159.6290554646124 171.5388565583551
106.4656630649779 17.72450699191297 167.6664796742422
163.2680621580398 176.4371803792045 129.7809091658374
41.50434281006285 170.7761445529723 83.77303125810668
142.2105617488023 159.4764203329643 188.0942363842598
24.7790414058481 54.59428151533453 13.67232500132293
100.9279008272013 45.16996132574796 119.6612212556678
7.638464940055213 106.0792989355508 164.7209893160113
175.5655200068939 164.1678627809461 103.5739489698284
24.59890292423824 15.37003471932419 59.82307248134781
172.998154037899 2.902348523531217 194.1542594014233
140.6983026436252 174.3151413536885 36.73011969945449
35.46394966548121 146.669726542458 59.96724952398189
73.18298156689686 4.852276409324651 101.648828799202
16.32131408426729 162.3940463042638 102.7948152092562
185.195625243637 32.15617117424585 144.4319176182672
163.7038092443603 46.86259017177029 160.5809242151747
51.84629250365889 18.47161278591597 98.26224872566442
129.52164757406 164.0451142456385 75.02213168457826
144.0324536380458 70.63594372207702 67.12723564229013
129.8281252616708 198.8982262994532 113.3958779240801
108.1538571441049 1.728725086362898 55.99054707549182
22.46563896296398 187.320725845949 196.5272596128951
25.85648008438779 106.2462671176549 100.0219299419619
48.22742706375185 129.7457815559349 90.90916793401824
90.27341577323736 196.04882484378 97.41162083844655
16.43578713287233 129.3462396782196 109.1845360523036
94.73821305545012 122.8565210475065 70.45703655636952
189.3089140224656 198.7885225936212 136.02056097858
101.3512315022159 194.7233027705003 110.6953093391344
152.7956156370106 18.55360227469601 37.71834294963334
119.2955357907072 64.28228845877445 20.74412605629463
59.17111567293107 127.7908751152993 55.27399829710076
110.2768524996835 101.2928788041006 151.6500349303356
188.9196777800145 89.32744622909864 197.6068591133132
153.2000625078349 25.62336636463815 112.0474044228855
190.9409525371337 59.53497930529659 72.55207794697459
33.94701681048887 110.3684119188691 129.6875172318348
49.38801689011736 57.4693053069098 195.7965064433245
160.8201885203964 62.49354307598213 19.58517150946603
9.265174554555697 42.10057913312503 16.61782210990487
34.1747832323266 90.69239790909438 35.33430038222073
173.2018788045409 106.9353220581781 126.8500932342866
177.5661447351998 4.582234209879832 123.9963727843864
18.02813967606918 91.79257820688541 140.329451616533
127.3468986509969 135.2536668102644 41.8456921443437
4.173710149633814 183.938602850912 80.28464554236601
11.79312714437307 137.8342441368804 74.66164866186145
172.3119131016318 80.38122176218968 26.09242289450665
198.2002907058228 175.293141302038 157.6623161725272
106.8237806986181 179.8582941617273 47.8754574282886
67.90947134837229 86.94929519675185 29.34464903738979
101.4268405080234 81.50435926291915 87.06974692870992
38.46825216773699 130.2215806943764 109.5530028168127
177.8602118982107 183.3246006354958 103.0363500168883
184.2466783333946 15.08336701514293 95.22042356509527
123.5708812522695 148.7132649273298 104.456355306184
141.365943562419 186.2948904173594 9.21799451724873
192.3806234654547 25.65090031367292 62.43487734364228
16.60506969400397 162.8390896738503 29.61964332987089
145.7012508736575 86.71783081505218 158.9266631711867
60.96979391009732 171.9330822635895 100.7866284912986
60.00824433784726 157.1191389490374 91.81528684836063
193.8450874846504 148.0125125109116 73.88515428671724
182.0050531569817 72.18646028961651 64.74060253601228
37.11509700511009 91.22412231723391 57.62673159722243
78.54024421596051 72.66621543757489 178.2399346428953
31.42609494149052 153.1453908442424 156.782766253416
154.3730537566227 10.96082119409763 22.20236476708125
89.47476631025067 149.8965299969418 134.1274762966103
190.6409235055429 66.25091652465569 103.6185450835943
31.22289069978785 87.88328377249863 129.2328034320417
194.7013040162245 129.2658978136979 82.8823141292123
3.363935793626221 76.49610238774078 5.355349747584519
193.14834048839 178.4028051784802 137.7200093654576
83.0727534508695 185.2846326831456 113.8626705612793
177.7154253190688 31.81976152613094 163.8490632884642
160.2209466853649 96.12919115936488 32.34637198463428
160.7254088085255 194.6452031077178 10.94688190246964
199.2680841945907 154.9241923555339 138.6134129937526
179.3782115916954 42.56533538290129 68.66630058133669
95.35219973964013 93.24121610458275 136.5672841819067
0.3332214363204651 129.779648332427 59.26529686695923
83.38906550777861 90.05316917885854 188.5957700557701
46.71595248693997 72.42661738731384 65.55428696110037
13.82834046644223 191.0892880097312 107.5289465979732
77.6265474891519 71.0191424210288 47.57811246802877
162.8362190906718 2.514971844133133 138.5499203777967
75.88265860079728 182.5172052120369 90.84260088495012
183.497426010627 3.334624376269974 50.00236922113521
146.6227804481663 8.234729047827846 121.4003388622124
122.2477542822369 118.3055759041687 152.3867816873632
179.8332713997263 96.65463120899739 14.84036787878347
194.0611285465123 66.77075573794414 48.43549714173374
162.473525489258 113.6158849760531 14.09777858271054
32.28636202900358 45.92999181736962 171.8416254640036
107.2034591742769 139.4044526004687 72.49039608065934
115.3215260575237 43.97669565784791 78.27266077570951
90.79478489054826 164.7581785279747 15.3640591964762
81.22974577561074 83.17140779830004 82.34643859356105
183.0809253397333 168.5814372110757 186.5730509118441
160.1819661823916 189.9842521980526 174.3456991707545
175.2347162518068 163.081308390556 36.08196692869468
79.76143884347641 44.90458754822214 0.6324259257412803
101.3983686497609 79.83998035315858 66.32546124159197
167.3936188126571 80.23628473549586 187.8359173948325
85.19609332201681 172.9122159767448 166.4295447540363
44.61033361190978 11.40413221049982 46.26895069735968
13.07557695875288 31.58737303630107 37.6289532060431
157.8584756644386 153.8800055408956 99.86575617595125
41.23008548612314 26.89318174142786 64.65593360580569
113.409285202773 97.96399548421373 53.95615031396255
32.79623585373405 47.83619189392592 116.5589111324453
144.7953914651488 138.7422828824241 26.34581902477267
120.3272431616031 8.687753863389185 180.296932824478
126.7408834956498 19.48402319226094 113.1752920670063
48.10724214588273 152.9724416955532 75.24992478484712
197.8691924852002 190.6869614101116 171.666602520752
165.2170941183323 159.2224079818476 57.85709703118633
191.224462406706 108.6074262088885 66.90504832349799
147.3982660661618 35.09879489787819 155.1914695099332
78.00075485352224 193.9820487754925 176.0895607730702
60.28005725417668 156.7885088096239 117.6571957807299
127.4952004597726 64.76212625949745 166.1017052519965
199.1151129682772 10.73087662534883 75.28862886878662
10.33842475422289 75.36506308607579 94.7609445769568
106.2457391923139 122.936822434998 53.11329020676362
43.12202359851445 25.42542705953765 164.6785625959552
147.283701879999 153.095650197326 168.9401313691644
97.41436666829287 193.1620942677904 131.795600603643
111.4581469032697 71.7131072912813 109.7031633873162
60.0013677659263 192.7065604075605 48.02121549845442
128.5836494367804 146.6875447406267 63.57921029176647
12.92346273988386 50.27732183306247 157.1950110583395
42.06537852950682 171.7258655746408 123.568704289618
167.8476355689548 62.45205836848027 76.49468796338432
103.2781920064028 50.01420864916281 197.464453095998
98.12753206132513 82.98599077886946 42.46994558574151
196.7440864456201 121.2730973201719 155.1625136525798
60.96336093778972 12.46302415908453 64.18972711401921
114.8995554915995 124.0221223843683 182.1794163249044
74.28101359891282 145.4017423412111 101.4169184342731
29.32528425211419 125.6306872702251 182.2046444829593
22.94320697703761 178.8066905796279 88.68338825404834
146.2120870641502 27.8477505733377 13.17320358914855
133.3992445689416 24.86744697042678 33.56979811972006
85.83288711930803 97.31377576923633 27.20032393400774
162.8142668848423 139.3330059748919 44.13420691617944
52.86425079727278 127.7377519755576 190.2626887653213
58.76959817172023 128.573771218723 113.9201007859663
171.1764725133067 47.75659231461396 129.5097317671316
106.3351157800104 7.053375414594862 11.607908090399
89.32343938543356 123.2862763806012 9.55979587154712
6.800062779660519 21.4311720586606 16.49029591080251
34.60311002495823 105.3737266611553 80.37904496190276
65.97279989186332 63.20292403754329 8.623077035628551
198.4811289038264 33.48097295203181 197.1299706162798
61.41030222017054 40.0415919014834 67.66375721235907
91.51568198402322 131.8997437118547 180.4878262585412
53.26069014500356 88.91315354267476 44.69418739388808
49.51384131363677 190.2284690425718 165.1099054432709
62.24473040672805 70.10955817306113 127.761204821768
143.171803416352 99.45631827417945 113.9059519235985
164.1074269337605 152.5925761926762 124.0530573034958
191.4463016495648 190.7934578276996 116.9197364031099
149.7676568104058 4.129687171261407 75.96827151087419
151.362949401402 62.9343440135529 127.3552227483379
168.2741500661025 136.2563633040112 20.68211683924463
69.95323358126447 87.15486920767421 8.603625421862773
178.3228822665434 59.59220807347149 31.15949839692787
16.98662225929117 111.9165699468774 145.5507774634202
22.82583757015914 53.58527842087279 34.36702559151946
129.9381635602854 100.1528402202009 36.30203133957933
189.6600551470684 145.604084958031 27.36066220324932
18.48987912547913 86.82767325511185 49.43535960242423
183.6649496090239 172.4418444160209 86.27484334885463
162.1558461707888 137.1457405257703 147.8289343108108
149.1768469240527 72.53325246032162 173.757481373951
128.6520014995995 173.6413392651612 19.76989193099475
42.17963625255552 130.2953524064707 18.37176776878387
194.1855375059731 133.1080375412724 107.2345162233331
85.77269596255914 15.46140483574216 167.854503000155
63.39625531426359 58.55852979490304 180.444715312356
110.5061376991999 146.1473804933984 47.4090627106093
192.184386878038 195.8722352843885 93.19656382674995
59.65168557761537 95.14620956587629 188.1174169127527
118.4938617609365 54.67291663289862 125.5108768486051
150.4659643860099 155.5833755633879 76.79859538319418
89.90698892297827 151.6143102187006 60.61069139989605
10.03234457698202 109.6781179393451 49.71289726130286
165.4665552814429 134.3668686679831 84.89359448619395
94.91055479649134 111.319417069953 117.9357195403649
83.5566865109909 142.8057585899445 22.78386827605952
83.56865037932077 120.7817128143936 33.02044507695756
32.52955705194093 177.5487332826157 148.7952756817516
90.45290866441233 104.773813982297 49.93735239379947
15.17654067412807 39.67532403636749 60.42485651108809
9.770300311713708 36.88844243085606 120.9161014751368
144.5339755793024 185.5128823387444 129.7049035428214
56.4070925081387 46.69201514469426 125.15698020411
139.8198516827213 177.3318551201171 170.3762810508744
51.90074580112525 29.82697560224624 23.89235889407126
96.6235958895177 110.3166179897212 190.3754432290165
17.71943632047527 4.623911278621905 170.4348404754882
107.3441160750654 108.3616577395487 32.86547343495906
100.9650764936625 116.4709686945616 140.867015848576
77.10818262801669 13.62963947002544 139.6302611506569
192.2306503709847 39.88686521816449 28.37254565258295
34.36359072127652 60.96000418905345 152.8892045979817
181.8815400491418 12.35877018352303 149.9476798314022
84.06008155583794 39.40636698508259 26.45567485641979
57.53161375659958 195.3535708235111 189.086477894733
40.80176644570213 181.3364212452898 57.59231371582616
121.9699053673402 77.23103754268872 36.81946887680917
65.79308774464401 109.5025332011271 20.91042100629397
78.23158747072334 106.5479661448617 171.5528727184528
21.65229904833028 26.17535577462534 181.4092377164054
17.98651822037752 55.71934817534166 134.0944134753476
44.82933124459514 166.3586431745864 166.455832195048
45.47396206044158 6.390646013344814 113.9679924657187
36.91918407720883 50.48320253336536 60.65832852443268
56.54168153412085 38.12195903764613 198.5465414319488
162.704475524959 176.5165494280403 74.7072164419819
31.89620251866492 152.9747000233957 19.51876192853123
94.20755580647338 101.8082170021729 73.7416633247277
40.25916885778074 192.6190991541053 5.937064379091129
22.87149766897926 110.3412225610715 27.72547188990614
106.0975803457915 167.8483751732718 196.5364244512072
129.3803335180465 174.4841946812402 194.6896463882567
141.4851077832801 101.4343848590661 14.98205576491212
25.49387029945201 148.8666332225705 176.2693835258858
8.854062632645283 152.4980162642903 60.18401435969592
45.85387760270322 112.0751947298674 101.6511309836559
173.3709099882721 127.4395591520221 197.262896338174
1.803114868929905 76.94736562140035 69.06550904184577
168.2723321765724 38.45086854089578 24.70257045300495
141.3209900401617 140.8355134676085 111.9456247680688
107.8165535173029 61.2023825206699 149.4729837670084
125.1567898789026 44.47116319614279 152.4988836270217
36.38140338017667 71.48810050426053 43.61036151249101
13.18318345733772 115.7073041946443 74.47305210276542
40.07343791378138 130.0594614201531 71.76263756129445
175.0432129256522 13.84808399377862 74.8216514274534
125.3841808205529 78.73169971494691 62.68302007948959
124.0214270896547 184.5662197211821 58.61899535677998
100.046037342796 115.0987326842821 165.1656274067087
72.04368351422768 24.58479833657403 11.43134745961575
22.80670522063074 128.6851970135186 128.9892631460554
187.1349325497374 190.2465519106602 70.12731616012995
143.0850633300085 105.8994089467048 151.2819844365292
184.8786185961538 146.6520766116757 51.14566987330671
118.4487916158603 101.8334968115864 132.5127033328833
8.758723967226199 182.0224273554672 27.78122052312779
35.71931335965392 143.2993682525594 197.5824061514901
99.73566784530388 16.34254870501465 148.0161186956366
127.6525743907996 130.8858924672874 94.51767432316835
72.25165562003079 159.7122595798714 75.18647732080909
107.2779155410764 87.49747982027203 20.44014319594688
111.4324470384998 47.8165709779882 54.61782317165265
171.7376176021985 34.61123823207118 109.0966376588604
129.9841118677472 117.8409668762057 52.92548511861242
11.81600536179653 159.6406391101864 159.3396397491292
170.5764665139509 103.6122005101858 193.5060151737429
28.43053119930466 39.85104029973233 80.77427062890071
80.23051143247334 43.87316786957958 121.3971191155509
122.0293008893075 166.8550820306255 42.12569710853191
52.14733073609629 94.88971402860753 165.0292416835778
128.936321764648 87.19390302395892 175.2712088927585
194.8867864094659 31.47290826736533 102.5052511854266
14.64378458910128 137.0898006436154 150.7978844054962
150.1797851182785 48.37647127756296 67.5965937204986
157.7753249093712 35.725987735461 177.1346472994489
108.7406244989535 176.4732294534302 171.512077406153
66.85583279666655 164.0182959250255 11.37324660565628
22.81170495004748 196.4268136662718 51.39442682013463
145.4654618238257 160.1143072993052 8.644955287530296
197.8179217228155 103.374349711155 29.70285601723008
22.47321137590718 68.11612000984451 172.8176518967489
138.2881452507725 196.8578986709293 191.5483154216866
51.71105527202671 14.68211643310643 2.579655770355568
98.50422228645145 168.4011772077057 122.8089460495149
142.7835025858244 39.67710732969724 100.7685893519165
133.6858077203886 39.64363375774038 174.7109767975645
161.5477675907774 18.00329458037551 94.56801564733512
36.70810442034858 34.77026700015933 42.15800774578342
140.4484350746372 9.463538241498062 144.8519760700909
147.7535749133931 116.6494562646652 35.95706995010129
57.72970937140601 199.6149976309781 88.72798989391852
178.6085852582625 177.8786188251348 164.191184269359
82.80449920762747 73.43426887779778 23.97481473604693
61.9870309966059 10.7213560281193 168.8221448478872
116.3904716764993 93.78728762638512 79.46344297282576
150.9308944349292 188.8561209635279 57.12582902211517
97.90811122887386 155.3791183037606 177.3811181730118
184.0746412781655 116.031272655752 175.1994184293456
25.63625957178326 199.4801764976496 27.47994460599956
79.13361969422482 191.2306887285255 30.46785778685679
56.38276047169158 69.62808790395556 29.97175323130954
66.95820501410914 110.2169632185517 47.2403582720239
102.4275074808387 60.9248165302179 89.92076033962367
22.31339023067725 165.3556410376389 193.8111555952259
50.6328825619051 78.16667087089918 147.4996867177924
96.4327343852127 22.45438939248032 81.87002741293543
134.539029451066 138.0929372722466 185.8536495382889
60.91964294907709 129.507702297586 33.7900216310921
96.87481271843063 145.632073635443 199.7827904480726
64.0491758631143 113.8524554399221 153.2485053400802
153.3927442096949 178.0685294127804 194.3637863935767
177.6905724019497 25.64967643678403 187.3322004050504
5.673450412412754 127.4198750031285 28.7679295057386
157.799754654921 129.0855983511534 125.3523608440013
48.25326032208461 77.69377222287092 0.5490851952616846
135.9944180558765 106.8733033106351 73.7214640896496
39.98095653181691 130.2948024570772 47.49202492459765
67.0165247343925 24.23273981134145 85.2252043062428
109.4792276984344 49.10352549547334 170.4559197057328
72.88728165347582 106.0054202136696 109.1953721483356
107.8082074485543 138.0515084334568 163.5661921029679
181.2933934960631 143.807771817123 181.1718272312594
128.1447785553872 149.0309120305198 154.5527002565833
184.8949529195863 76.55465202664824 86.47960324044026
38.06124841911352 68.23166541411096 128.6427736425151
175.6633486654513 125.7648084332559 59.63640185322704
126.4556433522194 88.20544420313709 151.1343258475615
3.845310324585332 163.2489597627396 13.17950372506572
44.73966610115311 184.789024096817 102.8959160609795
163.0468894471118 191.4752129890246 115.1674760459084
108.1273451844391 119.2381553833072 85.98098698047662
28.70268713907228 59.51062427154968 95.67288373898046
42.30771549176172 117.0442621999227 163.5688409234132
195.458594501606 107.3427749136074 135.3131701451609
147.1959642583355 99.75397634931524 53.38336679808747
37.03189145721391 98.24703782945119 146.3256207203874
146.0098199252562 198.1585109260434 99.20659284354956
67.70840871941547 122.5304457560449 92.17517846530976
16.96979391632706 63.43635015296768 55.77354803720823
163.0347982076949 39.8770683790596 0.4656095309250927
10.56826206411177 146.9295932824606 118.6493842541557
43.96050585727509 168.1504193954318 4.432245223954252
5.669751321028782 163.2287006146396 81.7353386198663
6.928529254718615 114.651495761257 97.91863056401006
12.25591765608186 87.60692478535658 185.057233641406
115.2467394312395 181.2686524835184 81.0194854802005
87.22676243805701 13.848569959489 27.02826504922558
9.561480769222296 73.65064145952947 148.1351801670041
25.32579947446367 70.65791909004105 196.7946669060295
179.3955660486953 73.42756827782546 7.794153039720304
157.4879498048002 174.480082448472 24.07135778276504
12.0458746695849 143.6732765203942 94.63542903336396
28.90580336205638 24.12105212661065 113.1390734516236
80.29948657533659 4.326943358521246 81.12250872665298
114.0578016810793 31.33222641090963 186.3422931432215
20.73209051548076 89.92524415147874 162.2833627147939
67.70671646548934 23.57729037628252 110.7367445443269
36.37385881129522 88.57131128642023 182.380270919856
74.01809583926304 152.7147541099866 173.9651058897256
72.97688126367949 114.6173737729383 193.8400457683409
27.90624165223893 125.4519362088118 92.25980253081408
56.26128735740167 87.69879569906244 109.7149580182083
192.372223324944 143.4126663051229 3.329405800505246
48.51863995405459 150.6942337334445 37.47911314609429
106.682958758304 183.1186297736349 15.65831596249959
92.64623695945536 57.19421713939585 66.81237861870194
28.04636593989137 13.5188743602193 7.818166912258439
102.0551523193948 21.34136069715513 52.60095124770339
198.3058409804677 3.731182954954796 30.76889543790156
154.8330453518515 70.1337382405996 150.2735002728707
152.912411336395 118.9605996003447 187.1132636373206
64.25078714597937 174.3023363514414 154.2294167201517
100.9071400646308 176.3750910291671 99.99682402659256
46.02081030270895 110.3945630959266 34.98338443669562
193.0096911815909 78.52045267593905 27.22669937261345
69.15016593848314 129.0698033511165 171.4678397110031
151.9581737704255 137.4897201273048 2.754955898259235
78.28199110482855 61.27717674836494 92.41704327485428
136.6039301661986 44.20040415659179 47.89928140204229
157.7618992853899 83.75421019279575 11.59444974695509
11.22754886013788 56.90139141982127 79.01186848036168
137.1535728000827 117.1991690170891 130.6263189737007
199.0213891527414 131.2684491575381 133.1521537317813
61.82020903515333 99.16372323994126 88.70202016710113
70.22398717496174 30.0349505806595 156.1539339940931
15.52611339548888 87.34419138592028 25.33697457868836
54.71111013131585 6.733030928478814 146.0037971028588
9.630511915128823 197.7672365188443 9.315336040586198
50.78938386745301 39.08461419090894 102.8128251352283
87.43662843238772 53.88715274315868 179.424640517991
129.6634052399647 166.5223518831459 137.7724670592119
194.2429898563591 54.27361368927686 8.921403430823041
27.65229396466692 164.7394517934628 69.45794455476508
82.45940430688179 38.00415716030105 97.93723286929023
112.7924132154991 128.3885582475622 5.975770155075487
69.44142200977164 199.8402159535746 9.936908899038695
190.761365445085 10.8819914937442 1.500146584853116
139.2486323673249 68.74561043839823 16.84087464150213
159.6000709874451 14.48867760467594 159.4328237389419
5.311836676098713 12.85675211525094 114.0948007062373
199.0346172199947 17.77729619444055 178.6306289981849
97.31940086716223 152.4790034104478 104.3613575581773
143.5394494707736 146.7243953399163 135.5398679941732
32.88255127785273 79.98718519334101 108.0377126676756
137.1161263301678 165.4044165791842 94.70057486442433
33.87254514514598 198.5131449404794 136.6414471386513
192.1708389047139 144.7291218048567 159.477435482885
92.10256234815172 128.9196954274016 101.4480058458961
108.4156502030114 191.7229764108292 192.9046547387321
32.33714919903489 176.1594765722959 26.72046164832771
88.63332241434532 195.5068627933071 154.3102631628131
131.1094412812598 187.6079013489048 149.830229309153
167.2091422512502 85.69502357162202 164.195771414621
140.7565226430162 166.8193747806892 57.58370307504394
25.05578914834949 119.1876097291552 5.223385566853891
7.674248637092234 132.572540437421 173.668764554332
163.7402174996582 160.9316117095946 152.3990441444102
158.819034178005 34.53985429656071 49.61148348893774
123.4680188758574 151.9508248743771 2.43497744678116
121.4309435216512 4.826606434169619 40.26200168821585
145.8326506847839 63.70392759332892 86.66365643607871
106.5709875990788 39.44406285294851 100.459567096185
64.0747599345771 174.2979883345489 178.9329838797587
93.12244869868043 171.9181323391888 77.42988127746138
144.2919979322426 129.4044704270601 70.11574557557756
124.9745086999943 159.0937936283605 176.4269519600847
107.7687170529096 46.00965637221349 20.989614319941
125.9962018246889 21.31380467682354 160.3453276343523
106.8289995324747 37.39893266676297 138.2301369957849
172.1501651280076 23.52617572467323 130.701546615125
147.5264477369948 93.87695654069587 90.67438675126267
120.2258888022289 167.8297111681149 111.9771736248246
172.9248750425228 15.77172172464815 32.02977695883644
187.4146913914738 154.1344182959769 117.4350380588221
189.6989863049338 167.0634025969415 63.38033014893473
131.4209095572338 115.2211647487847 197.7113197664481
190.3567108637432 77.71534355755848 180.39277961932
38.69763298558967 8.886985926385456 181.9016577648475
159.7963042382031 110.7601398623987 70.97985773799074
69.96722037802047 191.2739680989197 133.4107218383274
120.3657892946284 186.4703116114868 127.5423194030307
18.19221764198868 17.78000226993083 134.0819316803103
63.64345069793701 9.903375966168058 31.26643462783105
57.93736169741705 179.7828451472558 74.72379915956384
101.7395821587622 99.16961066828826 98.06206648463262
178.7170803348933 5.628877768040893 173.2636122334387
171.9808172035382 118.1889460873861 36.48256638205154
91.0601418211338 43.43029361252215 155.6919040168049
104.5795653087011 132.0898016677098 28.51499986703322
173.581195262698 181.277016029635 52.08267903389773
85.35835085787124 174.6970526707915 142.2263564467593
0.3498022231492665 95.21415101968213 84.98057818424853
159.6564060496132 195.7581525779263 35.54873848924137
28.61569301183732 34.92135547408884 19.27488903898861
85.99772928447548 9.112833249712011 117.4883080299052
147.8044253167659 128.8947160868368 165.5635522114414
155.2102421770999 62.8300097462327 199.5409750947883
71.69302317440273 35.4148092378437 179.7782727475649
31.99468250770262 46.04872595658993 196.1198261622712
132.0344896188103 46.12899422158341 21.91916169853122
47.28864533750499 109.4243666768153 5.182983653459269
6.504837013977468 52.79587959106863 102.8640556321121
58.6087942039081 75.11491557253447 89.08390429875227
49.98732072449948 62.76403100072162 108.1256240216079
24.88761629089258 83.58008959997083 72.63783827433647
96.69121881414135 28.98733472052048 7.677655883754523
163.6576438626903 41.01548817940331 87.10809841507049
9.930767158661261 47.70563953557509 181.1411248240187
53.72590812491711 107.1052455054513 124.0752685497783
68.04046369063775 170.0945033565017 34.83926463063619
175.1633788408928 157.9914004878278 12.33505413290723
193.6091832150929 86.42184902438049 108.4556025676528
96.55225685808884 59.16191124681256 38.04310344809929
38.38386126242206 181.0865748782361 184.6531985072907
88.9493263061611 151.9057261251332 154.8399326423113
168.4028611129082 17.51971398406523 8.243857725102048
162.9439044339704 155.9481743874395 191.4514708247333
113.9104680217639 77.9880321829617 133.0255725396298
132.4022094388435 65.30234251147616 142.3354725666474
122.8495113997393 23.86341438853468 89.60647167371511
66.28776113931841 131.2841187350687 10.18159763233892
151.1877583988973 96.09733068371821 179.1835990548574
171.6666432396375 76.93400801069211 46.79563490270485
53.1457409827887 47.03708252312247 159.4534948103302
143.6525517740588 164.2244647767794 118.0553997331437
185.6105499558238 50.7603213451701 90.66024314582759
194.8551979857909 48.59692945963302 136.0902029510465
20.49450186854347 172.5570796583555 47.61006030239757
148.5352561075234 118.1366216371282 91.19352829477455
114.5589239392841 158.0910893461663 88.20749663037232
193.9444080149883 109.4910697775227 196.3896640240497
194.5964702682391 90.95103173036418 50.5785715836539
112.1522628922829 4.854495816275456 76.17696951067052
45.70796874096929 51.72906222572307 15.46414802797935
144.801461547059 27.57898239280085 79.82123441218617
143.9301379155161 76.51307406365478 47.16124678505145
176.3363459949653 63.22967762903429 162.9736903619159
3.134203869016405 153.9396450893828 184.2746390670984
133.1083593379222 110.9870833261804 172.8290446807386
139.8292317181811 1.471870089392682 167.7621923621532
111.8503196962133 164.2622805567747 64.02077363497102
155.8708737307278 56.63976017957966 39.92138622392787
126.1065848767458 91.56861694559507 198.986793344094
39.00181259134138 2.999620201580226 68.35004846228152
143.9911553307558 85.19769184736109 134.6104361767622
33.75277793232586 72.44261537969838 19.49537885649411
139.448808418861 21.81156543223006 56.86105138575324
42.1819273996821 160.6714140029371 101.9539134240234
109.5215702918462 23.08514185790041 29.56182301963622
17.04033469353031 101.16189409366 121.7701950784245
80.94551507254585 26.22536837334559 63.56048679819871
137.0712121518793 22.30753957297233 191.3704473148882
76.29722453561351 107.8978253184682 133.1524473115033
54.63231954828476 187.7097149644969 24.87439447565148
199.0308548248983 163.4846648647147 40.84489883073217
10.42991576476803 194.8154115700781 131.511965273316
161.0274477636625 10.85275542556493 55.21736574095284
50.46116782416809 30.31446655090879 142.0522908871507
14.96888388187096 21.26314821447535 93.4608745941416
122.4995487833086 148.3442647459721 26.41634196483863
108.2081139827909 79.97604503831812 164.8756269120487
72.02832173413553 148.2068188340191 44.5368017224836
163.4036969821841 110.3679532682756 163.7987025693747
164.0018373954688 112.278707410963 108.963119789353
58.04577655393825 56.98917324809614 50.6210871786009
104.8305536614924 15.42180343906952 103.5263461246533
48.03035781827031 54.49816685417129 81.86848008515334
121.9809026077222 135.5609047045202 135.3083610418284
124.9917943911742 55.83248535946794 97.3026593026671
87.55702029192649 68.45427042366094 198.8512623289582
23.15307587209823 158.7755160986047 136.5771470925255
184.964966618867 100.0573184106828 155.9660967825778
126.3325933045762 121.6958727978026 25.69512658252464
70.32493540968733 155.7887975677526 139.7459919987286
70.03342611395259 65.4585725863904 69.96266388322006
58.41725370236994 151.282410148446 192.512265115632
39.94080929034298 145.1449464955923 123.9920081415056
111.3149131720916 72.52147766497788 1.755547840767784
45.943260126152 109.9912938683541 59.40753759067471
132.5598792341026 68.02002160106377 190.88398594719
73.694074268536 13.45418654761581 189.9230447543769
79.82562441522091 6.686820275244043 49.18504761553135
71.29669619351607 51.05836834520688 143.8274105917056
0.2908345364009041 35.2245571189698 79.13416019916589
49.34870744084694 90.98513678191225 20.82959920894239
164.3979475303798 97.53945316343749 143.2034586092476
127.7757218231647 106.7018527109675 96.58210766598067
168.2685751980317 195.3390025432317 89.00791139986413
79.68912484197268 46.03256884513925 49.57031243479835
108.8111266826649 178.3578857696933 147.3019533772677
99.08956682504524 134.4473535246154 124.0296490806094
29.91141871673906 92.50172845663026 6.364419205727898
0.3353399215985179 185.8442605114594 50.22749191477541
30.98689402048863 3.057966530126269 94.73318637733068
57.92636004945754 164.2066206728377 56.10423014176281
81.82262074613705 136.9608517828028 78.67755678636853
166.3548963651134 59.26652544420261 102.890368979997
172.3629379137645 100.3968900959064 53.00088431460662
121.6751160391619 28.23911513371432 9.185454189664595
69.73585493150937 69.41080289526555 159.6632605181801
112.0518514285985 198.9753834683126 159.6773215153396
79.88109736859438 131.1436567016396 139.1844938054763
24.68627819938589 148.4035957017554 42.2454727212351
3.089475364390552 180.1838788431135 193.916126566112
7.388553154970778 170.9806569579997 119.5163608175783
20.01377374725637 24.872412910636 157.2287834595833
72.29460819241345 111.8505643383001 70.86143653480579
108.5171221475687 154.9884788219262 140.802350078462
183.6183821626061 148.8455255790911 92.01284257215369
0.592346375443787 67.41144281647362 121.8556918752024
138.2749793496547 45.47592733962833 198.4755342378363
139.2701682852336 182.2790004086982 77.37875816088221
63.99334059485835 89.46450576475837 66.45745073274693
62.30975604278794 29.37276953722409 45.86419087066237
134.1976443047989 77.61443980356735 102.8166593122704
5.484465545742292 13.43176710072888 51.84355148361765
81.13501007243292 128.7364311518118 55.83739779124392
98.01258394320374 13.2588032157988 188.7086026765672
74.70014669654796 92.04518143224344 152.3957661578803
48.65280709583531 143.0187442091803 171.8910620693727
52.00081155628681 134.5805687471742 149.3898586795585
154.9791462207352 183.5588674179834 151.5296958955253
185.9301751576991 120.0852865978769 16.70105434844763
187.9507660260587 110.2139171033664 112.4042555087946
157.7602382647036 12.30996916637218 183.5516337661341
46.46013657881616 158.4050171520506 143.3839227777208
82.21654296981035 165.8414266690569 192.6710143607642
