3 1024 8.061239434473014 0.6482459999999999 1.4 1 3 200 200 200
192.5302491127757 96.49538113693109 58.30940602171559
18.43263222260996 105.7847395074233 30.84380657761788
102.295330579933 119.418155488044 156.1696590548005
166.4269545182279 173.2665617940419 44.19732279908632
70.97322674227775 100.4832432564003 166.9431131351303
140.2784031392411 91.349780061261 121.68657287685
188.5623613521027 9.30307876889615 157.9427965358106
113.2540748117156 192.3171821784735 76.27004198941658
183.7220738067603 110.1939151302031 57.91136126775751
121.8829300179544 174.9536651899279 25.31521945102797
42.54080994788779 31.30741466368475 168.829257330143
40.65586032916291 70.31359565897583 55.98293214287008
19.76271000011543 92.62624992709743 191.8622055661021
83.12917272266608 182.8843215187763 187.6982434928943
111.3585783617422 170.5202756596557 161.1437355434985
147.5793566007885 110.5849857953017 0.7834551930636688
88.97227578753275 109.3802155990907 143.5707558988337
103.3856320953631 82.72314790471498 187.2972818147534
128.5165301745988 162.52296929268 122.2366023154334
140.2860855070113 27.09943218522536 83.99393558785914
189.8376623603297 167.4376518736504 135.0024656019525
125.551514951847 138.8534582256015 164.2381334311723
108.0250735252059 35.78059866241039 193.5503914516414
68.28491538497759 168.343355176177 18.75055381568457
192.6701973858193 107.8257298434487 44.71076505201921
194.3259039393146 124.1995447350732 159.3453243745062
41.40284269041258 104.4297203805404 45.41068225877454
38.92598286522681 62.08120946573286 85.79012278052686
142.272029877236 75.23358862227336 112.3086116318682
48.89988934434545 165.3940375015258 89.14958207689737
19.94711092879798 74.80695819724907 176.4459703041572
130.3792278632006 65.641861603984 117.455857758391
43.31402680895296 41.48010909512608 155.7828417280452
135.0951963055235 163.6712839219062 59.65668852566478
183.053486096994 29.48586197397384 196.5387618481127
54.11868038695683 49.61047944701404 52.56320915180125
150.9276189712692 79.70674765092426 125.1540677358514
43.13148517301039 36.58400514374271 0.9909712487226816
77.49745036876755 140.4777613259217 12.86687771401984
64.34587097497831 113.9961364716804 161.1076424786896
108.284062322567 73.65179371065931 111.9881660269407
170.3091539852465 61.09984831361715 135.7229548085408
174.9114724255607 161.5073458511493 133.4962277645347
0.8336402685152831 178.075752462309 80.0858678269078
89.09055444012516 52.32355417046658 12.24860508997956
31.98709964733121 100.5545471567065 151.7183692763006
162.2042533143799 84.97976582276561 67.07654968220892
137.6898449990146 194.912366281153 52.54604536310929
1.30371572165072 109.8985386615737 5.452277532348496
28.85837451545384 88.1117724094441 178.318284790489
100.740869866465 56.27838627957586 22.66796578521664
163.1930398106281 184.7378861856224 95.17583926621565
199.5687518359184 190.6646775525717 112.522737443483
54.28298045108389 101.6481530799599 36.1209431295859
113.1500987528666 68.94449467865104 164.0612813106857
94.76570120674438 2.340728695668779 146.5239868979976
45.94940335664346 84.23916751674054 185.5584598084966
30.84009371297826 139.6334754707637 162.1704408518083
152.9095806408573 95.20909044052405 56.15033619395689
158.558374767907 89.36729604789504 42.22558408891103
32.8518978888126 165.1746200105021 90.68167464474783
43.649717554715 15.31686096829856 170.5632444925423
34.98829570724062 125.9248566586148 154.7677142511793
98.71791768935563 103.7335851506416 155.1064433135335
125.5963193949879 19.12410014751758 11.39727236805262
75.45573974679483 172.5792771677217 161.2712545252268
93.23901255884017 135.476229358802 196.9964947548012
43.49447359712592 109.5655375366173 121.0296757862423
164.8783963213163 0.7685850212041717 94.84509859861818
125.4110172934519 197.8783214484376 157.2148161929265
163.7399646468345 106.7086498659435 33.34223790360122
112.376835947504 189.2785860212437 43.51582226987105
1.358146615308157 177.7276424782918 60.01615109546907
170.4779475086302 166.874890223927 29.96109884825794
59.03089890567342 187.1561685234989 186.9460686234559
108.3405130259764 113.271591818049 109.9749870818744
115.5379754281867 83.65015909965126 60.83721145508288
177.0881725692282 176.7196338725608 138.3890193912777
33.1866675586645 126.6078795560874 11.45981613868471
105.7665332022203 142.1800750874555 150.1331337311557
191.0996079509339 39.86180816881955 187.1828070828805
139.0243422375506 175.5619349283685 130.8125814877108
26.66410093040509 114.8495344581643 20.3554123626399
8.734917493201639 73.08301887887373 42.90610359774505
0.2899734393014874 175.7975920781589 41.91800077173207
121.1551120833337 102.3547437218337 115.9791985340678
183.0021340539085 4.057295480629673 133.560649378426
97.09715044844428 84.98206734996113 10.59327045523229
186.053075961152 172.1544784803692 82.92042325689663
130.5930558436903 78.10181679741589 59.25774259594861
59.00532806602601 175.795778216726 29.62643118362625
25.88415168662701 141.6270738226279 110.5422906301526
62.41208178576187 82.33834418905224 81.07849532950705
111.7068242692338 167.0465723834891 176.967446688264
99.62931268083268 77.33986983064094 172.5716396527417
124.3526596935896 93.86405452737256 129.3065374436793
193.457694048228 5.29415769567479 102.178542066056
124.6414829945841 140.4908397750057 84.43813302250636
17.47026963856978 143.5404356689394 124.7228526283759
199.4250089278557 92.24620464473983 94.00134659316689
130.3548729954545 158.9292624979757 185.1208985027721
115.1293237451017 20.9173262631648 76.73582761340424
124.9655985806776 150.4808266393379 21.48805524490726
16.86612786566554 180.8991423900644 129.1877966973255
83.20613277379192 167.2754104927864 191.7343645408115
177.6697633078538 46.90979104211063 175.7172442449323
138.3841155553481 133.7369148054769 47.9090991872454
38.61092689015967 23.75672443453601 10.59920577719499
59.226008837037 129.3934370248433 184.054717923529
199.5005979512907 152.1324504678471 86.57638520387491
140.3209145065678 43.44901263931405 194.0667856806306
64.64371127676345 159.8548856156425 55.54373926515598
173.9642581314574 113.46324024795 136.0694933503128
144.9148410098731 156.2984275291913 70.1041481130334
47.3390297032313 138.8263271391174 114.2479434571198
19.89512964948971 157.3188145373497 14.31272471081578
179.4007553106393 15.22841107748946 122.5075882475144
135.6718001322277 38.85439057633317 108.0342514706724
127.8175694435972 128.5277682135504 13.72423884432817
126.2559034667632 48.98784876003518 34.73288494715748
136.6882370241244 126.4572205847919 62.19419622166339
54.97247103205397 30.70126134165791 158.5812997820952
42.99462417643969 97.31288664649968 75.21884001683783
118.9596377196321 29.95041055802288 173.2312314786992
100.0972801545569 130.0079905082533 37.04484345005035
71.33046370034067 107.7081090972955 146.9384633235986
193.408383358749 91.21744890191673 74.4794629925444
166.4711309424094 18.21128561466346 185.5025137711595
12.37171088241786 60.57548632917349 176.3354728315377
32.99797495473177 186.8603115418764 172.3182449302315
8.436327704741151 140.6009983744122 79.71254181529372
115.0613323983576 78.1313584136258 177.1716961195089
59.14242690670138 93.71969173151439 6.315062420233672
112.2828500289026 22.55784848542196 2.247778778385951
165.7708655275376 79.20310261446873 52.45315615196638
174.1527549602606 14.33469212342261 199.4277597025414
74.88448682798106 6.873669491521082 110.9889956291364
29.9979753491396 40.61464775743936 164.8309250706655
115.0005307940595 141.1943889948899 136.5815972371399
177.1399847831554 11.267836747935 146.7355244672298
24.78163175945288 62.55061818826476 47.33198822521354
83.85830905029941 99.11609959304982 48.39986095531933
93.45548851529703 29.19592330389633 189.3413400230808
163.5851826918043 42.68015083247985 182.8437837747734
45.65887349804611 116.1280859341368 33.28936691655769
157.8925274288482 161.7830727362538 106.7501214283519
142.943013837014 169.3502152116891 116.2437064971018
77.63878838844573 155.2267019799089 19.3770790815796
12.12800661706255 118.219734945714 14.09432067713451
95.26885991434331 190.2738794780722 157.2044357877524
21.71696678480402 116.2063755735947 73.80992880688905
167.8978165334506 194.7508505142029 165.6098871725779
128.1558429628989 164.057657120607 138.2818154439158
55.02233335879867 28.55456108743555 75.2390446318993
116.7518798301012 115.2375488043995 165.1127755890307
130.6146542289256 144.1941779270063 178.5830080120967
158.5121525057984 154.7802310206613 173.312694074185
159.8884284376052 147.7346829681605 64.52166534982918
1.882156620227951 37.18467681361591 66.3563880590458
18.05084399819144 192.3811240349633 169.8611004292269
106.0939400720996 183.7334513457094 168.7351576302802
161.7746777009138 63.73681924611563 41.79501106137356
110.9171221511348 181.1307885688743 5.815242729661928
14.58516117934495 85.33471020776412 94.37801808888497
73.48088144424733 95.83012162872264 184.5791587807101
122.6269197320128 98.04147371698379 35.08816844511767
87.19015349296585 183.1836443369539 116.7220748657638
5.171751198079316 192.1218895061359 66.19746119674979
149.195484344766 187.1309678670545 124.8683092447628
138.3931184777923 8.717779806047073 183.1785940443892
135.6778876861363 98.91356484503039 108.1278522754301
40.30625153778505 55.81380786372274 162.5232120169413
86.60207262421082 78.20726560948728 182.030645212715
147.1491359088226 33.5304468119182 97.14110104306812
99.58375107908108 102.6446419512165 47.95986788989604
197.2398273516905 59.08390591221649 91.37589382010452
23.02503739765278 148.7783127466968 27.62428580734428
105.4555422613905 47.82002546188163 35.68083698765982
94.67805432603464 181.8140376844739 24.24399894906207
29.49148231545003 114.1256835329542 104.5821847648214
96.0714496855903 187.6210174516975 5.6243924212226
127.853456842484 81.96257505798897 166.3206988607454
122.3798684547021 30.70642623531925 138.649278302881
30.15690895468379 113.7259089701598 38.55180736124612
19.09655982588057 51.40547038300405 111.0656011781328
193.695133722893 90.9975794415252 15.01942577752155
3.887467694141983 173.4775844177779 140.5464383630097
38.20393300072972 60.38149121050436 38.66764737920231
81.27545124510718 120.7548589801868 135.1262169326191
73.73441223413647 155.0081354487648 124.9006158995881
135.0624362268103 32.10894091972503 173.7568794109837
96.63222018694292 198.0378431870379 57.22191757894485
22.36024587645652 26.38611964489062 162.3835027728506
46.79185303911213 32.04017001851608 21.75228790327465
130.5574184079997 27.88463395829577 96.83958011429489
173.2484776980324 98.55740285347196 142.6723505882133
197.694050217763 136.2263823159097 146.2058210587132
121.3897249560617 132.1400827795798 50.19184511043241
115.1306557837989 60.65151006180335 34.38495552266034
155.3410492952652 165.333208181088 35.29317708824827
87.78033619452412 4.97907652830287 160.8130757516672
175.1730418776813 31.47290360558494 182.6145238223014
57.2792721009 45.99081566303011 81.88880911179237
29.98583441387403 145.783356259494 196.0341218365405
100.2727026887004 173.8415239448471 117.9510533576829
60.21678097928068 90.96573669916133 133.4984455477879
36.33695858110632 52.18037840757528 53.96944965182144
150.9325885707546 105.9560466842036 44.22765754875445
145.0311445689664 179.6471338498297 20.8460810279437
165.6365915717095 109.4707334284032 82.97919574133076
100.1911836541292 145.6843606059102 132.0585932505988
193.0722060482469 106.8717398297298 70.63706787288932
39.28071320907374 154.4142307745065 186.0819007745628
26.57977680741275 17.9533347920111 116.6904146381786
155.2527104555481 51.9718583880094 193.0500711126769
143.9304012118785 88.25596325235368 172.2113838407077
140.7936504669659 35.44860602259335 25.54541435434951
53.58959753680205 13.37941290552106 81.42758223465152
4.675666224399652 97.66401566983073 41.16949415150642
132.0811474324796 49.67952680811139 120.3238932732117
58.68502931829244 85.6348325969346 42.80025178152544
50.87976737348894 123.6500470514295 118.3804755958568
121.2085490780185 106.9692326310674 179.471311781451
95.57971155385538 168.0668813415433 52.47084331931437
76.57496530439086 18.92414302009517 173.9967708143099
93.08810930938506 152.5567303047782 149.3320581400437
148.2593571151443 137.4850617700758 60.08962693792896
125.9308672698855 3.151073405811699 19.13309907154215
143.9810202885393 52.04271408319062 52.26207429552077
0.9703292032629307 85.12468203285108 50.60186333346908
93.92637601678128 5.75986675527287 130.7906116275643
27.35739619242876 111.2869681795303 4.646768916902725
147.57646214755 120.1504170035397 51.12242511117991
107.11259567364 7.114585461095352 74.46642668265022
122.6647609036163 118.5575643823302 61.26080060661344
163.2584113126213 153.1120250711635 140.8214451768439
126.6360863305214 14.51651156341405 67.43217142355255
117.3674059456205 35.08654713749587 84.09503392727507
8.456966447598106 88.74304826457127 64.41459636282428
192.4348293995124 68.95714117664292 46.46349691180087
114.4764742059408 106.1445310217201 151.994789706256
149.2153940226136 188.8782457148069 141.1767370306999
44.28324660674168 40.01073886463135 185.0558780800673
167.9629599402685 12.49520416366342 133.5366642027922
192.7518769298207 29.95801797912569 49.98685382946464
156.863016596418 102.3657943937897 70.04587652172303
63.1537944012082 136.2409087634975 32.15431238008404
142.2692382906961 60.23146356271607 127.1041778629548
108.0449757007336 183.0969786831594 88.42682657014494
176.6860228656498 179.9859650280236 165.8100909725817
68.66247375583546 144.8468979002936 152.3805647534027
153.3250606921144 36.97630292092911 81.50559963476975
140.7778239386456 113.9886964710819 102.5396771589003
21.02032136348367 100.0079435502432 45.71783880411623
56.47517448577258 130.2675777995798 104.0364113115543
114.6198723976913 48.07808333341924 22.41876790202381
113.5371713846282 53.61835125730664 80.06929095829889
104.7687185446238 142.8726572646142 50.71901746900815
122.1107271209881 31.22838475012954 28.27353838746369
196.2252077056048 74.25120134831539 105.1610814328529
46.64819311488579 174.4713451482924 178.1910896885835
79.11861920883813 74.93311295131194 164.4926114205526
156.1823526561958 158.3618001229677 85.69551929507577
19.34734150756332 182.1155094403627 148.3363549109169
34.63353942610732 173.3260859506494 128.0594901383655
78.12718729510743 37.15382172873063 7.350736631505875
25.70625685895005 186.9193683294729 89.55585368013541
3.987096777221316 191.4518344896684 93.70350815364279
187.2536982361746 52.41203430726761 159.6840884103527
112.0027690529618 117.5913434814864 11.58134802892994
6.796670306866612 76.85118338632161 13.42749193725532
93.71253538604729 193.4311652024228 77.20633129125748
179.6984162796291 191.5995167640791 150.6059100502724
80.2066892218317 28.27190795313135 44.54289862475261
113.784995155081 55.92479168981892 119.5804084429319
22.64029803074412 81.19303169730983 53.63797282097212
118.6359673535596 127.7348288928895 149.9953621435156
169.4321360118442 153.8875175487145 45.43852182988127
124.8441133395596 83.61308842915705 112.9058818381141
81.54589183293695 3.911936800605196 93.06811189773721
44.33887570190726 198.8841175152655 182.3738876822545
39.64731401437115 177.2317054961824 156.9110961089313
108.1915699472442 17.91150387022812 183.881055063302
111.6022048296773 24.22541314950105 99.04334625966487
153.0961515558436 191.6226657226674 63.77673992564898
8.660207830394288 189.4059027279863 29.43669285421758
73.76187754977234 129.7711137441489 196.8168213351059
120.1501096096284 88.20979077819203 147.3252212707496
46.44713135382381 12.90201657403127 24.56611696062065
173.1622409359703 43.24833540591234 75.73002107234912
118.0541630507434 101.4082577200516 53.58302909257854
156.7987605579281 115.909521093544 145.3295293654303
60.51982508759889 17.32037644773683 41.65144251597251
40.72406403052707 89.91840131844612 113.1399328363149
20.92942717399965 102.071065075885 167.5213062344708
63.92164766147836 42.85588880200459 190.7627888810493
137.2752978292276 163.6928398788066 28.56690691622355
101.8644753025416 188.5046231945624 187.0316586064991
47.54674333596109 111.1464019895652 62.48241603645206
138.29052542746 107.1771089781379 62.07309305482325
9.833750566922047 162.3054875971501 51.97709900800186
128.1399357918216 124.9129189440304 177.4012122160318
11.27858174314079 110.0599403911857 187.6327642994149
16.72686358359217 162.9402544452766 159.9514946926499
176.4141790734879 104.5004373442163 161.0169743269479
17.62825567849167 177.9520998608619 70.48218858719828
50.57425147929005 14.09885282018205 61.65590527150977
183.3353056283114 136.6522007633732 6.444486746684991
93.51602150645886 184.9743635913833 43.29569036264147
132.8609620989849 190.1190554750769 31.6409252657249
106.8966626645146 134.5630361038896 117.7178142824117
143.3257498754897 86.98127856414632 70.80498343873141
159.8056400794702 63.46612772058081 119.5212919259343
119.19159307047 45.44346530932302 100.3342147665257
185.2499521762967 27.16177928309607 108.4474796505538
93.01882869897884 40.61013041969726 153.6385241009208
130.0706665630911 192.8504283964822 137.2011412843776
157.2286634084933 24.42208851841577 144.3454374026273
21.80583721469577 160.5716785503596 110.2487570485972
191.4405588333652 149.2269165298363 52.31214852844445
2.492090485069725 127.8698001034645 198.3601777021923
84.04366404421388 163.3561517444839 110.2703439766148
0.3229654127413334 158.5644558864695 174.8260620374233
173.1954462815262 168.2612874367236 96.84269280273692
197.3476628160562 176.0206308875965 15.21236202299911
23.16627086328937 199.2294221160021 65.37607473038996
129.3823051290382 88.54906006514452 184.9617603152226
162.3739762519186 17.48808789959056 113.6032784719041
133.2586237948163 157.7418994578856 86.00358574171405
161.9065586965535 107.3737915325355 13.38204463859671
176.8644508769979 177.2101975824395 5.805378698354926
69.86868960111161 74.62873934181407 143.9058376598715
37.0906403178123 5.352451929330408 95.88719569266459
71.63076664939594 20.36338709719566 81.21440894174013
138.9887072390121 10.57185224551205 147.9662443562424
112.4149852633115 185.861807224636 149.4038501408508
62.34511914072928 75.36314815991746 63.03283530303278
141.1845248797597 169.4673572025027 197.202759198059
161.1926930408241 45.06788622347005 46.83850616704184
92.84595797702164 171.5792300303106 152.8519222914149
167.0440534504757 139.4695338583618 182.4568905424306
143.0849140915877 56.60845454382744 105.9986871712655
106.0060982121418 3.07401709407593 93.49601398285817
163.8453277683391 85.05349253108137 16.12361192106714
39.93818652373663 96.59177639000825 4.928536493006013
60.17788647253739 93.00128747080227 152.7379975970185
145.1304232457652 11.8722146703103 72.45932721475137
149.1609908679883 70.2797394698167 56.7879059565007
18.05665265916421 155.4256537884216 71.83964655609851
199.3834032501027 150.8545384960764 16.10142689259066
72.140781391072 123.0703144207763 19.39306149675911
22.15775999609156 82.86763790845711 76.7463829920821
167.2873323875265 143.5215464069061 160.2534700989596
184.0957423489635 159.2975890133035 116.6122166918037
49.59223057183873 116.4492564927705 173.3802713881875
188.9440653330158 111.6183300516943 190.4982639571269
131.4279796107612 61.36997654202866 197.8652764289813
4.915061189139288 69.89505341550844 61.86249568531395
54.93907069813672 108.5184299828604 18.04681063336437
38.54932267992569 79.70089215751464 37.69598254248203
73.65116767627602 162.0741657552502 145.1253840849579
153.8599088892998 38.42240263398929 114.6153193060661
108.2205207012192 113.2503534619091 74.25509055747814
110.0893858900308 157.0853270237239 119.9611437252013
1.650607671102525 76.11707090707692 83.33095489839127
71.00544243287717 114.5240373865456 180.2532456918962
88.45501919832124 78.05260491039995 130.3321403754196
143.1482867214743 29.06055489923575 7.43596678395481
101.6466536963651 28.94088845651399 37.51791904021981
96.38642278535244 17.19590694902952 59.90750697879644
189.701721929768 142.6707278311281 162.7710156382435
130.516830813096 109.1980953116234 21.39203615169072
101.3779422143987 59.28807687234553 101.0203012370949
112.2765565953672 135.1433322854996 70.55224924507955
96.96986802312625 64.74789092635588 39.64886043946141
112.0813760888685 95.60233884356785 16.67506553966954
122.5603596543513 38.29381897041663 6.841117110023125
43.47337401872056 183.3297601049159 198.7073987323622
47.77420252903126 111.8091435334096 151.3658821361458
13.92055323351139 196.8422320116239 8.268398631673611
108.1361049882049 15.62121304897118 19.87155685693929
80.91686022756289 110.4366604957226 85.73567918874805
162.7390110961817 85.5134177828255 175.8197130242952
76.71462417578601 135.6386995037453 94.39889393935577
148.7677838012972 70.39643049139831 166.5596567655439
48.68154685153708 112.6148017209204 102.64214394659
86.70873687044006 43.82241585307375 29.46378218690147
17.72550463360539 86.50248359592901 32.25750711340181
154.4028200131634 93.96489641955584 108.6657719069081
13.53014494344249 85.97040288303062 113.6857348568368
88.52979149801767 107.6098603799268 18.03447799712612
30.36441384297826 75.30496571973904 192.7412599630414
56.16260648704291 192.2615867161526 41.74558401804276
162.9184966615438 118.6043807735991 112.3499639659088
112.7150994109893 140.3199946061737 10.47263158207393
89.77351625193414 77.41904408306603 107.8081428480286
149.0879131447319 194.1357137312378 85.84680567011063
124.9696938394845 67.08273170566233 97.53705210124544
53.0889276641168 163.0235378712992 196.546901394955
39.35963289723327 20.98509362886887 152.5695886344844
111.1709381283871 198.3226592900147 126.1410521615188
11.51189337527002 28.22908307724517 42.13359441649013
58.66136235599155 25.25396939280114 177.6490387517421
103.3012602628359 41.17820315672091 174.9793221152222
3.863884163303809 18.67186164180652 61.09771952508249
160.7437881706359 39.18810974390033 23.93893427439651
158.0890732281451 166.5302307826361 60.30340569011837
179.532848138657 120.3101916473177 73.8617269177106
95.59326757810693 84.01525554239754 51.32542750801723
114.1078902242245 86.47850168188651 93.25920597124043
55.92830951718766 175.5376347926981 141.3699428582192
28.7511320882803 115.4198555329515 139.7661136134562
28.00368770551871 139.7419643237132 143.0328429706895
69.08201345674841 172.3782497946886 179.5370579722048
128.9203081281418 64.71419976347062 175.6842617170825
38.62945320887527 72.65084604209133 171.9044316572422
163.1669209308018 61.59019839568476 22.61797950741917
147.3746628836253 179.7360396360768 45.46168194108883
52.96377745288483 184.8502150183401 91.2412796675322
18.59701751098331 123.3440611468206 91.51936916400777
142.3613841614338 105.0661729259243 84.2762920995193
0.5194241538844794 20.83658677399109 93.07525371794308
131.5639093454614 101.3638086381079 164.1203832545259
13.68697459680568 167.7859763866943 90.24544223297939
86.67658558101616 59.58086136534976 143.1812457575854
135.1484643447613 132.1253314025131 98.52050179748295
24.94802034529206 4.71799012751605 26.31931556395102
174.5867635781094 157.3193599857734 72.67008984565891
80.59526880410056 18.78681812619514 125.1229334873287
33.49476716043897 106.5555617310751 185.7276197073193
142.2042076322585 85.92644275195494 151.5528606445767
76.63099402401615 88.5809503728463 12.79948881103144
82.05258018578985 39.51347305384503 133.940631020698
161.74085494494 16.91023180787609 20.45007576858165
116.3346104442272 47.65785018209808 51.67848670340747
76.6691319014873 1.599369936049716 40.41953543396122
40.34425616903194 199.6118793848097 159.7589840570996
43.28242763667053 197.8482226482963 75.52011649429284
24.58688945709874 59.78495515414782 136.3362906005491
160.0799748615135 180.1684642672312 155.5829611079427
63.85440454940569 167.7669579486882 101.1925532504057
19.49890841079956 42.34549051078186 60.24726595700061
190.9231510282403 160.8515365245804 197.4115777631342
41.60351184018605 80.31196534053342 150.8822910422575
26.79747943055372 30.95786207051706 181.2871806523437
145.4699345613894 153.4394762459087 46.92954913989227
130.2981863736751 137.2808484839018 196.6498305959379
193.3827874195731 109.3725122390019 146.9528598806653
66.25870510765861 3.63776377251298 179.8452808246424
128.637992617723 122.2766843038895 79.28282171550397
35.68899934112546 186.3756626841722 33.91272739705369
16.67684881052718 0.2366743651713324 129.7615112920122
188.8118978015783 162.2681838318803 34.07795197111561
166.349156591989 115.4728963554229 51.23158805548198
59.53662670390485 11.49133863674229 159.7802882312635
11.84335925804768 140.9364834675123 158.7453055531814
102.5634501198092 111.9041965171105 177.9508488413342
82.13975247366848 66.6627757775301 56.55646196541429
5.514902065828847 87.65913467215542 175.5310677474893
30.19900085880725 36.91719282332399 117.9467989811285
83.68682178927207 114.0472604229199 161.5870814175014
179.1525533405315 55.67598320961017 38.21399231580772
92.9746982151498 128.7403918721163 80.34564653030334
23.04209734542655 33.80300265541599 3.942008713018804
21.48428236510155 58.96606195528851 159.3450146844808
49.1147864764885 132.2928423018019 70.21844603968091
136.9991222627462 46.08817254649649 86.47975395280999
180.1704882301003 73.66019137115674 167.7503865391676
85.51643094768642 141.4422899954893 115.4745082249581
112.3285961119194 127.5310887635607 93.97513452152836
40.92028789630032 28.47944144353722 42.54653472703193
56.34050470172496 45.85532598682351 11.81031519116351
93.0106076504439 151.1269485890757 8.367783146113482
0.7541400917330034 92.46097648090148 197.0658206558879
197.2458718481988 7.914814215485535 120.9691340796341
35.80691579376933 150.3285639308583 124.6889144360409
178.9164183205106 62.69015284245777 96.43080483884944
69.09954105953047 8.102422709363447 20.17290100590795
156.3309532388088 73.54281606454526 99.12556278716828
97.77105026090375 40.35013806841875 89.28083823169136
95.75334955623077 21.7217324819135 141.5877267682045
80.37945051374363 189.370254415943 169.524898263472
157.8621530666725 167.4323158636159 13.07010400850963
55.93043765788212 142.8478937383957 89.34817601864857
91.33446817254715 57.6206611614186 121.1827813537782
171.4624896702255 31.83285314868695 128.4725639000054
75.60902069977496 77.62135347004633 37.93228015993552
108.3634569917503 110.9169133363898 32.83402409203402
164.6240674727647 68.23093121624605 1.094811024812258
20.31473645843331 81.48249697293168 158.2908877626478
130.0208626645959 147.0354059974272 147.2856828184879
26.36093930692368 123.5333617039955 171.9186579996701
37.37233556650583 157.1840361543086 167.0296306059853
101.8235365822739 147.6124664376993 28.84827560085596
35.37601738527528 18.85718648817522 77.88295339432067
74.13641755023804 186.4129918421964 23.914150296852
34.14631589917603 195.8630996549672 116.1541937788547
1.774189722894885 69.41620911725995 162.7768316434895
33.05545582314616 77.65353594352726 95.81265172107841
105.5527118337737 181.5732064833824 62.08453922379663
128.2655709263149 61.61443769624323 20.2127412784527
36.31336203485631 99.46240715853467 27.02124659483588
90.90212825330485 150.9582221107446 184.7468169167866
169.8406220173296 79.99629591912083 131.5987015080749
174.9292633782987 163.4072010801208 152.7496525957698
12.33569378824536 118.6992342074924 154.90708338012
24.65212727683992 127.285946990786 194.1102596322138
76.45941338154132 186.1608093576202 147.5293582327265
30.1704972002538 78.92207859492704 15.02015543071242
153.6786214841628 24.93039427810459 39.94740953947295
174.1988896463007 136.1125236134212 58.65302374022968
191.5145732909272 117.962890942145 110.8282411593821
194.1183580881548 39.52498685588054 33.22644676177275
197.6284120664052 60.70688715988303 26.26396077809889
165.0768189780226 61.67752279033699 179.5004535432665
120.9482650075812 8.514392908838438 37.04158505476519
56.14792364433279 64.64084328536816 183.6693785747879
21.69126191676932 146.7890924753319 92.37426092162734
161.7545344782723 181.2807803547465 178.0647024313568
47.94531619039812 150.1243157646454 56.4293582125951
92.49886654008442 53.74239111745933 71.89342044479547
72.96283153555217 58.89392800819366 3.820621807728357
151.9176273786679 15.09030007924163 93.7441855884868
20.57581779353842 13.44788704602836 194.505086542048
166.2242136100995 137.5744112066583 79.71809663919218
150.9756335359946 138.8704083338131 145.3618011005978
150.6629444682054 30.82759109635781 61.52517538866169
184.4206827799869 79.34917639324591 62.12347437180706
196.6136772315117 50.85654539234673 110.6081147665354
189.3796018051293 32.19900774629234 169.5015042232096
73.11374887199915 99.36673565622644 32.31270020744762
194.6603597702209 190.6668438444418 198.2495493540372
125.3569940699147 158.2143966503691 166.3316625511603
102.1773095973532 167.2702987428624 195.5290060674832
185.4965463310458 15.15178543140631 183.7767015505543
11.08310673971243 41.32423588657132 168.8345804445922
184.40622370631 184.28344323082 31.75668495667739
54.94065328405774 86.70557277410781 23.84934235845934
148.1279821933225 96.5080918601619 27.57906098756316
21.91475619839371 145.3534188235055 178.4563713199487
45.58445071945108 53.63259162993872 122.0330418132297
111.322937211883 154.8298225531857 81.55221249855198
198.2996342273549 145.4079062703578 127.3265552828927
93.89736366040863 45.29278600336247 51.00994913815441
79.07788405008309 169.1543794397369 64.45882018259243
27.00462479892528 134.8157960689638 73.9928193280933
78.18614179511313 41.84029585542812 111.8249167789657
46.98507239248585 65.65217340579254 22.13689468726644
173.5874421802435 4.178256716163438 34.83844381671522
170.8526230356992 61.62936026148473 58.74947707242577
105.9799208386908 3.008606465869148 167.0738232648508
121.0025183210926 33.83482593189329 119.6066910745401
175.901950706381 95.20534520513711 48.50430978460311
94.21773979529645 14.6953374290502 2.126362122536718
171.9626335927744 100.3208096225536 122.0133612322562
61.09714338607673 151.2727112721943 179.0181501577267
18.2513268582246 22.42875238822159 133.569746267408
9.881919018808459 106.5878350243433 103.8783889269805
179.5125757233656 97.67138716201391 26.36045748293579
138.726314537146 16.21267063515401 25.4595157288201
147.7900693705007 75.12034592473695 34.78427719564348
125.0343484910868 121.3039334548825 115.5518538672607
62.59624140449878 43.31852981495614 144.7314843309713
117.0712677153297 23.81274929792202 53.17848944827256
110.401999785939 57.28923766692618 5.936397050258446
59.36989947180546 180.8833570084531 65.30068739628875
188.2800425085072 47.37850677887833 57.11668600661384
175.0255312491624 80.57558817320323 109.6384827448716
39.46364917895048 175.6028703336881 75.69446801751042
184.3213655365741 181.5776586612978 120.2199957589182
182.5507443232524 169.9429964596484 54.36009659721712
150.3190551370259 28.96391796448161 186.03409352445
20.56231362148794 60.35173214309099 6.517658874502052
36.02588745825087 51.46317020771285 101.7008391791348
133.6615728713119 4.445479761317864 1.445078105295456
122.4353893052719 6.832989948972633 108.5099693924757
166.7713652409285 70.51948107277789 79.09099612373774
126.0900457115055 179.4342882227579 52.96795024578404
88.13473753156975 129.1991426915067 179.4224289573243
162.0181230265199 184.2409581746099 28.88624663551514
67.234335908513 32.7691786709516 26.62745737046669
97.4587072140807 144.3927306748965 95.98553621885711
137.6588537997893 176.0048857643531 150.1671282064925
50.73852814222986 70.38381372578073 107.8097385394094
92.73371312754185 123.2023904469271 104.3082081443715
193.6985050849873 57.87336790805035 180.6151069952787
38.92195304954016 116.4526451564683 82.65485753132171
140.0459453113724 20.46839701565236 112.1726272603254
157.6303521490595 134.7571313922608 43.38495468152539
19.77500149469737 64.30340600391492 28.72647899005806
167.8532365747618 192.2184832305705 131.4022807363628
166.4751148627019 32.18321240678196 96.96884402088513
11.13663199920013 121.8753935103419 38.72816704411711
58.3714126949594 64.50463232443026 87.39793690823028
72.69615101849512 174.4854107921429 126.2966892737905
10.70910527729719 44.00878085278018 126.8530407982472
77.82383006231368 97.94838066855414 129.5563859362554
65.76102300399496 198.9313071017631 77.25459531476646
46.38607833743516 118.638232460048 199.773707195192
180.7389905195837 118.8146538156355 34.16599887041695
143.7200489483942 139.0721143745908 78.82944226003835
45.40390170214048 169.6882449941622 16.69615834256573
195.5351585605422 82.37219280841124 32.239214772979
100.5741955630055 36.76257259510864 11.71289668690075
41.89672841107016 96.84712799064982 135.5208673554544
128.864264153734 67.76421042268214 152.8373246189226
111.1692855424913 185.8664693827601 107.317934315033
174.2463308037558 196.9453992921474 190.9478462715319
196.2805771161165 5.098791865190547 77.46037232637973
154.1790598940728 121.5094380067424 69.25702986524945
144.0703967094998 105.5023473792313 182.4488135234285
79.69640106639196 157.3397635272779 88.95425595958025
71.58455580311575 108.049864858918 2.55419695165493
58.75159451832444 8.151068338227331 121.5910108508528
178.2888376077435 30.31406749390756 149.9333511250394
86.67038059595492 22.26438761237977 22.00643709415949
147.0925711305399 149.6868663452725 188.0760262718739
95.78429472688525 171.0738408768647 79.51474093358543
72.28749259691668 49.36364869483472 45.91956546334414
133.338299484777 77.08465692050612 132.7728525326659
62.95182127749462 100.9670587051142 75.88401853773141
164.9421942178737 22.2520246111231 76.75772509638892
152.6472045507531 68.87014224637996 141.0888193706365
28.94111926913114 67.72362223274675 115.6605198319109
144.1079385251973 167.6262404941141 174.6557325606339
108.0838639072993 61.37117159381444 183.8585374726203
127.8367979881044 10.44690298693685 86.89434612665977
78.38452972864744 70.04845179800377 78.55430484393537
44.45395218819468 21.28529122470998 110.0786123393262
110.1795172440081 170.1229888053813 39.94394048464395
38.013937218066 132.4679450505324 98.53429486354405
25.87942298797914 63.03047907019305 66.64177688397695
156.3751143246689 3.193786660321494 178.6577706479426
105.2401865397254 120.4282957882612 53.06391835433225
32.7738486103574 164.0014683436533 34.5178511618229
110.8809216518213 75.59930369499696 131.0608850274575
88.21124546617463 165.3317407999874 32.04263551675439
173.6968769540263 77.32667432724006 34.90429491006078
61.35139899261517 85.20362722706088 173.8899754453671
135.4181871841059 126.2384804451215 134.9759305084554
111.5663303872958 99.37646082691494 194.4273367305402
47.41850431130636 56.79815257556307 69.22897345490445
183.3358258821301 9.427302581000228 59.48355177292849
30.53249765599345 131.1180421539068 30.08557850887707
53.78353680914684 186.1331932178312 121.5557415953724
113.4158396082605 149.5946097157194 185.6073004816945
10.76921334262852 164.932833884756 29.57865844830049
95.13655811892771 185.0709352693627 134.9021280893434
122.2615329332369 74.08212154122299 76.24987293270338
146.6147516576056 127.9899135492615 9.176507448173311
194.8279961364998 172.4506342314997 101.7366585416231
103.8305701034338 18.96002640174692 120.6927055729309
25.11357580285317 10.17754931007833 172.6377214088042
98.65056804497385 6.712606090956161 40.04694356181524
184.3633906026416 74.76846293580087 192.3147060452106
143.8640209030661 155.1094410490674 131.3908016870778
36.30339423130182 193.2817927885096 138.4735241361228
68.2012494062852 58.92137341754674 25.88405821553057
84.21663148284831 99.2952656783345 107.9511037108811
104.0012232568713 165.6238348531979 99.97367670191232
167.8235223728611 122.779990251223 197.6332790804353
86.6401197093591 88.73668395043251 88.14929543540549
199.1534482280003 12.53795391197777 1.55666129135795
116.730514087151 78.28356159160872 0.5829606089564813
53.68902236200436 163.5713799728184 120.9037381386289
39.62979173978665 186.8613023138687 56.13213790692731
5.170806487695586 20.59520430846438 21.76414360277977
157.2740728107333 93.45197833457118 196.230039868207
110.4556976293013 93.87060781632131 166.9068764391205
94.59073619114557 89.03974564315017 29.34316502969841
59.36815826149361 110.7049144685192 132.0311662019465
59.13315128000667 187.3396630796002 162.176981128128
129.8009691207953 83.78670951395873 24.15017775178651
147.0190665835754 51.08065379883956 10.53486098776026
50.51375037380843 76.76225079650084 2.808587664378039
78.30010147815514 60.6618833073702 181.9606476094322
70.60598840927257 117.1798210715341 105.8629191468264
26.20963662566626 45.20283676347711 38.88684001923985
136.7102234987524 94.43151048853896 5.484157769162038
176.5948986288259 0.286957461131592 110.2333015271405
77.02991081949497 60.73139442840108 99.52616551827848
26.07537360565375 20.12639460807513 57.35600067701962
156.8140767682 185.5640908189965 199.6683071485983
145.9821574137257 141.0063171500119 167.2701159995172
114.8872516792937 112.5551507398869 133.7167536486036
131.8888118296879 193.6337989942107 71.23829336834336
183.1398720781027 177.354217096002 184.1243407456675
88.63824038416858 94.96946108354204 172.5867212676481
143.6202402078061 174.8296308945918 75.51002934929498
64.53914890774114 27.07772362731171 101.5637611102753
193.8642107336519 29.17140726931922 129.2133500581899
141.7056322858686 151.1262537093607 10.34816260198178
6.66080760845923 54.0753353990983 45.85752803606792
146.7652258823667 174.8779572224702 97.86125169278503
146.9656589688949 74.87444152275469 188.6088766476547
192.0217632609811 110.0648912066976 89.68977581477283
24.90835434244422 104.2144870853547 120.5530388563801
29.6608569042814 45.85118048590535 80.78528083090241
75.31746307455037 41.7421074192931 87.44549799022275
10.78494629646584 127.9815641305269 134.3911971180654
121.4336268445351 177.6431204475295 189.9550947993695
119.0914858680427 147.7040711624493 101.5106774648408
88.96933180893078 6.269021203730227 181.7770123425294
46.08904497666476 128.5374475619155 48.1682288790368
195.9914888531035 57.51327318943738 3.97962827251322
91.77427337575426 149.9880633471936 71.36026161731141
73.50621960324224 178.8535317159425 84.06367174956162
128.2206879167471 49.65080739677499 139.281759530948
27.89398634755589 145.8356161811633 46.99421067432553
27.79224708146358 99.30830989586507 92.22938466285386
4.62760113628222 128.1536884221376 175.8917786969958
88.48121358297611 109.8369055660677 63.8541944435141
16.68695846852242 97.11242038127743 12.36224332554023
94.18894138593794 22.25220707640459 166.7184426842186
145.1452551164714 52.77852522577499 32.9642209775605
50.80231247623568 130.705758437534 18.33015698603718
159.3248837132776 148.9063697549249 25.88084893638674
3.556610098208693 195.4440319749028 157.4176188217981
74.19395046218817 28.77581830651506 157.5170962340191
46.64541887530872 128.7945562331705 136.54386610414
55.30167176233233 46.28950005336063 170.1866949144683
197.8723487210172 128.8674103476465 21.85688753858507
154.2244791927211 95.88026854844477 135.246286647042
171.9574080426734 15.47569277612024 165.7196373238523
75.04972334352185 52.47932750538788 161.1772003325286
103.00967887028 153.7280869779141 165.8999349924295
189.8955103461793 140.8017334321336 74.18033981813942
61.01729034886201 160.5117327363327 74.87946693759278
91.39660154448995 0.3193278662010004 19.65150468831218
0.9114101828079627 33.755082871367 150.1607435202889
80.04984598632248 197.1505220456853 0.3985573285604979
160.0620530666562 91.11018612116726 85.45309733720795
27.62280964386686 100.6417910603518 63.9525082796679
94.17785262781658 19.19435386519283 82.28155392897064
101.1812212913022 104.9654482970549 94.03582964605938
109.014146501389 59.13887023664456 146.3919065876957
121.2821329063794 199.3780925535597 183.2642559272232
4.155191272001091 180.7365332794864 176.6152726992505
98.92498404604729 127.6692200733757 138.9980020667223
100.6235606285961 39.3909736815768 111.6507376356528
18.8157783626816 182.7102251771956 48.44992291395981
100.6389386966091 71.99659254334516 82.38116089507574
15.30779889339417 5.021357265576956 107.7455461414326
45.7226512521304 58.29759270722751 144.1167391227225
58.93131579279984 151.6329947994107 15.99749055539195
123.4388463114418 108.0124032381448 96.22315884255178
76.96408373764602 9.852037306338522 145.5301710066496
68.44615660197968 81.60678416344041 99.44581172415323
23.60894165549893 178.26232398024 16.65831873806347
85.25881092074989 172.2352776790367 10.32172739398494
17.23532357239934 7.741800163885599 85.42175833308455
11.1522700102309 175.2813664649097 197.3698483067755
91.63819003513787 163.0297881491409 131.5232479710943
116.5577560926167 176.622385784946 129.2310650061246
145.0880113896071 73.56312015999329 11.06380107400975
82.96207584780504 33.85314854911959 67.10421196969729
59.56414295893079 5.353998686532483 97.98665170110885
21.12795285809995 7.832986961979985 150.5450104563985
199.5193208288188 34.82531574103658 5.179978362529015
42.31695403354137 154.094195004919 103.4073171094757
79.82992717530735 89.17545270743317 66.63422485344633
160.0649145749016 2.706353092920416 149.8092514753962
55.13868741887816 100.9487656573123 188.821808942907
134.6365062283002 32.00095586159402 153.562486850425
193.5999649540609 175.1873170431407 157.4511498651963
185.0607800655082 65.59188673226875 123.212470897263
38.26353125369447 6.14926145005439 44.48846983043143
74.20300725035978 20.04112979274342 193.1652564558952
193.5217278308685 13.54849588376024 39.76725627137833
39.16786184801463 14.36414702606596 130.9369289092799
72.8655625500319 152.2790309445045 198.2524936751881
38.22590115090729 176.145121960081 105.9547614929678
187.72105563905 26.0128525877156 75.06141918725588
151.0928633319535 1.211991912036773 38.99038807680113
105.7718779687186 35.78118702010983 68.62355986605537
181.1589776937965 124.2914438598725 173.5202260907598
68.17764153017465 129.9896672741307 124.2878498794328
25.98487612993497 121.5967267809354 55.72584664182854
25.88325760327058 24.85557053600398 97.75574095330461
130.4851336684349 64.48633392316397 45.51322361606758
70.88953413332709 78.75840564893461 193.305277908738
55.9732047156696 66.48500023207986 43.28332716939634
148.2439177759542 134.6463549782736 118.4146491275527
121.0932960726243 174.6412975612774 76.91387313176921
162.6916976273217 38.69274515783034 163.9332732813188
3.535929446690714 122.8208713174529 73.86815227359342
50.92839262410043 46.67774851176969 33.70785622452869
110.1462808957124 160.0295081027196 144.0898747545488
118.2062465617634 131.0788161892506 30.32001646206734
130.5128536947317 116.7403248513785 42.66609802099931
65.22751632052749 180.5198971983901 4.030186250186362
5.14735407517208 16.82478021664101 164.4747762562896
92.81026426847812 48.02131097864014 193.7564718080907
4.260805511072725 55.5118462557205 145.1714193048638
66.75324541906005 156.4319942403209 36.61918609422099
65.2230827221763 100.4159532316278 53.43394228890782
136.766693157768 91.08913649765752 46.31476886656767
115.7874788243765 81.17556617120029 41.65080941038145
128.2862155595636 13.98249022198208 167.5440864322869
170.2852872420401 0.3576350863338517 75.51146691432776
174.0135621328839 29.89291539149195 57.55369909344828
189.3688036985239 141.8522431828668 185.325160465396
181.2304820614387 147.3661428851314 93.96156365971098
6.495344373566665 143.839447769611 36.38109693766626
129.5845383329231 183.972148502627 10.02937668812199
45.81163048530663 89.38477647982786 56.74724544865979
132.191737700386 187.6583425166601 115.3376574925494
7.654870305376933 108.4807976907045 56.93103499803286
23.85168556818631 191.7802552570824 188.6413794527301
161.0571041735399 11.43981389760171 56.47108273398742
87.20543315674306 115.7229883467982 39.05575679763044
166.6443841188518 107.3975289828899 181.1572126442576
101.6930233702891 91.80561755173734 71.61265742760898
180.6925928534778 144.7467198026709 141.4341742680105
8.103039119145958 53.04030921808511 76.53300396333223
86.62416124177247 131.7795391631679 58.90024233264721
22.36484282875448 40.04962886300299 147.062402387578
129.6147633769054 33.59421776256364 69.19267437670277
77.26785306995066 196.5669152832355 127.2851376333298
96.02274446612169 59.97972366800045 164.8306292912106
46.55037146579999 75.40330045079862 129.4137026045827
24.36719648109388 171.1272594610212 179.5491082327738
162.851052660212 179.1467954294185 113.6941084516932
150.2747474602137 6.158503717082852 128.9238152061359
58.35403642119965 48.69775173325961 103.5103873924354
153.3655919710419 51.88868716928002 69.17983730006172
1.95785121848505 150.8231053189966 105.7219006078267
112.3181147394391 28.99491776835834 155.0850967046725
183.3779151761372 22.12684158355883 14.54343192973103
92.0139053901906 116.173260631708 197.4432285542395
149.0228538008062 198.1242665678429 16.72716445388025
16.97397039321113 137.0458556888742 13.04158632072925
46.74054842062867 146.2726323750462 34.22168219105157
183.6261097589492 74.25467080564725 14.86823382863397
13.59995217407191 5.203203972470162 45.82445389059836
90.95835451614758 183.8741663999539 97.46832290227145
78.75912604179764 191.3603085947545 60.4261023633396
183.830691521611 92.92890658750726 178.9212928068756
3.48654462968884 107.5094125474883 126.8552984662774
81.10607426697285 37.65470260332528 177.0838589586415
175.6955156185538 26.64671549793037 35.28037736780853
31.70525908563081 125.7284932563632 119.9046978416744
58.13348180859715 197.9980446023098 141.7405500990575
113.200132668129 8.209222003747952 146.3303511577754
191.9074518304421 95.41250937562464 111.7205639964214
0.1724379662851173 106.5694653600223 24.49920567639479
155.0101633999952 11.53458898556246 199.5870191995507
94.71781440079802 111.6902087909834 123.6214457842351
123.3965409653858 44.81466969895385 184.7928781043454
166.1324737892795 59.81623756007507 156.7618262973969
81.55417274297771 142.2860269475463 137.6794285339689
128.8767723241914 113.8532003462283 197.0636109572473
158.6191837917892 171.8783626811157 134.639983480095
51.04867366722583 170.0556412388828 46.30117987062368
59.36687198295436 147.4160312754752 135.6086888288148
12.45943659425312 44.39521464911314 21.00528136889351
176.5272491316551 125.3552423423409 95.6557718018921
140.6766882978994 187.8587925903896 184.0546578483668
126.7718361323393 14.31388901660239 129.359468593029
176.5677163534725 124.9341402038866 151.4300050310628
186.1796518122356 196.0252741607324 171.8109999896474
151.1124674102898 197.5844224829911 108.0611421750478
14.90218100054543 64.32091917972375 97.28508204341135
137.4240097832715 14.22198612601962 51.37480327007536
167.1493771048043 178.0888054689155 77.44335337211093
181.6719567357622 189.0066306713004 91.35344729456759
10.93826554653197 129.4134095779762 111.8657766122109
40.86500005989827 35.85909032396125 63.93013322381932
181.5963704402731 85.08209411610913 88.52008735390295
41.88826451513419 158.2284637661742 144.9392673837663
67.62834199954871 77.59373191869315 121.6424956047292
16.96810165960233 182.6160818767689 109.9174752408075
19.05716314054831 159.4842663110572 136.7342405755072
180.2310131051792 137.1566720333423 114.5362940780952
151.8206174453135 159.1658646318962 155.2030848913656
71.08526958148575 188.2815167190551 107.2203524444139
57.81684213797654 23.61189339202305 8.271963053945338
72.47362907081114 176.870386680309 44.30148811676281
82.74489452071873 92.60488086419777 150.9269148367388
193.0914487279977 125.9271006962967 51.66744730904636
39.83673170095056 153.0906604427418 77.28408637264758
43.12380708873405 137.7686268528861 177.0012603713834
166.4333501819083 130.5916813771111 131.149402662157
143.9230178497613 110.3803583475648 121.3503453256476
199.4260123862955 155.8977604184596 147.2805892655491
100.9351365771872 95.29747847099232 137.8373822783346
197.0911811755356 191.0695894128322 136.2295208483059
154.4623848483716 122.5705311304518 91.80168702572421
145.1444959024447 51.9714748781131 154.0353721647635
52.46498797053228 190.9402384573406 19.51830043837073
69.54208073572799 51.97044158000292 68.1712473979302
11.88529805553843 152.4815914776659 197.379074358848
61.05160872622412 121.1528869503173 85.80310947892711
5.014626991158126 77.86012926795843 142.0966307458358
186.7438063398164 186.112008468516 69.54075069325478
87.39894098725085 22.79286376936241 103.9641542720662
189.2621088125881 41.45850634791339 91.44820120273165
137.7347291026341 85.43240898658208 94.40443634712253
139.2236986847304 139.2557899532687 29.38501246079008
57.85430761996111 164.5513352036903 161.056219507507
128.3714934124722 188.7194826888243 92.9856844128212
165.2525300832061 84.02006015155845 153.3315719296005
71.34834018400745 140.5290615709627 73.02700159088442
58.65852764491154 21.67993904615769 139.6584051540663
149.0903465798875 118.9577190724139 29.71331997083238
121.8715411140902 159.8575447012506 3.845837714185846
69.1566596013306 133.3421140054161 167.9272440640145
82.41400687023157 137.1328418228244 33.75192423351
181.3632638174404 141.1692086811532 31.10810242056478
64.350820956801 146.9427826813732 109.8859311319826
127.4817790149159 142.8286031985295 121.889658950881
173.041886259047 102.952442244211 99.62187115136548
62.40138653076035 32.94027981657793 57.83628900517717
4.946674114111441 26.55478661178062 184.8403132128419
108.2269859634368 132.0730658748815 169.547763174583
14.01262465678651 98.50603198013387 144.72696488028
36.76549111783976 147.8520777461364 14.03579138660944
61.83857725415697 97.88177354266026 113.620972826436
93.38477830981881 70.43051040424122 198.3958980781187
175.7502952726853 98.25805423986546 70.88404042037187
125.345597490592 181.9105506267895 168.1387001077649
192.3363305440978 2.080850432082168 20.36213603523134
9.410897342230315 26.13193519607804 113.1343970331674
134.4857759076442 104.7155416867361 141.7109912080455
130.4798279617701 144.9764211499581 61.52897714866851
5.196780202979093 2.626336381090232 182.0210861035601
156.5968113440828 47.46511580737008 135.1143110087039
84.35012460848829 152.4783643036584 50.19070289972247
183.1921369430701 114.7722559036691 12.09540109999299
143.5965198796782 193.9418286299043 162.5153876013892
171.3320582092344 197.7640806629758 13.31538845233481
104.3793738900456 92.72203387720361 115.6794309335468
145.5914882181363 49.51789166230709 176.468630698085
11.11622511903999 47.50416420837176 190.5434607506486
79.13243464000605 154.1200465590021 165.7482011920703
140.3260139079921 32.22504704960598 131.5828196813797
143.0385157813093 67.36227726363674 81.96217542585534
100.4934887538276 78.86420387208145 153.3041905670617
58.94176129856163 35.43964469577191 121.7681829585719
184.4608697118391 48.00869366223062 137.3525503324722
58.07831244111669 2.300852758733964 0.8395739104698272
178.9480829236373 94.79642056099451 2.468411429183583
177.5990345911323 157.7365982772137 174.4334106225031
45.57827431529314 33.82768383539399 91.34650604422693
31.57243429028134 165.7357245691874 56.99049463380464
106.8184333034004 66.40548684313895 59.89063409427724
184.1980942556958 69.98170972719637 145.8479262372296
164.9934283137939 32.39466619403331 2.837756822018844
93.35476422911445 129.7018696217692 15.46126587460259
123.4258958542164 96.60625911394011 75.36858751295291
30.87102069274064 164.6615809308138 0.1734709066397554
64.88015473834487 118.7925807691263 40.33235928733598
44.19701241943061 78.02757656652574 76.18629054562027
66.75112884803703 126.5011229988014 146.5424282179723
50.17712310535045 140.2005825205495 155.6985128838028
162.2897019439935 144.4223380154233 3.958859877463704
180.5277214036776 47.67457966081274 17.15318462418215
49.83507020805065 92.41329749133283 92.64027695741908
7.621022517364882 66.24102654396749 122.9218010980257
174.3631109042399 47.65087981740669 112.6344317230374
166.7202444174576 128.5838092146985 19.41790023725968
36.35311304854655 3.116888139051075 6.907323219957025
189.1090594311128 91.54753588595636 133.7818755378409
87.03499552291744 69.90839935367391 20.04945264476448
25.09115601472132 82.05117322877817 132.6713459222622
172.5554081185857 190.0896438275923 52.44285235462376
42.33251910028231 37.03420949172565 136.9792449733734
177.5960791615364 156.6738408330859 15.14304161803219
29.98863891859205 53.23084868288911 179.4984384216363
8.093534516413255 71.86774234218784 191.4512706067983
0.3006633114698511 12.39936185435411 142.8786036393397
93.35924961984915 0.9205159769822008 112.0672478989397
109.244204951549 73.70974920569634 21.37972255729212
66.5828129467198 138.5839500830882 51.05026630844319
134.9116883692655 36.05440292094411 46.22664633189186
26.46567354389249 27.21324122559852 25.25690075633617
197.9407383514917 132.1963252506243 93.62327531181379
41.38841075795648 56.53105741403284 198.6979898157974
111.5515845308569 191.2790344943153 24.29026235715376
131.3349347623377 55.92361030700153 66.38012601311004
89.27433816773292 135.5864118165375 157.803640436274
148.5768296747776 127.2061008280699 186.7041663973699
188.4421153413363 125.6854379695547 132.1560616961934
15.07545766396203 28.8830720943076 77.81605986415143
114.6650547368505 161.0180312014428 60.10448866046056
42.57717146843323 19.10706487400244 192.2429295629953
51.44678299031221 140.5477221152416 197.8159214146881
195.1101632056868 192.8474241898394 49.68856979458921
159.734010994716 123.1237503231659 166.5146729518909
187.0458911936366 61.03170667847593 75.04817134258161
9.88082362770124 101.7065631291246 78.7053127170454
110.3010498948638 128.0755809143442 191.6652652702984
104.9398805800382 40.82768439763964 133.8391489164956
67.97407149116702 55.5648863574843 126.5497264257406
128.8756489113142 23.75147247688169 190.7753709550765
192.5702332963284 89.23064446198926 157.1072615870671
138.9384901924201 121.7494457237618 157.8345517308734
89.62120601449638 93.85070326744039 195.1089890533887
125.9041598346471 169.0524467376202 104.2131007114277
73.22076794832289 13.23430121439438 59.85750087967085
10.31680324916236 138.4807765941177 59.0945981859056
154.0821630716297 101.6259203592244 162.5941543680528
121.5805270595475 48.41756521453914 161.8996028544675
149.8813682729105 20.15591235930014 165.256825234717
92.74353646267301 171.4310376030859 175.4226121545667
68.26751042974252 119.877546176342 64.45422321247486
176.6315720735178 50.09841794393054 195.0530439360824
163.7607322359549 150.8733551328559 121.6110249683709
159.4195022728599 52.74881753547326 90.90723305074403
123.4957663789999 150.6952381134146 40.84109008759152
164.4660034677642 163.5989285133256 191.8295241450883
42.6355161274235 95.89030921988521 167.1832140212456
105.8238113099714 167.0071546621669 18.01707929737114
57.6664021538088 66.87680088122636 161.2402143117458
179.2992652287366 13.27165664930784 91.68077833762156
11.38472483109045 42.06340544186175 95.98055100332772
115.598621740083 1.792894796900159 57.91433814743313
160.3861118283371 142.3130236404595 101.0002905041713
111.57303443169 0.3413321401205014 3.617960608594589
197.6513858324603 107.803065583662 169.0613712874836
4.096444879225549 168.3245199028475 121.899538605727
34.67951418436324 47.03685413826099 18.04536684356157
196.5280890921842 162.0077497827568 70.20732042997085
140.9708009350913 152.4069078855441 106.5347629497226
