3 1024 8.061463266599887 0.6483 1.4 1 3 200 200 200
192.5229228010384 96.49884834620073 58.28336683808593
18.41203569185994 105.7966653134628 30.817945209412
102.2998157012187 119.4031060034563 156.1525820983269
166.3948862107467 173.260460004259 44.17359478502275
70.95617208440316 100.500171955826 166.9277176887774
140.2952967097483 91.37589332605057 121.7490871584324
188.5510739651631 9.310985338242393 157.9266020348814
113.2165978626039 192.3444215041416 76.20198451660066
183.6991564769728 110.2079061237331 57.8933571526364
121.8585536183768 174.9699947724202 25.29725158769407
42.52364931993584 31.33893088734468 168.8255103809745
40.75744524946841 69.96319392565587 56.34706054957864
19.65964307964301 92.62268005628675 191.9761146747741
83.10054047452235 182.9010317237749 187.6953945869125
111.3464864111989 170.5486693676941 161.1530150645606
147.4726922665784 110.4802461605149 0.8371835080143788
88.96379200582879 109.3935452975058 143.5645231064817
103.3541022641808 82.73437355653483 187.292019381443
128.5004155484813 162.5588110895523 122.2175166478116
140.1680635606082 27.08051781165443 84.06801599829001
189.7880350569804 167.4719625946549 135.0632725981062
125.5191429648563 138.8800240676521 164.2273868164445
108.4689901414879 35.64061411151879 193.677426346356
68.24611203204535 168.3565219650206 18.73172569816783
192.63212915805 107.8140904382056 44.68712553375823
194.2910859722829 124.2037078463022 159.331216097901
41.38642212677419 104.4511041932156 45.38948231339478
38.93021958975034 62.09915807888509 85.78000714234972
142.2641960208218 75.22166371131541 112.3243844912471
48.86661790936047 165.4180470623757 89.14772941552943
19.94023699110713 74.80874542889941 176.4265990621466
130.3672038983573 65.63539253529028 117.4733473644265
43.30434526603887 41.48177875812152 155.7786316277144
135.0553155434035 163.6572396766446 59.64064002632145
183.0309328977467 29.49270602913033 196.5380085833563
54.11687773872128 49.62846789768103 52.55044221721602
150.9114287560606 79.72768767561135 125.1644787110092
43.22932585615322 36.23188152465485 1.270075340292445
77.47313157593801 140.4982687145375 12.85886946596898
64.33361710161353 114.0256504301687 161.1125127737579
108.2660402605701 73.66222668946268 111.9859023060818
170.2881647092144 61.11350276046196 135.6942285947362
174.8540651342442 161.5711575768471 133.4624015050156
0.8031470772006125 178.0821687116741 80.0752394199761
89.08398824287231 52.34141197965845 12.23765841541536
31.9748802288407 100.5634318806133 151.710081795225
162.1766263092275 85.01149170682251 67.06502024711739
137.6585178355106 194.9242775394227 52.54512568045359
1.496324205606452 109.9060447595605 5.419365560561279
28.84433440996361 88.11848292193838 178.3017058965252
100.7302855205514 56.27611100989744 22.66948600974941
163.1801588089299 184.7498231105109 95.14103342831122
199.5569616671174 190.7217396871728 112.5119714441208
54.26961177010455 101.6454719358864 36.11048798063379
113.1337970360781 68.96667940440994 164.0643989810624
94.74410431807824 2.366414843067356 146.4964212242363
45.93859584290982 84.24973717977346 185.5450026903753
30.82392147609898 139.6590611067896 162.1556562030287
152.8981953276144 95.1612781367776 56.1237557350256
158.5560413056545 89.36535965989401 42.18303028792345
32.81840865037813 165.186916200846 90.67760716220023
43.62151416841508 15.34493863531679 170.5384322053739
34.98900420103567 125.9447111252082 154.7722486198306
98.69171618122125 103.7241854078452 155.104537980991
125.4002957494055 18.99173684017032 11.50050689427093
75.42760005472221 172.607030005777 161.2565120308161
93.23140133723834 135.4936978937062 196.9792843673181
43.47386354420196 109.59983956151 121.0314097744814
164.8528580005063 0.7823078049260281 94.83120795549939
125.4140398313253 197.8823271311281 157.1786876479622
163.7029593271933 106.3830972153304 33.73181757898472
112.3530595250684 189.2716610171308 43.50525469041202
1.358034910080365 177.7259879621191 59.9810647332434
170.4433157811783 166.8749972833036 29.93342550364654
58.99914216919871 187.1660499879895 186.9292849988159
108.3161768714656 113.2956590155874 109.964178054031
115.537966629692 83.68215404651245 60.83460089144933
177.0470481329144 176.7550685832223 138.4466000519253
33.17225012868907 126.6220761388824 11.44183354566466
105.7672383230433 142.2233613827114 150.2244271454464
191.0600761240049 39.86926789364026 187.1674385400765
139.0227418401772 175.3979017551711 130.6978675764943
26.65725693124754 114.8596318376882 20.33826765475974
8.709142577004256 73.09493147716097 42.87754447507371
0.2232589285253482 175.94538479422 41.62146685694784
121.1592694304691 102.3513952117697 115.9684173501373
182.9930121656326 4.072622246377957 133.5405800319262
97.05038925323734 84.99837595835359 10.58495624879244
186.0477539268344 172.1665863682616 82.91100548784276
130.58425635734 78.10906775595345 59.25427880364188
58.96993904905214 175.8126346669354 29.60846990111095
25.89914069334286 141.633467475383 110.5262204653075
62.3881657591325 82.36801460733244 81.05623313349042
111.6193729076869 167.1018224327875 176.9701639310269
99.61850562645768 77.35248177597059 172.5601699028541
124.3587922166581 93.87644674231365 129.3057359878662
193.4547180020197 5.310241212182824 102.1602154819677
124.6207373952764 140.4971190221726 84.41370634477893
17.37652216206853 143.5671476799923 124.6008024749827
199.2160620914735 92.51381869200415 93.7676489696598
130.3346835352688 158.9415677360461 185.0993965375945
115.1296418704081 20.93186506705903 76.70773241146009
125.278809527361 150.135868474369 21.44623508418888
16.87630423135754 180.9131838677866 129.1917045977445
83.17962790130323 167.2908125974655 191.7281797766161
178.0761688569175 46.78657272420146 175.873051565707
138.3624783716897 133.7090043918226 47.89855197503168
38.58723297156875 23.78528108519822 10.57061820954017
59.20472922964799 129.4050205266331 184.0508953257383
199.4536377106623 152.1465450234799 86.55851746733468
140.2852289308774 43.4408844739611 194.0787171802158
64.61969014842275 159.8626003923147 55.5196202884316
173.9353627807875 113.4851010065221 136.0608155970852
144.8842322719381 156.3122450688581 70.09947945330704
47.31653930198634 138.8507280778888 114.2418093309555
19.8639627723464 157.3091509905853 14.30085384564016
179.3806212724718 15.2541377852086 122.5011691445756
135.6404895714648 38.87619734369314 108.039687703869
127.8054039181044 128.5132954341167 13.70836882919048
126.2301726532088 48.99319976216812 34.73016048949959
136.6561601044085 126.4733495824246 62.20512869213228
54.95315716896674 30.69181166933248 158.5767803986778
42.94829151547964 97.33954406053005 75.21297339205778
118.9488449244232 29.96944147917845 173.220061879608
100.0790745104376 129.9943061341248 37.02657045164096
71.31026607129684 107.7166630513913 146.933374645242
193.3945392764431 91.24170019816945 74.46607641787115
166.4431581383483 18.2478481950493 185.4796340899335
12.35540015726442 60.5820530961889 176.3121074590719
32.95909672213173 186.8682269360417 172.2990007043079
8.399549566619353 140.6205349844113 79.69793439565063
115.0444233084159 78.14400741723146 177.1821045911076
59.13326817501436 93.72753043617419 6.304359080892049
112.4519794209374 22.42839060913092 2.210410345517439
165.7431173011487 79.2195348360098 52.44717722350376
174.1465463196576 14.34979849701155 199.4300452276385
74.86250622294371 6.884945766571838 110.9644290280929
29.97820061529193 40.63772662059387 164.8144870675759
114.9890270872413 141.2055822468544 136.5684151740425
177.1338544739893 11.28640486341365 146.7154494565818
24.76781364996406 62.56445142496933 47.31670902077424
83.82799941014612 99.11607209096846 48.40560565310136
93.42930614669302 29.19246976920642 189.3403806997898
163.5699763534731 42.70641622943403 182.869765268224
45.65578530408007 116.0702822755665 33.34261645197931
157.8601256973077 161.8013393953838 106.7314147654182
143.1006768542648 169.1482960850644 116.1804236254072
77.61629751513769 155.2511858618964 19.3608474066422
12.13127109287639 118.291157408466 14.18999321220216
95.24248159764041 190.2970529117113 157.1747480297693
21.69711762205212 116.2244090640589 73.79665874577444
167.8697205488049 194.7762585879737 165.5828816802118
128.1437546735223 164.0731325724389 138.2651487139618
54.93522324687407 28.43844578088576 75.22327804189366
116.6791084125196 115.2558339861663 165.0545359672304
130.5961993065795 144.1998340544573 178.5755448404581
158.496619266064 154.786950165252 173.3036432566815
159.8576945775119 147.7429258135235 64.50563948230658
1.881769382150698 37.20020029497787 66.35082934937473
18.00856420951602 192.3944454679899 169.8733693559072
106.0958896866096 183.7493951359417 168.7765745809323
161.7376701420147 63.74196493936114 41.77906914232229
110.8979246545886 181.1485793845858 5.804319937735708
14.58451229799413 85.32969447301409 94.37903096873688
73.46914020203695 95.84685048436044 184.5734595364426
122.5865932393767 98.04813692936227 35.07336831218137
87.14526553829309 183.2490570889156 116.7868550380552
5.168411604730315 192.153620251474 66.18826108897227
149.2345344860276 187.2355001719896 124.8664741949238
138.3736512394282 8.741891933026132 183.1463532398234
135.6772583912485 98.90013845821224 108.1266528460735
40.29047232807392 55.81591201691374 162.5163416027815
86.58283057527254 78.20650093896741 182.0094516203714
147.1151460754064 33.54236645451008 97.1434284210618
99.55298114033779 102.6413019212512 47.9169040733652
197.2218262050154 59.10916877795769 91.3799551486733
23.00025779096563 148.7829108257114 27.62048254095012
105.4484049844534 47.82229926196614 35.66937691565645
94.66385323755922 181.8237491679298 24.23029844771123
29.46217272030009 114.1208278414239 104.5888023875193
96.12461082445387 187.7497005057516 5.633652505335895
128.2200619605718 82.38226070460523 165.8010314534829
122.3580508072604 30.72039585978377 138.6417376868535
30.12603864305813 113.7385397900241 38.54153288460056
19.08271525672759 51.41714774059264 111.0741926998243
193.6569923913423 90.98746188632127 14.98307489530189
3.866399934203909 173.4841293884806 140.5326586571593
38.19064719716687 60.38500097313515 38.65509763688429
81.26607916085489 120.7642332063011 135.1148592008854
73.94984717184208 154.8996133887367 124.6813420741736
135.2162880310274 31.70943954635197 173.5824648943319
96.59910385015729 198.0439625255599 57.21025264317958
21.79860228068303 26.72095069499218 161.9998375029264
46.77962938561596 32.07318087042764 21.71257595104665
130.3965580676969 28.18795423350834 96.9856970469811
173.3523088967062 98.36575746719863 142.7310010888804
197.6675978733261 135.7570982351826 146.4060177314001
121.093121418484 131.7171265047122 50.5749711280689
115.1119763137521 60.66364284401419 34.37959961691803
155.3152692632624 165.3438036507831 35.29416265041981
87.75654987681224 5.001141087518461 160.7855868923833
175.1614602556605 31.5033270537205 182.6104850237622
57.24549660105419 46.01963750943436 81.88273945504834
29.9516141430392 145.7922604013011 196.0289928170421
100.4016781142449 173.7959587585354 118.0010466618147
60.2057050010765 90.97549583258366 133.4895143073083
36.11624914865346 52.06506162256521 54.18051313209156
150.8655401401846 105.9287233019701 44.25556654540458
145.0156035542755 179.6549639924876 20.82443014637395
165.6072783833519 109.4833826706673 82.9686882469327
100.1858139227672 145.6849871961626 132.0135655493208
193.056331301307 106.8902420984443 70.59911618760545
39.25767812634997 154.4207863848938 186.0848788532275
26.56259222056798 17.96506748025236 116.6739449297863
155.1955406864072 52.02118363705159 193.0212012990958
143.9186597282623 88.28136054443009 172.1892904250082
140.7829391264038 35.45038101574995 25.53861904654432
53.5758816866457 13.41456020865776 81.42632013450765
4.649587632732934 97.66638862817567 41.1473030154641
132.0555897244282 49.68146297559833 120.3030300318769
58.65398206422949 85.65242227537641 42.78435648467683
50.87080048935206 123.6771336680588 118.3740373261693
121.1759952854289 106.9932774662942 179.4681727683551
95.56112429619695 168.073483802835 52.4573499686453
76.55030464940715 18.92627848591006 173.9770970400036
93.08142568663064 152.5742796514942 149.3240110472625
148.2412638558567 137.4807041604989 60.06949545306266
125.893812862166 3.184297228670972 19.09814206447323
143.9611403308389 52.06209914269859 52.25431065893091
0.961502821645687 85.12279840768055 50.58135602665415
93.90317389312995 5.790837285286288 130.7639219754089
27.35194170726417 111.2953625871692 4.629714338178224
147.5490110654369 120.1509167071903 51.10757689700645
107.0789327716961 7.148589884596549 74.4383640947472
122.6244666449468 118.5915849778849 61.24026582834112
163.2548600019312 153.1159110619103 140.8049463039341
126.630297827806 14.49265584371958 67.42241934638558
117.3637213376593 35.09923616537848 84.07230642600325
8.429531433628387 88.76367991735944 64.39866182274491
192.1123784542104 69.11836762334151 46.14104915821807
114.3314923621393 106.1063047109468 151.9835933432291
149.1725889836001 189.1019996573131 140.9881919427534
43.96079723659138 40.1719659331042 185.5395619383568
167.9413809934165 12.50909455063556 133.526403757906
192.7539515593461 29.96979512879582 49.98925615460154
156.8415320307821 102.3602817399316 70.00078233871369
63.13538166919339 136.2674923278193 32.14660254026422
142.3408584846728 59.92545793799924 127.3777707043946
108.0321456350307 183.1802709810186 88.41214864269544
176.6763613993772 179.8396114268957 165.7528201889695
68.66112160953493 144.858638007167 152.367622125595
153.3027843152758 36.99630471208281 81.49827926520175
140.8725980641812 113.8129569543216 102.5049969191585
21.50239587829598 100.0202947095195 45.55467530394969
56.46751371972353 130.2837268010393 104.0331128981626
114.6080748033035 48.07372880792702 22.40360946395459
113.5172986727654 53.63065241586459 80.05799554532135
104.743695975195 142.8680628926143 50.69513887036315
122.1005689848957 31.22952409360029 28.27193386495924
196.1969161977581 74.27394151489705 105.1629488662871
46.62805307114331 174.503681056204 178.1812596489301
79.10023976804702 74.9398250525133 164.4692371724612
156.1702495617222 158.3913781177497 85.67596704427365
19.31702322588206 182.1178900207827 148.3461540028048
34.6389045566474 173.3317153802869 128.0358387031775
78.11150257699417 37.17287599044879 7.35467155114731
25.69430571249815 186.9076315932655 89.56621539876511
3.974326843351538 191.4571458975476 93.69004513823002
187.2386083158673 52.4231155000909 159.6601603366185
111.9724556327192 117.6052646542863 11.55000092359565
6.773418057158914 76.85239134485761 13.40770476167858
93.69471251518112 193.4507937790625 77.18627673587973
179.6727649692508 191.5984743059798 150.5860117484538
80.18888220840167 28.2668867909675 44.52043397883638
113.7605914379586 55.9324591214242 119.5664048845991
22.60699723795775 81.20902925907981 53.61665879595581
118.62883825507 127.7471368252204 149.9828084352094
169.4048196469047 153.8799239221874 45.43758532601102
124.8372888957273 83.60515151803874 112.9097741240048
81.50808336744785 3.925267439070535 93.03718734036718
44.30119415038573 198.8878514913005 182.3586014886984
39.62862538501741 177.2437523912168 156.8977947568859
108.1764982877058 17.9291897731817 183.8649688055739
111.5645503492322 24.22848504534468 99.04119383030768
153.0750139044584 191.6424328918191 63.76485650648134
8.647056501582966 189.408498716832 29.43571671661971
73.74269875926109 129.7814032495175 196.8114458986255
120.139344204747 88.23245202822861 147.3241825267675
46.41434498210531 12.93826539633756 24.54932675538687
173.1524943824747 43.26242029804391 75.73348315467855
118.0182634214762 101.4394648123271 53.56538703087997
156.7769047333173 115.9447318705235 145.3147469628273
60.48776514017601 17.30905436208458 41.64698514629318
40.70650916770922 89.93128938512776 113.1321748855508
20.92332576640721 102.091895153629 167.5164829813093
63.91460989869781 42.85845277557481 190.7530452432135
137.2510489153316 163.7121172193755 28.56053944866033
101.8376988657685 188.518359154118 187.037191150359
47.51190384855156 111.1635922017735 62.47006429598685
138.2446977239899 107.1918623678768 62.06824611845012
9.820104711902845 162.2871831524836 51.95859794073915
128.1003439440979 124.9395906580303 177.3926493715024
11.26427311014438 110.0829352374319 187.6238348843911
16.70349271905095 162.9393346315975 159.9574777379191
176.4030316511861 104.5059878438033 161.0227564248143
17.60503610849274 177.9688962492715 70.48328852169286
50.52788661734956 14.12883679635045 61.65162736057085
183.29413970946 136.6413559145934 6.440360128858564
93.48885244176805 184.9804504328152 43.28215393290417
132.847545956245 190.1361797115821 31.61241892151339
106.8766351071921 134.5500153380204 117.6758907438773
143.299775309383 87.00423182326766 70.80908389077189
159.7739795840767 63.48093530099443 119.5234287765511
119.1606321497788 45.44531547515403 100.3217179144255
185.2278704691033 27.17920989740247 108.432543168145
92.99682852027583 40.62458341424254 153.6261137139381
130.0507473232728 192.8708610637703 137.1936420492241
157.2252576466094 24.4534224337417 144.3348686438208
21.77173999671951 160.5711096396801 110.2464916143189
191.4050344728573 149.2384728822661 52.29215584043639
2.459853998651203 127.8885626567 198.3447417317985
84.03219687005758 163.3732719343573 110.2527517258598
0.2966817170417023 158.5437127546452 174.8339457580614
173.1559182560426 168.2556185293559 96.79722737589054
197.3225181408161 176.0401576559645 15.20421359068794
23.15214166257324 199.2417184046087 65.36984421407628
129.3861857286063 88.54327736759518 184.9588474497318
162.3529624866439 17.49782759626862 113.5941577407071
133.2397974332989 157.748126848894 85.97336316223013
161.8743597018253 107.3784535034783 13.37877402523792
176.8398588861668 177.2206263679917 5.794896218367446
69.84724214807723 74.6410508769532 143.883600451051
37.05876549210133 5.357906460703002 95.88334227422983
71.61672044613819 20.39987640632293 81.19525942689418
138.9735125142761 10.59221028908835 147.9547411256452
112.394625425151 185.8746774903804 149.3920551249253
62.31237092319699 75.38166106459963 63.01486349059554
141.1574149738238 169.4736790151443 197.1930623015504
161.167713326005 45.07445270198046 46.830024166193
92.82226040414359 171.5960402764009 152.8468293104082
167.0226950179405 139.4956889125992 182.4457997889427
143.062901724703 56.62471635720596 105.9871503421421
106.0051294409753 3.071368959102045 93.47676323571247
163.8266791078403 85.0602466499748 16.13160175771674
39.93762896534569 96.60441810012998 4.930517953934506
60.15793737697381 93.00785280574327 152.7298851411755
145.1326880546125 11.88997051662962 72.44338991958402
149.1327768211734 70.301348306227 56.79206580689144
18.03409071619073 155.4425352549469 71.83717105806251
199.3508974992945 150.8405982566454 16.10078900798767
72.11675155803454 123.0863716514418 19.37421895126587
22.12962740048566 82.8875362342818 76.73163925135754
167.2677755238256 143.5307196690312 160.2389480840295
184.0864366858367 159.3167943395649 116.6104767006229
49.56930527263453 116.4612629929903 173.3765107784582
188.9277540125418 111.6210145892666 190.4882319687681
131.4126182040551 61.38416082992309 197.8606072676415
4.894659036307128 69.91067738169555 61.87011893757015
54.92381481333234 108.5230979498435 18.03851910344793
38.5230010964412 79.70437961889995 37.68214235776108
73.64550668264265 162.0889747608852 145.1166609009148
153.8318210232855 38.45605110511443 114.6133773021951
108.1911502319203 113.2623868154697 74.24030965709703
110.0773778055509 157.1095952116397 119.9324027998808
1.625374335202217 76.14395335148417 83.3334565256857
70.98579342651871 114.5384051959196 180.241041701231
88.43832996771802 78.07067657090033 130.3269755544949
143.1331541312367 29.07635617238362 7.423530292271623
101.6349982012758 28.94451555689244 37.51405819442339
96.3790405326793 17.20291058657572 59.89381557017555
189.6820011472295 142.6789612965253 162.7544967786287
130.4745219633743 109.1879285486178 21.36178809491805
101.3576106505255 59.30425031746058 101.0112067306308
112.238495106716 135.1567157003918 70.53996259681929
96.94884866382264 64.74036421467723 39.65080101540131
112.0441795875828 95.61706354346738 16.64761009293597
122.5436279270001 38.30715871431016 6.832440587757438
43.43999370480338 183.3443713253917 198.7034714670897
47.76973959823794 111.8263488918448 151.3594238307213
13.89587272762244 196.8590431165747 8.25449793688623
108.1190884919707 15.63161436609921 19.86513000848216
80.89412156184824 110.4557627255687 85.78175724011834
162.7293121915152 85.54017159731536 175.7908441502946
76.69061009225098 135.6679576633635 94.39917824200306
148.751102900355 70.41366555685283 166.5575149276071
48.65401745159286 112.6392257007013 102.639853456487
86.68254635241892 43.79489671631101 29.42809433158615
17.70455622333681 86.51433506647713 32.23207451443177
154.5757419584129 93.82215387228457 108.9229179260978
13.50650038552919 85.98865480734175 113.6851018876954
88.51512366752085 107.6345253200114 18.02038041219163
30.35426030990985 75.31105766383645 192.7241949658206
56.14643901180307 192.2822507525622 41.73049323583673
162.8975225816228 118.6158384525043 112.3302661159906
112.6844379773492 140.3254864105161 10.44640991956101
89.75730614621462 77.4370547511836 107.8025162624159
149.0609988829801 194.1496446620331 85.83477787617053
124.9374161124121 67.0853783875458 97.52921038285436
53.06668219591106 163.0438617018764 196.5374127700978
39.34651710218235 20.98529606983857 152.5318630644329
111.1475895971981 198.3384279548457 126.1361300926747
11.49422242082558 28.19770540142259 42.11598788014861
58.64054072378305 25.2622985708114 177.6369120137753
103.2860337148121 41.19143486488983 174.9680665113829
3.858821705959867 18.68227330236856 61.10675929419467
160.7385309265155 39.21447901245936 23.93490196981934
158.0528614854495 166.5371779618142 60.28332435598133
179.5238187387999 120.3314728066787 73.84258606056123
95.56826310365462 84.01584169865268 51.31351047836684
114.0911302869377 86.47141712465063 93.26840305095931
55.91331817261981 175.5402380640613 141.3616475635138
28.73902158037733 115.4421278400417 139.7736799093462
27.978145280166 139.7422035161854 143.0189742995339
69.06032855080797 172.3922311406039 179.5246083853088
128.9032932684647 64.72823708005902 175.6794615543153
38.62481146398202 72.65862100945138 171.8900975425229
163.1237178146244 61.62012059574213 22.59847576020768
147.3537993161884 179.7608395204573 45.44640899417643
52.94752485160986 184.8622367157726 91.22439257460275
18.59560957671377 123.3543342150594 91.51291475081855
142.332902773717 105.0862804380789 84.28445793199474
0.4957037095222126 20.8615520139357 93.05509229943723
131.549112791801 101.37345570685 164.1338970627096
13.65229434047002 167.789520117283 90.23780431154699
86.6490719708943 59.58628553974035 143.1561145822104
135.119614657314 132.136275877619 98.49602077411647
24.92099383762132 4.733832335852343 26.30711998205985
174.5620271808296 157.336883974157 72.63267378200527
80.59828558895705 18.78873923853059 125.096350935687
33.47956267095229 106.564263660089 185.7321045258445
142.1931860545284 85.94814596637744 151.5538933984295
76.619765713104 88.59150634776252 12.7973562568626
82.02969601367263 39.51078312089707 133.9297798522982
161.7526993660518 16.93993835762715 20.42808284201383
116.3307701693061 47.69697102901638 51.66565319161163
76.65844532571074 1.610299546631783 40.41483655090755
40.32787771819023 199.6226938499349 159.7550872035842
43.26722047105796 197.8646782982127 75.51693431974206
24.57782591706324 59.8066078775576 136.3259630307402
160.0775441815811 180.1845712976076 155.5491960483841
63.8484935324635 167.775376107661 101.1589875754016
19.49968610744078 42.36120232648579 60.24364357174753
190.8804216978071 160.8393155937982 197.369805758995
41.57846692328264 80.32634168053212 150.8676568304769
26.76671110261726 30.97359547127352 181.2647614361553
145.440350698596 153.4355199756361 46.91307305374165
130.2818415910122 137.2835070172441 196.6415410783546
193.3443540460488 109.3859596315319 146.9279043815658
66.21871430213592 3.646722519959134 179.8166193210704
128.5810131148879 122.2695625210413 79.27659301246084
35.66134977602981 186.3900512867085 33.89850912295469
16.65927607549203 0.2512962572128578 129.7528569226691
188.7789679327685 162.2818770722519 34.05857471990278
166.3225939776017 115.4749530953478 51.21227883435195
59.51063666946357 11.51798012579719 159.7538488263832
11.82379702531531 140.9353229892558 158.7366355224431
102.5304967381129 111.9209244104756 177.9224131500723
82.10375787831579 66.67100168255935 56.54286824621364
5.513114266797717 87.66689671896674 175.5102929126676
30.19155842768959 36.92749070016488 117.9306375600145
83.67527913545085 114.0628933151542 161.5799034826627
179.138408611988 55.67003939860103 38.2117765503341
92.94226332963811 128.7522464351447 80.34407813851517
23.03743768378614 33.82360950291789 3.927076477813628
21.47463396771748 58.99052784763191 159.323048484045
49.09623129761763 132.3074142702292 70.21118553265936
136.97335348893 46.10189893358935 86.47390166990409
180.1511589348067 73.6757219953514 167.7165592445867
85.50364098865117 141.4548721306764 115.4390782986108
112.2965831608061 127.5399002281764 93.99108791376571
40.90335019304297 28.49471487573507 42.53665560001065
56.32759295227808 45.85748891110978 11.79859202756709
92.98571787759361 151.1449247208513 8.349695310610134
0.7366109093839448 92.47627202293636 197.0397677514557
197.2402677506686 7.97973755394952 120.9447191036278
35.78608464601018 150.3492956346375 124.6893801432628
178.8922617599135 62.72690423258614 96.40549490442473
69.13915217718309 8.148721417156038 20.13547086259825
156.3001672991624 73.56543411114554 99.11192153130509
97.74403066351543 40.36961460120423 89.26763279530017
95.73091148450557 21.72996277428548 141.5839838492959
80.36400662737073 189.3946052337461 169.5091034534812
157.8341072058057 167.4333371693492 13.03932676641056
55.90431316549311 142.8684925173598 89.34873048460902
91.31037380863248 57.64808952514751 121.1559253711295
171.4386330920622 31.86514224406675 128.4437207437005
75.57245449536343 77.61642989013089 37.91331331180548
108.3363708490701 110.9363163099944 32.80516919882676
164.596744094274 68.26074965780205 1.076122502761486
20.29100423478307 81.50696632001014 158.2791551214706
130.0057722665225 147.0531702637863 147.2748450576818
26.31707691914298 123.5658877864319 171.9030559411073
37.35566560374866 157.2046221777789 167.0341854562894
101.8041795613029 147.6239345521041 28.82698440502845
35.35569130106239 18.87390448527882 77.88576075503418
74.10514942694216 186.4304414276957 23.90663173590782
34.13771495167556 195.8754290747991 116.1570929044579
1.756946723858262 69.42665290177949 162.7570959929378
33.02742018592089 77.67963151144026 95.79988358997781
105.5315382528411 181.5840576346558 62.06851135543773
128.2494056229098 61.61661121916389 20.20842661473418
36.2983512820628 99.47401050543543 27.02080381885379
90.87967716329108 150.9765255152851 184.7375225331278
169.8205605056359 80.01265371745046 131.5809285733264
174.9170384915354 163.4135095843346 152.7215108960831
12.29972488794446 118.6981497183015 154.894179498989
24.62088570060706 127.2944347876745 194.0997995428328
76.44605385461378 186.1858949158347 147.5125268404141
30.15807359571642 78.93081697224687 15.00289679495544
153.6650752727616 24.93826210306242 39.92384931524797
174.1644627989731 136.1200374231474 58.62821705656592
191.5093553931177 117.9943582711145 110.8078910218139
194.118805124548 39.53763256654219 33.22860102798043
197.6151041721535 60.72414305737584 26.27211065912653
165.0705892408766 61.69578022299917 179.4857275627297
120.9378862209229 8.527853504292956 37.03128583815599
56.1409829123792 64.65400231302591 183.6632431922131
21.6540604156987 146.7916598653485 92.36900435582284
161.727352985166 181.3006982000389 178.032842993653
47.91757236747809 150.1391780200042 56.42347969946492
92.48228852110392 53.75706605901362 71.87268972155798
72.95643647059732 58.90335974455972 3.802210300054848
151.8892600463433 15.1026007317574 93.73858074187477
20.54869491939928 13.46892234507063 194.4948163596765
166.2129602578063 137.5934874607487 79.70162597676197
150.9589469371665 138.8843438412977 145.3431869260537
150.6672963678691 30.84173816497772 61.50296187398735
184.3999583206783 79.36435485126567 62.12307485183293
196.5940864708288 50.84753494322634 110.6180874048021
189.3551252822683 32.21149651761176 169.4819180956952
73.10441256921187 99.38976920545225 32.3042979368763
194.6399099302145 190.6769616913396 198.2319700840748
125.3301978127173 158.2192386115913 166.3261707440542
102.1525321089409 167.2928327902717 195.5160521646154
185.4668202473738 15.16970594245738 183.7616562675415
11.06174114786855 41.35437451559301 168.8114015509165
184.3867008571918 184.3018678701537 31.75381041810483
54.91263291934773 86.70737735479563 23.83181904280328
148.0875851641319 96.5083669416948 27.56434887804859
21.88887994852051 145.3713926121104 178.4467798245134
45.54385746179738 53.66884278023932 122.0256549711032
111.3012768713869 154.8523126938624 81.52430425853343
198.288457760403 145.4133474891129 127.3103724097749
93.89487425700069 45.31867404146678 50.98513057378386
79.05076566875618 169.1571724367315 64.44582187834682
26.98552201447228 134.8334672445423 73.98278642953797
78.15271948716622 41.86345801478853 111.8187365658039
46.96598139698074 65.65064172753205 22.11592354379971
173.5756636204084 4.203773940482185 34.83261348255996
170.8418617711667 61.64234087025745 58.72063726828407
105.9491173182375 3.020288081469212 167.0644272162205
120.9647685424557 33.84420418620189 119.5993499438829
175.8866410761389 95.21221514530789 48.49079125302818
94.19436924558022 14.69142143427421 2.125306590093715
171.9463204352693 100.3406754412971 122.0041530278824
61.06530018161553 151.2898908200883 179.005727267867
18.24091905507565 22.44417173013435 133.5559831224667
9.867979327237526 106.6260732702977 103.9013086731051
179.5035015163762 97.68188758512574 26.34840445672738
138.713462669256 16.21489132898309 25.4384743880359
147.7453744606133 75.12691003029596 34.78561444185075
125.0258588971089 121.3027432217618 115.5307294304435
62.57488273038742 43.32792670988685 144.7198333845803
117.0613394232143 23.82001045663464 53.17471180550123
110.3807421253432 57.30041853629755 5.932186763024342
59.33634037650152 180.9037948174667 65.32373900475592
188.2678720131018 47.38662660835508 57.12032304104989
174.9948282028626 80.60782303749531 109.618253182514
39.44551514785186 175.6193716010023 75.67640837051323
184.3201910885094 181.6011745364794 120.1912727711205
182.5172274759023 169.9498087666984 54.34356409655754
150.3024921686923 28.98244913945308 186.0208912586892
20.55017971534569 60.35988333787571 6.50178913403891
36.00017669933578 51.48399844788668 101.6874424488593
133.6562206684413 4.454014717610725 1.413213528366185
122.423039153467 6.846587653408992 108.4996124837374
166.741839751071 70.5323997159267 79.05834886398132
126.071571540712 179.4360351285954 52.95960318642194
88.10791898271773 129.219659040861 179.4096462162694
162.0005048950724 184.2502464485947 28.86907536866207
67.20003185310682 32.74938806877397 26.61270386854419
97.43839250010214 144.417181283068 95.96112859881475
137.6457598226128 176.0211640644779 150.1507398002598
50.71274536235062 70.4089416279173 107.7938330379868
92.688466415036 123.1907626528196 104.2908202576247
193.6827640000845 57.87578223934595 180.5939144721392
38.89924999739753 116.4698318928205 82.64822177245527
140.0259794239316 20.49080991597107 112.1693655575453
157.5994647042254 134.7539831318198 43.35754998870206
19.76569657218999 64.31517891929647 28.70975862599065
167.8450218939316 192.2338470137675 131.3715479420847
166.4453764505874 32.20667846833246 96.96916348398116
11.111537196423 121.8780310942192 38.7174408361065
58.35140025211096 64.53573863921443 87.38271014898226
72.67576903849638 174.4904223486225 126.2816252483572
10.69999586065904 43.99446297776755 126.8521826630636
77.80835616616203 97.96588436927422 129.5391343886587
65.74542679074315 198.9660289051623 77.24741757201056
46.38049454959175 118.6520090337258 199.7654081046236
180.7156689536427 118.8269373284792 34.15124696026959
143.7075784802865 139.0770677716124 78.81020643217234
45.38944472437696 169.7045653988282 16.69156555467399
195.5112273259201 82.39687282391891 32.21893587541489
100.5577324876629 36.77238590097953 11.70644411275886
41.88851943124033 96.86728690822403 135.512128015871
128.860197666749 67.78154367197963 152.8572430927659
111.1465018299287 185.8791191307733 107.3156530787348
174.2241388444822 196.9635481077673 190.9426679698595
196.2509575721918 5.10764332457345 77.45750430992796
154.1555051488075 121.5053181095472 69.24158446652862
144.073656809088 105.4983475582486 182.4537730256884
79.70646550210438 157.359044229686 88.93102003513889
71.5765703398279 108.0568033079833 2.542380578497687
58.73331156562955 8.143057348051927 121.5748895282975
178.2963538489437 30.33538557742779 149.8943200039279
86.65428348493512 22.27531619780416 22.00307319912209
147.0696517965249 149.6958160377955 188.0626400628128
95.75671351054669 171.0926764852965 79.50064952514492
72.28037467009584 49.36342484561436 45.89204093760441
133.3242631321214 77.08808979184099 132.7835168698943
62.94670678470269 100.9982369275776 75.86934253137136
164.9218387492507 22.26991554643165 76.76029980416672
152.640364775205 68.8892133390917 141.0975765717551
28.93268782037242 67.74842871607477 115.6512882482753
144.08969332173 167.63219655062 174.6311598519598
108.0534375926731 61.38448119413482 183.8559409525429
127.8515402456953 10.50953924732369 86.89850165054499
78.37142236014932 70.06191399614963 78.54404706106469
44.44121018070493 21.28772546772701 110.0686990067566
110.1591228611049 170.1366384720441 39.92874976845195
38.00796000631811 132.4992629949203 98.51503620725309
25.86700677348551 63.05423829452347 66.62613608089984
156.3603008101184 3.216629221278891 178.6441118683137
105.1951298738124 120.4233031065494 53.04411871420133
32.74285986499284 164.0161665268057 34.50163513350531
110.8658536519135 75.62801498529718 131.0568204527313
88.1942394311732 165.3438100081994 32.03237187147835
173.6821085735254 77.32167173775656 34.90590687419333
61.34465206875584 85.21660680717896 173.8813888132489
135.4025540551281 126.254186895424 134.9544354338874
111.5114494682105 99.37408405841386 194.3969394902378
47.40934924127375 56.83097931376539 69.20667885565194
183.3284300455616 9.447361988978908 59.46712067267811
30.52476359583234 131.127848596037 30.07010306064546
53.76914503559622 186.1240070792132 121.5409897760188
113.3935102012212 149.6106291296652 185.5831144680492
10.73811789306072 164.9340761210781 29.56177569541158
95.12144862380012 185.0693691004851 134.8844134482964
122.2430076627014 74.09484585072656 76.24341980894827
146.59502171093 127.9374192427983 9.131859523606693
194.7814789739095 172.4651696534617 101.7049037153065
103.8418392594235 18.99046778532194 120.6985483232632
25.09252168661569 10.18577429331353 172.6306291635902
98.641524263655 6.714871137241976 40.03562520982777
184.3546212832268 74.7632612861879 192.3105375256845
143.8377689124539 155.1100696393013 131.3610647418076
36.27413349465263 193.2768320685329 138.4765443978176
68.18699054905264 58.93386929047617 25.86400299512336
84.2193619549497 99.31835369454262 107.9393644171153
103.9835391314686 165.6483038662297 99.94615772705041
167.7846746924657 122.810121987659 197.6283344736212
86.62357983834472 88.75105745135134 88.14004338489522
199.1242794177143 12.55012811842714 1.54074191441364
116.7076736702971 78.29334878627387 0.5691270661635429
53.68229088074095 163.5625884059369 120.8661756490925
39.61322509006757 186.8782629883255 56.11565535981491
5.160527105901831 20.60909068061493 21.74240740767123
157.2925291758731 93.44742837655076 196.2207016060061
110.4401416420911 93.8772419613271 166.9079795292385
94.56406560746899 89.06426091493583 29.33629652875499
59.35756046385923 110.726739800119 132.0204810894254
59.15523435338393 187.3648050286024 161.9791154813042
129.7560785826127 83.7940639040996 24.13063435232779
147.0080346221369 51.09575836849389 10.52634914114839
50.50212258416823 76.77166274231688 2.795148531498436
78.29229931809761 60.67258638008526 181.9415474709574
70.60070392725213 117.1970099939624 105.8542733407387
26.18777345843655 45.21336114788556 38.87588675921529
136.729303013297 94.42076445408203 5.477729443252027
176.5859911824504 0.3094304434488336 110.2076436764833
77.00161834122136 60.75727150394554 99.52320815762469
26.06763801534697 20.13891506590589 57.35278833838402
156.791736033925 185.5677888454499 199.6411107739267
145.9581957497178 141.0319336323353 167.2492908620255
114.8805066974667 112.5680714243164 133.7034354736271
131.8656856527981 193.658416862093 71.2209308333448
183.1068968405712 177.3698373602612 184.1113907586054
88.61749899930179 94.97188240609711 172.570033866641
143.5902471034129 174.8485494219906 75.48955099844387
64.52492313575038 27.08701560361312 101.5538263674837
193.8367557517034 29.17580649815262 129.2012458677385
141.6732663489277 151.1371002599573 10.34529442197518
6.648162862797723 54.09117878419662 45.86520352248164
146.74549143825 174.9054685112925 97.83964495305113
146.9710047862926 74.87137850129685 188.6124754455221
191.9894652235627 110.0565053564428 89.68323004108224
24.89544777045377 104.2193620680757 120.5708464534121
29.66305185651854 45.87357507943166 80.76302109827184
75.29246720529731 41.78198462031587 87.42042562181176
10.76154536113075 127.9785679000192 134.3764681674249
121.4119647598402 177.6603072233738 189.9421222567533
119.0731350138325 147.7257379984726 101.4809545664404
88.95280383027979 6.287062813510824 181.7708966408245
46.06927345114729 128.5590315342927 48.15948618905337
196.0017005320818 57.52547505231082 3.986393160963534
91.76105535361009 149.9599274659801 71.34016670587378
73.49359109560835 178.8840045329082 84.04069053382855
128.1973483532586 49.66691406614913 139.261683433004
27.87208802236386 145.846172489668 46.97653896138676
27.7580304156898 99.3351193482321 92.22738565377909
4.576725200722845 128.1579334974293 175.8740359714403
88.44120129451669 109.8480649760614 63.85902133474449
16.69318230103702 97.09854277527909 12.32113147036272
94.16527153252972 22.26860223520774 166.708430884122
145.1193322137437 52.78444933100111 32.95553418665617
50.7830091710844 130.7100439525419 18.33180315718411
159.3010926068662 148.9233550602369 25.87121314037761
3.528982254188753 195.4586677830806 157.4127301056629
74.17579688621348 28.78139358757064 157.4983148100983
46.63395510604201 128.8138669504556 136.539446377223
55.29240296230947 46.30113588553023 170.1792808432656
197.8427634497097 128.868336911289 21.84853216488614
154.2167310074682 95.90380923841431 135.2505841634122
171.9489532445096 15.51121247100984 165.6883945528411
75.04153581728555 52.47810364448 161.162304060468
102.9949728275966 153.7541869569967 165.896325648176
189.8655676154233 140.814370186477 74.15000438743584
60.9979057627995 160.5279015114561 74.89173676087374
91.37196267067752 0.328951679754277 19.6433900918163
0.8917675544566633 33.76767727644071 150.1438567580268
80.02344494127473 197.1736153354325 0.3896934732527517
160.028482535007 91.12094398315845 85.42298237282705
27.58642030061766 100.6592732735373 63.92997721759694
94.13952574722271 19.21733635392255 82.26361512652599
101.1773426678122 104.96840767607 94.02653462846958
108.9869333285023 59.14987460066861 146.36815414215
121.2580872484245 199.380034263588 183.2462246748673
4.12957790576168 180.717328087884 176.6064482962814
98.9087452220256 127.6891550799568 139.0013676820713
100.5888254256674 39.40546591078948 111.6384463489816
18.80104579689325 182.6952421027262 48.44414707672161
100.6183577235631 72.00863857184321 82.36871576216303
15.30030135165536 5.021673120866971 107.732867253335
45.71087272602322 58.31793574632538 144.113133720798
58.90354443989762 151.6391281789436 15.98067432791616
123.4281193697434 108.0352079206168 96.25955544632359
76.93537355403581 9.861801795091356 145.5019590928748
68.41812547545445 81.63268718087247 99.42475073798984
23.57349800805037 178.2760775509392 16.64991079843026
85.22688161512419 172.2498409002232 10.31639707707243
17.20897158058168 7.75777948320601 85.40967421642928
11.13366636188231 175.2921683829196 197.3669975210513
91.62572053547954 163.0279584257667 131.5058975906759
116.5442523741796 176.6395632399913 129.2181325495782
145.0666278929246 73.57745291944194 11.06610370304058
82.95210920741467 33.86835492769378 67.06750295712197
59.53204067527257 5.367142082736874 97.98185527392843
21.09748860463861 7.851580226202205 150.5381114036035
199.5031003290704 34.84161120296048 5.161847355523737
42.29017692043045 154.1149364563772 103.4062782184368
79.80843177305134 89.17708918998709 66.62599360408819
160.0530692912428 2.729589452512173 149.772840309102
55.12615006480694 100.9592116591017 188.8129390469077
134.6134712076802 32.01781651020919 153.5561528878382
193.5866059430276 175.1944336224525 157.4275014201976
185.0491696647727 65.62537249987848 123.1803254908718
38.24436877970344 6.164711210791285 44.4707875425815
74.19803712010267 20.0758420170496 193.1463902840138
193.514418664966 13.57087170408867 39.75107348684288
39.14639320280427 14.35111405720409 130.9186818654464
72.83878920140147 152.2901593976097 198.2372615896579
38.19136310664091 176.1678439188754 105.9263329736705
187.7044813039945 26.02135123014839 75.05741252669161
151.0786995289661 1.229835309983436 38.96374115429607
105.7541060368819 35.79324387127243 68.61077582354348
181.1434518753796 124.3137526618736 173.5242037598787
68.17320380981766 130.0084582630194 124.2779778187782
25.96292565916649 121.6195296023286 55.7129931822307
25.86670607198922 24.86971558757473 97.75400720833858
130.464169395258 64.48750966665385 45.51532957544347
70.88109812283598 78.77417299766492 193.2990533522956
55.95855357122524 66.5000805127532 43.26177361189937
148.222671405199 134.6602489676473 118.3880345976447
121.0644512980847 174.674684999338 76.91698175176644
162.7418478190197 38.67655412543837 163.9647895533959
3.516187940228602 122.8407731623495 73.83768744677403
50.9212051811345 46.68590313209869 33.69755388244732
110.1332136142021 160.0627702092153 144.082830032848
118.1843539536623 131.0910555151093 30.29500077958819
130.4940864807334 116.7457414113595 42.63088614910681
65.19769210915042 180.5457486604906 4.019407964011332
5.131034630054856 16.84150546301539 164.4623447402471
92.78622309176824 48.02059799998955 193.7459742600578
4.250406132320487 55.52273223407408 145.153089295296
66.74124056863479 156.4402006245238 36.59581391977137
65.1880321867943 100.4363752424131 53.41649184391738
136.727217378856 91.10655052430636 46.30624049086204
115.7689261478266 81.17898152259731 41.6516014024894
128.2433766838724 13.98735920391422 167.5200729541565
170.2703714987285 0.3789017807610493 75.48993011619703
173.9918699495776 29.90864648398987 57.55487318069354
189.290981705597 141.8274213127516 185.3068761321093
181.2335519828975 147.3722384594997 93.94845367074771
6.467401842719855 143.8418700686391 36.37096250087489
129.566354487114 183.9903877343918 10.01519544565676
45.77765494256639 89.40276685108016 56.72917583989091
132.1707981562733 187.6688063476886 115.3323519264804
7.627766342401972 108.5081302764876 56.89226069357276
23.80704805129055 191.7946236959716 188.6174891504501
161.0501965282282 11.44870711552335 56.44569821526076
87.17995226966995 115.7175698148383 39.05314183155155
166.611564037932 107.4296310409086 181.1492267406801
101.6695753264289 91.81616160401606 71.59650027092718
180.6858025130596 144.7436689728445 141.4237033353818
8.087578068582069 53.04413738796193 76.52639995619866
86.59340598340471 131.7899386567494 58.8973888559929
22.34383177837269 40.06923501492211 147.0463820883577
129.6202483197366 33.60151320283907 69.17745097471118
77.25868584266036 196.5703754283182 127.2618975549957
96.00974353491868 59.99311945394683 164.8171932473134
46.54459604446998 75.41819451488982 129.4037823777756
24.35170647179667 171.1311375893933 179.5498779878712
162.8517622223449 179.1619705187728 113.6605168711264
150.2555336637709 6.164289815975157 128.9136263573836
58.32870476023617 48.70675813679242 103.4733393722962
153.3620413921586 51.90166528552007 69.16331236521528
1.927862952822312 150.822211293857 105.7008979074476
112.2959939490854 29.01000116806694 155.0778055132255
183.368241592153 22.14850527393731 14.54487098452822
92.00068452214197 116.19061511105 197.4258591793883
149.0106059222014 198.1306390951389 16.70157992505576
16.94790789879265 137.0408625163982 13.03502988326085
46.71934591821535 146.295033981885 34.21423279751167
183.5996856486031 74.24805924591607 14.86369140803586
13.58836726198545 5.223976781432342 45.82013958839166
90.94163707036721 183.9006680027069 97.45207655644784
78.72760315647216 191.3642350969662 60.42016040788731
183.8283295146665 92.92424913424215 178.9172551620942
3.465269543454864 107.5270771919946 126.8383694695709
81.09283295654539 37.65008795625932 177.0684482116172
175.6862239542855 26.67247790482325 35.28123753061761
31.69372129964757 125.7328383885584 119.9024222271994
58.10417926360846 198.0024349263555 141.7306492321766
113.1828839020122 8.223248689349989 146.3259837710222
191.8784925600783 95.44310453390446 111.6983788902775
0.1650216197458808 106.5653886287601 24.43289640029581
155.0026628296298 11.55536369132649 199.5740188311861
94.70378659700788 111.7131916093197 123.6212686895745
123.3704237508584 44.83183946379196 184.7903567685832
166.1053921435878 59.80535695540799 156.7707875669512
81.56217243977096 142.3144961553785 137.6475252481807
128.7987318213376 113.7783260084488 196.9994086396165
158.5473690589289 171.9207773204889 134.6009760909066
51.02015776033291 170.0648224833066 46.28418339134796
59.35905985368526 147.4327921141337 135.5997276567436
12.44661736060844 44.40849144949885 20.98667257969637
176.508686674015 125.3651555876065 95.63750100983063
140.6561218643971 187.8661981523672 184.0266583241578
126.7501522390982 14.32762742354942 129.3513927601784
176.5554134873976 124.9383481143527 151.4322379794601
186.1470611638986 196.0411658859482 171.7991615771277
151.0905502038647 197.5926434459534 108.0498332258399
14.88069253518853 64.34159801826291 97.30398727926764
137.4158784112358 14.233691849916 51.36231585224035
167.1316409658381 178.1092878268707 77.40410409286098
181.6594340231207 189.0251049492224 91.32852780541737
10.93455780845659 129.4425370160955 111.8532092739721
40.84646764992616 35.90095273191202 63.88192882935825
181.5688640200338 85.1179082738502 88.50096945516812
41.87771025044937 158.2296756373759 144.9441326627542
67.61799628970755 77.61466793550774 121.6206473635732
16.93177530129788 182.6153037047969 109.9198621452068
19.07039338771872 159.5191326628274 136.7721668367534
180.2103733014287 137.1807720601283 114.5088892421374
151.8126333051898 159.1834747567566 155.1773579575992
71.0626349081199 188.2920286749308 107.1984438656759
57.79274505261008 23.61638513344 8.239657405310236
72.44585897083847 176.8785244213764 44.29018242082793
82.73079288682102 92.61391112230099 150.9073865097767
193.0663348603277 125.9442051233474 51.65275011100919
39.81427257698378 153.1088508699249 77.27971272852045
43.09597266645901 137.7794206843525 176.994429084537
166.4141745063769 130.6132538561999 131.122815332705
143.9089314071387 110.3864513754138 121.3408100410032
199.4164429153246 155.9008931538117 147.2658047808083
100.9265054729545 95.31226621835168 137.8257077649288
197.0755189593347 191.0796671261036 136.2208094489758
154.4420933696162 122.5956808319157 91.78458792585126
145.1061168647407 51.99497947305154 154.0317788358951
52.43563556490992 190.9631972315483 19.50484169063253
69.48776163135385 51.97793433358757 68.13729395030485
11.84356465445406 152.4715845491286 197.3719075162849
61.02995994084588 121.1748438813519 85.80335356297569
5.002023048382542 77.87087659718445 142.0773359004944
186.7179148736032 186.1182925231648 69.52345706827239
87.35835107385167 22.81491249213226 103.9400037478542
189.2674322627887 41.47290621022407 91.43679652816814
137.6951169551551 85.43749488756227 94.37892672124575
139.2016565274248 139.2725836904802 29.3874806620054
57.83483146549505 164.5596018438568 161.0348738730213
128.3333837110961 188.775726576453 92.97360233659307
164.6827418281948 84.03604675793289 153.2889794367973
71.31791156470045 140.5407230594457 73.02437816360163
58.63376404951774 21.69443560818652 139.6257718523339
149.0367126230372 118.958436913408 29.69631903021838
121.8401093931729 159.8674518938968 3.829953127052346
69.12593878004526 133.357332444872 167.9179031087518
82.39677955034487 137.1293577292697 33.74798965048258
181.3357668054384 141.180701545258 31.09004474571019
64.33113464864711 146.9645796337803 109.8840539737429
127.4530295564122 142.832236360032 121.860363190927
173.0045735222659 102.9474861245943 99.60858025824446
62.38553548902795 32.94757683083346 57.81270844496739
4.917168157281895 26.57143263385289 184.8277961063922
108.1919641538854 132.090334677691 169.5181009503601
13.95529301515049 98.50851419600288 144.706082775538
36.73843527218459 147.8486382913339 14.02951751363183
61.81794315429118 97.90394382718938 113.6081893054444
93.34842095777684 70.44281166087384 198.3883613320443
175.7333144416906 98.2786097175097 70.87611339627117
125.3470975011197 181.9333497395294 168.1307552611777
192.3314275532167 2.089427012927 20.35338559151861
9.383767282156116 26.12653002542417 113.1237187335507
134.4767908183336 104.7387358173594 141.7138774980284
130.4556854672975 144.9577664075305 61.51006268098946
5.152813789970824 2.657874555788597 182.0214783866682
156.5713762479885 47.48134007723996 135.1200657183064
84.3304589365883 152.4854015078956 50.17670788983829
183.1562789267896 114.7852939802042 12.07868509896337
143.5984856426222 193.9576039390672 162.4927352636082
171.3238811581149 197.7763026548699 13.31266880043601
104.3769722820189 92.72963712206494 115.6691343611562
145.5241687896941 49.47574845374266 176.4588787595253
11.10490740479436 47.51628140676651 190.525363825691
79.10491930707616 154.1501171442466 165.7435888412502
140.3068712948765 32.23611554782624 131.5800796495255
143.0227386606299 67.37052943650335 81.94168066057797
100.4828493018458 78.87849867796167 153.2924274482993
58.90534481648839 35.46719852560781 121.7451910715652
184.4532314484426 48.03478295088979 137.3120789929971
58.04652535009852 2.303071042107312 0.8131079313404987
178.9446932877706 94.80751068845422 2.45248470127438
177.5832666316506 157.7537927326689 174.4086165076647
45.56149556341903 33.84484173135919 91.34643731616731
31.55415254066063 165.7446877975602 56.97592604061594
106.8195714461969 66.43537670854629 59.90611882784939
184.1848122840118 69.98751763882863 145.8163585845971
164.9726228250848 32.44564023626455 2.822253482867434
93.33078086844796 129.7200436239562 15.44469914928189
123.3969401172731 96.62039608484577 75.38272282300106
30.84954063101108 164.6683773026366 0.1771842188708226
64.85708912392016 118.8138847962253 40.31533491356537
44.17044039031112 78.05481378726554 76.1743858372744
66.74242265122432 126.5126290862423 146.5317331650691
50.17971491232814 140.2055152723885 155.7006341527451
162.2520561752 144.4212305242588 3.95058092905981
180.5316692365456 47.67915395305495 17.14752579772425
49.80535484016423 92.44214049734336 92.62861776365408
7.610809693426711 66.247178632505 122.9050918566766
174.3337169376723 47.68180441890041 112.6026972396089
166.6753513264019 128.5897943901971 19.41966503138246
36.32618859781707 3.136685398717841 6.895668189439561
189.0958759538729 91.55409532656316 133.7578823452228
87.0265090989185 69.92140456311004 20.05020037624544
25.08126095499322 82.07371731671954 132.6637777662611
172.5306504586868 190.1010878738284 52.42525015702256
42.31634421566246 37.06231136871013 136.9688543558578
177.5689371976685 156.676889920837 15.1167059556881
29.97327684729099 53.24551542674415 179.4895925316061
8.083157523640642 71.87375904606638 191.4306136859975
0.2927317227182752 12.41018730050803 142.8652777526647
93.33517264052789 0.9601924583880705 112.0377930436916
109.2357711505516 73.72506288400859 21.37260861174809
66.55639237170575 138.5993069858427 51.04587772058265
134.8960096248733 36.06822391176905 46.22571302323604
26.45435280892552 27.22779699491639 25.24165864306363
197.929266083446 132.1858241851883 93.60998629737092
41.37865560317645 56.53876673987806 198.6870348434222
111.5317024385291 191.2992996791023 24.28195540328538
131.3282248915218 55.93513653980061 66.38633450283078
89.22932806307388 135.6100082101278 157.7908394155518
148.556974508869 127.2170948432551 186.6569721854583
188.4201430433911 125.6899110886414 132.116215413204
15.07424670130052 28.90508767043237 77.81622453017415
114.6918869964323 161.0498824596347 60.08686031778711
42.54396152857378 19.11648777005329 192.2171517767575
51.40670698991796 140.5684803351989 197.7946610159415
195.1021320300067 192.8615478131996 49.68091367997994
159.7238223552333 123.159263008504 166.4987690914316
187.0339923686691 61.04730740440522 75.04683426614326
9.855791760625717 101.7277906286473 78.68913743783037
110.2865824500025 128.0876869093658 191.6321871876172
104.8902943017435 40.84190026429616 133.8170466656762
67.93940602246806 55.58842020010563 126.5431035387942
128.8595244028811 23.76827198514214 190.7629906279249
192.5640694934077 89.24691257937793 157.0897167976828
138.9229808678598 121.7578381043948 157.8417304418973
89.58967642559431 93.86936252451642 195.0940090496096
125.8859435934786 169.0734499562985 104.1885065369217
73.20316853707793 13.24162195168138 59.84764406371615
10.28106492560439 138.5171258575444 59.07339730659991
154.0655624989344 101.6621249623261 162.5810295822038
121.5562358408212 48.43189668177166 161.8979108378452
149.8695863141799 20.17879259327376 165.2418495157893
92.71751428039927 171.4515283820309 175.4176064447883
68.23453007601431 119.8898827093675 64.45063653628678
176.6334807616217 50.14121549686408 195.0513440057985
163.74447563188 150.8988950234741 121.591474904831
159.3983695854961 52.77169023430157 90.89533547117475
123.4687740364432 150.7161618234689 40.83357463412153
164.4400881407536 163.61758493191 191.7964221833479
42.62638007434288 95.89912585139571 167.1733979267524
105.7965790890524 167.0247532034699 18.00276086615032
57.66720693634358 66.88735913938919 161.2330171720599
179.281578445171 13.27735617766827 91.67389884033612
11.37392665643535 42.08280292101189 95.98214638629899
115.5662785107142 1.797914670965313 57.89589466733085
160.3672971751263 142.339683400462 100.9803530037008
111.5681248994136 0.3587571021900024 3.608139722433777
197.6295067219697 107.8007125881242 169.0325588859859
4.073125809158778 168.3924467514573 121.868521075744
34.66850270851436 47.05408878187132 18.03911902136897
196.5059401382635 162.0197942653784 70.1835384376614
140.9420541033927 152.4185081053575 106.5098033748863
