3 1024 8.065521176970572 0.6492795000000015 1.4 1 3 200 200 200
61.51631939619347 11.41815014152086 63.6315950570965
143.9101258680469 196.2442142794449 82.30874057500041
12.56353641481405 77.40979427161692 197.8585427465971
69.25850626094544 105.6592517365717 67.43611287993161
108.0894960895993 16.93697052487251 22.49144265962905
80.13052616980535 173.8904782016717 168.6781459875414
54.0795120893386 69.93654503984054 6.275693079686962
55.20745257419318 132.3935073719913 196.1140337956598
80.10076337906096 47.31163683453344 8.004896495303141
147.5774660681136 91.77626649666692 21.04903922159887
173.3860128949912 96.39946048111713 86.56008220325033
177.6331922269026 165.9752464124071 111.1163378289766
24.97310644248478 149.348548162917 165.3275384154784
148.5964335868666 106.1172593440682 177.1089639872921
41.69686422440424 180.7062484955991 81.22397581772799
113.9100019190979 143.1931762492836 182.8235587772661
106.5231789352788 84.64795050999895 41.44415962340162
163.6796095840122 166.9351446695047 53.38428293067808
87.45652427003481 99.99375791268432 183.2617564894322
91.02122389226307 152.0734913349646 36.9344212100139
97.5416638826575 48.29007004623215 34.06136361730546
117.7677070284024 41.02607127392626 117.8430593822693
12.39106560187454 109.1961575976844 4.368063255836534
154.7329224190798 57.25502037589025 162.7361818895411
18.64527832424508 159.6643508464262 98.12078797200232
132.0205259112153 88.86240640177874 24.16364058809376
1.086492083261103 135.6016013866872 114.8385620961149
42.95770028545439 126.732166919548 26.19415959550468
85.18296305178224 162.0549902723953 25.68747728576256
143.2636560282405 140.2160884797863 43.91095610716058
129.1543812644308 77.45470596104749 174.2125760463205
75.04310846447467 154.023825683781 37.98600488774483
185.0784061023161 70.89793107547807 105.6028105222421
185.5931770485382 45.90584782657492 15.77765020605272
1.10528768180039 40.30762086563515 52.1975590757653
13.40096040009087 78.71270179784949 48.20963930735032
37.87866368442275 158.7546497347095 163.0514449501681
197.0743253590724 63.48662565526634 175.9370357151992
13.96998575364801 199.7835828778341 37.84956136557084
99.11875051613413 109.9203307231774 125.7629691527223
164.0615611810169 127.0326732239297 66.66387228743505
50.53788980457782 40.60652311863336 143.2039422008298
129.3540047544637 8.725841989978804 171.257406164991
68.45044493719884 154.5251233340701 76.25873096045152
140.0785450990537 116.8209242288885 122.2559187053366
185.1758899214697 89.38633309432852 57.83210042829881
129.7708891465543 60.99664542331563 168.2699571894308
112.4893858042649 68.40145845250802 28.46842786261685
41.00710258002147 38.32846055273143 93.69033325304962
163.8247131893378 137.4928877176861 41.8726111198675
101.2381310704208 11.52727903097959 142.9947584464966
29.39180372397902 50.43127868470089 149.2471979514611
52.22855325330924 24.90834986816762 73.00848867155233
101.8758455665298 162.6480615342243 31.40582365124313
81.13995117451967 177.9596150467056 136.6449253771307
96.92791287102058 86.0309129678425 28.55120944729141
70.59864254093286 67.97353242075178 179.6699964297875
128.9681095497435 132.3905845653661 17.02456117520012
188.5224115049937 159.3564345580845 57.3932362099487
156.4332374338287 181.6288836096353 167.5955503605423
126.2028239133919 21.58764556670687 82.80024784470002
156.2412464588085 98.27147782823812 196.8132170010985
114.880130179707 11.43552698282111 77.4205108764303
178.1690677813253 126.0033734715139 96.93087478894515
57.20323073218702 68.81149392414319 131.3082691960732
163.5761010462282 1.267407593568953 137.8221432097084
185.6154211253726 105.1701748879752 49.10417078342627
104.6654833278667 33.9622740919224 18.7774720129585
191.2900669976437 68.72383528599653 45.4675802533784
45.33451396183945 97.70525033048071 95.56032752133055
166.3572343031498 81.51783929261939 49.89641638298915
128.7732760282647 64.40574117341313 184.2364869608903
91.91696191250941 86.77875316350578 76.41238347777058
168.494562755589 27.03979051381041 151.2615513305366
148.2052343951271 126.9795985811715 70.36280267732575
121.6109320381602 157.4329187720738 102.731900642171
154.8177620189219 21.224498837594 61.63198911495569
74.62270730507514 36.5312755106124 104.7956932905088
169.7721841742823 73.2649466425089 110.1113299285055
14.66668820692446 63.77088657795371 25.63760446939698
0.2476278560772504 78.66272931103066 171.4843684086464
192.5417828290181 120.398818371438 39.37882933898275
30.19079796910425 20.72552667009863 132.2369360985228
130.1457268422856 18.95892701835914 104.4714325736163
175.4130949946063 33.56764685087264 22.23887057064282
168.6313419897456 64.7679291533414 166.4201749364153
69.5737541446657 20.47616038132438 198.3789273742949
68.47063677282374 36.83666547616691 36.08996879831226
9.831709109119627 110.03459505719 87.45148305969056
183.9232727921087 140.567111500086 164.3025343213526
35.83998659427449 95.01663225564681 109.1918136704418
155.9267575202024 174.2421286282107 41.27185163335103
32.31836167239306 133.0563203879418 72.90468415903294
174.9870061855782 175.0601584182722 144.7445392225313
21.47237072341082 93.35148556617234 3.817123258707681
188.2366916795878 139.760901429786 130.7614816781694
39.73696500278837 117.6995938502293 162.7671135384924
2.051839264018777 119.2344951987108 76.72554985820243
119.05200321666 112.4572643662771 69.56600270833739
136.2239375202485 94.15711937767205 157.3899336231356
57.96156733810633 7.545229579840026 124.4743899777826
104.2332327940766 72.90208563789054 192.8392633663466
125.4436986149613 7.31076947038847 137.1397419328204
62.50632649980726 71.77625844295169 72.9412341291399
148.9295907949921 103.683940881992 126.7239118270484
74.51625628217197 53.06321631642761 114.4394235946821
118.1720155311998 83.37970242051858 30.35786424138969
32.15434282708737 191.2442417946504 73.60143473417811
72.1420041758826 36.37970818204677 199.2094390521937
6.593437383074478 55.81060957854731 83.5074813585139
177.1590283042982 155.5164996373279 165.1384410995932
49.30690848073094 108.1000894934947 52.92027757842072
72.93467929635199 67.23742655794757 128.1060722503802
73.4846758266311 20.20317400024394 57.32349989075882
61.00914533767331 138.9359574676392 69.4615929623134
82.16743035839256 149.4072316472054 162.270461218794
97.81296313512721 179.7663201237605 129.0880098670897
4.77795147378441 153.2248355889133 103.5672159360625
179.7302615827212 86.77654922180085 117.2089739765067
83.50671927628673 40.72990375995726 31.5966692631908
183.4614392562909 1.43300945206172 149.7907838259098
133.1278466413096 143.1600327743 28.29068545353267
165.0761449810603 30.3871539478836 169.8458259937404
129.8220240904738 34.27797475316254 109.5143981430857
56.0494276254017 40.3865668464935 67.70434856617626
179.8685280956804 62.26582545244024 92.95681451655274
70.89153295028943 48.46565405315362 25.17594591565802
199.2902469430382 143.1736981281748 160.1467639483676
170.724761881998 81.49984863940703 162.1012346055891
113.5656480742529 11.30288042045429 173.3300714483149
39.9020604554196 58.96618071477428 46.2051171830477
123.5992893297512 103.3455368578013 90.51537129689967
144.5402497599644 152.3761744358199 173.0988848347552
7.383477097462259 163.5441150585633 171.0862865623826
65.33190365890999 53.57190423680891 99.14860843053962
41.67561756002823 13.69113950439717 78.35850687198423
49.49867075257267 189.9524855208865 137.3173664637683
89.47757869033542 76.78150740064574 198.0766725377272
64.17497033165402 44.41084026496163 53.18577537775015
46.8292908365988 40.18633911111372 180.8763559382838
19.15850853495657 82.53262652786135 102.6042725653498
62.72608138016417 51.78272702791462 154.2741594804613
60.04185578831752 182.1651500896641 23.30619339567007
194.518498106305 39.64779815828554 66.90769241473735
196.96193123461 182.5896824451561 134.1301166888245
121.9377816340355 15.85442298171192 7.193121094316882
6.252462522651589 176.3614575406575 161.3576334369284
175.5219827467498 176.6903574804889 58.36464755761298
99.64062822939364 98.82359095650526 37.99567908956485
47.68513379731472 174.2365675811845 144.3835471881555
102.9788575128496 126.87872762676 121.6717328031887
128.9505117465229 114.892609818152 180.4010853397878
55.11112010332522 154.2575259723835 67.19224520623753
50.67752613508205 193.3134482487724 153.1132089661392
78.78511746054279 5.62511830254907 52.89691322280895
18.98344476642588 62.72863728364541 148.4409179272716
183.7150952071229 197.2632868074653 165.3715200567881
146.8866573632033 22.14973853652674 109.3594859488766
173.550727993317 67.24731465038663 43.77803006707863
184.909766728443 56.37363717208398 114.5925065822746
146.1402721036679 7.910415016113665 58.86634292236629
2.993449486315928 176.8885465096143 82.15967735887756
30.0678483399064 51.3633018571084 109.7305840221264
76.66977637107968 82.57120343913174 182.87302840617
180.9636480002945 34.27871033169981 159.5178919859774
9.839779350902532 137.7475465768794 172.4119109324966
138.3532198185967 23.84492996636139 60.57833018335378
67.62727058707189 33.42755153065606 20.33756075866748
76.79421189257451 140.9390844411515 72.31809416804222
45.56190882932582 172.6683145929606 160.2971567500044
179.8172894253628 5.201130358290499 76.14111203389979
58.57591736396946 182.2451712959123 49.69298474905221
172.1627298332592 12.27163616328217 145.9083605749218
151.6306291693082 198.9292688022639 154.8028937485138
127.8417413424686 169.3742589907613 13.6749309409523
34.89594140567716 165.379303743883 148.6491262730144
66.35043355118329 139.6580589083675 84.66550038793069
112.0317997236582 98.16913562682336 48.30294738590764
189.4868504755052 12.46356863428288 111.4935461450533
101.0352463071613 61.29610662787344 142.0671219250913
172.8224082492615 0.8827433587437156 40.38414117718212
100.6613713016193 101.5851455462007 62.79651442264274
5.084969557929941 169.8797581178424 139.8470693792657
199.5474092874886 149.9389217804248 174.7883291912939
163.2845557281918 125.8907384303715 103.1476415715107
90.2328373195531 84.6227963941697 43.15954903241732
152.6008693327626 197.1844160939566 7.854861523813311
189.5561961439642 198.2287902554093 119.081464478776
6.212379936458074 157.4881612517603 88.07602559005879
11.79877400355357 74.6123508411239 181.9903348899639
173.7460859773996 175.6292797860093 123.4411218312483
123.0554063475289 48.13549205511691 159.9485443537433
156.909882858388 70.33112360706646 100.8288802762203
60.98872969865998 116.630351641225 118.0889288239318
82.85794440843587 156.4449833737038 69.26240560793063
81.49289631369911 91.77347937913169 170.5334510180953
6.810738565124096 4.54725094408764 176.5847037365345
87.87091639030069 167.4617667601334 79.92593077335916
120.5632449713113 173.7481617168564 179.3120414388664
149.9129119853068 95.24465439306454 52.52656696556149
123.8121926910947 183.3896502492353 6.779865856993239
115.0233048414939 8.110154169778458 120.7905101645421
54.48888407741542 113.1091294338173 170.5840169421049
156.5091008461962 73.92119094981062 160.9831086996658
189.6460292493139 106.1063535216906 167.8300157237212
177.5504411770773 170.8901517240654 160.2693613984423
44.77858281887768 192.896819032047 116.7498173765151
172.1556273633712 138.8037785047974 131.5942488656582
4.56805771179932 131.0031840857646 24.88839608168235
43.74509241588324 41.6342464458875 49.57471111807216
68.70568978858103 157.0892094226952 22.29927715879056
12.8894241884455 140.7115474442318 97.41650325528049
162.1378365970072 167.7913031777374 27.85473097498435
112.8047731728675 19.1353060042498 91.44247512950446
0.2249923364140836 179.8131107498265 28.43025907446759
43.15652766175469 159.542624032858 136.0830610807506
1.796901577738018 182.2254463580389 5.928351419012236
48.40053008853732 5.127154812999717 181.612502376417
54.30101392158876 131.4747351091108 95.25720596073931
108.508457537088 75.5399484869144 137.3386851830315
74.65554929917829 77.51506321193253 167.1039590206885
102.1107762324739 105.6231859379202 142.7817725583893
43.56682555065468 38.60697589071785 77.7658807957332
161.8799263801282 67.07823497796672 73.05466216371877
185.9182882494069 71.89924907988008 167.8759564127913
132.4057710378764 9.197258723979372 91.82979150485733
84.36294323630061 24.81010333489264 110.0826767912694
100.5213146373233 40.40662302692886 4.582209368133159
18.52775810185828 50.09510673408059 120.9300525920793
100.5153975081754 89.11091126460771 146.2418946296716
158.3136532933332 121.5540568703487 195.4758478183112
21.24460271399814 15.95896247041626 27.57142391713388
62.90249654300608 123.9187333744477 83.8935954527246
154.000571008817 191.3692976790292 106.8411866143326
27.61510343616212 162.012893766914 17.40146406985719
130.0363971881561 147.8868844552785 112.6361810369986
61.59280594178913 16.55650308531037 144.6012785838559
169.3288859889033 84.85408109058307 146.2559732696268
196.1668502808519 123.3178116937513 128.018356998869
157.1920892547516 141.3029821938762 126.1118474988027
27.56088700910338 59.22241864085699 134.6515677772138
173.3551766261592 179.1213211153165 97.84598608940223
194.4284806379909 165.2199259416566 32.12482507209543
147.218078257236 142.0354745184499 77.25387041492593
11.54999174756224 119.3793550176857 145.1563336583404
69.38280666910167 185.5626237570617 104.4445616033258
134.7611106220455 148.0203937339711 67.67109493341046
87.55254533940141 44.73099991230723 109.8744397845524
59.86385847659564 41.77499872715725 190.2457560556727
172.096871071085 51.19373138026967 41.71733975193076
123.429796999802 181.612831722669 61.61247976357777
50.87652046910442 128.4722593792224 167.2470710449909
189.4268605973628 177.0544063828814 43.47256397485388
157.6545419641716 13.42031573373442 158.5355000549638
96.22244549734049 148.5781298301565 195.7431806825702
162.3000424103972 50.68154602543154 175.6576516474841
156.369742396759 5.477393601909722 120.3565407726508
102.3229869932962 157.7854245319107 71.42834749161572
101.0348289703474 2.586252518983608 186.3323736616228
64.4689231622727 51.25409519162357 135.0028157868965
152.6506178152403 20.82043909724091 3.674479007054681
136.7055152283225 109.2484367580622 140.6634546057547
165.4013751651389 180.851612781619 10.66572777379011
198.651107441743 2.384200729720627 135.6560775924878
196.8640226223983 71.12701014405972 90.24867991027898
90.71271829348198 57.51921391103833 124.0581311066308
118.558267052986 93.36130962514001 65.88107436471259
16.28077138891791 109.6996431404078 52.66824468889666
189.250512911413 10.28937071583687 92.26025848675049
92.80629276178465 133.2099716885485 7.006035380683322
26.16455285679408 108.5344647427844 173.0866234008879
62.65588076335177 3.54753937617936 164.3597731877855
55.36487397188222 51.03325924967346 37.27261015029946
148.8973149983477 126.7082991796006 90.22317517942062
155.3270850677957 60.63551481121443 39.59960164606363
193.5914559314905 49.82482467625053 98.57863058971836
54.28750767946642 157.6213414993277 151.802826634172
35.30728409047296 112.1515797463234 37.67339815787338
0.6133493094958054 64.7411783614386 154.201961653246
104.8437267202919 40.90486224397717 50.39665365314733
95.64077985914879 11.41826521060075 101.8261038408698
127.9842579762097 53.36873809443379 106.8937804917623
13.00852743248897 46.80908677875087 139.1904529632269
151.0796618570429 72.89829405567902 58.08189255070472
192.0865272064574 20.90023557409665 72.52770660142239
145.5794134130163 3.792728831803737 190.6335585045176
141.1807847661974 44.27999352522097 33.08871432366984
171.1626320258558 13.62554533258438 105.3636467764538
177.4991613065426 39.25058281546362 181.7542535597957
51.87759975918395 185.3163755210042 193.9394632048964
30.7403784436579 121.7298497401187 146.108145770049
197.3842340466716 124.8081027118372 98.94334266484877
189.8146831683334 24.95868437373142 194.1671825029959
145.33790580331 85.59355113782017 120.8468332930328
41.67089182789469 53.07737047266714 65.04902239959256
59.74893102419524 82.96706934522987 192.2661142016059
88.54906591778835 185.3817376568094 72.63784040469632
103.7271322342936 156.6960591056957 95.36109756130878
96.89934236002489 66.75842434665421 39.82421409381925
64.17656760341461 168.8248944276988 134.7735545233382
54.17294326167293 165.9678884963162 82.57689027717863
123.9425980287892 195.8305746930801 152.6527900611462
22.41530768736164 148.5004249389222 82.47348378019458
197.6002330579317 197.5762114230581 75.56690587643034
136.8223162634638 68.52814594115826 134.9788788150466
189.7550437561499 52.53507651982283 138.6097573828028
8.191448577988451 105.7794397046877 106.2638617070582
34.71953240388231 24.76923653340694 61.71259130441317
2.872213781098846 65.94047217805712 111.3912920277534
51.27416918093962 105.5701903307385 153.0474444015604
126.7116336099686 130.7690528488783 121.0400664885658
83.13849959629766 130.6622425814785 157.5392162892653
49.00148213154959 119.0551502516483 133.09321706835
119.4338143281044 63.22638877428815 148.3782004309223
14.31988813936043 82.12895390065847 158.6523925249029
48.65770740831188 109.2073933758486 19.69818597151477
117.0026147477954 3.523383135193 102.089027457484
8.841932739300965 195.3668327918934 193.5797079535731
99.87611741916517 36.87870586086557 123.9579767712526
20.94926900321519 126.4464931587663 87.10879180245605
78.83839817467329 92.92107793062171 199.0865785915579
11.40563225782567 58.5723915098492 192.8193261273821
91.99086582413223 188.651609765187 12.21909411438197
23.8128877061235 89.48989389868915 184.9939460415224
178.7369980844729 105.0556732861849 67.19768897527105
106.4709767690176 115.2821459261367 30.43498954356754
126.9769375799051 164.3833417324981 194.9921680967325
73.45000046091394 21.33226088783118 173.1463112296031
27.04453798865698 78.37148799994881 140.3773657086521
190.1576026762036 166.1945435850291 179.5093243731888
81.50431117351695 165.3753255596102 151.3488148091225
2.618372449286591 14.65292890147096 32.87499346348842
53.75799823449537 0.4646647286141921 23.88988213753339
124.6193109782268 195.1110724744358 81.07566787139739
13.13999932077368 132.2136303341256 130.7530861048895
146.0086753598318 68.15809355982567 176.2638654830836
161.7568863451097 27.40774079330774 120.5814652467746
115.3067196018202 145.6949048024588 156.461631502062
168.011164761662 46.72683161476414 151.6795418211716
75.77344818862744 137.3542199703674 105.5737560713953
79.69251652511296 6.151983209886236 72.22563495364538
150.3542469906446 86.59187525906948 142.8434167673965
92.93022210642637 102.9343847959697 159.6099263086321
54.2052448717082 27.84602424963839 7.554815086818817
155.4474258911429 154.9007433065094 40.65217399042483
197.7003090220268 187.5816030563968 174.6117205939912
87.39110652413534 195.7581361899739 132.3048017789081
23.93726407284097 132.6955388373244 192.6108388499673
136.7236395943889 49.21709143929847 194.4416480258153
105.4781567737929 51.52743260012055 107.1946131571454
110.6968465590354 199.9998795370281 6.623152400404297
150.9245186101969 32.90647680222545 156.8809911805769
127.9341969431918 88.43893244219254 140.8585809484934
6.755156586093285 164.1991501741884 121.4176295365399
59.14425702636451 143.7108831345543 11.31670802274291
38.332318361379 16.03287073130877 18.44113855431251
88.10654686494003 118.8160861883348 138.9651552821887
38.8750934101206 89.39612319083814 24.36969322809229
69.93501541732711 14.53695266245743 16.79893254268997
157.8580207190382 155.1423591896991 13.84089851421452
20.55936344671364 148.1458408122967 113.5598013131076
104.8902418114299 170.2932359423265 113.7624247916351
186.9068119766601 86.35622706979281 76.87212400277785
67.55447535330764 69.7143509579588 147.6404199956672
41.53763706928418 146.0478731374571 197.2960281626449
94.61013209664858 147.3736405809843 147.5821889293557
116.6025884540649 192.1888943791251 173.6973342530976
167.2153867987642 100.3518373101918 45.50928264464518
36.07330107552405 91.50360322062993 162.05148727873
60.12078921599733 187.2076455049203 87.4247218425993
43.57514294772908 57.11909974696155 122.3450432657883
177.2430278009084 148.2005424737992 4.56523299241989
92.29036698937237 28.68216954122578 143.5866688937438
55.39948832659395 60.78832383063543 189.2648214367323
112.3725543460333 15.37819577330977 47.40103639143918
137.3803466817299 178.0679765389109 45.28377345846092
142.6364155616502 183.8793179358211 120.6055950120041
101.6546478574401 180.6549684234391 54.84216936261856
11.48048954141328 186.3402096822024 121.888926585115
173.3207107249186 144.8760792887969 26.70637857083719
44.15870166795638 187.366117042077 172.8153650271256
40.4341478842427 6.969368070056611 162.2395776548254
154.3172039274243 92.91748321630322 164.1575148847405
120.2150918592917 47.82202274307185 179.0945846978402
147.2676447471091 54.89988404614806 94.22535198701328
15.12329610831649 128.3353300929974 65.37186451107866
196.1564680035213 23.72800632776274 125.752960546105
136.2516036937445 111.9813331735457 78.68131794333659
8.887669216896494 130.0114702046588 43.73133688281936
174.2677103802422 107.7538047192703 102.4135314330988
45.30983857630093 100.0882036534025 181.5795850693373
55.7232198987673 27.00443171191686 53.72146483780008
94.06794188224922 58.07751432533829 0.02268216406950015
95.31188296295119 0.9899046124379396 43.94812817453371
138.3998207461322 13.05856470402208 154.7014227942649
61.90115899519127 168.7505337261343 112.1695810377002
174.3502451235267 18.91588052268083 9.633370734085545
42.78221367533744 79.60987962732777 124.2279648315125
26.28645897407028 106.8989066001087 17.64733367125471
27.41150793755698 195.0939602735936 108.48798628885
116.1712139272912 16.98971317463748 154.0341427134988
164.1914327635208 53.75942879010758 59.19944201166895
120.5463544369696 187.1964334509975 117.2838477900027
7.032895118785445 89.92646205518135 138.7499058155713
74.83124307797644 193.3911826221525 28.77897081219676
147.8397476768931 154.7796771039944 115.8349500474402
147.3560901519032 132.3809290971343 112.0281442081376
104.3600490509403 123.9066674074402 153.7949121533985
164.5574199088412 128.9537160296595 146.7710475536189
31.27972112668808 192.7988501807419 130.6232176834669
147.6177088482717 104.9206524459168 35.25906787783777
165.5661576818733 140.2002916102051 83.14308326742216
101.1115630491496 120.9008701611009 68.07308789081794
158.6280627911542 57.75231750243094 196.9657497126859
171.9222941440688 109.7120161267487 2.514644061607911
173.325148263081 15.57288666460674 61.14176336535084
192.8386905040973 144.8556896668514 38.06671063427711
191.149035742192 165.443212281456 97.26926724870616
190.6410498889281 51.27511496999418 197.8781302142794
46.99592654121674 116.24925139395 104.7188830072818
115.4661045008147 117.0162274103299 51.07698856352049
7.777205170235581 90.87580419479818 89.30155828578037
169.9611157304415 196.6953708191902 90.46626132756171
69.96566530033154 128.9033654941666 130.0676373226863
152.6864257333377 111.3957746393982 14.22599362672472
11.14685443952912 163.3125095661781 69.292791131412
17.15694673628422 30.79183674282918 121.3832766960562
38.4769673972598 141.5924554038898 153.56689370243
40.44611697309544 89.9563486207021 1.847364449899747
199.9977777357707 87.51181052005029 117.4265089722139
143.0406749179672 166.2354909529195 134.6961755650759
28.57320347440487 196.6967752325344 25.52396164547548
179.3621597778064 146.5341123868394 182.1433145821119
102.6437668254082 196.9852647593423 85.93098691873553
178.5640347555676 148.1210213654243 147.304883441168
83.56237686423613 199.9796381360599 172.118458226407
29.67412658594142 108.7298835457681 195.3947124286749
57.90902058851201 145.5281723235879 34.99444371443886
152.3672723015445 123.0720346933713 47.82788567858456
69.30068601689824 150.3095144136478 122.902100784589
42.0287390846485 119.5039751407155 82.93030170025898
20.22772781763254 15.66484353704481 46.97801638019826
6.338569695534286 97.7221116969027 172.9058192979008
159.1159838512586 107.4061862985941 142.7577745565571
127.1979187386367 8.188647029423688 62.84546828314375
65.83912531767031 140.7303102851011 167.9975198242027
136.2305621883043 57.33895318779217 51.19550630344587
72.96341208700095 101.4527184674188 117.114934244073
28.28814626238376 107.0457808220573 96.03993883019803
103.6101475632056 21.30194850934966 4.172515225194655
16.64391623919822 17.12759223318835 165.6244647463486
137.9325230745776 95.79297578276332 101.1087523272646
25.63606431705151 171.154511217123 171.8455410330596
96.57752693694572 33.45668590090617 96.98493989658731
161.6608540683359 161.1268133662919 175.3377687537391
158.5841794204483 13.43935384742809 44.16648263753282
82.83525525709891 188.4408692544526 191.5177885415632
117.8537855336756 177.7888508688239 96.8575972469548
35.02587984330012 156.1334848782958 39.56852559459705
141.6523771658116 171.5953293570101 175.0491274780272
20.33314554138661 95.07499789123224 35.94375188325162
123.3778904874443 7.808795238332092 189.6461361903466
9.709720389558596 116.2418707337322 186.5391973991305
143.0098530030291 179.9136614537784 7.882533263832427
36.15703053331868 98.85687430320182 137.6717299895283
16.22607297796457 137.916418412073 152.3854523398047
91.180037604612 178.6152547754149 33.71839905809234
135.057020910779 26.494890089428 16.64659226265571
143.4393954574508 14.95429570962214 77.00357279997451
121.5174828671382 81.51838804576754 191.5292407334221
163.2096997675811 122.9358028046562 125.0459285939222
63.6468416895164 66.25719581212296 22.79321710229108
15.85018642759329 147.6559476098973 31.17586707207298
75.67301720702743 15.0423590338002 131.404529699702
119.5774468065268 37.24956412449869 3.317707998655037
34.60111921887476 25.49036815696841 150.7089077113843
60.55688124083947 90.08912784596509 56.92946680615744
86.13869182670462 106.4670650422597 76.87590393727319
188.2873809843797 54.81123361310312 77.2007244513274
68.61744265964983 71.29762013962041 91.52059924996337
28.87720018353741 27.31868063258934 83.37770320138776
43.03692290662087 42.8474158694215 20.21324125119859
187.0859614908912 84.10462568367873 17.23842124022123
66.41877497409763 197.8952006742932 142.8213680035806
57.08666271962533 1.571004003396303 104.5855450211681
106.6106640456029 160.9752132175588 185.1083660566277
186.9536053357471 71.44676556433878 126.5643933125125
7.45641033549155 36.74695579008641 1.901321531471558
199.8363542917952 45.19459125919033 119.7817764105728
81.54941756347755 36.36077019140846 50.35254221181083
34.17648698084935 23.32010660806894 196.0098154323199
174.6788389392827 99.8454462164426 157.2713555274374
176.9787609468787 88.28549171766747 197.4805769525055
15.32826973665941 71.88409927586198 77.17911062303556
177.4263604871273 33.87032018993352 135.5049860559301
174.5205423216134 120.8344745189882 51.60088201520301
33.8008923450728 40.0840410309998 133.4929673397912
131.7129122354992 186.0172700301548 189.3048715186367
190.2654009698865 107.3739866945989 86.47804718028446
24.49425297848857 68.18942664941441 117.5100047446137
142.9929058821707 138.0172544002806 160.209772665971
28.54655289111194 164.4969836283908 198.2268919450382
167.279292345667 51.1178111581841 22.96934210858556
138.573856517526 159.7320693204621 155.8566079555478
59.0238486195888 86.75491287450258 14.5177209614388
141.5506750809724 181.7237269253821 151.671596695609
184.8885433630495 92.32348834819831 135.0226132593868
16.58791053688574 8.294959746271886 123.2729344366526
98.19558466993911 134.8150571892718 104.6765180357043
137.4329593408375 144.3397898119237 189.2111641040951
140.0353693843476 146.6288888274918 96.10928327682538
22.29662672764249 6.802856772740074 67.64676800679187
35.88899199545341 26.15839385242438 173.2456546657167
76.7170927907852 51.02329201401177 187.4053553506798
169.3060152657364 160.5178267403605 94.33168117748941
24.61691825515539 175.2102601311129 31.24136429088681
159.4476631577361 168.1465221808968 153.9875058835643
53.61686215084619 163.5311617020724 50.20529789988856
110.3774938804541 178.4754065117165 75.5586620111243
85.07040987054131 8.789538612520584 1.05423059600414
92.79566932522192 77.92466357948959 160.1129055983596
193.3590075780913 129.2386193103548 177.9513540382229
119.3423724165754 193.897933092169 47.22251590260004
58.0486930358402 95.74714643791219 35.21066686113705
59.15790908749513 104.820491084499 83.92782990449749
11.51704150893434 187.0358431845403 146.0918544415964
130.8788444444397 147.5796970773224 138.4463013300044
131.5380463213493 37.84054343603354 73.74038134574383
30.67008854682377 110.915863666055 119.3828502374127
191.2670382999524 23.76422257725488 50.14172454081518
39.95081397089719 11.74927453311205 117.5754040785551
122.9117823911808 154.7795598130203 83.60159199818168
50.00792462347296 74.31234663859365 38.8899807201682
143.0249059219706 199.2177582622388 137.4662249836238
10.06400486274099 14.90860290939066 84.81271559168135
111.1499500979732 148.8053968160382 116.778730274525
148.4324547154323 9.424185441193037 22.94743743973722
2.527505266601312 77.31862341263549 32.25574692814335
54.61572376526303 23.07401955049437 185.4851703837653
96.70013006443156 181.6031103739674 175.0550239688096
82.44046715188672 95.6474737255753 57.40103189107715
27.61099573305578 73.69683409534467 36.05985638188303
157.4857885536699 29.42254747338539 28.24980572962334
87.3763020902316 28.51098572940856 190.2260711561208
151.6003372666998 137.6165653613721 26.63541692250645
27.83748791349412 130.8995997720844 170.4394160765823
2.223601381206803 68.34662295496591 11.5332299236984
68.03290824279942 110.7647831761479 48.80457988848432
164.6429150606564 140.7758862583446 166.0126726867737
31.00205926595054 133.9930899037993 41.47104711457555
150.5372742189989 160.5630157644326 81.77227547054126
114.7439323885688 82.94091076127042 158.3456676118749
85.62818164121893 120.1353964959791 116.3630092282701
189.6103395925876 107.503998534382 118.983012486743
195.7937444399332 23.41242326793453 171.6063694406156
184.8024888247959 89.28226006977161 176.3192144881781
33.29254435735516 184.9203794530716 151.6918952012495
94.39254906866068 102.0730180007041 16.66392099662746
189.4135027295175 151.1567784262417 115.1585629929695
67.87515901682569 100.7478397121393 180.9603849850439
43.65621985900981 122.4613418762584 184.1715691886272
118.1815457335245 53.32912340843318 64.16334662220667
51.9700939813433 27.40458425447325 129.1198903026725
187.1792682958179 61.61715321713005 26.97323954733513
110.3009040776792 135.4879867860377 21.10416712242235
167.7338156528222 54.47472153009727 105.8699326376432
43.44223722511171 141.2489948973088 58.86660839367553
168.9519289136166 19.2125035733389 187.7066275323433
137.0967019324083 112.6681745776269 162.9829687790927
109.213951507293 93.63541850833462 129.345220261782
178.6750352287361 68.3852913340798 150.2722570262555
119.25585485879 137.2371448046122 41.7622937129172
19.42329273291435 103.1645141098641 152.2125242359002
56.79615927491826 120.3878519158275 65.86728339824595
89.49256214879139 139.7743346079609 126.8220300890615
7.625026957856241 93.49321672862418 17.34237466825375
87.43505184697899 117.8612723599532 175.6412068746141
182.2369662467915 84.67849946469899 39.28759052332305
43.77990958911813 154.3704069683284 117.4400712494041
162.2406721840112 33.70801410022808 98.90007697387426
186.3062385349097 52.51154334389715 54.796323106062
24.85465071475336 65.86006578720672 57.05977942004112
74.71677849615234 131.5975092797365 43.20685288686597
126.2854877530406 127.2217666611898 149.5174441159845
23.61787642054238 108.2673112499692 73.97851226649587
120.2603184112441 136.5074056215133 100.1723327393731
83.22062920742923 137.2422991361805 186.9594036461687
176.9074769290991 11.99970900806823 127.1435912470736
22.86296449292182 77.10288431855747 14.24547574955958
166.3425385603367 95.91464338049127 23.38324535382982
129.4292569740458 184.8081463342506 25.24981085556705
110.0387204774294 71.25666750143544 76.86741565993994
173.8289466146462 181.4145369029386 176.0835440725514
59.89603644616135 87.95650529739378 104.0277730445964
169.1558478779285 77.49324171648468 87.65910645099623
113.6081325743515 139.4764510506324 63.51314551502168
4.011684082998469 36.62642517824681 83.50442754858616
56.26298866103618 64.80580239883305 167.0542346555658
118.333164036389 104.6585318434219 153.2987110415171
125.0913732962889 103.3406138085086 34.98359211938554
27.00807852175201 51.24252055244131 33.72648844803505
71.64956817268472 125.9035338768057 4.003162117146664
5.400972636527791 1.034718575302878 105.0479520387011
133.1395002392284 0.1873412042533135 9.133798298577702
188.4414849840605 40.760836907904 35.54239472354012
179.3774993796557 165.2875531693644 19.17681542227372
188.3600136095061 108.8907844449465 186.9427013030416
87.54719018100441 74.68415984351802 138.3882349775234
186.0799057173893 126.0679966019932 21.96720892086629
139.6119354536185 53.07917135157319 151.2132931189798
44.76988213163292 145.1416249411784 174.9634907036972
10.00248326224031 109.7856081224726 128.4151814335887
140.6492921590449 190.093045953489 64.11785164455929
193.575038403134 109.2327714011375 8.913079811446549
80.78667915226092 141.8876810365651 24.04237241844071
146.8535698325717 42.69661737769123 113.2231962115406
57.94394935098748 87.29082130397198 165.7850616852393
51.88695598688835 125.968238006809 44.54193502825188
34.4179305255997 30.17323648197048 37.07066516475732
108.6035058433801 35.86454956571302 163.8565539880772
132.2047073312466 87.12636279771853 49.00179269219532
140.3999325182706 0.2147456975360321 42.05679358963211
70.62392971713376 106.1905140332774 15.4098851350664
132.7237687906273 70.74792171262986 33.36539539256247
6.327808284333729 57.10467409027161 41.78463904119344
95.15790456575945 177.5810469009805 94.73141730898659
130.1930057002958 113.3520523376456 13.7479278783533
61.2821529885218 67.04939822861658 112.4528186496656
155.9520195948077 109.4937069101993 65.5137048000195
91.35244738058694 141.9798861443278 59.60284099684328
169.7982141177859 199.5844313634003 198.8436547196091
93.10227969761328 37.75776323963577 69.70690668140529
75.67688573156134 90.30291184833943 152.129267214612
176.9888809591607 67.35117250766464 5.952079996019712
80.00127284111814 186.3398427462667 51.75657386760838
112.8850635032229 27.33096604408941 66.55517820117448
37.8129194616615 158.0293945516989 95.96876557249055
58.31598348345121 42.51655476014686 113.4297009231274
175.9271706349169 15.21714302647798 164.6661751391406
115.1748445540052 70.12906854741455 98.83012644387217
77.30019079446954 36.30302483869517 123.9654904649019
135.2402150946535 26.99778238841643 190.6848423825864
150.9943578248783 7.791350393609858 97.04418717491833
193.3876599986394 28.26127911960266 17.39552282191584
78.09289041179922 2.422455962742632 112.8332605587392
183.0269048288713 130.628172399669 72.48901901900923
159.3579449763775 191.057191679844 50.22635051370737
59.06635247942143 150.8816913553254 98.65383177367532
166.8864534122133 157.997194974677 127.5346465090551
25.23958863650198 171.038763229879 53.4273975797457
66.1459607324302 123.2271237417774 182.2647781872857
133.7076560164909 130.8466857384095 57.8966382285461
108.2087325059081 192.151607804989 27.65212104784256
118.75392109604 156.1517242980752 24.50444021164919
167.2299461193489 103.1390044747027 181.4246601530216
42.21787313361378 77.86980237682909 178.9738888697014
63.17819043447727 192.2353127112963 65.62150594167753
46.51596147800286 142.8627784700261 81.67750778831353
125.5116922540452 155.8446226634981 173.8642070521582
123.723529142615 79.11336431805562 119.9328949450295
184.9927273358143 127.7656873840897 198.8761463299183
59.73608900002295 63.05836004665979 55.88172811842696
17.47527008584268 152.0661876125027 182.9654944086197
124.592742979921 131.5796630250657 171.6116541749972
44.80891517150256 175.5226837417065 125.2844833307168
165.7472123728675 79.05053169305017 128.1398868565507
10.47899095239148 15.71670149777653 9.615296412309158
75.93960490098623 52.23724838755758 67.29918410540829
26.54976329296536 149.5969730010584 136.0454625516643
27.32804964156247 169.6510183248493 112.2480151896612
11.48794522394875 24.49489062918605 142.3170255137094
111.0199796071363 43.08277580693188 142.5947592184839
101.7430620166749 75.56949790111335 116.1506183105416
60.85895661145385 49.42244370120828 8.000413968134916
36.27403443582138 135.9956224335318 100.6759253186296
71.76444796374381 110.6762985242897 161.0528569959065
195.6953112485207 130.4521157764936 146.0067229577294
191.31495674512 4.926375802465252 4.485470485442746
42.82424551688222 183.0743220075369 14.50694052582074
3.76634857333411 94.54310082378001 195.1158648561394
198.8450584870273 144.7477489089286 193.423258955391
186.7078127617135 185.3496178756351 194.2125393171252
159.5176264525636 115.1916728876741 163.9528894689865
81.73492241457207 127.9656071598084 85.80812773007777
116.0747177793377 95.83284292607529 15.68736647174209
135.1397840966071 123.6348682575821 33.23649464843633
69.88807706216527 170.6262849572793 65.56275802299602
94.57492597460249 113.0452768806817 96.87717184695668
76.04370261836122 17.99643059698316 38.26348450863441
163.5027060981738 88.4561627137151 68.74168782173042
86.07624735007556 37.54662040775773 163.4063224378524
79.13072179163179 96.59504027370737 95.94001506045687
22.00690783318815 148.0232493215394 56.71082094766704
154.0698841158486 99.81411940479038 85.8305379537656
140.8363460586877 91.95476547389995 69.30434126507267
102.2400682220488 91.33157075912577 198.4144975396896
54.72204084492779 24.40749710953617 160.9062990051297
130.5689414447187 71.92295446440389 67.48243634181965
95.85224128951641 18.91948238236136 171.6203762107368
77.79350054845526 58.53380915984934 164.3785557448986
36.12209707413123 56.13081875043952 178.4619779337351
114.9374469506096 92.17160044831462 103.7372717718389
87.32781199427252 96.81866625367657 133.9135936962866
103.3523993926464 51.16378041475306 84.71436673788243
149.4901356519633 162.7468676606494 194.2919605093269
66.06115801789446 86.06905613528619 132.138651702541
144.5823294714892 130.6791941325327 5.712223316675223
18.29230978407688 194.0984220823953 87.85166299004744
97.7517914217362 46.19335103288253 180.7553072347675
131.9067197025068 47.16462134226906 129.5523088003624
140.6471832241051 30.56507943957437 93.08207497677782
44.66809742979467 8.698402616969554 139.4529407737195
43.92639720824614 3.491538132362894 62.06113556205641
85.93487342646337 157.1824406591476 109.2610369600538
28.80434030477861 185.2114904408902 189.235146819144
129.1327390220917 27.94205628218177 168.9356599364957
43.43717590823559 43.96927028075985 160.8950313416939
162.5572976870226 0.9836954878936228 176.0092165300944
132.9527826310899 174.3042672219389 78.31256153963457
23.69242169223575 48.62315699103807 77.96974487809281
121.8914553057475 174.376242323079 160.0106970946219
191.1280861740434 195.6347262022048 36.9111271365367
167.1173082541642 117.3140956932004 30.5578964941371
43.46243464739241 98.78349859619908 68.85419188817676
196.699042946161 146.2087527880769 15.85689984449688
98.32183687073189 141.0819004373831 170.6124529701902
40.66310344225737 8.717453428829765 40.33438954393873
40.32745843889161 125.3799009939182 6.316834612497371
84.65902941595459 119.7999490696847 26.71502026450398
149.8657389822213 19.64273153177438 175.1282319871528
168.0255371610724 73.51789729549007 25.74193445133051
68.13453471811309 107.917695133128 138.20750788436
35.98718634271562 67.97481095409965 198.2941538826498
182.6664767602695 129.2606124623819 115.4834026353056
179.3830890454359 190.6939067680823 134.210640663352
9.581166169450366 177.9439118135986 101.0105510301602
50.64678195019351 100.434499815298 120.4215994801857
98.62832527728675 153.680151133845 14.56151563715304
89.92533976406754 68.66419219478918 180.5093495367205
60.05753162943142 35.2827286696192 92.1071822522028
157.7333351043984 82.22203397713579 7.622345595344083
6.473941497124338 196.2579701648004 20.35435675287838
178.9071231894426 175.7246158124429 79.35937201416644
61.5378302741932 1.546544471769582 45.11249016228746
90.7302124110837 8.394656495065314 23.1108962291102
185.0127921062026 52.73911648399203 165.273591570166
187.3556350048167 165.7000082788644 133.1641033296208
67.58260779543983 4.680500990012479 187.3683886291695
138.6487150239411 22.46000608787774 38.57932366957464
159.6694341120396 141.5755539000848 192.0236871816288
191.0131217126169 179.2648807211111 115.4828272227227
27.54570568888706 193.2896266448006 50.33057485466036
154.1298180015197 148.750872379944 143.7144414011355
36.78149229894751 160.0617471704149 69.43669948493792
116.1925339765892 172.9600273582286 39.36808831854261
101.744930493401 0.2606135462913026 158.7271627356068
111.7829938530965 159.6164208434626 137.7560972806291
141.7615990958842 111.3021764249205 194.4612222384821
186.45577720312 5.94439032361355 182.4545193835024
63.2018363064062 178.6839225078654 155.0678263863048
130.6518192769688 32.79659952481718 146.930333722936
152.9028567018764 110.6834307017062 109.1192949244432
137.9567554577101 73.32440584646842 103.3826136430943
89.06039371945731 113.0062698964616 197.6365109205277
171.1181869317714 125.3842255231445 181.2172345346416
126.9348593791551 57.07568225561523 84.64139033029367
70.55495914707294 169.5156910914841 192.5390639372972
83.78302614227205 187.7735985624645 153.1192011166932
199.4062977318292 143.5083654751924 59.64773460068478
106.9864612353175 53.15895066038102 17.8813475765783
4.293397912011931 48.04182500492443 21.19977354301474
43.52475780476438 76.80282394533849 63.51659072279451
168.0722550904557 117.288825899354 82.90186290520293
2.135877866106232 4.463754866602667 54.54312182483394
190.0317699223773 19.52824111004145 147.5639595536059
118.6370589476499 30.32278488031616 31.67125530841595
166.3809981237264 129.6645770599476 11.52554244566354
160.7355893638177 89.54022269859186 104.8048769268457
11.50186782127074 19.87757925294989 187.4420869263728
20.70346048945795 182.0487998215208 10.07699683568602
177.3920638159865 71.78756558642348 62.47644217047427
29.39459770590194 88.48728112834607 83.21929196773047
175.4781879528788 36.71192459524392 68.79125499284848
166.5948737180836 143.9109659595291 109.3939436833641
116.0204266827551 23.5487897781317 132.4247809173845
71.914549340001 30.86939685777286 73.40041990745601
72.15391555285134 78.67320967964456 39.62997734619439
135.9823172861862 92.48092829806933 5.564894693546901
153.4361758828594 181.3046796578516 90.22136950566693
182.9231535510488 31.8525776777922 90.02310756529829
23.54677285956734 171.9189850449939 134.3967313641733
39.47990988984486 92.29676621308212 47.59227131383355
153.9447753599845 34.87657329910868 75.34519524419053
59.99770634540655 9.315097111279998 82.8142387518417
98.90199466499379 192.1864652934503 113.2062632159621
159.5855532238988 0.4507261622217804 70.76213083077738
92.73612404138063 18.35901104814976 58.1498424481076
70.51489401564733 33.47937887876596 147.5534322452349
136.0903233133207 108.6034975592333 54.80236800013819
145.4751455822126 55.49490011031008 71.71743091279626
111.0406055712074 137.0289045139191 136.0481679933841
150.3166291176431 42.17139187767044 11.0428374729443
111.9740963653655 113.2533957839312 111.2728619836169
17.35260903851738 126.1813102388727 109.4021124557442
116.1397076085349 115.0954392732596 133.3922069598801
142.7166751921084 166.5670536304698 26.09761723484468
56.27405473573268 110.3165749706555 198.4667752679656
149.5215406621789 37.73664774497722 53.02927814618385
129.497549115166 53.15026509791855 15.91811000691817
167.8461523385143 100.9319212916164 122.9619061804397
18.55994946306534 192.0982335950455 167.2302261879253
109.0486425421924 112.1261930372729 172.4831326455425
51.44042633809597 83.60011613648614 83.54525215717474
72.95183523731693 67.61111690534206 2.260514315647629
69.19260860023186 116.3412967736031 100.5585176900844
144.946840129394 162.6957642821666 59.99607040191906
141.7842756734907 193.8978757998242 170.6911359610319
120.4158798376909 103.9503557882718 193.8965417875424
113.6966566510219 119.5523130017301 86.77626486959605
62.82739551991696 188.8380892642992 122.4478630312618
108.7108217534398 117.2043960842244 7.944027761407842
12.47419444183866 26.95648302658536 64.93327511115659
180.4350190875288 36.70473696964585 111.9383368582487
176.5662623272814 62.16715707610753 183.9758048388609
22.0874436050328 39.67002153820856 184.9486747736038
14.78736465436366 185.5078951368518 67.26223319900089
0.8306546410541799 2.802874233084118 158.2249779928116
136.9393606604086 74.8259166560749 156.6858529366014
96.5544472017758 26.80091916045717 34.82826836236068
172.5415938295588 191.8815898637227 112.3792854897157
186.6475510787441 89.12718800098418 99.28338616208173
51.05484779739479 165.3387985976585 26.59383188436029
23.04686383671555 32.64120673821764 17.71558182378022
79.61421540659416 79.96180109424706 115.1378356271758
147.2226282556675 75.0596690882054 82.86089597034659
75.01339528463326 173.8972102220607 14.2400850044485
80.92511303140272 194.858541699191 91.74356958217413
37.56932807049252 33.68557111262548 112.1653824218302
79.23429987593235 73.5005153779515 60.44136134769413
32.77435287070929 69.22584586660915 160.3698766093735
102.7617735034811 90.69777099962033 175.8461449091735
22.20659757928099 89.28529922595924 61.82518940001555
112.3688658682691 24.10559051879466 110.1455705530432
70.33945696308542 149.530038563914 56.2173387695724
3.046440510848488 100.2143621041016 69.29101589151887
0.1744347698492859 26.58608597001986 103.6288131306901
8.577243320435104 165.1709644844425 18.91450192733543
186.1096202694569 104.7828761848882 29.75716094445822
92.03315097851852 169.6483090042759 0.01737682430622589
128.8896771922458 101.0659123612744 121.1194644175136
159.6926681532689 173.2040583333421 110.3521226832429
8.92207355717081 120.1880478674754 164.3172465562008
169.2971034564146 157.809632183888 69.50478097220976
124.3873513249482 8.269963527992587 28.3192704683328
108.8618778701116 173.8117230290208 14.49040902267534
133.9399796903909 5.373971858247706 117.7286083861249
27.82512958378118 2.513924950665852 3.715431309032483
24.07477905183364 43.41324247969388 54.70526821248817
94.57621214980813 96.65722835741988 112.4154928599641
180.8616390377331 121.8011322137661 160.6739386012221
57.90170093533185 54.63836893577653 80.67381845680418
83.37388528892689 150.394389750596 87.87470432846035
138.3759743364598 25.76353870296867 126.3657146827843
100.1957728860152 81.85430349371177 59.52345891383288
184.8726810771967 143.9621497186637 94.23895090565256
138.0944406271915 168.6166690009487 100.8823960936535
66.29191722651737 184.8939849898059 176.5595642160813
169.6886270668364 54.08444644078744 128.3652281771251
154.6842116340554 142.3282923968942 59.3968283915959
109.9150764745994 181.732642829366 193.3678546785546
164.2817707032071 80.77319041314765 180.3820029731071
199.4530444273011 38.55609556526068 155.2573713217824
131.9492400510817 155.8850920322945 42.82980116784629
144.6145897849377 129.8442672242697 135.8397130792473
119.1095974908877 37.35748207869001 93.14673989978313
21.98310641383132 90.21382339583394 121.8259985795371
199.5934325739439 75.79669053964238 61.45919598763031
41.24248404387109 65.35916953958227 20.10125595120228
140.5072868941247 71.18555828052642 198.0584893548481
149.3609278236219 63.76524251461738 17.58536359756406
135.8907717703648 150.9013029649629 10.76521708355036
6.443718142599776 127.5504012755314 5.934200060583418
86.01613527902894 30.30181242456523 15.10255390140051
192.2721523287982 85.6983753896213 155.3105116994931
80.64053502206337 98.90987998775685 34.29562922278755
101.3672867944154 74.60878253374352 13.56694205490459
67.7663544028705 194.1437940034366 7.342279336855404
23.49432054311144 16.61854090195227 102.8879826256812
81.9014234049279 177.8964513812773 117.3027982064005
96.55098286339721 59.01659662427927 61.03634532513669
19.00990061476194 38.59722621478481 100.2727668428568
7.354037245887816 112.4423974220931 29.62509350614296
49.90825883366002 6.576320236295468 1.298041008021487
193.8843047060832 74.56332751170071 191.4878805384619
123.9414847626055 74.839568704009 12.96589168331112
168.8211400080838 190.0463200609394 155.3322473271069
97.05444029303722 14.47311464403719 124.1572903390987
101.6224744177641 138.176555215938 82.60925615920019
23.3871731175334 129.0742708371929 20.78705454577029
116.9502448708185 70.48190535940913 49.52512862074436
92.74360697171724 113.6164324034081 48.40265760306036
23.60893677093173 6.076851842477022 147.2021738385493
125.9376712036266 84.81294022923578 85.43818046944125
86.35753776474601 62.55730807456293 102.4249026679516
3.100568444910905 150.6389749036262 139.1031403921418
34.32581528479685 132.9119348942437 122.9629630024567
171.6223283698105 40.48551301274033 3.524577447520179
177.8518834689326 161.4365701457847 41.37712508728382
151.773704367682 64.05784734522017 118.6546087231588
115.6973454172216 146.0717541338553 1.881935878951725
122.4857091615739 162.2911741354856 62.30831983650597
127.0030544203376 36.73166004454954 51.64481210236527
179.8816782591844 114.8869048011113 137.9791251261797
6.227516517047112 160.7974655676857 46.81929992286332
173.0064745646349 182.3824137083977 34.46328424434366
18.11617375854417 147.4272526757335 8.707544343727038
76.78314512312447 56.66596905807822 41.69311892163425
166.4786343495785 17.88377107460748 83.35516659956826
181.8218963677847 194.9722155228599 57.4773079345488
16.43924186081798 161.9636605825829 153.3804806960838
62.8753133969949 125.9918351150354 24.81212748560448
143.3212303364991 89.01766846760634 184.489842609724
35.35232531907067 120.1644606178534 58.78741449244777
112.6202054381952 27.20694722149932 184.324149641416
15.20916000283911 59.35775312891371 170.5723928558467
123.888447664974 178.6805160295372 137.931377290098
44.87120502307431 179.9083099017298 102.3973651103971
55.23957311348207 23.50252724952823 31.41645447117669
80.69324423753488 82.04517035267381 18.79154814982545
45.00123859397144 166.4413025345696 182.4656761121066
86.22977210524607 164.6514265785291 50.84624068030794
12.26598082578573 34.54866938820868 37.4675908493273
23.61831327997369 54.29473202017559 11.32771803775591
141.7989475790899 46.26952038477251 172.6341839342705
10.00120652884297 172.7584795231739 188.0625270518946
135.7719269240256 191.0878859723875 100.3342643390678
97.06282545354202 133.8395170343068 39.3263315076737
170.483320751137 32.49608975848059 46.46051432698261
38.27852509915853 146.0138584171353 19.64304763213344
85.7969585392425 60.18815012935517 21.28832336179968
79.08271348941648 123.4977336187959 63.83062814197714
96.98205720183434 18.21014265444231 80.32999014103198
156.2040987124153 183.8751655453964 189.9875392599704
90.4033717715355 161.9727030215104 130.8734533397746
197.2863161806575 107.0856831204396 150.071363716725
6.750283080392775 54.40467416026878 64.20206697688049
157.3103735399404 64.98337650110986 143.7926175484771
125.2221846898214 96.3793869383139 173.1654590989146
45.83515461381695 59.56747164626867 144.6812606317114
39.82947419371292 77.5197022816883 101.9361893581699
7.776027766846887 183.3092433155361 45.9076895435658
169.0674494145478 0.3789840249458538 21.40127306102746
77.00687249443749 20.37180475078918 92.7364124895345
28.63521383810878 6.423731371086024 181.4878597101579
85.35227115675198 50.27497290761911 144.7655811099176
44.0216694100999 185.0780793793487 37.24908376029853
113.0318343914587 59.29989321474859 127.0073073537602
8.268403268936611 68.06612841039599 133.2172814191883
194.3347545935766 176.975626945478 62.91444813081387
151.7705518426809 187.2077362201318 27.51244116097529
1.13678701944257 93.68225892108694 47.75752307916936
124.955269744363 126.5408638134091 195.3361908997917
52.02092713816803 142.1221868123868 135.5032886333735
177.4280928269664 143.0445918283142 54.47530283013386
96.02584356007058 81.6298112867939 95.16026072555982
0.7736200670941684 44.16599416897041 178.9888997978309
46.13293859882742 55.91764789008966 99.93909601432765
55.05534243679678 135.0626700313395 114.2640576557708
63.4579655170434 42.48882563291831 171.2385286513687
132.3990474876595 117.6308405368353 102.6898090097996
103.6285873104845 127.6262227057801 187.9873669468714
151.3151562135186 82.78499951734632 37.77894727580931
51.61268288470976 165.1085967971226 4.018504482257111
103.4557218255435 178.1904789349223 147.5373345507279
48.64633071167177 81.94145488900332 145.9117206869326
166.841419150024 51.53780416919514 83.47490997502453
152.7345638682188 41.2519317585955 135.9743418204924
119.9392648998456 52.37472385223542 36.3643737856477
190.3249378167448 187.8540820963138 94.60792750040197
193.770753219837 165.1071563772337 1.775324780957681
84.97107557235233 158.3761959456297 179.1937787819771
64.32920971751335 163.0202425618808 171.297069492423
195.95853667917 118.661935093322 58.36128101874189
79.69959772895534 45.93919195263163 88.6582030623924
109.8052016417508 196.0970473473577 135.0438863920482
80.40355297075155 12.15467458086771 153.3620491993025
20.86880388184366 39.07756866386036 162.405950513355
106.0424093647445 98.49238589299567 83.96513250020139
186.3671816551643 186.6252947316902 16.75734187951086
172.7459510656473 167.6017463593416 193.917386621981
155.2650883323296 37.16562153531281 188.3118404668492
72.28180768499996 88.17559913736335 76.13563159773867
126.1164228436221 165.4517779597874 119.7642103537758
190.3131602314428 183.5084644516346 153.0172657576546
116.625435365897 59.08505995440333 198.3369573561918
45.08902035526678 19.01646613759882 96.72913053815196
73.87499125431826 170.2112973115676 93.07758938011435
36.64002974126028 66.57844926555836 82.43934417333263
100.5985498183499 162.3557019161908 163.3837215656291
39.58635036097059 45.42918746580592 198.0447903558731
78.88666220488314 151.675523121743 3.779320203386831
62.25739709790623 148.8541752615867 188.7624187760456
129.9930405443736 133.6403256128368 79.99650863920371
24.52364900572868 172.5869934514465 84.94698901191902
154.7451281517902 18.34900499908334 140.0437183264394
194.1114870235818 161.5112370918571 156.7383953573267
40.44781731826792 198.0595149782406 89.70961247686969
69.67706266023978 172.6014579838443 37.10470583632247
87.69042265949969 66.81992350942208 80.28754006890976
65.46890378196557 21.13501154186253 112.1349976722649
60.65674865352851 127.3193895338501 150.582136854538
43.66850619194375 180.9097479016681 61.96849189734112
99.99993873284539 56.51953472795609 160.7971439194715
2.438491949727208 138.0283901008464 81.34536561470686
19.85014382980582 61.18747812167117 96.54779722262488
147.9786341386341 126.9436166120717 179.4044952676197
105.8493304957575 0.9025352355128941 63.9222572333849
158.4318453974715 182.6401165448718 136.6983646146561
159.1619572231936 177.972089374257 68.63156707395618
72.24686524863266 145.8318678165712 144.8402351093872
106.3489702940683 154.6729361692357 48.46717760202151
111.9714786911882 68.65186890010568 175.6126173931197
190.7618983493194 156.7259414646896 76.43971178446
179.8388633934421 17.30795588922504 31.76448144593
