3 1024 8.06137207723383 0.6482779999999999 1.4 1 3 200 200 200
181.5842378775908 31.98303169077908 104.2136423900041
51.83626296716528 1.137411352000127 34.88753075424017
153.1872423635378 195.5890990522684 192.7975676779642
98.00931943830332 88.28893852098999 158.9326605940571
58.5430759651815 68.07899463044005 91.43385940453106
153.924256370467 180.1346613730308 46.92901960193517
67.50280269172727 66.67911130266495 55.60978584948842
115.762921585096 127.5868065632567 92.61200319553966
27.40540917081459 120.4262244086998 150.5814517207894
192.6853989493876 41.74354621574461 89.5529840912731
29.00568466268493 186.0234738846783 2.622586446591092
113.2331642960293 148.1962588603151 150.8543331570982
17.11847103758132 154.1263749737011 41.23611404650245
58.17850289026646 174.4884329276828 76.71852119120746
108.5572039919251 64.07873702896823 132.3883666639598
183.324383234202 180.9003582925751 149.4352703108725
165.5214417575316 136.8518000925524 54.0984932804634
176.4870615602277 48.78005411400363 172.7900349616699
187.333667183768 118.1406830423554 116.9399628681385
121.6928866991511 22.01680574934144 91.93260339339635
34.84689237091214 119.3496336833921 69.19447165129183
76.88011734611733 83.20527654785545 171.4088439839889
106.7983391515956 0.6051972304684061 36.91746026214187
54.56833975435389 70.54362149017527 171.3669043410739
141.0089727506548 113.6246691136149 44.24241090528657
70.68101059437384 62.21562069374795 125.8171500639912
184.8784710388095 191.1294674983072 84.16775805210098
166.2162076344805 6.334440904112099 19.96333296924835
8.428092043115168 134.1741719862937 125.5959466742667
149.0012934877097 194.2798710710091 52.89726152430301
138.6251338462885 80.33354981750307 28.9554983687414
111.9541579554451 61.38107206243779 158.0505521494413
181.274705811863 98.61659361700723 100.3878255097227
6.360845324618739 110.8491599036327 72.17929803022129
63.68422263674842 80.43991264497626 180.2498606859709
164.045113400867 38.92277034450034 176.5842619833479
36.57979561399942 186.0412822667871 47.45068476231526
84.91291024028254 186.335408418365 134.2020674328104
154.7357205149474 10.52110333223699 168.8335594972452
119.4804135918562 31.12132499318175 44.94941628973563
12.5685055095902 13.5343152628142 88.24090939638378
193.2578989931603 107.7453361643765 106.1333391953267
198.0159720983355 162.7689776547279 192.8115245239078
181.6211779920163 147.3078750530423 193.8238536350988
91.15615480287669 28.00852613586639 103.1730890486182
31.05187646570731 143.798377594955 186.2380878083086
101.9664718338324 120.5977796086943 58.78161184111272
108.7938950214463 177.3041729258858 13.19016416065735
1.032629476316913 65.05261974923235 185.9691144283454
111.4486631143783 47.1879390568023 51.84475830839402
144.8425986463726 188.6450346503268 4.717708757535359
20.61014003417674 143.5195229836638 158.4217791891412
27.48946848466879 7.428170457553274 88.39136717469697
188.3826321737971 175.136077115357 25.58981616066571
112.1258691278895 198.871606439087 154.5704432243126
153.72461536743 163.2109066729865 34.72116134596587
29.26499358725774 27.57091851393093 166.6862642389774
197.2111990271545 26.4382707006125 87.27079767027205
175.0054036733918 118.5514892638548 80.33523159963575
68.29653766141558 27.42502047963294 173.2627113272772
174.9015205394623 41.21721243951351 140.8854621133986
176.822124424391 184.4810874295319 122.1503521166064
124.2528535303534 24.61564282161107 160.4124987606534
84.03910418848497 158.8265246887981 31.40486413839342
84.29800031899289 109.0967023215991 103.539860866801
7.49910559610081 73.81281916935923 174.0177844592048
22.22904551496809 121.275751859924 79.39483192231754
149.9314022961843 28.50950587672353 61.574459550425
30.30440500668832 46.44664903687773 83.6141629092983
191.275195412816 27.39348436298754 23.32406600190573
3.817176200805733 49.50721749820431 125.6973856607598
152.8029245483693 56.56077407618347 150.239002312902
27.18920089363494 122.2572135397151 101.0216137911228
115.7554622335099 18.31497679439344 130.9729560322831
24.40996386296767 38.05834077904076 177.9283923723087
55.39545382963873 195.9871469039606 130.9140085615193
91.41854284380382 75.81732786776217 166.7405239371031
22.07476957263634 44.22382002307216 32.9150135673385
79.9045953082408 86.41623243293395 123.3618705881525
70.68854642983466 180.0800136913496 68.22291744053068
107.4505949847277 113.203966249148 28.7220572100601
142.0127379899415 138.8544222694204 78.39566491150264
20.43937337804076 22.92636707318072 151.2718002027584
140.1215012676758 19.50526676158743 97.30783178683228
91.30297899426597 169.7302226904646 40.80103323107326
156.8830687258391 17.54516098365833 124.7463635644154
148.1211567405238 41.17453126842526 49.79701684143308
42.34154798885618 126.1523590195121 148.5652855760828
140.6747860290934 31.09104109975338 148.8349043147821
112.8023972342475 150.1150120250367 59.05418363959019
27.51434625830875 98.90883345329262 168.5901647604082
38.72366021294416 124.1395552095761 182.804083586043
5.981185778246749 144.132589807606 73.35180265467322
199.286137057617 68.42229165599296 43.51845076017248
0.5381212279806578 185.736757914825 26.63517305164007
198.6560086414737 82.02073935165373 125.3592241501402
126.7646858274378 162.0261252633658 82.50141080534908
88.07014899668843 152.4417697649641 186.6731016561137
183.3408370361087 118.0622907168324 24.37326729498298
10.47707193622894 172.9495112374821 193.8217658127142
6.256888944147674 146.8361080276004 167.514896444805
25.3511508394211 114.7029748488168 184.1159113341755
164.3113491711499 21.18263804828858 176.2215103717356
91.69141352028795 66.22074326515786 80.69224368303985
81.52009277322165 82.61190225658221 155.9796094700875
57.08829658826962 21.96802283039112 183.4871399768612
121.4472452462181 133.0777446531085 123.4680423804757
156.8873311544801 41.12200193709275 123.8153297163076
192.8974551239448 6.636818256568301 46.78829680285076
100.9929799296623 170.1671476614731 53.67952412786025
116.2854323209094 143.4267982969567 95.57234287051364
191.6861720196719 36.91560588613167 115.8070577798071
5.756362302518808 97.401637172066 63.30566782801966
97.18222420554764 150.8076673622507 100.6965083912263
27.79004848886904 25.91216125449095 131.7975520599427
90.45534584905755 168.1832310081431 101.7804875175551
134.6704094183996 54.368144922119 74.51927009559704
138.6771853910968 12.28938159983791 20.19352432905272
127.0972439102028 0.2127649288265914 45.87294276602025
119.5573576737148 92.74206351582268 21.84161533210878
63.93231146887466 197.1057729321963 23.26060593983664
52.06851106561724 156.8774764991516 18.3273984938622
60.42126213474403 109.5567629141258 161.2924701198998
177.5301876593592 31.39629816253586 30.73991031352384
124.5301330239979 16.43186010604044 184.6692182029038
36.98692668242419 159.4569490189067 23.41002274999938
117.0306311925167 163.5080522322993 11.86124647602691
107.9292428764458 18.07468006449183 99.71943714335579
4.077656422255981 26.69388168376126 117.1889173663481
77.24231748443513 136.3449861931159 61.61314917218449
16.4263077907008 53.44525518590624 88.3510054452488
191.5113588124389 33.8022121523328 132.9622496094476
120.0788316568521 51.24966334932291 136.4908535535372
60.91130380706535 38.3264360320231 7.825766172442159
98.40023951395536 195.8274414967376 128.90923214187
162.170966964776 4.207056714439245 182.5522589699009
7.528456339407922 158.6528913585537 85.51481796773905
159.7667328541432 30.91488564125285 45.43103775755572
171.5511916874463 25.60987523754078 162.5128772285934
162.633696125399 61.14957690813636 42.93385848239909
61.73316223246802 56.73375927998906 139.7451224269789
127.0637636157552 141.7488750411617 83.69990364855269
150.6795312865788 172.8480109168273 62.44274958473722
66.01295031533468 194.3964781110509 175.7837179751692
16.21970229576756 45.75446142418453 17.97118211930941
49.66869474352502 19.21969524352798 100.7070887385766
1.110207594409589 123.2432949915421 172.9129873345015
86.38912693038712 124.4029788747491 67.41547451619397
133.9508285712094 39.29559144495285 160.9763952224647
146.7092741975852 9.618154779373929 48.48982934403699
103.4235054359333 31.05676481480424 140.2280499754893
11.02945623524737 120.0119386484138 190.5852128251713
197.2615661056017 30.41285250147418 54.72980330648329
179.1779439900362 155.0659824269052 23.20127949927242
101.6015136677361 137.2801802094164 93.01412655216956
190.0259264887954 176.4777887207333 117.5082008929853
42.33696169338828 174.9828015373923 135.2077603242223
153.9012107114927 27.840613972138 0.9170374600836464
184.7172844040623 0.8619669525991376 137.5070068165714
192.3780493016457 23.92911362359747 39.03153625070556
52.82910329259197 89.31018461234825 110.2447078932387
168.1925255577796 162.0791689763576 92.2350726948825
179.9189121014578 178.172031219533 75.95498002486033
93.83786136400185 146.7179151577788 172.7478192722184
66.06193067313767 136.6417072854097 74.00325808900668
186.5121255916064 199.3424452302805 191.6408946312234
102.3564761092582 113.7869239316872 44.00774886687839
183.7966279939117 167.9029875993101 39.24974742737512
48.98107822180278 167.501904998225 176.9399506807467
178.6835045026652 0.4276253193734496 51.18727124025062
118.6904423452779 132.9039916214775 107.5485356974189
166.7966705213865 77.67083353827606 180.1618161520087
103.5013629184489 108.8046956871672 174.5461614020897
99.8475417413071 103.723914868069 154.6520201958691
119.8212432703744 53.49767242608856 64.09339894913042
22.5728465391396 40.19317979122219 67.84392564724018
62.39187996482833 82.76989417127477 164.3488427651409
185.2852917009685 128.9795180424712 128.6986480559035
45.63192586707693 133.5742783049936 197.4513473854967
34.07012367212608 108.4074995270461 47.14750274526207
23.53264292389925 18.77987459953876 77.64777076789497
165.4087444279498 11.73834338466793 138.1932945939491
0.175750621759862 106.7309199802987 169.9733922032032
92.58014669589572 61.91633132462793 132.3890028378477
159.7487320242622 74.60867192407086 95.24437199336485
129.0338508189945 87.9958968622786 72.97963076266259
183.8929010256878 129.9104388312394 144.734140899475
38.65410791293907 174.0295868057251 32.30142731311205
28.19204008649786 171.1461771105983 174.4319846224988
158.3937315962195 76.67575634236478 41.73912657090954
110.6890367460896 26.38216050916989 171.5577976568334
10.48082687959693 131.4190809901424 84.38316523031486
44.84703485420884 14.99441600775738 42.34111915285396
25.12591732108747 41.08852772336517 99.72523413442285
10.60148293622528 126.1084954637073 69.16063811467217
95.46664989691257 96.61130260928016 198.2607704823883
111.9450760747766 54.19466609960023 92.36669707857575
52.21560409986744 186.1407211913121 24.8189573153046
40.86935118982922 172.1890250459546 55.30241758559676
192.1433928111771 117.7782680922158 138.0496366081047
10.83459022202802 169.7159665574726 142.3629235033792
147.9405687598589 178.0314891264826 32.1062410037794
115.443554997995 145.1601849621425 8.594211192800984
25.39285523156988 83.13739579644368 156.8904229315796
185.7636388488588 30.50959569820203 0.2030214142789193
25.71641581077605 142.8597292839954 50.91923185102077
33.89892227881343 70.52095403029759 120.9566543995813
66.16877056032862 123.9981194414488 130.5668040660054
114.740447679428 188.1751681793697 2.874994142202111
96.36443400789351 80.64286233243163 86.1792909579779
113.262378039358 189.799867383 125.270947490727
110.4171714949569 40.56697322176225 129.2468806747966
64.1613680824499 126.9259500002577 61.27791926405313
62.72683004463122 101.6858113312902 15.46615443838827
53.4821077765145 170.2487940378211 27.22415800922393
56.73543659258948 93.85207397198891 185.8864050009408
173.5053300032703 179.3699708262711 43.99729285616819
107.4268874926827 107.1592882097637 190.0969086714217
188.4333166283453 185.5600892498391 98.87442660994955
190.5077057351111 97.49307468215322 160.9653957025184
160.2575202453265 154.9662197336754 22.50278075091296
21.08597693410644 150.502506947858 88.63043221497875
111.3248467770305 109.0056037837757 87.85686522653458
111.0271552536106 3.283291873737492 137.9739933982925
63.56606885283135 49.95164078157359 92.95595111103513
67.25153859762118 87.06684186460325 10.39116975236813
93.89390882851094 103.9384748333477 25.8248303462667
118.7510252337629 8.043562742777972 23.87924008517441
104.0251069339271 150.1592655060366 187.0881305665927
148.3395668498586 130.0997146278354 22.66046850999327
109.7160553314851 77.44892709282271 161.2539120522974
69.55530949609303 21.6653614569479 134.6314973919935
179.3438307878203 75.38769757199783 68.12197551419197
25.56194462681238 59.91290205687492 35.40878046834613
59.46809398521921 9.818814785936079 46.7434437394317
67.8119870928158 99.58925574212101 175.6716246226776
108.4957296898932 90.88382535728623 145.8866796077403
98.69607109155281 41.88721335749624 106.4095161663307
144.4783906915879 167.2932639740654 196.3608939580151
193.8162028334234 39.40079270415209 34.2988285636818
138.7148072570498 184.3544613314617 20.49383881709796
144.1372635630757 25.86045165191921 46.70341178277985
69.12268545294911 81.43165186347356 93.84421642254379
106.9943938780466 103.4323492587872 55.46266092022537
25.52424580076777 135.0058026884892 88.94092458709241
197.9439665229919 18.17677177603039 149.9182829253242
46.02834559986992 74.4750788288241 9.105298434619069
94.85294999563949 16.8042460115363 48.72281893719717
133.6198355134591 100.5101368745757 189.9900370506792
26.28141079362933 179.1661089410383 188.2874046208158
198.3028898439387 132.6780479934176 138.0532367192193
94.12385090694933 10.11701908405901 167.2029014266951
0.6833909066103495 148.2750442809683 124.5344292334266
97.2617960685334 158.2363801444881 63.86175851416688
48.06522858418659 199.7951764103725 52.16965514246379
17.35104179487509 28.41391416654653 198.8059167771708
19.37390292765753 39.21880303176572 120.553981318099
138.2834108011935 100.8430892646619 58.50833105452935
118.3050793042226 166.6347043534902 147.4106988728652
60.50511199436198 32.06069666476429 110.2985905272624
184.5064502258824 50.86665010457419 127.1268313449885
39.93783180114415 191.0067809502994 87.49664383750789
193.3601530437716 124.0715269034032 77.69907052917658
8.884921806187295 25.81524374677289 135.9088227608708
76.19015134281976 16.50384138711568 53.81452282715164
161.5391903594157 58.12328459971957 186.3463597194554
180.5725123356939 176.8761027423409 7.974722414161497
92.5709615810438 160.0619226715978 84.09715088038635
48.18192131045861 16.84757143033811 61.30846368883137
175.9610104283873 102.0194011698936 172.8911207342333
144.1926336423812 74.91882652376867 106.7434394396768
139.1204532487646 148.5282949875348 26.7052194233884
133.0161811752302 154.0257356933745 4.54052270434364
114.4027899662187 187.3479112402593 183.5483862998288
192.1997381963283 195.5402261612382 115.015307567635
82.06336359706313 88.10352824883235 75.49594542783313
72.89389201560941 66.53916568431457 162.4273635757205
188.992266445033 182.0382923578058 167.8986604073891
176.4344746654587 107.6334220962071 45.7435715814758
170.4483773400385 131.1988677991764 116.4815454959601
13.48615954685964 99.56153705080509 182.0480191433017
188.1629533955766 83.81134149062521 142.7090503184377
154.3085781203244 97.4515355958454 42.97839475383462
147.0661465193175 59.18339095839397 56.78871588870273
70.32842906027409 98.3548528792016 111.5261623770231
165.1396881575597 64.04888439784008 23.96991036867189
31.88467785074267 199.0015987834105 183.4450974087092
38.60068078448124 126.5357546247353 17.84183314495374
152.2421803017531 8.878482393986598 6.826673972660085
164.4930733656248 42.84747488597274 157.2817153309024
31.57460309305111 41.13975942710726 195.6340496030968
44.33991148181752 114.4010968158245 199.6952833545103
52.07364575448963 55.46634098926125 6.239649391135306
155.8508217065849 56.01184188217037 91.60014081978645
110.4474385931467 168.7211556631509 73.3762707278654
141.6261338503161 161.1308697284955 49.67500862151686
30.28119517653828 87.11129510739293 102.7930872361876
126.3404642026565 144.8767171810593 46.2636693016446
113.0062472530214 6.39313642940611 196.5957218162755
120.4532665262521 84.50795841519903 182.113187328099
12.97474757286932 192.1343684093945 193.6794683965938
74.80641937908206 173.7630970378612 86.58252569770136
58.35403005695065 136.5144849083056 91.74838430700393
52.06264751902284 140.7466520708302 29.08070714027186
144.954708977304 190.6995823066127 152.008168947207
35.34816216881956 166.0566993736597 102.3411218088818
196.2314249650931 112.5752284913157 55.39485424532292
141.1325158206825 160.28955889315 121.2138004358811
177.1317778811707 83.6140877701763 14.4607385513231
6.295504090167027 115.0822836365646 93.8652094485996
55.49089830070821 163.3685704300692 0.4257055414027687
85.87249239198563 121.9069807074307 120.2908795641419
144.5114699158732 113.9780785897503 181.370055039418
95.64670435818957 58.81559388694499 199.0717187145159
2.943937957815307 169.6273920294741 37.07632880089045
109.241239551204 146.2648151458864 77.6769608565766
50.88794391176201 85.67507857280712 88.96521483780869
39.81237203848309 147.4036637325149 84.88397245881545
16.58444906539922 131.4865764866962 17.33179525019871
168.8008649636024 146.6200013760416 37.7233574295189
13.27276965342623 190.6233974099526 40.35619365119206
75.80038830180487 27.78127547089403 14.26254909851387
80.33315948445016 30.74515171223007 87.37148094173203
136.8355257879247 95.4202789973758 171.0664687517685
101.0895382078695 118.4408703395445 101.2930828045681
88.69272098564329 111.2471392481608 187.5206259021156
45.45966559399441 78.14877789970278 186.6479705206111
34.8225554390911 8.136391985781374 106.2810446866389
48.8831819326988 140.2901176322961 179.600807562015
10.11245678652587 136.149854294105 39.79478139451838
123.0212177497647 114.2749152237254 104.6297774565508
111.1735095663501 67.79337179461585 78.43398841600347
140.0356811963063 112.8236145547092 3.463419137989563
81.61752436807484 99.98629298486564 11.4030398526364
0.9781395715182095 95.99987504141323 0.4965132186128896
1.594217937639572 45.17889232852878 144.9298637585021
114.8591539122572 42.41590777699911 161.2704602319786
92.61299629065616 187.7834538435944 33.96861009724584
134.6753856917294 39.12214608044119 36.03781061932778
72.37486654936707 170.0133930607318 108.707491278339
9.1805829525523 94.49487415684101 82.12433255174219
142.2913558715815 134.1803903550745 191.1894059251107
135.3967490237343 9.974831354390332 168.680261877284
73.25344888458918 29.19934450577865 191.8797939288501
197.8638617093363 20.73187877893966 169.0959124203595
132.560919243215 127.3250570005048 33.507232032974
5.84329170891915 3.668667577346554 139.0331392871969
26.8425710816106 137.2806267464467 141.0983418668544
149.0110871328158 192.8099502000823 174.1119365980166
61.58392846857456 31.41451906879998 149.3191516184234
142.2702476512756 198.4653748958249 33.24356323493459
107.1680968615195 133.3149099189911 136.6021552404541
128.9568526440231 101.0648158636249 87.24531200905699
66.36000877577619 197.4909371136103 60.98135480608996
71.40749104125631 179.8874925874428 27.94775558093775
152.5044757635561 152.5893964790635 166.3345285378389
93.27635628727083 38.37979073421565 23.84105260338852
148.5532726331905 168.5481604411106 15.23250180395702
191.1938708086033 1.099871445563097 156.0118970044917
108.2195773242131 132.1140479545741 41.99341141203327
156.5924979241969 131.5322298360758 173.9282187620929
159.1902310564622 30.01321279823524 139.4871893726118
83.71112248385086 99.99921964015942 164.6549146030682
164.6017765519406 41.06358966461918 106.072785083794
42.17043164915579 153.3402613547796 124.8009729150923
153.296130999831 167.1626436851123 103.4855542204601
26.93475769493052 128.6013748748733 197.4816318039612
138.7231224253233 172.6812694912688 139.9253903146694
150.781391038196 0.4307447958222331 132.4930761211315
66.77670046253105 182.9625660174889 140.0345847455049
20.15438186452947 59.26074743821853 175.6246139792925
158.951662834043 173.5711883533578 125.1588651372665
175.5900959476742 145.9700826060371 99.98690528447422
175.5440169094335 86.95296643684476 36.74281935103081
94.3289297831132 33.41517976407664 163.9120199694228
12.92689191786714 158.7881018455435 104.093144082462
64.46216615948552 156.8555296788369 125.2526917620529
35.51706241152146 162.249216324044 189.9723638028929
8.978369619422629 152.0444751344853 23.80849194749102
57.84635455630236 32.57143048534663 86.66862928393472
77.875984858332 18.82563039807954 158.8197399896257
59.37017773193442 167.6359916799566 58.66476888077185
77.32929332598223 63.91561603594263 93.44894562109582
195.5315756481348 16.45122239174096 191.1349622467003
53.40421997034723 39.7897760435606 190.0544566620942
15.09060494601809 69.84621636137095 76.07913449493319
139.7491344891646 184.5986297800222 120.7835611123332
19.95764990808351 149.5627261442148 123.4566070231919
149.1646374973839 90.21164519696732 90.9038759912643
145.5282458070269 30.64783800990987 112.1714523598535
99.01012814731389 90.33334822850966 178.1455774826807
174.9844369359414 30.74783279277532 123.3785663564756
102.9897753597758 163.2639851067402 115.7651558974483
140.1475207229052 171.0627403350294 162.3938863891954
104.6847255234211 196.6351148917171 17.07458716622174
34.03473921268532 131.0298114858686 165.3439758991617
184.5801987234615 128.6832204002577 40.69239194576733
73.88549335641882 87.52246570027381 28.55984073332603
22.46233711758478 59.90407013215943 107.1004264680882
182.8733897024813 65.90443087099375 179.3484033752141
76.1287335827503 10.41822529163063 179.6942351053899
14.63736168615513 61.53072808088042 53.06638159258939
106.1132585867227 17.22909462519861 153.4898928682916
35.81909888450461 98.55006446959419 186.0708947225119
118.8391168784331 120.1442824744389 198.7841764588373
132.4647474845912 94.13016094853589 108.4368286906761
112.1239975175671 162.3163913697476 95.14588375102581
119.6018905935839 166.0205950609659 50.38846748010272
95.74407964644766 14.57519930458009 133.6173159777212
155.3955226461197 92.93220827092082 183.668970372504
126.5811253777675 9.712724455291811 147.6543636115081
195.0142537667481 194.4717928837331 8.32344732756852
119.4389654193279 88.63646662979508 56.19145082295136
13.70469271004539 39.24140957343286 49.63130442643131
157.4542763138075 116.9702760704476 53.86918860554378
45.51341103727996 182.478029088344 190.5664971990144
189.8267435844388 99.48916746786239 24.27618118239448
131.660944564513 97.40245479306074 36.19784513000702
193.5516633118127 100.641787839511 124.1269630325286
178.7023002040984 168.8243513672608 135.0008454813704
11.05703367274566 76.6838833574873 97.20879463224928
166.5718588449054 63.18118526439341 110.1243265845776
181.9856237820848 31.42916783539325 181.0526056821553
25.56357575714745 138.3646124034584 69.88748447384488
6.393750848502316 35.07792177263821 184.3198427110797
164.9847515191906 13.95082542179825 53.13225688893888
123.4350977019337 148.8955026646301 134.4303108545463
37.11426772191806 72.68846543299 26.18349494482521
19.26076574702119 173.9457812430418 88.61366761052204
146.9400543092412 72.88980158879492 176.3122297703698
51.96995169335714 68.11791901398114 127.5223143775058
120.5513841658838 42.2474812663763 79.81644875297488
47.08281711832247 22.95433290207649 3.69589585238362
130.3023020872796 56.13554939685221 152.1728888244366
129.2740246143051 70.35148838401048 65.04671834897017
6.36114568115303 44.64551744862926 102.9272027960352
89.68581073944218 93.19656825215732 141.9937786336174
24.52152079490819 116.9034918701474 32.62305001689852
177.5689767835057 140.1996445949027 77.6414074376094
76.21934747199276 192.3361059737308 193.2039605979523
172.8337066939951 93.1325237452654 129.0117774989096
143.521677980754 46.05420718577116 136.9053250514281
95.61697744850632 22.23318107711478 183.4769437199229
2.433787440605224 37.2531284304668 7.388532438668943
191.348071519826 15.17704752692486 126.112877944038
55.28412315819158 164.0724445095796 144.5699968172188
55.72798346134178 113.3771506047222 142.9159802236933
127.9310421038807 3.072977015168253 126.1235343181997
5.475391759717683 178.6195426627451 58.02826032799336
17.83348861971353 23.50480649092836 103.9630835439288
50.27501457204813 32.86743081045387 168.7994682476856
105.4310421153552 68.24331352070193 177.7224092649018
126.6055039127183 195.3222412679576 64.58544736229528
195.8488933445689 142.3878488426818 90.70053280798099
177.9648380158659 124.5637750279554 175.9655638828502
20.33935159814772 107.5004127608865 2.035331822500943
36.94185620893648 68.38544428943486 161.7186183797375
177.3235445170389 49.8387211828707 36.58384221973653
85.48488664225836 177.9036051261516 151.605933722274
61.36731944313427 70.55083735075554 20.22435179256102
122.3215245012088 111.1053149033582 178.3966600889977
39.85985630027899 169.5462675058733 80.50190672985957
90.11328158155813 171.7142200995519 18.31559637411181
5.585702804764198 131.3562593545477 155.9286602545625
194.8424253267157 7.682751788055691 83.15537435766306
69.52955091141276 43.083847548142 128.4662124367765
134.8560996894978 177.8047768844216 183.2752035704654
61.90693507362355 192.5545919360553 82.55189582761341
129.2033799877517 198.2076813319388 10.90544671630454
60.17422859070674 120.8363877806982 14.43795128202901
30.00118799693074 159.6711406589991 142.7858063071599
40.72603038607175 123.1614604657221 87.22842226691195
49.34775991968617 92.77000780102497 3.757936841622093
93.38906122959412 198.9645864076894 149.7495783461657
169.3994569971108 171.460529183599 26.82467287668614
31.65531359823446 57.2663409858954 67.2681643442162
145.8087200818009 133.1877978603393 154.1683552699842
198.811048601142 178.3291862037431 80.12390612362323
102.3305186756109 49.98363522218591 144.0876613229892
52.4523748665066 174.8146090250383 118.7163398343817
13.78775270503116 195.0230076790313 82.67367030087715
90.14223576805814 11.33451079385923 93.41262339275708
189.2904886426969 34.89809148681977 71.77851229970543
167.5939722876255 148.0478693691904 150.1739486432617
60.50567791802805 98.91858962752691 44.86066811965652
49.19724129511052 105.8408040328525 98.96384209172794
166.3024723384179 26.64130354177431 15.71849232580705
90.45651299784411 196.172818980087 54.81218291260065
17.95713797250849 65.83264700560493 16.41179452862808
160.2042710815932 120.1209726620685 10.49624056972458
170.0767784869737 156.995258378242 5.956419961238856
191.7623246802362 83.61379823387971 106.6522075517088
153.5373097777028 92.85173191027707 140.7186736057682
64.61627171322552 128.5554325528023 190.7476631713582
156.8091293743272 85.02452902369714 24.30213347425982
122.5674307686387 32.95755766014254 142.2807551626895
196.9890860393814 59.15583744836034 11.38767999102919
185.5261086001338 14.51211207375055 62.84942997205416
73.94168363661102 137.7382334548285 24.41759335317031
6.65229506494301 117.2852926825312 116.3262596627896
148.8385201956149 138.5043405793552 44.44108448643131
95.26719994790788 145.0974550685719 23.67446852865606
149.3367275048484 29.21205956422003 166.9691222216891
15.26781720024216 76.45573847840447 36.14505090241955
44.31756762215041 89.15322914849271 166.973554410176
60.21576109243894 54.60198273030018 111.4347489578017
56.25419053046299 10.10828585869396 144.1114706243536
95.97887253571646 184.1442668421953 0.4110468623160994
109.444818177239 199.7344922864448 91.88467000224564
132.6916242131414 132.5740653936016 11.55480456446237
117.0706219988529 38.0528681762588 101.7201873849916
113.444224179902 28.94017114837385 195.5885602200009
168.5761180836671 104.3293011495324 68.90234200676443
66.91433347837678 136.4973708779104 115.8179167773881
121.1927167892924 172.1582216531785 125.7164618836518
75.87141250791248 156.9718061605272 150.5056780925458
194.1798493300776 139.5218170987565 180.7422616687962
74.3642648713969 106.5457470127735 132.1685331819473
191.1688803192382 80.89416258257017 82.41059097187576
67.88080899753737 47.57911610419805 23.32193630878401
148.0605082582197 108.2939483452763 77.43916862890228
59.37377973431713 155.0962637177982 166.176624561168
110.5305293658452 46.13268027177105 10.34550313221566
69.16356260425026 189.9877356038382 118.7171626462401
78.03197009830505 156.1118882053 63.99585997023647
33.57877493841909 65.39301174634214 88.23821026305204
45.97456706090988 131.813963198655 130.4251895290642
101.7276801175414 153.6727963399277 43.59430086854486
57.80788425688566 11.70649654249397 166.5729227725425
137.4415860585441 131.5609239313149 102.9761248373744
163.4349045480629 125.0734843372666 33.66879734655619
129.8825601523149 176.3677683769113 5.245253728521066
138.8637445901571 82.58182902517915 195.0291778205935
173.2630082974428 188.3572236532364 182.8032915686715
76.08437267252583 75.46055934957535 138.8440086399367
32.41710236769468 3.320375023898953 70.13865764858831
93.52261256265746 120.223270457591 162.5312411201292
179.2926192897108 67.76271535598994 50.21833815399224
8.978054674524444 17.39112097291871 46.51565228157167
1.714599657798652 81.45012349925516 17.73738698338676
117.1630319384016 163.610853781714 191.64525393976
83.414540877951 167.190584345667 131.8465779657027
186.6215150552825 68.91758287017477 28.90071409510621
133.0390528083705 115.2023872850542 158.9587928122422
180.093931731257 22.85957104880657 144.1075466963851
168.8159385266747 188.6639998015016 139.2594634258035
121.3787094956738 80.87601137611519 93.91392701119726
194.6186621033194 51.21119459092754 51.02248486810159
190.5463775151403 49.05382244713356 192.258453722913
133.2417986027041 199.6444298587769 188.744339268616
167.8748660119396 104.6828065684864 25.06714135015762
83.74908684993959 151.5002018471867 114.8211542252943
191.546258079189 157.6698735112253 74.65579085849183
25.85797992776492 181.9040980084418 142.6141934436139
131.3237507336858 150.965046486738 157.1298265841276
73.74092415793841 49.43719519207156 76.5083312685933
169.09315791301 17.64206853773531 194.6311743265045
116.7350389770213 13.30318704359154 75.38540380348576
93.62129354386387 48.90796795801835 89.11009132622881
59.39651575697991 142.3952157303703 7.797410533989021
150.9799946774965 44.06044376083193 73.08185082938836
83.38320828833162 195.9111338341868 76.47022275234131
67.53583620542017 118.639207208794 102.0272546799748
17.8480370612574 61.00058232641479 152.2119777010737
87.82678982084794 101.0118579839486 43.96156049427326
8.025049768480319 89.44839383043956 162.6216128166089
169.3132217055248 85.49118814641919 108.0665396790331
84.38860177174334 133.6234180898316 101.0553604471964
121.7422655611506 28.71840704395352 19.31881270649482
72.11362547408135 197.0739451948631 157.0481156157356
47.52539818281486 114.2155656564234 34.51660753740686
43.35556093007134 47.62504810956094 98.14782454584447
38.90932850854859 51.33132603617755 119.9647514551337
117.527214577086 131.6825569659861 62.552344160324
12.86111499323743 135.0061474718019 103.5683105632245
40.57404502073822 154.6813847902865 63.53119576248868
194.7181818918097 161.0251701019374 173.8272832322828
140.2145947447302 59.92596056168406 193.5224731514841
144.1498294616596 30.63378944034913 17.39200425933056
23.05803665733317 101.0185613616329 149.8814988681262
37.53977765198322 190.9634041155598 125.4136471867609
41.07463005465035 110.3105738358387 159.8086359103103
128.6334973048901 127.6113186585254 140.6258791493834
5.743763413086293 180.1334171327329 105.5985214789478
91.00959693030848 123.0671017376048 26.12839771446211
23.67714937097982 103.652573236815 67.41778322466701
110.1810622437617 54.39528925143809 115.7177301950482
166.6329222053596 134.3430107998612 194.190034638567
35.97122650009117 104.1179383598547 17.96289545553218
111.6983239070219 8.788472387858878 53.85089629706706
128.9135033888037 75.86098349292463 163.056926881757
25.29722864591257 181.9809254791792 68.28889081824413
194.3502989825665 165.1230118922973 151.3900813133003
39.34889632857561 26.91739202810448 149.9658811487222
41.42427491614783 93.33687176309869 56.79684869160826
179.8084691627641 9.419160520340775 176.5466102238487
62.73083902541191 11.60611232575875 119.5798043427547
73.99536533910519 152.5548979852221 94.49292333212912
5.750387244869935 54.53307193889287 31.66960117008112
14.68561984845113 189.0013516250666 124.330502367102
111.3598113012308 31.04584176836447 62.50974563967234
74.99604665697477 66.5770855735629 37.77287175371251
17.53780865598895 115.3440238944832 166.4281492025456
184.6221658396443 56.98086163445917 70.88694113342842
173.1678578804947 115.0861204510123 134.5688268248173
108.2876154433408 171.700814800638 31.70133646503762
122.4869020310969 188.195449635574 142.2017125299899
93.16989702596113 79.96131015990588 37.52786428181201
168.2765280231855 125.9403010791504 155.4431155969706
67.36607104388828 75.99265364335103 112.32795966808
108.4114656880265 64.58621646366502 23.16976410551874
52.88767652104812 111.5197787522009 179.004283908065
29.75230617601232 143.3465870104264 31.31139782995041
140.4380086233292 80.4324964112335 48.21738786451021
81.59190950621908 166.9656393596373 197.6915532307279
106.8966116836435 127.5663900092238 179.1655680614581
166.848895454602 185.9328256518286 60.93648677232541
153.0652696691747 49.95184100468466 9.854629756307574
67.05057239811723 95.14102728728388 150.2220189787479
28.44464672650438 29.98895054298307 15.00800377538921
1.108938490728572 64.1030806253964 113.0910390497885
160.3597851968973 76.86631801098096 198.8681225061339
29.74698622834264 4.17123860297236 47.74153909898546
95.55008431533409 141.142895778639 154.3004728376561
48.88690785514839 34.27761124816338 130.8782077023772
26.19154019945484 188.9388377287956 164.0591436779045
80.30543140797062 162.3583717982512 171.9720981947409
127.8722990458755 196.5158767152414 104.5162104738984
32.61766121392903 64.56263394217839 199.2964240328818
14.51483372495105 102.49016474558 46.82196301102155
140.4489284484678 137.9561806334182 124.4130151483147
19.90213810126523 160.198918239584 70.72235720934732
127.1926860339788 60.74713964843346 102.3110969548027
103.0698874106233 69.38607318555987 100.4143563794944
179.5703607577637 81.75690349669625 163.6233735821548
47.95296911717353 191.5288473880199 169.4646002196814
186.3420487033582 37.79170415679624 159.8388794278569
37.77907422538378 20.7888663616018 183.2024380151233
31.42107627911481 107.4846111475335 112.7764846387633
33.46798821055749 153.2301400126513 169.3825198148388
60.97033278147284 118.5016478593879 78.39997939683094
99.58854488312674 162.5411465971847 160.241112888495
143.8416662965146 73.25555266377729 146.3283632640665
12.88784855061007 77.62740349868996 194.6665666354028
54.24690657846057 154.0788786408983 105.3171410896497
156.2730073762095 43.64791258280867 31.2896011931834
117.7607757665532 61.35546868433475 195.3297707118124
67.84282996751702 150.5049873536608 186.5894073727172
108.9316349275919 67.69757713811946 55.63252033136462
160.1119834444247 178.4732248219426 198.5778673637552
115.8004335264531 109.6862648520931 145.4721426377187
30.84181377843067 27.35375188270867 37.29693780272418
81.46937185806489 144.3090284099663 3.483604400525238
125.8467824152248 56.8017378716867 174.7539954261645
19.86858592356979 9.825910596262261 28.24982950424442
54.23029127580147 53.87469145889595 161.5511150957957
86.16179624590661 63.63821857297489 114.2188969306272
84.88905510943816 46.64558118688285 183.3984853466211
165.2540649092389 18.52409267837291 107.0880270430977
27.44245165212383 12.09442667768577 1.286877965777586
145.1792519416199 110.6105796811845 99.70615364194819
79.21398797748931 43.83241815182404 105.7279011464646
176.9164936669855 166.4119842265236 186.6166717465095
22.57679084122272 122.1269136033767 54.49586596519933
139.0740270788361 69.7678695792776 85.37165411600118
173.8410567071131 43.7449487134627 85.65395947551762
28.08033199180262 4.360829390634244 143.1078551845547
127.9653234674711 41.60778059231584 121.1663621171903
75.06590865189514 122.7727374953794 149.7901151167964
131.0837573657009 41.27905511785612 2.377247329951491
159.1330983504649 127.6737930997775 74.07659028873242
139.2004045340868 21.74952021091979 131.9265244929698
145.2663123446953 63.06952767127192 34.62696436481204
171.6225083736229 197.1733410383454 3.80277083951481
37.32674204980706 147.0682997860359 8.553266019102608
121.5696425443293 189.9087622380909 30.4589784957255
130.615352150566 169.2522512086475 29.4737262148001
98.41271550462062 171.5055176209029 181.8685261058773
89.56272218383678 175.8277336258488 68.22674268549277
64.62496685907035 57.30505456443088 181.2911813732839
25.27156506547182 81.23859562725414 176.1438839319561
101.2410313420052 87.85107177653127 17.98067472911462
86.58062238803244 4.211135087372076 115.7819341170709
94.09458846474556 115.2776592237017 140.2391721233548
18.79833511178894 159.4223737947686 4.871196612587367
146.2528327397134 111.1213352235755 25.78838353418875
161.826474943657 66.19203117613849 72.36105642795857
119.0609349817908 97.87432393161698 2.456331334493793
185.9763750021866 147.5586730666367 137.0845985015778
60.54205918095206 145.5370535308947 54.22072881354635
82.49514621497754 117.720417968367 85.1495328470414
21.39649844560937 170.8903418000389 24.13829242105347
42.07967439574079 56.73651593675647 180.3569256062175
157.7823910791193 146.9484660772097 86.15160134968517
132.6096522596394 95.00150792622436 148.8977538808856
13.23425081619622 82.26779437330325 141.8662056004837
122.4537372112462 77.15720142011783 10.74932713053154
109.2725039308496 115.8473535277039 122.4620033581494
76.84042093200961 178.8728076217584 49.83237578676143
197.9804890321383 60.33563392785265 88.76953795356621
129.2381369152408 54.58339967414921 20.51769670681147
44.21688327671457 103.4627298748584 76.7757017148657
64.15725227517737 140.3357252395052 140.7331047977661
85.70517458498065 139.8130989108367 134.0323871335421
170.8001962735768 108.9015164136686 112.9902998803104
184.5513325767801 14.32534216736384 10.7411332476065
34.80001048065225 112.6288806470035 134.4929838579035
120.245607485588 75.95788927489529 142.2160203628327
82.29758146085443 194.7430097202178 14.90161382315131
154.598181387858 109.1354923779292 161.7666365893375
193.6873255177243 16.89672379885319 103.7285678438438
13.39222513516058 7.088727005852153 160.0284025359481
199.3978564180597 65.59081853115704 135.5486341984058
64.55983001949326 127.0328058684315 41.93508299189109
43.86262398808203 157.7783127204497 41.41623878323663
91.9296988664084 44.32093060694776 124.3708114219111
3.948244245114962 156.2721156870419 55.24534735776359
14.58359775506802 34.49691167089706 84.51848568237079
72.90761045535241 110.047474622512 29.63478291243653
84.44550883646838 139.5620094593502 79.27894934810236
152.5529079961692 96.47036044687091 118.4605546148846
34.29098722024734 74.33053426285882 140.1057824599279
107.6841465176584 19.78699578638783 34.55312494198019
169.104581863734 85.547354604593 81.41020147125529
163.6957848870466 55.91437020500801 134.2626817358131
41.41639928012641 132.0222571765238 46.97004568933993
132.1991205171753 16.53138592723842 59.25914657505064
154.8195275113488 152.8018153510121 188.7862976621237
49.13118592972281 11.15372070298402 83.12963087554223
102.6949373952466 18.6628539583487 12.56841293504132
175.1397160048564 164.8376417476902 163.2373223199536
80.16421517355457 54.13834945335797 145.0248267673053
41.62927520826299 13.26962083859799 23.34147224238877
20.44174374090451 59.77178696557537 129.8233594797807
110.0364864617075 95.78414479525362 106.5071359743703
95.58202015899059 57.7058859736299 40.41946983387871
145.8174837343083 8.080302876619514 111.8454208307563
102.8227638856045 28.83114113541422 84.37693460625279
0.1297029625192102 199.5951884450565 176.6848404434495
186.9309040107164 93.1171531931431 62.05589434276128
175.7258492458129 92.49262655795143 193.4654222745731
197.8416144220552 69.92870456415693 157.6449835142228
165.5922190458004 64.04943759079815 164.9469101742612
47.64115716401555 133.8499151730232 68.5893892685433
195.0357469126913 184.3929926566757 134.4365129908011
132.2597180792253 62.96541544031638 127.0736485998578
65.61762869159706 174.7743865157207 183.7872275861802
70.12635902854852 14.39761313864503 75.45427210826833
40.93607179992209 172.3145355003259 159.9220249186137
197.3016854468357 88.53125402932821 42.53917332859911
85.67610970322076 133.4067674520057 184.1722148614913
80.97229083451768 144.8646417501563 44.64794192792702
12.61300186863072 36.55178914766061 162.6399369037919
172.7110180135558 99.32264251411586 150.7178820270096
92.78043732138335 55.93232089993477 163.6553783110125
100.9295688145243 111.5098830079227 9.469696216335855
95.49640394992255 199.6685829260905 184.0328171165826
23.73217263214987 41.44934820268445 142.5884320407657
90.07737959082986 181.9139599760227 116.0886668423435
165.8753202001886 184.1307723364714 87.85406694433013
115.6116305385589 94.96332713701544 128.3641627872428
156.2079703180782 28.75486001724795 89.11622719250499
63.41621507880279 33.13234522316912 64.80200128307979
151.7192641556916 118.9971192988346 119.615419402698
16.73697925810937 79.25918090556328 119.0529674512107
122.7376583133392 182.2762027145043 86.59364870006631
191.9970793001798 136.2792812388743 112.0859360608047
55.28895200843348 72.83215086245816 149.3453380241205
78.16181821512765 192.8159585353538 98.21058103552656
15.15144810780298 162.0927085805253 159.6130241102697
191.2408802212813 150.1184459911334 37.63451627413432
193.4901642755775 112.5989579618411 187.1590613517481
156.1045814368892 75.46079242801882 125.9082637454352
192.3826759845919 163.9741667271522 96.3132114775582
23.60564248258895 171.5489840592236 46.59205911923891
111.6023214626246 129.8567574937227 19.79094807449695
87.12067865837648 84.52312192081303 105.5107671802558
15.98246687644308 191.2486951123776 16.03233358340433
152.3691497140499 143.3726854855685 9.173182665370375
178.5342479796285 31.74494717957111 50.05784435987696
147.2185620554255 151.5477170054062 141.1141715976367
159.7794411181372 169.2527188534653 147.2982745326591
165.9083752736742 152.1552365933739 126.7233961660605
185.4806283303585 157.3771129646763 116.766202163368
180.8119455536229 57.4514518802937 149.5966719820473
132.4865731578904 18.75200208185925 2.151468972433479
131.7766723035802 173.5905843501826 67.82285425794517
127.1528938762842 34.58187237265822 178.5035527159477
139.8287162307136 128.2040370125735 62.39132275582708
171.5514451761204 2.326633322819399 75.72210908593685
172.6213721664433 137.6788804715777 17.35317007735356
67.37433340718937 70.99622013734898 74.46875407325327
131.5943710192611 151.0247655723766 67.33692986909961
34.48070251919916 71.29803264420845 48.55800506930336
75.65476229438508 83.89696613264033 52.23230703766762
174.6521567785709 174.0151947259243 106.0235468097545
31.63111701953688 91.99915316550759 36.504274248235
176.10850970827 65.80982466170983 89.83568020161847
1.927029650976603 115.9807673416941 33.82056400056351
50.77555166963598 56.88610766338061 34.73560218189329
165.7006460806178 105.5714698495514 91.25575972212231
73.38634248295907 118.4430261780443 172.5733658429955
19.55470286772949 10.97836572891172 122.6609445268031
42.79974804435721 53.51835259901544 142.0909311208914
34.68349033074707 47.23106931756648 47.27793070070598
197.2441937790279 134.9364427441435 58.29936329727281
129.9771021713505 17.0580582594372 36.80327643110725
71.10053107846771 159.7143657244876 16.31506828056642
85.91212818344189 123.1150166549022 48.11704825287069
9.89119711064005 30.06915903243066 27.86299910464782
118.0628840855461 110.3016232751793 69.76717403488657
61.16688079422371 91.62208425901549 67.72132641213284
103.3780192661452 184.4615897484618 164.0647765031123
147.4894352816075 83.38193339926214 69.45556641940327
102.9195663849638 124.6103058210619 78.45202703012549
28.91392100522387 84.68280038951896 8.909898804702665
86.66786150008593 59.57448841272839 19.76684891404527
167.5696368474234 29.15197543408011 69.61647003001791
26.69729309348849 23.41747212377378 59.13304628259231
126.0555946292837 19.3428176740363 110.5909501902417
84.1672524734537 32.1691622573194 141.7362352955827
6.461966683776908 20.57074770366009 68.72024872051966
53.77159241987731 3.393173823922954 187.7639598062155
55.76477775395965 184.1775671317972 43.73624359613523
190.6047703576685 76.11764172115146 197.9333305970621
130.9318351109162 133.7216377689469 171.6898822522909
118.0487758727364 76.38291592362542 115.7819165208849
74.13094189849467 52.78662720950609 2.267244440066315
134.282126705094 155.590986767904 179.312213390609
184.0391624986902 171.5539417778817 58.24788333596447
163.9514115975491 164.1278877385234 51.11900513189784
86.77467867041379 66.84984217306683 61.99072507825973
63.41874775379848 15.65783776482774 28.72635644574774
33.06714671739645 46.09711070717132 162.6068766010172
38.00839045904517 30.24234265775851 111.5170430355544
166.2756249723483 185.5255582063284 161.5278215773862
92.89004651455322 100.4541928393505 120.4239532999734
12.95574091162652 53.8810342320058 196.3302222145246
68.31010631923935 14.83735663764363 97.94851618953081
169.5007479932339 7.310202978066378 156.5770375068916
82.60281802569553 184.874842472721 172.8799002274
131.8304568018197 123.0173514691213 82.85129287733449
5.604422304630837 166.9764723214246 123.9386195193251
121.3445253561196 113.8444851943346 47.71810138088327
108.9396988615041 96.11004176933706 37.66051144829367
0.9699546888718933 102.2038398883211 145.3876217117313
45.07745944956164 145.2609515833212 151.741735370078
197.8555405336039 4.835226922058646 28.17410224808052
193.4723377181404 89.35299862914844 179.8753927628858
135.9392252489716 85.16366838141467 128.8575093829185
160.5114764557597 126.880639103966 96.59232954467909
7.096653376386511 15.38705840971415 10.48948092482941
97.09588344909118 86.66754075377706 58.71976863801267
190.9540283222692 187.7012307519366 43.32656236622334
44.71375887937203 93.77348598919704 144.8832431110048
51.70928960909927 55.28669665812493 78.62865761125764
34.69947525949127 51.11998595771058 19.9776224310487
98.35103417842488 79.38078677970826 126.3884667238915
113.3220964942095 6.813213498961296 172.1720760618514
181.6108621115087 73.00245698532984 123.793826334898
146.9520590130879 114.4360989669477 141.2014313995142
113.9545371131664 128.5381441519812 157.7476009214894
144.0398379724139 185.1540431652408 93.48009845376201
110.3982223682778 186.622188938394 49.79508538798547
147.4760737887794 39.58897107517394 186.952514922158
143.7915825982478 70.2439418428188 13.27670428985709
101.0962201660008 50.42245649292683 67.86601549365233
126.921310031516 57.52820180903221 46.55318303669728
95.73143782433837 181.8471661901184 89.08819141308467
167.6077477648964 49.88940203339376 57.85981814489659
72.75170124514895 109.6068392606406 60.5221695358686
10.00372057215411 177.7101260555051 175.0753056172512
177.5331113354466 12.40496031731533 34.43377706790042
75.6793809264442 139.5415630164291 164.887063386261
60.52929967611952 88.90692001719688 129.5316430667368
136.0098085204616 25.80345961568439 79.48251954868597
172.2485167466062 3.279965147323057 122.193670601438
148.6104321967634 13.5485665242816 150.7329252228017
41.55372451080294 13.0996650948518 127.2463577980428
179.9396384257617 149.3842528888861 57.15958088540854
188.7001496431689 116.4976033228579 157.8224159704038
131.1338564144515 111.0897634868982 125.4510861320911
110.3863455807557 182.3481605074781 106.2482591194981
110.1974029758999 90.32411784038965 76.73266102411549
46.20069056293603 71.42472231138845 105.9523548085462
16.03505976264452 134.3183791534621 178.5607653233169
47.33560090684377 126.2843141036596 108.5836184321584
63.11127115247522 176.8490137074566 161.451261767441
180.1068052298549 110.1031596295082 6.887876828629916
122.4841761872102 151.4940205354253 112.0287325782661
177.8939190827899 21.69235966762371 88.25114604938918
175.2675655757241 60.73669730611919 4.071707531612626
146.4687394554126 53.19755957512352 112.5072715476531
101.5867189274609 134.6360755179509 0.1355732949742529
189.1343812582617 192.3697193915179 65.33519348025798
101.9159292143112 155.2658398518809 136.8451041535614
157.616915220073 86.7685225194172 162.0689876586615
1.497361154633432 115.8367626062176 11.25331270391667
173.193554773765 146.6207799083852 176.4221093534944
59.73043907671178 154.6548445630234 77.12669769617622
46.47990153764096 189.9680085557103 146.995063835082
126.1200068849137 189.8436643861834 164.4181783473014
6.492812310682905 184.6410250323827 153.8828472198945
51.58274066377979 90.01320659050832 26.13735919292024
80.38262740512187 25.66450860539333 119.0713345945793
33.42871521526221 143.909166340077 106.2503838395304
137.9720059523093 152.7697200078168 95.26980858313016
63.76552550357834 8.213202158265183 7.420376159394353
49.55946815639184 34.3994981823355 22.9925885891694
177.5811265927496 123.6929192520022 61.56334808515536
137.5523496866643 93.44663790131214 14.77055792706513
76.1831290255009 3.526645557488746 135.8046201770559
102.4138533256097 178.4303237982193 136.5563301653938
157.2007285293795 171.9970775672554 177.1519360470873
193.4790346069246 181.3669487996148 190.0098455629963
6.063860567156679 49.94261158359937 70.43577258337672
65.61950527601577 106.9085023702847 197.0631477182523
35.51780813744792 9.492088623256498 163.7921990269047
186.6824208351252 103.0155187264347 82.34004430944827
165.3010036524818 112.2072464595881 189.98082213392
147.278197426859 189.5613750888766 71.58100516341955
68.68856256906633 100.1801884456094 89.08815179389407
55.87182237416014 76.84584892853098 43.96180643931826
54.69018228919082 52.20788994240855 56.46746822196432
134.7241046489815 182.4887344314765 47.28945125491357
104.4832044459637 79.50670685564772 197.2600985764225
83.56821580505998 69.42476890334979 183.2275825361559
74.05327743470909 43.33359871883812 163.8768756218984
187.9552789782821 130.2309981281751 0.3489699738672232
51.92331376470327 32.74305604160253 45.37909735690281
2.557651440716116 173.4836718062892 11.79945682413704
194.6328787920203 134.7814906360663 21.42479039530355
177.7649471387355 1.699495807791403 98.72761769938431
14.27938383448784 99.63630798807901 22.30651035197294
153.7888195929677 148.6261381255541 63.99939104109055
104.7325852583354 26.79579124473678 116.9036039347958
85.95853037378077 33.81624794293882 65.72873958120391
27.28756650460481 186.8666234668773 105.7261914322154
38.74521079485289 89.09482789751293 123.6236062823371
120.8677540710559 141.2480356104431 190.4396684285672
16.81738194656111 99.88591702002836 128.219108959698
61.52189334331969 183.7482905213603 8.026612844410106
86.63542983563104 13.98576426064136 28.62010969210805
66.04421941508041 160.5584906545113 38.2969541040837
146.8288079886927 51.88954057709593 168.0379992954617
163.5412850764433 195.5119916906158 40.19345143063092
34.45335325211285 192.6125318532263 28.93384177015377
199.0829931647621 52.23673687026557 171.6070427549349
54.61438114369893 197.7066420565496 103.282614931007
56.22044080063258 128.4342328786437 161.8500625799729
118.923379972342 169.1466299832534 169.8337579630901
132.4036023588281 39.0443361196785 60.87570719216007
148.1027671067908 17.04845286810181 185.943016768705
27.85068953840829 170.7067270693835 123.1172432216074
12.81900682920477 119.888706799436 137.8825932010691
197.6315028880901 73.24342242000736 62.18220720734255
14.90213553872565 156.452365512999 182.8374449913437
192.2005901442006 153.5250865117732 8.781793916326462
50.03311118843687 114.1792734386113 57.78056685934152
166.4458827003213 84.91814215040085 57.29927213941631
43.77242001036627 197.6662624360042 7.172869077181191
26.66339869673981 105.8630387835257 90.76139623955751
45.84666328269017 74.75041529576129 68.81640850517861
73.87920960436 198.9683893897862 39.75018466879236
159.1253051924106 132.7039532310582 135.9496468246709
47.28948862562453 186.6916162696487 66.38273701316736
159.0711736347439 189.9451167355055 109.6228810199817
16.07815054107498 14.9441973851969 181.1054905103421
96.28013617425641 72.17038085610604 148.372587233305
109.0616920296027 4.852401765251773 113.8652087182684
7.81918712282858 149.3501389515857 142.4855114954221
84.91529808162115 11.87022971754519 0.4347938918206466
96.40634723799907 139.2699114887471 60.1390015767366
17.93005172446409 83.27278471235397 58.15842931271925
113.0037357200042 147.3523306403582 170.1818286958222
130.1845897561487 171.5777623031929 105.0211659598696
76.18021557079862 32.08690847592267 37.48503789754757
93.45404973136081 106.4570150357278 68.94696327874502
148.9578384832144 167.0547299459717 80.92161444032372
154.4249018579795 17.4735651987539 32.58143334943396
54.57563274694574 176.2129100740099 96.28816200469008
115.2622418314044 95.86950504456348 163.3129194638659
121.2278276454693 77.19503578311749 36.81678009050764
41.62702085385281 37.10457573077337 69.15392967007323
96.73818341241706 35.86650352823224 46.00370737465817
116.7234690412059 151.3254432384608 26.88808617779619
154.6621161748307 145.1830897179971 108.4368239524477
169.4923475828899 162.1575709758135 72.93165784142708
157.4383053788767 189.1023679037649 19.39615407025405
124.4993572607255 111.3323439823534 19.76930664369628
182.3931710672474 121.5155895038299 97.96907310884907
182.1770589285359 42.68745676461487 15.73225069705127
7.894684378752332 140.6693394814055 198.6328166154322
30.08661439949924 86.20085290272804 80.21791907887018
64.20546569705684 72.58844043855743 197.9246281150501
35.8086807750555 28.35737666408304 89.13194569551153
101.5438809453807 137.6182246818926 115.1700438803097
52.4906789545409 108.2700932723312 121.1691356444762
26.05724534612025 128.0325999051458 120.5010642396565
156.275342919086 4.081654060326364 92.24615715286258
92.67830584076643 35.56307959862406 1.45370966111797
10.71800177421491 2.084037916185087 103.8916087459716
135.1082940009891 3.795225396594739 84.41303618810562
184.7818361055879 51.06114330954927 104.5575866581998
84.16364907362771 78.00054389868457 6.972600587469614
157.7959504570792 98.14138588578302 5.959251726028756
113.0479397244733 44.67101953538347 32.72874044218428
167.4819172162575 75.17828967342972 145.4006568814818
94.68725703042631 99.4561691671812 90.37015960172612
76.64474595826391 49.2471655112795 52.14098618454761
79.24912763059464 90.80242710435286 189.0436946409426
169.1397892544524 40.03081861189084 197.4988496039797
41.19609538188497 175.3203173552025 13.1653638797258
11.77104455656183 0.120433711196684 60.77771725312067
179.4030577667695 192.2368228498473 24.47211887180521
137.990268358563 42.52207198968043 94.51736879690847
105.3279827553508 191.7064851653224 71.19439516911314
95.21973477470081 13.42794744305045 68.56201921147287
151.5476852945906 11.72115986600626 71.13105842730673
100.310786517155 156.6512746009839 4.951274382418147
107.4259647853619 46.13117582815038 182.2569061012582
81.04714340212156 121.8719262316333 5.909378377218694
187.958237552936 145.0140126173743 159.4247865672964
9.913955480926022 97.02773888733962 106.9198648729305
