3 1024 8.062346038803616 0.6485129999999998 1.4 1 3 200 200 200
97.11050885797736 155.1609337700872 59.73654018730753
175.4467207832629 92.77893151487592 165.7214047852813
49.57514249738266 97.98256042432895 121.7410639893721
140.0749109376187 130.7468975777565 56.2182835240467
63.47315554473102 123.453588703242 193.7022794738834
40.667538191478 124.5204030007852 111.6513300439197
5.036869502059445 90.27678431114232 19.4820995036697
18.39045863663149 189.068447077669 62.11820201934822
165.0609093591051 30.76825441875897 172.9480281253109
34.14725932736069 99.44533949716264 160.3403839590657
1.961416188686626 19.49909852472991 101.0954023532695
70.30459483665531 38.13494278067547 94.07029833566428
131.9834521190698 192.2644387053481 44.93075308281312
184.9077274963068 38.69645674985942 115.0052185714124
181.457882228645 148.8645288043001 87.36021670187944
181.8508926903768 129.2574437152048 166.9252469853422
13.29649624523258 115.284466673142 140.5795090180169
57.26616859750537 178.2357319796056 106.8129437174606
105.5322449492969 178.2270255511434 199.2830433875201
39.28803568577548 194.0868034008293 12.67568335365777
178.2099485276819 71.2659651048656 33.48741437147755
123.7057006987638 176.5561207672753 127.2467891462692
156.1895347451455 130.9969986065928 55.70827535571534
76.79080192199672 72.38568030775168 147.3457696327955
81.78103879050833 16.07006819480626 51.68527595463125
42.14472112395001 19.27864025312936 146.4075318014357
98.82330308048138 96.51565153197342 152.1119584276904
176.4342476080152 73.01347434317992 177.1389494647896
121.0252838117805 174.4410395043768 2.037190091462961
100.6933353158273 159.4277987090652 86.93763697189087
167.4263250954284 61.45055383743825 40.37036101647094
57.20392678921454 115.0414760040677 164.7721994581768
198.4935441080918 7.236356383852843 76.0301225530467
11.3363974302015 180.6802762214643 136.0040168034263
62.98548631675894 194.4951429301355 38.22882385248306
63.32127314884052 74.74843475222546 91.67226798610044
114.3893798440959 130.9566487528727 165.0969654106109
53.07425736202899 104.3632697981134 47.64821885201791
0.1519125012389226 183.4892390946325 49.35511973982759
199.1394332128591 105.08116944719 172.8458621681795
50.4178130591389 156.7227739802298 106.1884413554551
125.5845736062269 107.3109213339153 8.596824571405639
7.761094555446075 118.7387561698864 104.4947033230822
111.1799453262445 83.81804148318852 91.29515251305924
94.21481502780442 66.14942824344483 133.1954904836454
93.5549013496798 127.3963617480708 45.75103228845853
71.87160586518391 32.35901699941498 119.2142764575145
2.904312016363988 186.4339551960698 119.2400832486377
189.34542232467 193.9386747863928 77.21201314822808
97.29481075312705 169.7202737088827 52.80853693995133
9.298456679863808 128.7034142966494 117.0985673148495
77.44523919786853 166.8292757383605 174.1481986853121
50.26112718841295 46.69780052224831 146.7307094724793
73.19327505002555 22.57481645259513 141.2998708310486
10.47925619028523 62.85620895529417 48.81399555679393
112.8371725452578 194.9013677525258 91.83294091447848
196.6928387555432 88.29979337468204 70.49619580852294
38.19579491205206 147.264162747977 129.6234640110682
190.7153942343494 129.6960290221857 153.4629660117725
163.6846759044084 176.4714177967639 88.07902427536759
19.66339334721929 175.6692849000265 180.592949144682
52.06241666214542 175.9646049871207 156.2402497459761
35.59020340289964 135.5895769952306 174.8095965948583
80.50378091098031 178.5049913042116 44.59594250298115
155.289443283254 148.0962895527315 41.73606766497952
25.64599638218341 92.57811612516781 39.1166081104983
114.1205003484218 29.92486503456359 179.5398722763452
18.41429667288524 164.8735293456955 33.25918338791766
63.50225259226595 115.9390301838847 43.49317866399576
59.59856597151352 15.67118672122136 19.69327379513459
48.2027664136442 36.18252425666579 77.4897751847404
35.87261338334406 42.01397870140584 86.09015802566432
127.8143781610976 105.3752732884661 153.6682097769267
87.9629879104947 158.9337924123223 74.07789592490842
41.45225047727745 65.79304307604272 180.8580739965641
8.868337950514951 164.9490801546846 128.1566853583037
108.3313054864452 156.2158972214448 142.8942999766229
17.62297388701542 171.1302385206214 94.42527814551842
60.26405872142617 1.78086771657387 123.3673652815474
176.9735332547259 172.020682440685 122.7516832153498
27.43613145881317 24.03989173751481 60.75435295463117
78.27145783826907 53.36737165207958 186.7159805426823
56.02419939792441 6.430130076738111 100.8664357426632
132.3526710565172 127.7684041099524 70.05663403227585
158.3369064533892 177.6143526974216 190.7338148165778
181.0635949625697 56.9320607176993 68.49999133249329
63.1400259480795 56.58508204054274 178.3073148882156
154.5204030191524 139.8281327083855 95.71594148848635
136.032179669867 91.43404379216737 41.1759487245198
21.50447352914322 163.9990179228639 52.05652354945776
126.7418509952926 112.8314268096715 72.38280079682839
88.55276162989759 92.67701283380144 43.6356184519315
163.8695607878415 111.409716294864 142.8070599913958
191.6624392797403 74.39301166897174 182.2578331801394
66.67942799742195 149.4199240728082 83.30758858831969
35.74347521761737 53.85522625620322 171.6437377277123
65.49112757299856 199.368342232088 64.47052061251513
192.4231602004755 52.93365365364385 114.096864761638
156.0806690777042 13.44739886925827 197.4582881257418
22.49567255655422 151.7224106285151 41.64941426815876
30.70545787214076 191.287880539163 31.57785754305356
59.30958663548223 100.8860044889084 134.2636932747859
145.8204666790701 30.99645913935399 37.63685639252848
41.22272409950084 52.04657050423514 189.2834578510833
196.1968867178513 37.50880125171145 43.88775605379154
69.31755079196772 105.1242213662324 18.74443109440164
18.79924074652935 11.81122622568741 129.8147490354242
16.98853537059004 98.28259913470374 26.76699924780319
82.68069673339868 86.50640365236183 120.1788405593751
68.74691261083613 16.51067471471405 125.7597726369154
14.91544420155476 149.0587337388436 159.2326627678696
157.7207387066453 108.3369642088465 14.17490911079832
4.701194745249025 173.3022240877972 34.21488686674955
63.0406911491741 193.2892541982798 107.038142361928
136.0842822927653 79.69323040952725 18.81200704864434
193.4971387490014 71.6771222252948 63.88611490510874
9.452694125238063 134.0202012087365 132.4170900635953
133.7440996393795 91.41552874461125 109.7238508502124
38.39079366711329 87.44410043377432 126.6254142480699
172.4991560093564 143.6938130548841 153.4694566039388
158.5641873863249 124.9787888783831 197.2672714109329
23.30397135054348 153.3751183218869 128.6775307166027
133.8270606209055 154.8133938609507 181.3455801783135
175.7910037515934 42.03562717185495 168.715202334376
150.0726328674337 48.20377190372503 27.68001716594553
187.3760038925147 51.3398834445736 141.9544467598516
101.1279547772543 181.0296865330223 154.9952804727559
102.3115968631019 98.61930961577964 49.58445561875082
187.2033971903299 137.7311757476485 34.57539823302547
98.73236859412381 10.5368790576117 135.8795916014832
163.3041400291741 110.909669907847 29.08167503738995
120.328490275669 54.12722684736524 150.3036868248211
199.2532307067402 54.39023769270917 94.34379141320207
175.9250609751477 144.0390137907851 169.4648399540606
4.547566194588987 89.14980355383769 35.72594842950648
181.6030884907993 68.31195877698877 53.53178045731388
172.8060208475936 183.5032263990015 112.2261625748769
41.55327017219692 95.22882408027905 40.69414172822903
17.07373843335675 84.02201268564089 104.1687395510505
38.62111795877301 157.4801954437436 117.1552069284397
131.1702277487917 28.03561524552229 83.12487274910784
80.1008521047367 167.7898091268726 87.64301247196811
159.9188542872195 179.5113801948773 50.91849238159659
88.96263416280588 143.4386084224744 52.23955684723242
63.03103975202981 183.2550414211551 169.3418987435606
198.8957129789588 115.801784039429 153.2722183628144
46.58961903854236 186.6033445982437 167.050866421202
9.697279170810321 79.42190979122608 136.9535194779774
103.7617245350573 25.84568083595629 136.4726674283929
180.2196775767817 119.6323581782137 146.4939879141314
109.9076534544176 104.3800585326932 178.0977802207977
37.65447267752011 162.4753518936201 134.9460461619406
91.47881317144359 37.56912464835502 139.7170701481235
53.76901706499817 24.67486199768175 42.22520441084598
119.9066782915485 129.3004861112155 180.1575741441138
116.5540798681692 7.439329052327595 1.841526710074689
26.34397315390354 120.8345423932619 73.02835048366909
153.7415950964601 192.749350931409 20.73416834135751
58.76990977703938 32.8195286757913 109.3593652081075
179.7371627954414 136.6356331830823 17.06612245975995
24.68054305371149 75.96992345320832 13.6856784747404
187.3308509444211 160.4681810979395 171.5653728011394
174.8780968581311 135.5038655214092 61.27770117820646
183.8232106717949 104.6772736680464 141.6602782191403
189.3913499252256 179.0246272193046 114.4958874923193
22.98026805875149 131.053853527289 165.8417609135526
72.58492006432517 155.3231411017432 184.3458209268751
94.12792365121392 25.73481682267976 91.69069023431859
179.1654086630365 4.104975681323597 69.93063532608615
144.7188429726824 4.1494183200247 13.76036808389165
194.1094459856128 20.00259288742292 183.5973971593519
51.14420437311073 191.985185827776 136.2213154758383
7.566999232936879 177.4596962399587 151.3475503500448
143.6592245035606 5.247054562045938 116.0093826251631
106.4281117825904 120.2439481792338 52.37926743955533
155.1663919583844 108.6744035311883 80.12863131947248
57.26709398332304 172.8623783186774 141.2973072636336
40.48399182441386 55.71176871044521 4.968676282751358
138.8259056976179 76.57005528913196 113.4377017947008
110.2307704252978 6.917223923820706 103.1823231061533
108.0887685040919 151.5764124939347 70.98973430687988
27.80949544190802 139.6055940988678 188.3498195930371
94.23702452549136 144.0845907747294 74.45488547474881
55.41956896259652 187.5791729713593 183.0820188590791
197.5303841672861 60.91153930457334 127.1457715249069
3.882671353863445 51.12220355366051 39.93686364706424
21.36268093304675 85.91993305678983 188.4412143245627
90.77175590721325 106.361401526168 6.566001364149951
135.4844076526445 145.1223921695245 45.17786231179144
108.644084726958 144.2538566918932 118.8306122320328
197.395437363807 108.0254953326519 9.356798432313875
41.29279733732849 147.9676370427352 185.4718993370605
3.614935506754009 196.5947370777364 15.54479043371354
126.206376075865 7.142140239279041 34.77268059288288
132.2232713016494 160.8971925817434 45.90319976140326
25.62526314379171 89.74103064293197 169.9947898860943
122.2644647789099 123.0247916215068 7.163053847477515
154.9023623485059 57.51764434338717 76.32308826443952
100.6154614451994 92.40008689253537 172.6077905712588
151.384924783937 193.670522668275 165.2341613002552
36.8283788981545 90.10407297198763 0.8468203399196812
114.4982267999583 134.7071868706717 15.1136603699397
62.94333232231645 147.8074326667717 173.8311089826968
152.3005421959575 66.13977867375388 153.2129808252083
4.092098066913791 49.03932475243031 11.1008113548818
144.5914786241161 116.7473059336251 24.20417463721438
86.59704668997429 105.0356635265424 145.9530485007722
11.23533306322983 199.4295624021277 49.52130507060096
183.6518786165383 140.1093573086686 73.99837969546155
151.4473522123351 165.9847701500026 53.21411545657446
59.763826454998 102.8111245371996 101.7528803186716
75.6976387045991 25.51406933527741 161.5032595066883
157.4256083303205 44.34481701831584 65.1843752963558
4.362206113548711 177.8610969693598 185.1836978712261
81.83393332610983 48.84954640616385 67.16883574623617
97.40912985150926 12.22073569157064 46.79758345579187
25.52995059647655 44.21201885081424 119.953843393501
21.18045818094364 123.4535850251886 129.1290355331192
88.89479580027887 64.67273028472033 38.31817990758719
86.80903906677406 130.7160757136866 169.0684830930532
115.3021699733028 114.5674114551485 119.0081793220651
104.7064364752111 154.8343541382712 101.8641365909204
73.53130226936177 68.58438596559324 181.1434143671252
187.146684398073 151.8988224776732 26.87603720151408
165.462425499491 153.3658870360081 53.08272109190498
85.09672613092954 54.04360005883628 99.84677513729265
169.9237511097436 85.76123278773871 28.73479984535472
46.2935935757906 61.75407209774974 162.3534864485896
184.7952797386914 103.409819810379 0.3892829402275125
25.76270330687407 118.2276369956155 114.5791978447224
107.0020405388856 128.3054724604183 120.550308243428
47.54738078844763 147.4663400410105 169.0506287460278
38.25539293761484 18.34385238566714 50.24225757946281
106.2355305509878 84.41791132453429 159.7740838691209
51.52477285275116 139.6184796253984 14.49465158298509
130.1522016603822 67.50760395405965 123.90941462835
127.6614892453304 121.3148217253119 191.8668129619443
120.9202245408607 115.4497631223793 57.57541992616014
76.85576652357075 38.94528923501113 133.0628918024241
139.910620735853 42.54574970582117 146.6548102294556
151.9585141452156 60.49346568444246 44.82396960277781
6.641041764506755 56.41018189680845 80.15417761209812
189.0962331705944 101.1210842642511 78.59630618910656
16.02948570439895 52.38018055553913 67.67935777794607
16.29276981275101 26.85738662746855 100.4074926955051
149.4892224888048 125.2713639240537 168.6124670688639
13.97039902763972 36.4187952456099 70.66008485142997
33.56538383945623 42.510202033674 20.03531097183822
87.31377475659102 159.1949453108406 189.6444385594725
77.03778037097325 89.39396783032547 104.2344774282279
6.743916004349567 74.19709564672543 121.8983277689322
7.559202618484297 56.25291970900904 25.09896941387144
67.00312367093936 156.9507498700557 199.3857574035445
101.576000395191 58.40730549142768 83.43913773386478
107.155131554447 50.19804679418716 49.29525593877692
131.1997833395297 38.27700644698795 159.5352147297837
25.29263430061893 161.2310389111657 192.1798492583262
52.07786546437815 35.10557502159661 58.56278761657568
174.4625522250946 144.6679313456469 105.4678901065838
116.4797642721466 65.35630754817885 93.63690157358836
91.96211059958455 162.1417279822867 151.3406750466538
48.4911818806047 101.1864191194279 66.17685891504597
164.2652969438537 106.5833150282083 195.3935451626863
119.700713879096 117.0580612673145 25.3903138424746
137.5382313566988 47.81821174169087 42.41595311477494
146.2476964552561 75.75960760023226 168.8790606761002
107.7677597356489 139.4385016877415 54.42425676111846
176.702623987358 193.5708752452852 187.7555197048202
183.2110721544213 110.3206105315896 163.1896851202841
54.50508723554955 160.8610164458567 55.34870809307085
194.28554779957 31.69930159054503 2.786932324231303
178.4638956469512 166.8468632503842 104.1662714203607
165.4152171331586 187.2030971607524 6.239385123745149
28.68479815348508 77.80267058752219 140.3091327067074
196.9934336538821 88.41196603833247 1.211926440142478
185.3784613214517 8.832027992032424 146.9793766673673
178.4620026222416 47.73896433233141 4.185174597946015
174.4948667882237 121.5774062868934 105.9002216858994
151.3795535220219 13.42558076084041 165.3343420945822
21.49385122685783 128.5546730663742 4.864384946308242
165.7368946847887 29.10722919112844 3.452710257717985
145.4379747129468 116.8906107680065 185.5757804018174
21.06122934530619 129.1537175430095 39.77293109963737
41.89979224444787 159.7084131173723 153.6203176353785
62.69113169711039 25.96096345539199 3.60100296912169
108.9212118782527 167.0814429964261 116.239503216047
80.38201403494416 163.3410859603561 28.88704372007435
36.09450261972986 84.0169621397371 107.7207272870923
168.7820759735699 140.8327226647818 1.586262678303706
181.2870814507692 186.2941895603643 93.05600832126892
135.2474502932499 166.1243014272864 64.28630181115959
199.2194139140292 123.4497847764435 39.68072493282074
52.08835172667749 43.60662011771797 165.7442269176053
26.88135567237427 24.22308341888551 80.0951591854914
38.98606310310783 114.6536345276094 171.2812102602928
174.4830845866633 87.03806712625087 0.2090461767816021
176.0252745245628 100.3626898214617 39.86929303055751
85.02481792998289 182.8513858081356 144.4228788387631
41.82088847607352 7.125469215543641 31.41766603993002
30.60163276939031 66.50213711842869 120.8610766263344
97.20951174337294 177.1221572408274 34.93083093400956
93.34206540931224 41.74660878058218 158.5182016527348
187.9510896875473 107.9577555062445 117.86038257884
52.76599536596748 114.8599119630568 145.9392841343298
173.5459223380278 121.7370079075163 128.4541914547015
185.3953569546005 115.2639226573373 185.1076932648247
69.62012172033384 164.6124579980973 71.69099578407295
166.1942916960835 38.69851836794121 110.0847328529392
42.46599144306889 75.61492072220648 72.43017727090275
61.86762136818278 149.2030115699294 154.3485377044746
119.8487814696972 157.2666439709551 85.26317074351441
157.0604280647827 171.5063765847324 109.624246786276
101.3802095842739 9.885388250623413 13.59642664223407
99.91086013225319 191.4053567672532 52.2022914633151
176.0810202393908 78.2126383532981 69.21267717006134
194.8261026833651 41.87753896614139 172.1862061383506
154.2163119911985 88.31301773623558 117.5356937713285
168.5616814281348 44.24415570726386 150.9032084976128
154.5763156390508 94.39970617851969 58.6607104706169
161.1922801471847 28.05974335591015 90.81280997344068
32.65104463864371 104.907088440186 82.02523458400537
96.40590661767418 192.1396123699504 105.001101182744
3.667437921627307 150.6841243904637 141.1938937455009
167.288401564561 76.07132194306591 160.363727674149
1.350131789236424 96.74141004237242 155.5262832973356
61.04044686882762 82.50256016028254 152.2428396439778
86.279449831234 66.19335867771845 74.5061568004058
179.4254442891077 32.40821858220625 185.8079740682488
56.96599551081945 74.07155173419511 172.7836039341521
35.29032324450974 30.35792922743257 101.5240536647138
193.7784224350988 136.5449721466835 57.26516558155953
162.625899287035 89.6410024335847 84.25323647540147
11.55154740610802 122.7650232164898 59.22440277610654
117.1669654000298 91.46604205450623 145.4480398205964
68.37404097860058 19.82812329920802 178.4868518090846
138.6090862067023 89.35683599707589 152.5315629148935
168.9403924911659 13.51294667081868 130.9011682262475
8.680546337798877 171.9363702109637 3.090594616713375
92.55181929903192 139.4338363294272 109.2278112761545
0.1789653753674348 124.2743031387955 170.6209132278699
85.73473205355128 182.779092145565 166.986098241818
186.9605965006304 68.22662885132344 199.985544197649
2.056591347038566 19.60940756353628 136.2418714067351
175.6183592636322 101.6980211146763 17.33805524721338
61.67817971204552 165.3753102084805 93.04515953060753
110.0944514571758 110.3039029722444 159.6781953025478
163.6707075849283 88.40835412875059 180.4397583853075
123.387169306299 125.0982647678893 148.9995483707218
135.2788270650726 6.563562846124212 197.0431712753121
147.886081744861 69.82630106653953 7.074500282715946
112.3497914799882 57.83473584383606 117.8030164388738
47.14566339440087 76.46981681288216 9.984128163708331
12.78785374813459 137.070048440335 99.78787203964798
145.2117339330599 113.8447560846321 153.5944479020308
76.30245767513151 143.5951684172699 66.87179936947454
62.80405339131306 181.8036972008211 56.81088204004963
51.54835370323094 139.0983152043182 118.2466070109892
43.68939330961111 12.59042691807489 9.119023070845214
89.08492053724666 54.30657453688283 118.7790330214784
18.36554101902287 76.13440418784741 31.97503459202133
52.50255994010145 98.36501677448703 8.755343691356837
117.3431752174731 51.97746114451012 15.57999308913851
12.49153139437144 117.5501222177664 22.3990972707561
19.1953409940526 103.1388072212852 102.0582935020806
71.14046817323006 31.84553768750073 46.91839839169857
148.2196592868821 145.6836968372566 10.65028826019339
141.0077486766991 185.8606214045587 135.6159781368899
171.2621370254395 98.01639170578581 106.3600917443061
31.76292319897875 133.2599980703063 59.22077593481085
191.7426489519248 188.3026432853299 153.8821319026766
150.3407942918739 36.63041262563002 161.8412571407026
18.97776988513393 123.2171409074106 183.0746903607915
60.50319764486385 66.8996079674192 39.00108026781642
170.5946039112898 186.8752312067756 28.20930321782003
96.23004873294083 93.14706732181888 83.30284244346699
167.5022835551474 21.71598675281351 151.8833318680562
140.2635088510601 166.589364901686 123.882479864282
143.6878339067883 25.2911355371988 6.43328988683354
4.387920899086242 145.4156398281793 39.05297818173977
20.4753883667193 193.5820658122317 147.1588740523583
142.4472904337722 175.9233561187404 39.2630854015982
195.0662133234891 69.21559398945256 144.4482603822221
138.1522918136176 131.6030570231521 106.4637369753738
78.60172437980492 116.4363510742494 31.40333744252563
184.1022304582163 139.7912804111901 138.3382229893296
39.6529075924051 124.7244257823634 192.01193059962
140.4437838603012 186.3967445681717 113.0549249043906
125.8576079032538 129.5217193672362 125.2817083879909
40.55472179108619 144.7790923941786 41.91109491010278
27.25497012003668 137.3522391513679 117.1150989261937
76.14244586155569 179.6906253417492 102.8158903375334
108.644190150131 137.6633794985392 137.4067606351083
51.49185465908546 55.05755814548297 74.78366268447189
97.41910341310466 84.90820579997541 136.6944437850102
7.401409512229165 147.9109321889725 119.1037070810739
33.04017852477072 36.31656117234689 156.0678758238538
61.67861372468541 133.9120942519765 137.7425110249796
69.85143044857676 103.6655085549128 155.5507012862845
56.63785828011058 82.0282681504027 130.1068712818832
196.2606964182899 145.5822982033976 163.0170668337347
147.9821823836675 148.0698943145313 59.65285442744601
190.4097413355632 66.71591863575645 82.33227685602768
160.179454145039 44.13800023331071 187.0781508654542
174.6429966584698 35.35475486560709 131.0636939573754
44.84302260097787 16.38210449479139 68.8922583728388
47.92978269452674 189.2278780871747 91.72925454666523
66.34246682828747 163.2523115166397 115.0302691241301
133.163903723523 194.6546778168722 93.3468110792297
90.55278058348564 24.64423312943797 173.8715924514118
134.4906398295992 45.02899139182352 0.4801657308860993
199.6974668039026 50.97434402846211 192.3564754640242
18.4927660422591 93.58216735945311 5.97578195849859
76.18261166354677 164.178580703016 135.3260844880276
105.8323198860501 140.0644794662798 89.41465197246526
159.6169356218588 113.6368305304091 47.87989402372341
180.9734362788996 173.4138303548992 196.9785300970667
179.7595369845744 85.95125613651864 144.3491636233472
17.18731564671261 38.61329751697988 29.57370355885374
49.11211328702087 173.0418774795348 75.93010124765321
109.5111000698898 88.08723871030682 189.2413172545792
143.5684327128896 61.48188651966748 186.5479566027703
54.93539413284624 117.182059619832 122.4672235280339
57.21578267884458 30.84507418383555 131.7569367986135
16.21326255775709 34.41411796947352 7.414547063212659
103.4467917729171 47.91056049093169 99.58610837637148
126.802051309358 102.4749198804376 187.3366031712897
155.2357919935454 48.54069875892549 8.660177695680773
7.165528998044852 87.66237653828725 175.4100144195908
174.2483228302031 8.146365085784241 34.82740848182655
161.5516884809125 157.7145611629476 92.32618499224463
85.66765580165406 35.58558029590792 106.036156515076
80.17020992432354 33.838994960871 191.6835964384951
147.0448794867575 9.442412195747645 134.5927069177012
68.60809188588661 148.4365129743202 16.6871419321167
183.6547433324189 57.82772068730372 160.7666508781299
123.9381153157066 44.23141188985899 90.85796141591462
61.39641165732822 4.143254031280253 197.9514003381755
20.07729580104015 143.1129369382474 22.0591679890028
110.6783567409704 30.43362681877427 14.55586022146231
68.52145788847348 49.46821892757581 110.8203382298733
186.175323644399 92.94321750492145 181.8234786399537
175.569364662641 100.28647855581 64.51285954670996
153.3097014249925 54.49530104721926 137.7923975778453
130.4705574706056 83.04154595405033 92.59006798228909
78.36455984109986 0.4769599220436614 94.29554309715019
197.3626350708926 30.76309524468055 61.98591810136307
188.8227772437085 33.18668468510629 148.4947908877499
16.05338456530603 192.8093405685817 188.9618277958615
26.6290666158712 18.32173226445563 195.4916113966802
14.13970721680367 2.555212580060508 30.64802041247128
72.99511285876901 114.4634196376305 135.9275347449356
30.48419873618197 69.81722925941953 196.2825821928063
110.7315738916879 26.63756997135506 101.5855212762599
128.1604543283056 169.4170596444962 104.6633907665136
173.1458449293943 64.45127289731654 141.9171937225557
48.50443784774863 162.5025689200338 196.0140088395472
81.09342260237126 68.21619840150241 198.9502548417796
15.04049567421302 27.9533796256757 119.7675619246561
26.96514271429082 138.6228716158035 80.61764514539914
89.65144120587118 99.71169914365474 188.4294703435006
155.482455692966 110.8125652339426 116.2021593719985
78.5862519958755 199.3435549656579 116.8405174938872
90.49354712195955 21.1022489484248 149.8403130648682
56.24061884433473 141.2800518529214 195.7794980939069
33.22614311938928 110.0924957215545 10.44201438373519
100.1808530002319 149.8149701957366 17.97852097523941
198.9320855555647 135.6975431730412 19.32065112673423
141.899416947145 153.7433126807832 81.95187067903744
86.78687388784455 23.27608520462166 127.5474640001355
140.3255687934663 179.2981611058792 183.8661871839848
111.5452029392824 74.29698798243822 15.39934567799559
144.5072249196002 174.8347182700725 90.0674618735233
196.7020586537258 159.5912666807445 188.4714243497522
82.57542289966909 54.38691706568468 143.2240522113379
55.18603702950011 25.30838395306046 91.89096840569603
29.4320336032091 180.8113031443503 2.624434726383267
2.177909127334554 164.3320631472934 51.17295918656093
105.2654321378229 51.05379135324812 138.1362176296949
99.52526441666021 68.16787982725147 151.6922652361197
84.39261557743744 138.134630604383 29.10993404198843
107.4493159972843 183.8114269219273 173.0703260499504
154.3367667195995 95.11825031134455 36.0989030990087
46.16952585155319 28.62756577360707 24.8117726210078
60.19816863099141 130.1848620550817 29.08386222201361
9.300895819872729 186.5073384213523 168.3633614156895
67.06139057883227 173.3504144375766 189.1166857398758
170.9149765228777 179.9917760759833 151.2854283899736
38.9371535495424 79.5377813080043 160.3462382223505
65.06151770425765 60.28137079579447 156.8493185147222
116.366847043397 50.37612037072409 188.1292986377739
169.3411987318169 69.99668064744318 14.09294422088421
115.7463805167873 149.2494332596659 172.9756201787076
144.3036457774012 12.87449090177338 31.02617053175131
47.88800846658318 19.21339609440051 187.9502329610783
163.5956444044793 154.3306392638671 122.734904074923
106.8863385773141 75.40828036920988 74.28138210258948
38.12562804926624 129.7514366348719 24.36939230020446
31.02787641232073 110.0968857294419 32.90922141084843
168.8078176684949 130.0677420717828 181.1950767349923
18.02098100657303 46.36228141439926 169.5999913529729
76.60227637131757 20.97783730475767 85.01023306959124
45.05907917928642 68.70502278601757 93.76413938413364
75.9708069259885 70.11966375721333 105.5636527508618
115.8221997759567 40.5077045841313 34.96401000503419
51.67682134332583 47.23425361540322 95.95847074755518
123.4154304889539 25.76224758114162 196.5127264065568
175.2228877568017 191.3039533976251 49.85589639141362
71.3318838483482 106.7740018959969 199.5707828485379
81.54264410812523 143.0129110885336 144.8761633208239
107.9619811662584 108.8225312521995 198.0309827733427
80.19584979702148 160.6879708617431 52.13693740465077
188.3698052310889 179.5767653771884 174.426994328798
14.63371288104189 169.833616670554 69.1783682140701
107.7308569693881 61.54003776929545 33.62900089843961
75.4481741014403 144.2581152749359 123.149088028685
20.58055987187945 165.4488405181431 143.5508485960042
55.97359050377034 22.18613948356075 159.7710973394228
154.0545904464872 195.195501492938 41.12484231541548
139.4574481341172 158.2007992874709 163.1458277242745
184.5184820965365 199.6937858137433 15.90401135778149
106.3558441570588 115.2120132748557 137.9631365153253
193.7807706011787 178.1756695915213 66.90361256948076
27.69479841158141 144.1200068473895 145.5686985383647
77.94839551560538 79.07096730392269 31.4424875964458
75.98052503302175 70.19180328746248 128.1380428570152
39.20296356788973 128.4617899227042 134.080157298981
8.390097505442794 190.807586216906 78.59169858304699
141.6621702114295 95.13779923512428 77.16175551345954
140.7804808448273 8.125009488963014 54.01811302922957
84.65382113157935 149.196929560188 90.46845081823668
62.49812767880274 52.75645633519456 133.020983783103
189.1797609890339 7.443870023885935 92.98935915871378
74.4941847354054 123.9089857518988 113.4221832300798
20.73974400986011 193.1581790534784 124.5898565554833
195.5597060370553 1.480075091777465 178.1920016134641
66.916857947387 18.66330332337724 64.75085649631816
106.4656977088049 64.75163678225391 173.3288894151921
188.1958632310687 59.54106532608634 20.78553141908752
158.333849744485 133.3013506087579 116.4348938376931
124.7334144459236 178.6339437237657 79.86094967013921
35.53575658790424 36.17540459717993 43.23893924503296
138.6742805491666 63.40274266728623 85.06505152526009
103.3078198088844 170.3616432451554 71.18896128974878
120.9805018993721 182.3177900360635 57.66584566110279
4.445017538597608 24.51177397589268 82.57209470174185
96.01454945992229 143.2484715880092 182.1545118814774
97.76655117318613 75.00610444178849 116.3624981242083
45.5926705667156 121.8897589138507 74.6963225969659
95.54038794688167 94.83434314618317 105.8036263665587
27.8932027303105 10.85884830448695 112.5430585987157
120.6079953830719 57.53876911082887 72.8655463743919
1.084427070314129 197.0755867132139 135.2978242639158
27.86931587297896 60.57770272420761 155.0899192411736
100.4349836279205 142.2797407253667 157.9226941507833
156.8131837400745 79.58305715589569 138.1913188390845
164.3099488465491 68.80754092454571 191.6205726487736
189.5368379475581 138.2473507809314 184.802166654403
23.29513898671527 156.2434478532509 105.4081645257437
100.9475908724352 25.3759348775962 194.1911314463177
48.79189099760175 143.9313744592457 78.37623244940768
132.143278341742 87.01081577674522 128.4972847419176
100.6105584725096 196.8323021258977 195.1945620710125
11.55045866002784 13.23805158775325 63.07239875568027
23.8280256889415 70.92809755045914 174.7404339868649
29.67560592024017 104.1425239294169 188.9571644025607
90.43719624693462 183.9065172692372 84.84669773958252
140.910491835978 75.2765063583787 50.63847370889678
118.3549346278973 98.92665169879085 38.77130926308232
148.669255447667 10.77183619136845 98.15492265398429
85.57605385194566 109.4757530403996 52.76517613234986
83.30020668527136 11.33755655423406 193.140543794482
147.7642322593774 98.75901508058897 98.59209956413365
174.6545945725491 56.69394178776552 120.7710968030224
179.6178736959342 54.7761098103519 182.7666464210459
92.28863989064253 87.32492405694794 61.85113032591332
0.1496364331620038 90.1396579736043 111.2789666448144
128.7440057068411 24.15427612989391 43.63572404938745
38.83203364746508 177.6433951693295 182.3461436759087
191.7876841399811 130.6399644470269 94.56718954063493
187.2873430874513 82.68069734414028 20.77089050197239
114.7233818354703 160.9130845623406 54.15912491339885
37.77218054346018 198.968158466924 192.1182106614784
121.9928825781965 153.8510883656549 129.0340324165504
182.4609091897404 28.31145490284135 98.37524748172588
187.032886521182 19.88286750628478 118.9976105953739
178.5130014071414 120.9148523438541 5.851559735734827
173.9367561478145 159.5935113814037 142.0990859384916
3.286713803231591 49.95527580955156 152.8787301920683
143.2020434172578 33.0457813460264 58.51893155298691
8.541451521470492 71.71910089217769 191.3326038696369
53.02958942891885 120.9095562129388 9.791646444855795
95.20849113215789 188.0293030988876 15.26767761400388
110.0541544599338 98.11470650753513 17.79397922548558
12.03385676184009 154.7504477807256 85.77197474077148
187.5597033375835 121.1585776426272 74.06083380868928
82.88318355406858 109.8952752728062 76.16372655192382
47.18963648687266 193.9631239333379 67.67117454624017
164.5475862234429 181.7214344136739 172.8741860429583
73.82974225692763 41.92481169525878 171.5832104954581
198.180589181311 53.25656742641644 60.25941533553865
142.5180113531897 144.5093009280391 128.0042634683383
27.16494009972159 83.57998214866082 86.99195042514037
48.75905722014085 156.1258165322895 24.20375006539342
126.5616159219845 66.16465740920798 0.6351830944408785
98.09471428997993 66.21707145170285 55.27059113247815
120.9567890822091 72.04469418665433 157.6308025919678
125.9482003266034 145.6689038798387 66.45654207854651
133.1698740975176 110.5125990397678 112.7863221659987
123.4126568213751 147.547942351648 151.3692194052831
75.79417731018179 91.32159869929353 137.6086147519238
39.71835818051886 85.02278637905879 182.3855286062769
113.3916454783028 166.4784652104721 158.4981343870054
138.750407801581 162.2107339881341 198.5341527070618
95.1240024120452 153.6603666599867 128.9859534638264
95.536265659291 46.08000373832103 180.5638925612547
196.8685801392811 18.48166685003481 40.027254838271
25.61383009443568 190.2973532569028 102.7343141856703
67.19438018350448 38.83948864244427 74.90769511165095
169.7725440359361 135.2949418688294 42.61499947486399
102.5782589150857 83.51622991068764 33.95213092985531
174.6951684981606 169.5598191267575 58.47065446105637
170.2320344703284 99.41218745244643 128.9336632201784
90.88462769643223 65.30613635404629 19.08156632883672
171.3043207949601 186.6605768239015 72.81199192294946
120.4450598635876 168.6068600187781 183.5972035391243
16.24170093316981 8.562114580141499 93.34469367709501
195.1546950195902 104.3643650278667 28.33026650095503
143.3339942872952 102.3420703663013 2.708131441739692
10.85298645777832 82.27669402206348 52.67907642364528
59.70573250898301 84.07184881717846 192.8358937359984
28.65261261676107 119.1127044620727 151.7123045927198
171.7133200259634 75.50440260303479 107.9774633867203
43.67629598901708 94.29402901826559 143.9328540878711
55.53799822569007 155.2235801909993 133.5327098637372
66.76716958154393 130.0993571509153 82.25195170758182
26.41637345553418 56.52836736372235 39.74622147154701
197.9650752522793 41.65352664880185 128.9754729471874
122.0588267787098 92.82578934021214 167.4869994595768
159.8457394826887 56.16535530854874 167.9773943330512
11.98566973285186 105.3562007164422 44.0685502449365
44.69087141911046 178.2577702116255 22.40486829126622
3.44328342709262 18.24274571229204 18.43258950115272
151.1204608245245 75.66282052084563 70.76840354962822
186.5871000438798 76.71281998857373 124.9161044068428
127.5631526900025 108.2742246115549 134.5386267278747
70.35210653708145 57.16202107071513 87.71091937336756
30.55120425631167 110.8834204996287 56.49513305003135
55.33656364040638 86.25933672614568 28.60336728662538
169.886983910216 45.81419690138112 79.91400417636382
51.75001674382521 184.0916271373829 1.75764562007239
48.36164847799228 174.4830228294034 124.195425955107
176.5993318221742 199.7951841266677 166.0563134934019
148.1873887060557 130.4685128173884 38.09878677238608
38.77353034560318 9.834858776729547 92.79018258339079
64.90702286707238 73.16520937851541 72.45290040146772
113.015884990207 83.10669820683228 53.96454554242763
183.3962812540255 153.0062729302076 45.82635800244402
126.673993580187 14.48749885236544 16.79716208576918
61.51692874152469 108.1662852249185 83.24200146381781
45.72027105343739 187.2371990990326 43.0911221274858
194.3097581559473 199.2761011940059 58.89719306459896
156.3395991030643 169.4526282485682 71.61107086804631
95.92869129677818 44.08902582842071 24.91264661177746
162.3339216381099 25.85744932486045 68.10555043109008
135.0678041561048 192.4694481247442 25.79545700735671
27.44787818774445 2.290864360613838 74.77849182390783
186.0468633472695 174.6129106653863 39.1853257478194
78.13025819461747 196.9252299550269 50.02447855362198
87.40717808158237 27.55431082641136 12.12216803610902
141.5424570190277 124.5307572500341 6.457886511587196
134.9415494674473 42.42545146768819 178.0607739824726
127.5967531197045 1.439839151392616 126.2865106218799
96.66116596788177 122.4954730628656 15.50587321532309
143.6508480120443 83.8196086164123 189.807635927613
53.18279147068215 108.7299978546541 28.79808753937579
115.2900946759099 71.144754366434 135.797602816443
84.9766979157973 61.11441562057721 167.4463910271089
118.7357496059366 34.39522049420453 145.2528408259241
23.1568463661323 16.06339109047377 148.3314359589042
89.05067037322421 178.4558982414757 189.0074672706648
67.65036532569094 38.90112572705846 150.0824769665488
48.67143098677657 90.32973898912118 88.38553605650611
165.2614967809898 165.8496359852509 38.30022746901934
57.84186335793024 196.4015473726661 19.67307192786404
53.68808611972376 3.735153752222114 172.5752275719353
45.27421802042237 133.9339806040009 155.4082282219038
66.0891673316797 142.2454869391507 101.2682816602112
195.9938664491601 190.148086667741 198.9687270007983
129.9198791556285 21.3930307094086 171.5781679644067
108.0611558727817 192.3350189561496 73.23351046877666
131.9353462333642 135.9263339594019 23.41234703931397
128.9150037273018 181.7148989684655 164.5382779878548
80.06486594333636 4.406518598921502 138.7901812170731
19.45181493587541 88.83483937163659 122.9122002674711
137.1800942890804 56.6442199128799 160.6704006221697
88.25065547806304 97.57106650942407 23.61827344392703
178.413579172039 31.65086246255576 38.46311711580383
29.179372420931 59.35763153150149 80.72305391302261
137.2034641161062 22.40658839919109 150.2350780266004
198.8408028176592 172.8744072050154 88.43141400185796
104.6364632237456 174.3308792514971 137.1845299958604
4.965339682260521 135.2644716424022 76.83105698870359
22.2002250578942 49.35061751387462 191.5821001592074
54.26483984096654 130.6314862105722 175.8501113443917
1.500967264241215 38.43357386375854 105.0553492742363
4.153827161448119 159.0913634615084 21.09396459459968
9.881063501335571 74.40185478091 73.8132304364529
124.6412908030407 20.55274711199202 66.51803628260541
118.5705838026223 4.110339530505755 52.29150654920731
194.6866489023822 179.7744859939938 18.97595807651546
190.2839323814105 133.3553506090828 116.9272907834597
140.7126824961869 31.85364683821032 99.5191297261111
45.19072245093378 57.25092171752849 53.2175837965242
129.3269797569055 98.04529158191121 58.48030557556059
96.57505854714366 164.0308433588824 173.3579512019637
124.8397753568118 39.49861495345464 113.6333392634574
100.3154264454145 112.1870794410828 35.88291882036735
88.04683578664316 161.5535280185761 109.055580469077
162.9311103948154 109.8329657557707 173.0939919129858
89.02892912276947 106.8563799578192 167.0244183544504
109.5412597452063 22.23611566820323 161.902978306785
34.8661557278979 27.90036788660923 130.5631423699407
52.65011024457726 64.50260296787258 116.4482677390239
133.6977909746515 59.11892926305305 106.8370333840097
44.92009078478291 194.2039708116052 113.7622794961034
181.1384574424459 21.88551413877411 18.29344548406051
17.00198817306473 182.1524979730357 21.42072598735638
89.82973958685588 128.0437729506228 129.4638525346525
15.81391168386333 95.85021962563329 70.02147307870941
98.27551760864777 155.0318642365128 39.85918448809865
76.77571960077383 73.3606257557429 53.2512953083967
197.9043406330342 94.33249976042687 133.3467585741266
8.266342680421845 28.36059413630885 160.0923370505072
33.45905780775163 107.3306232066492 128.5944972012781
128.0722004518446 140.8104578988802 193.395754605417
88.5552087389553 179.8128982850641 122.3200840500039
124.378468551729 77.65911446891147 34.18666646138811
99.67914355580839 46.22461953204163 2.754503604149207
15.29990351451016 41.12043393195021 51.93757257973425
136.9588532698926 69.50469888845596 141.9118550040289
58.66491482826434 84.44859123614626 107.7542652545703
97.80618526500506 199.8529167059149 151.9855281871866
174.6543259061806 155.2165124485939 185.2084171777595
137.8622079701828 0.002950859351486203 152.9279149782774
25.90338020780729 67.0030640580876 59.73676658248026
70.04247389491488 12.32425924296736 35.63466130605146
39.99285632370643 142.0530403768552 99.08023834644356
108.4806160162835 29.72474232460178 79.33668899374354
8.581952472822502 163.9891468369805 169.7862073456201
78.06658973031993 48.21177038937095 8.963827017776843
5.782452836774106 71.81463358160485 13.73750026746182
55.88102402883458 45.662190285893 12.26659235171966
74.70265734722066 130.9963413451584 48.20849834942079
108.4987790808214 175.1149837423374 95.1469989881577
173.2599404373657 109.3702700589691 86.95113969468703
87.8681790150097 121.3358655892547 194.6604865477825
113.1717191972948 127.0409105381247 72.49927950842728
167.2593474665936 13.4913817917912 181.3791567898541
76.60780310251737 6.19178095793936 161.0269205939376
26.09876354346009 171.3673874411715 122.1296090615557
21.57379953856372 98.54890633712479 145.6600513450939
70.46221327348657 169.9783642683146 156.3795084597181
179.8340606296325 120.9439896715694 28.38738871380982
73.09422204379432 195.524662194131 180.6745761786264
153.3354546584411 161.1216528405436 180.7092730962591
197.3211728496238 105.3558887397149 61.23132935286355
42.22733296597591 59.37848560644625 23.88754856643807
131.0271889633982 167.6429388570884 144.4540060124313
15.55055445528789 11.88761222333574 176.9045886486433
38.05739474259061 5.598954210238229 132.0014470532983
39.44129897093941 74.96494144044584 39.97820386523567
56.8938911169909 40.81851385429879 187.6243993904263
180.5876983366761 51.9485259062649 98.82084409219273
92.88905012027263 14.26751899661729 107.7683484776046
34.23872522326447 90.66010387326837 21.88603667087395
163.6371956757155 8.150177478996582 14.46546122076229
118.7490151289504 96.35215114958913 78.62428127731356
85.85057273802528 84.28223294567937 159.6257638887601
10.13871608405754 109.3673967988706 121.7760622077489
166.8377194892937 149.4711544211474 71.98629174881316
119.5410268495576 174.2825226180269 36.61900016397522
66.35382832134866 66.2086840207437 15.93029089088696
76.54054488668622 7.899195067385465 14.40306987537494
70.09735278252943 97.90679818499025 41.0956444393027
22.57545433201986 56.75097015398081 12.9058902203799
167.6719984666268 80.10043263552222 47.10033158363485
127.937577885054 136.2529902674448 86.87694841209148
51.95431609029662 96.59759288772592 167.3551426778127
52.14951632769404 106.4315623709215 187.6741966173151
14.48336050916591 60.67976290873993 136.4704867241227
188.673655375949 86.47217418356526 52.38635241954977
181.2163277850711 118.444735494543 52.34738398551501
182.7982220596861 21.84517808138848 76.74929737212564
67.89537155947852 184.4395833791079 82.34534975232917
117.5019618029209 190.823644923221 11.71211786689998
35.37078752450876 16.88868799791911 167.325605410729
117.3051510867513 99.04625304839756 101.5416713794902
64.21232533356174 117.3139094618853 62.78078285364006
195.6290506741243 120.6993847943906 134.8399337458221
183.6349424113266 86.0982397151285 91.71500000394587
184.7490235664413 53.00781871691236 42.11719991170052
44.68946445394749 43.39858066432623 117.3735606879147
142.6504030466435 186.8805014223758 5.28015421038404
120.2421304168199 189.241056661867 143.7996482718465
120.5851358850937 12.34690931423341 87.15331223784629
28.65340244442312 163.3504172185073 16.9114386695491
124.9634647609027 128.9082062403484 44.27389796112066
160.3799611618326 27.6655256873224 25.33511112995857
131.79972154571 171.5918074034238 17.85493739117415
186.1401626864736 155.0075109950955 121.7876879745717
116.7384758367131 12.02118716897706 143.012007393882
117.5865705757349 1.16230930140928 162.7849618503878
192.3431598860274 165.7374443739031 153.6344788716029
34.12815358303564 159.3807540278194 85.85278583784755
98.53975295587263 7.49087395639754 86.9898881418579
63.41936301009101 190.7736927500862 151.1297124210719
178.6057431837777 166.7402932335666 80.52437469372387
75.84516037612998 52.37941466067458 31.03880064784192
142.936355698749 136.2245583743895 150.9066854682169
121.4768101830864 190.3727579704451 189.4952460352804
128.7689538471714 14.70664726343378 108.0594332667113
76.13806576694937 185.438254766067 27.06659010897356
103.5620305112785 30.11974416368331 50.81926564590862
74.66860240325535 136.093326538044 183.8162921297364
29.86147224184139 195.3578876278536 171.285700784988
90.2012989275938 78.40748283958332 180.9838410946143
119.8728217376779 151.645993937663 34.22889063687897
160.3565188836964 126.9659839409946 18.69350043908958
154.3182202489577 196.4055792333962 188.4652527647932
116.5236195029722 125.9171573568537 103.3845764731835
195.1715863132274 38.41051985240158 24.58638811741993
71.23100793767182 95.29374946502766 63.48971352468484
156.6797726995478 143.1945332121563 167.403460769956
164.5784160252131 125.0738190159868 156.501217462062
54.64773320743935 165.203819102925 172.1124657933592
170.7534012439648 132.761198151642 86.65095188144647
74.60339716151272 127.1916369179209 11.96255679298398
102.5037177516253 12.96051575178313 65.44976117541148
29.45983290684992 122.3204482217243 96.0323158515009
154.3486676183971 120.1550259930042 95.68285054838556
192.3304473973027 43.38738414738241 80.01130806078265
199.8752810548627 124.7145256710621 199.6206423888957
83.41118236197244 0.8030974303100463 71.62733753898426
109.275214153511 170.4473861643218 16.88288162877907
49.46984088977483 16.71979791960687 115.9193882988209
169.2464469596223 12.34261281929601 107.3186650487324
112.0471027200588 96.05561630864344 123.6039462162003
129.4857560185913 116.2024888492409 169.6176526206909
169.4885745148691 161.4960055623804 164.1491261699819
148.8178899633991 177.1398978268499 154.9178319537721
45.48612468343771 122.9126517847133 44.5848429995671
182.8835976439225 12.89096770734615 197.6619635942801
3.173779710289196 191.4231152760456 100.5466759094868
150.8818164877816 193.676701243259 79.39249825049927
159.2685181900436 42.59511432102481 45.6117819975137
80.82656534306399 149.3355999632722 166.6019880714402
111.2374173197979 194.9603618904848 33.00147456914818
154.1838297719254 173.4138587111618 20.14335268468512
178.2803018663362 192.036317337563 133.6704391738593
13.73603362400159 146.8442698922931 59.55127122111795
159.815840890748 96.68867627064557 155.0071773203707
54.64658679064194 82.71252923472379 54.75595277663227
21.45522073487203 0.8259807006176575 9.361839419917619
102.1872513348832 122.1012527714139 177.2253655672778
78.42967719497473 107.7216547513356 98.18762093134896
136.082117663895 61.11884066410181 24.23412738607165
96.40965482684169 117.1962299467263 108.7692687095091
5.800609530335684 7.71275835816345 115.9530757142704
195.2933923638988 155.1944803061444 70.63362543286166
160.2488143467797 174.5776512183843 132.1404960717574
71.03010475347367 114.508061439839 178.2984626139533
87.58037059197841 126.8132287330844 90.35275891857611
165.9624789451786 148.0753205519105 24.40093594906914
121.7297555328649 152.3349947968145 11.7414006205695
125.7776310549458 88.32022764296261 4.892389378676003
110.7040051741849 15.65044600123091 121.5639429994065
11.46559274951294 56.34090024257339 114.5233225570324
75.40011543171326 187.6713176926549 4.445999134532021
60.164349709181 5.645855970701068 81.98120623670478
149.3782454988613 132.8712945023211 77.70503518725521
151.5463846172917 157.5186478956921 144.0932329605592
9.877610032445448 131.6466468973138 151.615852877671
39.13022597433212 172.243410493687 103.7169981316614
72.34249913163936 92.09568174596269 175.9380174372283
10.84969115627045 144.0774832089737 180.1782289930384
128.7573107793648 50.46785319098247 132.9708111685854
9.983153379646454 147.820071257676 2.423487325571887
29.32626168753896 153.5642634986706 171.3337400563
64.60969466417079 170.5390410082855 14.42904109514462
122.133935153278 41.08747715496406 57.48275428802134
69.84663306773948 128.7550624311314 159.6236754756242
16.72597387507392 42.37870544930058 88.86153894061142
18.69747267122692 182.475223656556 43.92910718790879
91.87200755327672 127.3534202655918 65.02723314395617
56.17507619158651 121.8365114861184 100.3942802140928
159.2105578007342 195.1869902869635 122.0074172684854
187.8091058203194 151.4199382465463 7.5437190004695
103.2464777492785 107.6152930165669 66.6901710614398
58.33582588210195 10.18905978704654 140.7948039142858
144.1182503491818 153.3699197912367 105.9940003918823
5.366721859899307 10.9239639574757 197.163419150341
42.7594652433575 199.6200441565316 153.2558193195643
184.2985932444055 20.99740214848558 166.9491283697243
197.0712839411106 71.42426416817428 37.80390508150324
135.2361334935473 137.8951427543354 172.0614646404887
133.0748732535546 114.5852940111609 90.5823818377646
138.0479460572729 110.6640191298153 41.91760679446197
107.920802630078 131.3825530519008 197.2225795651226
17.56883559160175 107.1266590876077 167.3038056571455
143.4405990630055 98.45296865038598 172.6195275514685
27.63465909164801 174.4766463702487 163.0019146698156
106.2549663747094 133.7160547315659 32.59141846334094
169.3695890551804 48.35215018958056 26.26143556991344
118.3488348081497 189.429139567905 109.5584418713466
56.95782390425065 61.83069609317087 195.8763785190146
84.25428325465697 179.7445034628196 63.5381028305005
90.96847664900154 103.7516634054551 126.0680002579245
2.950170140273376 63.08960279110445 171.2359171928229
47.78859759599465 66.23123259139955 143.5884215898896
114.2943141643285 44.75633104286237 166.3638908866692
193.8745390433629 108.2129726636536 96.0784105022331
38.01957015597863 36.80384750049124 1.678497184900451
85.22949318923791 144.410269901268 1.951970649410678
88.15910513702426 46.5258250558395 49.03052555527347
122.1702772397641 62.69398817481456 50.94314199094136
103.4929073048609 37.01788918025512 120.544688282934
68.99981962190176 31.90305894539669 24.44566715997652
55.47135710857899 44.95753038821822 37.31823878088432
88.70432795588074 24.97667098377181 34.5114579071085
35.6422256935998 36.06007320686707 179.2417823389596
30.96233970725578 53.38477166359137 102.4923122990458
74.03095631385094 89.47184575156905 85.12010333368291
153.3097895185932 31.92162731692887 137.5995113112813
128.7420406181983 78.3157081657333 69.4353091737182
105.4192013559439 113.1065007305487 88.47860396418076
175.8413449939586 167.3760781890193 18.11657489945246
154.1314486050104 65.74971987622074 118.2406575857038
53.9056561556137 6.967653349248319 50.48445192466259
195.2013616868086 152.1284281953752 100.5840640794276
126.0339803638545 74.14780462000289 179.5260768833381
36.02105559999583 145.8332184225569 4.726458690118912
60.94425095771766 171.7801736612077 36.66939810312866
9.405177301536387 31.60247671095371 186.0239723981209
167.9296025773684 7.211697839770251 85.3744433847564
146.0114108201095 122.7425452065998 132.862934874491
144.6863259123696 41.38395333009912 79.4445248171734
105.7454664851496 157.5361605759426 196.67284804387
10.72016225120117 114.1219274425694 82.26111594867217
19.1190523968977 20.68057820256636 43.14925161022699
185.6336795430264 197.9592001175497 113.165456485334
90.03788262603582 2.609842911429667 31.70783711942665
36.41366245775146 166.8938233796753 40.06721281190791
189.3503008710093 79.46990643256164 163.729992889268
122.2886277347238 147.6370115601668 105.5344982089415
164.5320703074119 61.42163599413094 59.50223967540675
41.20253042346143 105.9550012778049 106.2250206288688
5.803244981030405 169.8556181378825 109.6921788322047
94.25531199821933 85.29777118094887 5.648171374588589
109.9533131808157 17.49829513930703 33.04262501833424
144.2062432420867 15.34808660417089 76.50446588844447
12.63100489863899 77.19819080001089 156.1684332731705
193.2803370739174 69.72544432396377 104.5203824981855
160.9851717196833 0.2074021734697804 149.7579988483263
157.1631238013809 88.99911194355934 14.55416871715175
154.0943623567546 73.23821829557573 30.42197460412009
140.8922673087562 56.40265721433924 63.0234093378448
88.047949859545 166.024706903189 7.824231498614107
25.83608102720871 19.46271530605692 21.32376512214195
177.1383792527773 40.40663124202379 59.2312364679544
154.0238294520834 53.8240891437224 98.56501313984383
160.3787779785059 191.538760082889 99.76027338455989
103.3910582698694 67.29353090243517 195.5481535940435
13.58711296144093 67.37436100445407 94.94349062642475
119.6260159881281 78.35147318915971 111.8256681935863
90.17434590894715 123.220306837655 151.5143978799059
136.2455590183646 0.07061157388834134 175.4442180933512
141.7335460367226 155.3538345951627 29.9899243385263
65.43291775882847 149.7791432456741 38.99688268883752
193.0760065700777 174.9974582182692 133.0596532879657
151.743325155054 22.79842750195815 117.0101541618573
148.7294449571217 100.5150172964577 135.7183924995918
55.53918779574601 138.4180231977418 57.55119667352728
34.28029439557313 155.2500085638669 63.6600256588606
5.015952336223835 6.140928527420995 157.7837830938613
159.0525066714301 20.04074728774443 46.54151584055048
72.23583818448373 87.50524166557145 11.29706670828317
67.80327381934032 184.4294184228581 129.9131843798389
29.04461072910823 181.1034492464811 82.40429259007544
95.16730499574362 73.298093095063 94.00327269487545
130.5550835855567 23.68918697139021 128.6999582839464
113.7211297310823 10.53854443681842 182.9529861365373
161.3776799610694 4.059223747089494 62.31474656272594
32.46887745561101 88.3918101471002 56.73268752753656
94.5672259224736 2.43159543636263 174.1771360464546
30.31271568215915 0.8361762513026222 52.43376068145607
37.99358336619952 179.8152630060367 143.5262106675112
67.18645023016978 52.52204687881365 55.07055476469542
105.0259682631688 194.5045602767008 127.0613112159777
161.0726043166422 162.0476359266405 1.896205399359233
70.04774778089391 101.006543307192 118.0436375176064
193.282352133834 196.110929024814 36.39713500054924
33.76778495741992 177.5180438053158 59.98884949947976
32.18556726276535 41.75990480261365 66.90672730028614
87.2888902753587 42.37504904950297 84.56792278870095
148.1646554607898 25.22834225025446 184.3071769586143
7.186704453390787 105.4310838651793 190.439170617767
168.3901619056527 67.09620278786967 87.29253856028362
165.6717685032301 120.1537671291664 68.62784669573944
144.4286788013445 113.6762759421738 64.58084653576429
143.8460869343453 186.3738746902205 59.223901269081
134.6997776071671 98.48625824235459 23.20661219844045
134.2674948234609 38.5360594894525 22.0996547383106
34.21381902086876 49.7114527027987 136.3475618526863
70.62448837989102 17.78806114090098 106.5439188991767
151.2123764210569 76.43905527504612 98.57276492172082
86.68473699564321 29.65683664605911 65.87671007068543
16.53480314824006 36.35474244950697 140.6672061504361
150.1717064971933 140.2728739799093 188.8210575630495
161.5884596591164 138.1379151155263 138.3353079214851
146.2171289826647 44.61480698684752 118.7746473168893
129.553988774422 198.9721534185283 71.33288193748764
180.108931512339 16.38853766801353 55.0098483724363
5.714645864180716 90.18982363801831 89.40120725215726
101.1320726777724 47.47408116641682 67.48065359946592
