3 1024 8.067340628135918 0.6497190000000005 1.4 1 3 200 200 200
168.153067771813 124.3603518314723 92.36204000349767
170.2341107110607 128.5822407231303 107.7948590033238
190.9540807778011 184.8248132137728 178.1431113424854
62.91514257551755 157.2012955167511 127.9892026016766
84.52482143573191 26.14056337246151 109.3615455495378
76.28817453019106 64.90580673891513 2.224474745080652
98.28086998753943 98.28409380436227 55.30977259265489
199.2269216591596 37.91604575222942 127.0706752293244
189.1002217453709 191.6843696304042 109.6061410585433
191.3889325824057 40.30380716722114 187.6799319680555
23.04582517980154 74.04517595889054 108.5354328348593
90.12374987354832 35.64413033113613 145.9606367818535
174.9687269397292 198.6892751722052 106.1194397305964
193.2328927523766 177.2943449570155 155.607603897098
126.080757641395 22.4208738862885 60.82368767512904
186.1851945673819 77.45526286495556 103.3459987694809
133.010528845292 17.33029596609331 0.693552566420305
170.4299941913981 195.3691482376233 150.7949943539194
177.7929547208627 35.9880762638192 2.868499587454785
97.0506246362788 127.3740519355357 106.2082550393677
114.4132897441551 105.5157510785421 107.6725142493429
182.1958048920737 128.1462774241988 118.614062986397
23.72030064443634 162.1735939401769 176.910072843167
26.61232578809936 149.4924089473216 107.227192071776
128.714202993272 3.143606145310931 89.53048140430678
87.0969108572157 19.90921964283378 62.03381109815253
199.3487648795895 26.77800328306455 112.6055437818904
143.8744162084355 48.55696570091398 2.828423096053962
117.9675158848196 199.8556603995963 128.1319592012447
131.4356368323977 42.85726288995857 65.87528292881377
134.7650285621281 120.583236240432 60.17454899559544
2.844882822025739 178.0434472887707 142.670212292699
118.4423173430912 18.18742906816197 126.1701601764789
64.50749605721478 175.461454069108 69.82954630771819
187.2681439530256 86.66092442222943 167.3555398798226
82.98694076268291 28.47894179335507 180.7160035050821
7.084271515334635 27.71602819847852 140.9652356666297
168.4850834503569 97.92053883304852 106.6655750266161
144.6684457372494 2.320044070176342 181.0710625531833
151.3259377645987 155.9481636815013 11.96759519477087
85.53728489351977 143.931978715395 182.299572075344
119.2578067320007 141.762304584401 175.4766187868029
153.2700076334276 158.7017018378235 164.4340682367609
19.30311124850056 134.2084151118096 71.78547222008491
187.317758677212 71.54152170520483 126.5070146334104
198.0537477279262 146.4644670828118 99.07064674107397
176.5562813033976 192.8774595011087 11.30717932272556
43.52174304680069 17.69297638233563 82.58702372297982
38.7934795438968 4.505907589577443 22.30728683945285
39.91927449160228 187.6686865664201 129.567668594415
176.1228631911103 132.0983981318798 153.8366603506873
42.0970246435526 116.8181464646724 166.0505821261931
185.1675284147283 66.55089500965867 141.7093221500937
65.13550678925225 116.4203877535485 81.22516051156273
18.49922111410051 180.8119088077154 139.9126020190532
183.9246187560854 22.57669935331006 58.44912159173573
31.42898408051311 104.2479522734391 184.0844666018624
40.3180320330794 36.5480236541673 155.1090268487353
28.93487673912915 175.8873127491678 128.6355071380913
181.4700000663031 145.6065253454458 80.09915022237294
42.47816092617467 181.9082644627715 191.4113330777276
107.4706342168147 186.5329530627668 24.97111094739259
9.312526570954667 175.8681091983574 4.763253489433874
184.2872226422709 175.083060232755 3.030255772066754
102.6967600400058 100.8628694046366 16.29904558240172
169.4905845124042 141.7320245430786 117.1146244670997
140.4579985235081 77.40610838894132 76.88211414422878
104.1312815109909 56.84502489425408 31.67378565410225
87.76068336867974 98.61792416402307 123.8323383712399
6.832274806341909 50.67677322398605 192.8184390316855
91.56905126696927 69.21232411557125 65.41559343205348
145.1701347625174 84.10086191593716 92.0361750063575
131.9350660129038 7.924108658873657 127.7641672316465
115.843958502491 97.18178478244626 55.85785720140983
6.706322774934192 66.76219238166479 191.5649116165268
78.61793530364208 182.5541012049445 73.45917682153394
27.28812463687188 113.4824563187441 171.5184392563065
82.51297055321542 120.4606193183504 11.47283956003461
95.71026244651048 64.5289465622208 137.1549561787612
47.48538273741161 133.3028958603532 139.7357664450266
71.91671142543426 64.47343125363264 182.003305917655
68.34252850002407 135.1641480513251 150.5603995704635
57.19632541094382 123.4088486866747 154.8325593830812
99.73989091388779 103.6313002036478 114.1120771188382
11.23072188150556 107.8919604355235 7.892408098434267
116.2452534967501 189.9611081899675 192.1645118479002
150.0260160248881 54.52051418268007 189.1565405483372
120.6389255311622 36.93682772606426 55.30902061990549
26.41511472356281 44.73383621203936 154.9387434496519
37.58702207294822 114.6476179112076 46.55108233666547
152.9336430884431 152.6458542758367 67.324522643726
148.0419902107468 126.0758910035914 189.6343355867852
24.79980687236968 98.11642658791737 167.0855703725797
9.426208830435336 25.56279279134377 125.1473111220066
199.0065736491812 120.932628227471 183.8426188530995
95.75166247027956 180.9352610028109 11.9278023667119
78.23097841511488 124.7704859866573 130.7693194624392
169.2721991526412 157.0462026880121 169.3133001473976
21.14091560450182 158.1573991604574 161.4975897580335
127.6424924475883 193.2656486733749 61.44393706545311
159.3986082206773 84.02544337231495 162.2512381670155
64.19916521840706 70.67283491815492 72.33620632725101
78.92510904872933 186.0550829041226 48.58587465712993
29.44305492619661 191.061060688698 92.63619608494892
139.4745606805448 31.06851620008304 58.34345257555993
109.4340683186122 143.6072463506058 72.80154202753826
114.5786430413169 84.27512586622279 183.4690673999917
98.42221050780294 10.0592757737883 28.33606810811767
95.79596799131031 58.84678015646872 77.91929416945139
46.80816033358868 28.81162498856567 93.80764745464566
103.4469385741418 104.7048386048732 148.8172640299461
143.1628401601416 158.1730472074426 132.1909448423014
134.7302859590162 3.702134364252389 14.43000379041517
50.41693820745139 154.6014751887728 49.87859395085935
6.623841779445488 191.4579348829531 134.5400902225203
86.729879305794 88.41360006212497 87.53215694867711
157.6782641953491 150.5537155607988 123.670127832945
32.04905589353046 156.3767896856652 51.29084785020155
186.6006944247983 181.9906981555069 126.8480115981372
140.8078232853368 89.18522612307359 120.9141729638385
47.58804617319031 173.6064995370062 4.863949527699337
192.0906417360956 56.45608693639656 159.8588681009319
59.6412285680476 107.2502622802148 184.0827827747444
132.7024607922056 39.18274636801351 101.4695648092075
97.88527057904778 8.001180342705119 63.49579508161623
150.2331803233813 178.7539225864088 105.0221578510838
196.8045048949738 112.2689271923431 90.07847193817203
87.88004582137035 155.0930810215462 78.41461193656218
47.85342140552373 129.499715037307 47.33037984354601
9.985475950831354 91.90766411375807 9.70333877933135
7.990832349845954 188.4176228868439 80.22991834472295
167.0052589172226 185.3091984361041 0.7323949628889034
170.2031151087331 135.996507407974 184.424094175441
196.6921725827048 167.0654937038908 9.649661501879992
189.5883109936491 63.30246783734393 110.3062248247383
172.5819908970739 74.41021637117251 71.76375186234935
133.3370916071121 10.59119338404794 29.68547388204713
118.7414983763075 53.11302298562698 148.5208770157068
78.24091841911691 167.4429981493431 83.71299086498722
27.12387335411744 127.5739100004027 159.9270222283361
49.7859171912738 76.62679126930891 175.4554383137896
40.25242963604055 20.91732103561637 23.34803032793164
33.31553904167261 79.17176313966752 38.88324422611717
152.3334720662515 122.7565910177984 85.75846391107775
26.57352821389239 115.4073202622399 194.6778661020831
154.5611835354089 1.467913339345529 49.32090802691862
6.201343695455911 35.83152273977509 157.3128571445442
103.6444140051166 195.7538828174271 121.8241333446468
109.8015188085963 173.7838513150064 15.36096146534624
25.73510349576742 126.9962228955429 31.18124923803698
121.4474200558706 139.0348247390553 82.5534424166745
8.532494857435758 68.59421680332071 139.8715666089272
15.4769608922792 34.26494456079701 1.971342201597994
145.1958448674686 90.89576944576525 195.7080856572674
55.1014694199848 56.07597471520727 108.7314128655008
62.61687844914166 128.3636945557499 137.095683257851
95.68509048574644 195.585424966958 18.68767894050641
175.0589143284982 32.39679414280705 111.1175259823608
19.50078059084571 118.7462269909357 60.90790324912562
157.029796003951 145.2684585882808 107.494339031412
81.07355283034569 10.17190229923574 9.804488729724433
146.9275018934655 11.19256943151656 194.6294527662653
178.0082073690493 111.8504061592218 188.4714000843266
176.4373210263636 72.83240894857809 9.866078338886378
128.0856461271028 25.21838788709872 113.6026215224359
122.0039208973849 5.90796076907522 53.15500852619611
128.2189292101692 132.9763308993321 110.9677100930887
190.3867517259378 148.055381699846 139.1289450908748
90.71713314250691 150.5386238202828 48.41172463776237
26.39445971559877 135.2886999168613 195.4060099910836
124.094382266833 156.5473987396249 123.1431144937063
180.7762453902959 119.9642660627721 140.518453575398
158.0973535897989 42.54954944687092 7.513128460243892
157.9192026482326 161.0090254000822 138.0675825401783
106.348356724274 7.832516914824925 49.75987412137421
88.80915568352171 104.7216722443992 77.55381225934318
114.617990332103 90.22552994451247 112.8505817165551
121.9635756460676 69.6116927409214 76.65926240096844
120.1271634045981 35.023713830875 27.76526427619445
149.4679425989643 130.2428615597678 10.05758356583499
79.29598145806446 196.2117155260532 1.912706762836175
164.9622318409504 53.05637632181481 28.17628245268338
42.64134813691059 147.3102899638623 106.6176327884035
197.8028972531527 111.682861393537 139.6036938181597
169.9685246773091 152.8630171915451 190.176417064128
73.93953843740822 116.0214779498964 198.5454258036843
101.8981484683726 81.27827082007475 173.8632463494943
86.35965222353703 97.09666909881709 107.8307714217788
111.3822151726016 96.21696806526508 2.276807653945498
92.79185434744878 80.39728357585984 137.2346332493442
100.3644226684784 83.92602887198363 28.22126011630862
32.09566280678732 197.9538092642616 107.1358255930082
9.320225097694632 196.5001782521495 172.8870818157912
6.022411477943165 26.65610143051052 13.65536595698106
36.571397532524 177.9685661497292 142.6953620634846
60.17719929433606 13.05214057832326 147.9972876656694
151.3975625444451 93.64686578875725 105.1882850182145
189.2882571663453 40.4343855451211 162.2948734812757
32.22277337415976 112.227429941696 31.52794537115119
21.2713311067171 130.1934637423945 105.4811851886201
51.04940984554862 28.72776331899231 121.4617887004357
96.68326201617531 26.43777102860508 98.72726646744864
16.30091644516263 78.60124056999892 155.9229097536225
177.2187399746562 1.46769938336961 69.1751597062628
145.010909403584 162.4379635683615 147.6416054071541
163.3791316408285 83.08815081843602 102.8897526213297
131.4189406592535 87.3868862397526 133.911957921972
108.5569946016537 28.32576597493288 140.2121109171094
138.2052820808217 60.74401440921823 119.0388630687007
28.59336690672156 110.8202811392648 116.4415616038311
152.7503028865067 198.6775851802614 149.9147273076045
116.9229114434829 46.8395105904068 71.69334551594368
116.3373953604396 155.6797972389265 167.8541280498818
84.2276229987342 68.43343446721624 117.8980730538922
188.4975008180187 185.4225261146185 142.4989700363831
139.3652899105316 154.530652597776 35.32324892972646
9.778638071068606 138.8848066423915 12.52294819158497
80.28603355352134 43.75198720662396 8.970223714386373
117.6590266519281 60.1620391628982 0.2791836118115152
93.86135970425113 174.0020457258909 142.6963895812139
87.43654086193156 51.58575957550887 147.1761221824538
15.73066233100207 163.8778336370401 190.8452063340293
142.2276217025226 67.68472122760303 27.90471081952623
162.4228149545667 51.28694671843122 140.2991816322388
27.17568209520345 87.75458968189285 148.2885420802763
80.71229893632903 120.367695549088 82.67749011342111
3.666647740688213 4.552608538901363 199.4695064950587
172.4783993570159 140.3225956382381 167.2310007954073
134.0220417161984 23.99291476205701 128.5553897392632
108.4394524052858 64.39628118492033 69.57228185311256
169.755413964073 37.46686158651345 125.4874180208495
71.69463734414359 141.4774877818216 134.6563251422492
70.01759769677163 199.0747234617732 98.80504062301645
107.568542785373 177.4894297606969 94.90030217698293
186.6844765535983 190.4070970104561 192.6814131193397
198.8251928855085 136.1539652119957 171.3888095020344
94.98587452942762 175.5848348914372 27.13024316085827
69.64443406219972 143.5672189439717 179.5406799011518
159.6443718388674 167.8899614468593 152.5591109649057
138.9448469908059 3.584982107107451 66.55224774293116
98.12667173724181 154.9323199863895 121.216202234829
127.0894962001314 73.14140468237751 26.72588902651219
10.02993689143482 26.56180818587142 79.6744083551005
41.3765389453684 125.5849612165644 152.5246156615306
146.5876706605096 91.49100883278506 71.08193740003568
155.9611037777794 81.03786265614984 79.82227459522097
125.5316140932994 38.24300393691636 176.0921455838316
39.45086045965569 11.84062058143258 36.66339238198048
20.83214936879645 149.2882707903971 186.1812503593355
158.8102003478188 92.61428722454269 90.69514509780645
73.86667873605303 133.510826219978 15.72964077070521
119.1346405140728 190.1791145760517 88.83647263802091
11.32585082475641 34.33201369467151 184.2114610760487
37.00341456895417 125.7135445073661 66.25461078954277
124.1133466136572 71.21821811321568 183.1479661591608
37.39560869490164 82.14742610367668 137.1332748843972
177.2307520160458 83.70482536466797 151.0648790729419
121.9677056279327 15.8317000831236 146.4507779710061
99.33794728798441 46.29433298721541 63.60984532885544
41.58700804976753 13.00760109535415 153.4079256854192
147.8401561079932 107.2050508631525 121.7525482988555
155.9298922828148 183.2341233646412 87.06814020175898
37.63687904408484 10.56812829178122 129.6316229185582
66.62031584057731 41.81874474442341 29.48770328804999
69.76603773001142 183.4304583539491 164.5865067167364
96.9113694656359 82.89515741735634 115.695221072103
173.4839196042319 57.96054248718031 154.7209305592323
75.54512913277193 52.43381762189107 162.4321540935644
51.85677857382764 28.24457930692621 191.5429234279704
27.41333816646999 61.82805401174026 69.15050887995886
132.137321192767 92.17760524346295 103.8630935282709
35.73105303660387 58.54766292602856 164.8009497687056
2.612970400716547 28.18793028495842 37.88570994513027
192.6006214065849 130.3543260664993 39.42856273104953
57.80586265656511 26.11526713544245 162.0899538129223
100.9551167651378 152.1554379705312 32.0580940564214
71.75573892089238 31.59701048132387 122.8541071008847
6.637378226262587 175.5420371918052 23.93662699155955
172.216020398973 1.89685410894204 186.874553445038
170.7546403049764 77.03580982867882 49.2922882318477
100.10121951423 84.08151751859778 154.7808671999231
131.0706775033768 105.9064958262663 163.1170076425035
191.6641599434042 41.18054079421525 74.10721445459558
123.1813367666398 54.95847355460704 107.4148280833335
112.3712295724395 142.9345089398324 115.923133063862
155.9210585736046 35.1472103570395 112.1419595586013
176.349527414209 55.90645070091158 43.59250740870853
4.009640580020029 62.27403471556692 13.46314235135386
142.7479389679246 20.78100551161335 74.5961265537242
15.69382110412034 163.3329755128667 122.1599337935686
44.108213430731 87.83093111073066 192.1280492012727
195.3706938733591 86.5100312588705 135.778736418777
66.61410065522423 39.10690351311786 178.3340738578778
57.65460886507315 136.6109553474872 100.7016823496633
147.0104526900533 74.98154871697101 109.3100973986269
23.76152625003602 20.06778803968991 67.66844255068703
49.94557639074483 71.33472473715665 149.3547734890596
123.8985608348748 6.624202401215574 110.1972728410347
78.80083021819175 170.8250650481034 36.63166906054736
47.92882204033674 88.50443196831974 95.75446411710935
134.0060554232381 188.5724521158528 101.1300266287966
47.65943782449396 2.278637727191095 71.6257984630731
138.375589064145 154.2172592459814 54.65701033766506
55.54663763204773 47.04138446430547 125.8500869229224
50.33304744377247 51.20360425904263 42.0133294941106
136.3515189186833 124.3237831935651 149.5929708082772
92.65034164686737 138.1931684464026 15.23268529092521
159.9432387164851 121.5958733840348 25.49241560283168
42.10135995992727 192.6708550567287 37.26921788898643
76.66938379000236 104.1524489824555 92.62599913208598
87.04203147944166 190.4123429136851 113.2675681087285
159.4463982689736 55.89651334624077 172.2973469723075
65.81997050960915 72.60815640549832 165.3742618922811
154.9312941619614 62.82428373378514 41.68378745794535
30.64245151936034 93.46520515953048 81.83823092412062
21.84101011372604 31.40801851762072 168.219183208608
105.9492354541704 40.98776990903237 42.63339505144182
10.73178237327236 14.63077301409723 157.9553490216951
47.61158185180351 107.5989318279636 118.1155311286713
82.8502904442914 86.97938814701779 169.0724442429401
174.1243685327188 113.1698231678921 157.3843633405224
150.6198562255105 118.815304899972 45.87832831053715
98.85204773066911 159.1822220592391 175.3951778314783
170.8744399685279 128.8040618682509 45.41262356503345
92.87268775693283 189.3703526808295 61.87195861404724
97.71513924065371 192.9801039613048 196.8965522690553
166.8339245620302 164.948252241952 79.46455136781888
25.81286858055192 180.8382542903128 181.6136142930595
102.4381550927174 1.903647922790158 176.6900569044218
136.715861806285 28.14550009207381 158.3294974158622
88.3296688697955 108.0576532996922 163.0789275367464
13.01924687424816 100.0395333874985 60.53002421930252
125.9091025601779 37.17376998565889 140.1879891552466
167.6939290119624 107.6562605359952 82.3458249520082
170.2715887583635 181.5431232292358 137.2418424776861
30.39265105841516 1.088911929178895 190.511676473742
127.3860101846568 181.2043522385319 160.7735449439653
172.5092653504314 112.3259077412723 60.77618477827736
38.51682446672162 46.0959107353226 109.1995547559734
63.2910754756815 39.9880886845943 56.72860831129426
39.25564743669604 146.4138255371764 36.33504420889012
60.9087580564747 161.4927884801658 168.2251959932078
64.36965036376857 192.277785972905 60.18059281651473
29.19073677970443 97.39457738334616 43.96132950525436
93.77324682613833 191.8352214378305 37.5861562802637
5.949557975892851 59.9361325078599 35.88872389078282
198.8836665687732 171.1999760078605 47.51377959194984
19.62803027241574 79.70210265330105 128.5412971728245
187.6717480147447 24.56622786592554 19.81000603906292
166.6353063694582 69.84247427108028 136.7187584649796
194.954607153471 71.64339505427532 176.9723383687975
111.5507978562071 75.65858502226246 136.5155167347976
23.58544469507274 73.30812743399049 89.19537947628272
172.1293343864366 8.100231046647933 22.42207632173341
54.5615832970571 175.737055511609 125.3120443747306
9.527063213601565 146.9443937815304 136.4297352777522
58.04557741041297 144.6352013436395 14.82443870999232
12.50171149365347 140.378425818912 35.72696274621042
138.6064638205081 147.3645198141734 79.22875104868068
59.34260121915656 71.44652671741356 195.2437020151574
135.3323987069156 19.27886486868736 181.3993037343988
182.5947986986375 90.15743665350952 117.5105968711864
172.0859171278528 70.37361316259766 114.6117139683018
153.148023972063 33.18762410276953 134.473678921878
43.73704969561668 73.93531825155297 79.00902576231664
75.7290255511971 57.15003929027159 64.64150400758794
156.993217166799 55.361076405002 122.1665497026967
122.7285199823293 147.1670505360316 28.70001264940744
153.3977374018866 104.1007181290712 160.2045078850134
79.99912960408032 30.30183449710575 161.6733716370779
74.41881226162694 55.05353937366661 107.9162321780594
36.11051692276354 35.21557154291915 78.99480074644497
45.78200456779606 93.5127155606604 150.3760125112664
19.75092604896353 153.0898776253187 80.84714557455337
12.26441593680775 99.2288664742201 143.7206506132445
176.641742535812 52.68410393477951 12.7314850057215
89.43939459052807 133.8718415085408 38.64147493050407
72.23260765557532 50.41546912933266 85.91737198490168
56.64798793367925 140.0189868033279 61.00049984427606
102.1969912568087 26.84458906015712 182.4978020821846
133.3153989283774 193.050508300431 42.93334578685447
181.0546909810261 53.90999194770134 178.5723942952044
125.8111702369837 102.3682129785382 123.0039389150685
90.28414287574462 179.8643168113447 178.4091176758791
158.0601278604633 147.3990140100458 45.92376266437108
39.67052949188334 127.4596697418217 110.8539048407264
94.90263899170105 137.1295675690697 83.90648083215932
152.8515378696234 128.5507408004954 116.3222446675478
166.7147825352189 66.02844467788805 191.1323277759514
14.4836151340332 157.9075137151228 12.20202272337934
6.735366400097878 176.9412653587815 170.1635896936339
103.0913151273574 123.078748773787 154.9118990339574
7.056306297679759 18.36659269802576 96.96221269792466
78.82801797875064 79.25968400572616 102.6529563851919
113.9311582896366 36.34972328172436 120.7170925303285
177.1174674117749 167.2929211597761 42.9084588264562
190.4581047747901 45.05925477769672 28.89353988099806
184.1962859944598 15.59333151707981 108.1136669610112
147.7367248881382 134.8821753614777 61.6399167507148
163.5789828856996 60.07280210225128 62.3692570435207
149.7994668567478 199.3715051158408 28.84217875015333
77.10156952455375 148.9307493832725 2.312538827441124
7.542020408795023 7.527371106092522 77.15015708136958
160.3838275939599 161.9846257876523 28.69412438997562
156.2845864716868 111.9850946241833 101.3544582066262
198.0784570089147 97.91285346518335 103.0071852449213
80.66049837539239 5.149203949163303 51.28271111666205
193.9006895569714 4.880711937754874 181.2967323777324
15.21126237101356 115.0677691584937 42.38924300610957
133.3149137122689 185.7551371984806 21.55546586484415
69.41172948767141 192.6518763463824 127.2101436418204
74.69633420452119 174.8568685007876 140.0806480088719
194.121070620061 44.50292432275513 51.61556881045959
134.726357741858 163.4086160874081 18.5756320240365
76.37996752690434 83.36612890472183 127.4007444470518
110.042076522474 159.0952058654961 136.2164610666053
118.1330583299153 111.3723181946961 21.41206835909467
50.36342141374927 144.3018283005649 181.1449526444612
37.38529610410063 47.71000567929673 139.2649599254504
90.02578337896387 65.97395072543293 173.2587459647837
173.009551280941 162.1484718780201 125.9905364915566
57.46508278706168 28.85283366125443 13.41571026531676
133.4868506936846 69.0296578351859 45.12854913633681
29.38354169410197 28.17666629467604 189.2645368329445
93.6196484502684 62.63989589069705 98.75034199101808
190.3423427827196 161.1694136080523 87.56576470526562
130.8579073353532 51.80854122678073 188.8388704580253
80.65454961900159 126.4458488131642 173.7187803805025
96.29124350230175 173.2193777902608 79.75233687843284
162.7228774309075 185.1403927092507 42.86568427432185
102.8629611444392 61.42766248775737 119.4322910902117
68.84454111599942 135.3520568306492 79.58045789047189
134.6252022071551 196.3610987084036 196.5143885993367
9.192848396706578 192.4568905742872 153.931903576023
86.45041583984219 102.6431549089989 4.999331007692879
162.6972788416477 182.8643921639655 20.39215112175466
180.4628455837658 111.8294825336916 100.5056292936451
132.4295956198628 60.58405311625659 12.79013702783762
25.01876902157465 193.9499110788318 72.62774901479085
35.73820088960423 107.5506986767199 98.74601765536255
187.218554599397 165.5746927656429 169.7973441229966
99.06646038163173 20.19494354818097 155.0003266454765
171.650524748378 181.5791817249713 114.5518841254369
26.29384568938748 170.4521164572648 63.27562579449482
118.1000201275585 157.2233053196341 187.0734608959309
22.24766214365883 52.51374130404576 4.388377438083252
93.66764374425857 29.40064341954732 127.8823611358847
10.16862654228885 111.1835198695731 162.7714674502154
166.3850039450001 161.9344091673339 104.3962807676068
33.2264968883871 4.440962707308603 54.38468551849864
175.42133232065 176.2148804619787 185.8550864512501
143.126014532505 173.3607879566584 37.80415964713216
35.35985147621789 145.0464272248887 66.63791345775276
86.46204858004465 9.959796630947645 98.90682673642085
11.0249639624677 160.7938630320115 100.205507629408
173.2441293864795 35.77946116367568 144.4571883839055
154.3897911775936 41.96761218527554 155.2488392697773
62.60124015879592 12.9623260821563 84.77279365332261
115.2591860174651 182.3472784115811 71.5588972201802
136.2233170424539 61.6130374363139 66.28849401721791
139.1638155363374 190.5981439549516 123.0283212095004
115.7989902693792 2.445658381788624 32.20271432637663
28.36948198050152 172.9250803684622 2.615703572375406
50.57196360024695 103.8013837629328 79.3453962884435
57.3549970440255 114.1043770982422 98.80272299136955
103.218563746762 15.23302584989177 113.107347998369
13.43985764165113 121.9198558419126 121.1364033114353
90.72748381334617 120.2196121064047 66.10809666282593
193.8967370212934 4.008843807562346 141.9810324421186
106.0446503790255 195.3913004716324 102.1164146928075
137.5899519422491 29.28544198719014 33.84748664677895
111.7425523749677 45.29681391640239 12.29592605556468
54.0073948462177 117.5994202418957 61.79399058514763
119.8261903546835 93.02191088661201 148.3592653408031
194.3704588657587 109.1016417815704 198.4510256640022
167.0076171612503 18.51133183609292 122.6573896962182
185.9862419575317 61.07623669291116 65.04278273340287
51.82141668662969 112.5129818482848 139.7574021828835
35.36579680079389 68.17807911533573 185.2303668574152
165.5104315551053 75.35592623886807 25.64916910257911
11.92994741618762 43.00243715221375 22.18742052600219
15.80506866234402 79.65947771800653 48.02728791271422
159.3165490840373 113.0274976791892 140.3167837319557
188.309512442037 22.08974632882407 129.3531779071196
6.346221056720355 89.70668631797361 168.6346813103833
134.7402917535655 134.6496196179527 43.16619416106705
189.3042121189834 187.5639238768414 75.23461736350986
199.6899722921872 145.7041579248889 73.54985760699434
160.2549443075219 97.14103135779499 22.81519789032454
180.5188033567543 164.6849983255371 148.243632426278
99.64058485937153 171.3327783811955 45.43667179731897
53.21791822038197 83.85277000418215 13.09912128249185
102.3312756624889 94.6269226905963 97.16871160931522
51.52519285717348 142.3031436133654 123.0760035057219
187.8787821594812 166.7262647827385 109.4258199446185
192.6900906476331 1.176119863015135 92.94010022269144
127.1732371725878 151.3079878189753 98.30681915169507
146.861917925166 179.2289494589729 4.699383890219205
2.913352172541565 26.19163786943464 61.49648417113119
20.98734508000208 161.2339707379705 33.91654815752026
140.3498119428837 85.68972347895392 159.1899939810414
46.11014699000177 179.2901343735685 102.8914260154878
59.35231902258047 168.8621588812929 87.72240600946799
185.6194907502246 131.6349184432046 62.85778776467389
193.1241956671191 74.67047952387811 47.23099266997263
33.38493597721099 83.88058521476722 61.56871304635003
54.11308160412565 57.91624505611577 177.9177169817345
32.2564308286526 142.028712452531 147.9095866018085
157.9090747222078 19.19383931242492 36.02199723703901
72.71139497492082 144.5269237363611 115.5634245645371
1.931590401310152 78.86884461216138 114.5276142788437
31.66642952941887 99.96544453408401 132.1768785712435
185.8243649505714 127.4007508717381 85.04497829205981
1.457402370935763 88.0257130496901 191.099385810481
3.757956544708432 182.0258644514039 117.8759082395763
77.81078528810565 166.1988148745474 119.4510455047809
171.4902101206135 35.96733953679513 168.7326064811263
147.8470451376712 84.22778236773615 36.58226624547663
156.6325721131934 0.2672060835204361 7.33060798594627
194.89594679397 164.953831806015 130.823460837244
181.4875961435629 33.69354593726659 92.90048664976261
105.542850201261 96.79244550784449 131.2709626306693
196.0396832438689 113.5425327736527 54.23673592024162
98.57073890665254 94.22541021687562 187.8972582080938
52.16570097476796 56.17118591567905 67.88990791932775
13.3888066678687 197.1779467206733 101.564632306022
89.38906619817881 83.34283689959443 44.24324352862938
158.1197901773122 199.646050535145 131.3377927306721
68.59027360555748 180.662853730065 104.6234784222789
193.465288546741 5.765595085538345 59.56012071246979
155.9192078417488 196.8215561255682 109.034851957472
118.3181264433549 122.5158073552556 171.5871728797779
177.4148162555101 97.74842439547551 8.138534545832476
186.5441421454321 67.21727705116102 26.90793634105768
149.4369524727794 110.938297807087 8.572704884498787
42.2291447341635 39.06758795757813 174.2106009236004
125.4326218456927 137.9436745712626 63.48265076252107
112.4167688859691 56.84358861164269 87.64588069973121
91.54114505372841 161.8298895180898 13.94666073642724
86.57533589266308 87.93001984974019 68.17719898906512
196.6144326226757 167.343423810069 190.2627250789495
161.1780662487043 199.3388501170757 167.3332942450347
180.6518011120009 167.816089941174 20.60427946957984
73.57631408823505 29.58952045466745 197.6002715427784
106.0725039198711 80.81683959427433 59.26071200449064
160.6896477806725 82.92378009681217 4.861409954594643
85.09819625748182 167.8582411346734 158.8705917157614
54.96117957848869 8.718366317251917 47.82375538788939
21.10244180581375 22.64738669527914 25.61884540550115
146.6746194434415 163.6131521315002 93.49108635870118
45.46201987948423 23.25654102840084 62.26840976537258
112.1002450156844 72.90735407804497 38.97904119522168
23.91789792752038 58.9732371438483 120.6576445449046
150.3216087598696 142.0325255778954 25.39209264836545
116.9586353730865 17.11308157521871 168.4396013632405
144.8640161316797 15.63850536542167 114.8613179544931
50.67066853351732 148.5822624925931 82.86490233549236
188.1807913469548 194.9116071205183 161.8508652615112
158.9668071533859 167.4147100790863 56.35394090324934
188.5932251303266 104.30361905472 74.45794532178982
142.4624399768096 52.51332405274372 139.2249411894076
74.55159435563404 195.3611215453335 183.1606732259134
58.61247513387619 160.8377035538031 108.8244561533308
140.317084733388 67.88333515441744 173.0886694471126
188.1215592415689 19.0626118570321 77.02080096714488
1.791519612621087 78.57365940428554 91.94144108936183
109.3547283642635 115.3562357439559 54.29231223064605
25.68698752805405 27.40352698328888 146.323719965165
136.2955521215267 157.7493457244611 173.698637928363
90.4050797343436 191.6690695448085 135.5688400548009
112.4516809658547 74.8549176429572 101.2778837577634
64.65790792606106 191.5978512676341 36.72861196783324
121.707084536226 159.4100326309963 70.3091708292381
10.6907174270968 56.01920662863061 154.4346220535203
37.6950289467455 163.0856938294568 117.0488909005875
171.2653423338439 70.33106488836403 90.64493641418814
93.60369550594469 57.66402460774383 6.978480596445173
98.11754795516586 83.65688115836961 8.692748210902565
193.9379369880981 124.5458756856244 154.5100696500942
80.3686161870731 3.594959287189988 74.18250396452355
113.2262348774757 132.3407977998369 191.2793723139694
73.37993100587732 151.9334156443497 94.23413417391099
37.32157259064989 125.9060833215163 182.4662915702221
21.441731646595 175.2644564722958 84.80559932625745
146.9479717206433 18.60784565883765 16.27889512846679
118.2881833715121 22.07293774732346 43.10290137246922
86.89447926284035 97.78496109972912 27.05476445401721
176.7282461087566 146.8932412089326 33.21601849666084
45.08026019783519 110.0302023911253 196.5375874844138
63.440928342832 123.7120591737072 118.3192279231714
179.9360308499159 53.7183187516553 128.154788507724
100.3576416536556 11.77273007842427 9.147783866847563
87.4050593106283 129.4897578121251 195.0590309436871
3.383719507089058 8.299485389970556 19.21840874923906
26.93795306984774 118.9726371087219 81.35817483325056
67.39152287183491 61.89043397603868 19.15455950368406
0.2280316036712787 23.18949706952531 195.5053590850888
58.6550376820655 34.16484565981008 78.05554531438388
100.7676660199779 136.6850982420882 172.7923248140301
49.36535964763237 71.89483551154271 51.02318483362639
45.89798776240497 184.0919691277086 169.1279950630362
60.4142821855744 73.72638624614746 114.6567017536148
133.6873522434286 115.0780340005133 106.0059221773635
164.5175457743668 149.1636491898254 151.8885912184315
1.143293309134975 4.428804239794248 119.1064284359426
148.1154525265673 4.398053045251099 89.23739636226847
160.4283125355388 88.45088481083549 121.5075796637667
169.2183353461304 138.9212970160655 13.41414037074924
64.45045135430686 99.33704605528185 1.086436680987497
159.6346578100221 40.74809390071409 42.55474798256549
13.92754756050849 122.6999479233362 143.706201540001
32.39213757046151 42.13093161193567 31.71532931393879
126.4931571156635 90.16249248354745 41.29095047775907
191.2819869775032 138.3218288857231 18.21734330566881
7.566466920911358 61.34852236331695 58.37493650099115
177.5724959115396 179.6465653668583 92.83929378079462
157.3729144983961 128.3132635149372 156.8336371697383
155.3061230945061 82.78989218862482 181.1349834702711
118.5971561542335 172.6290444612213 32.5707056769515
55.63662705156133 113.5285858115168 39.63516713982241
196.8056058818132 126.4123723940276 106.0275876848683
83.45316114837692 8.47776536696378 166.3658389267237
64.15460068504484 49.94910271613113 0.2384688716820913
116.8103737108632 156.5778727994979 48.363400905598
199.9766422252821 179.9741176972656 95.70083732395342
63.88252301534997 88.57483797652129 181.2346869726532
122.3775535291857 56.97050620578973 129.8991563000575
142.5088067602571 168.3359484445278 71.79824290728472
104.440868111216 137.3867798356789 55.15938811321295
2.288844669365327 96.3381046623655 41.00054818186297
159.2335191349835 145.5809208977477 88.2611069391762
95.38421155582925 116.6800759131293 134.6659475635098
78.07146001744208 150.069291948231 27.74867248632039
74.7146338288573 119.5967227185552 29.17342038991989
26.36434475341327 178.7325635780306 159.1302109543595
88.98086227147414 112.2182402826111 45.05653473471156
29.47322115724871 25.24930785855125 46.43712809618253
15.33846437771546 44.39787189323993 135.6307693863145
152.9615249573555 172.118889200113 123.0055858760145
60.15887311101979 37.86898149135385 104.5124554296511
149.147549862398 177.5817074841616 165.626587547695
71.66117518505605 23.58986595442484 41.83836449008358
105.4813619019665 114.6437708552595 2.987237661364276
6.019668276042175 187.8778571259374 189.9150634398659
106.7237102247774 100.427772447593 37.54541540884423
118.2268410158194 114.2061516290916 140.6839324879539
73.39408109643571 198.9140272797897 148.5448047979465
195.767603600669 42.45850856709106 6.416427258983712
34.02994921921871 81.06983745976841 165.1172038829377
191.3021195786152 24.26416397088593 151.6367047975953
80.27630027221414 27.17210060388426 19.03638388071481
52.26412965922678 197.7100152853064 185.9880883739893
47.6908252729438 164.0709981289548 66.69511883814721
123.2144229389096 53.61584315955032 32.20060699184128
64.64813821391901 100.0798554628417 23.88196483347641
99.07747007458417 115.8408752478002 181.3585981186034
14.69982369373186 13.61947152177391 180.1696070605911
28.05951932462181 67.33018356534146 145.4553045313269
40.18216145760876 160.8639390780125 159.2666717907062
50.21991941320624 197.1028764010835 116.1600630927261
36.33938246458278 43.46881128820895 57.969272478688
42.28539943160845 48.44611884769017 194.7870388376745
168.1103898821839 184.4173430514323 68.08190612313038
28.43649001660493 140.8882573496288 17.29155735794594
106.6489215334504 98.87996355021055 72.81186363328999
40.33683428084173 191.2385283435727 8.240857831845529
17.8425420213412 101.1485646881431 24.79453099910293
124.5596248608273 197.3494317814624 176.3166551067096
134.6888369714164 178.2860242822502 182.9670652545046
130.244245064626 99.53998402173947 5.114515595123829
30.52026259748554 143.7272062794458 170.3671436184813
7.228320827898094 133.0422956209087 56.42996908015002
64.50699173317069 95.33286043024563 109.4940881780926
186.6460796895848 130.311815830337 197.6117537034376
190.4291220603247 81.85876853263618 72.69709701422052
167.4982864276735 34.40573119969095 22.35129664209521
139.99787944785 147.3239606764516 116.4698630308115
102.6128628345437 61.63426163563503 155.0112325601392
116.3046632285787 57.13084210574524 172.4035770940221
29.61452080117356 61.83541304824954 46.66947559183493
5.494468154653668 119.2886431288709 74.2645562030952
48.35797792353267 126.1318385862816 81.93162965220429
166.0234637318165 23.32584491508881 78.9533162480557
128.3629136563277 82.55664407005851 62.47811459916287
112.2783237417134 189.4096170025237 50.31086689996252
109.3849314263408 100.7851780379935 166.8241400465286
63.63129950858403 9.670069165637418 1.414843318923467
33.23649984433974 122.7314746455064 131.984211298978
183.4194733284619 187.1254081217467 51.69473666954779
139.0335570059883 103.1635654062894 142.1572453588938
171.6961702284326 149.3958955166615 63.82088196805431
111.5888230620404 120.6341605894406 119.4337968495746
28.77883715698619 180.0118413293198 24.07160266484511
43.59832387785242 131.4888820382826 3.43474413230608
103.2230877367316 10.2636333542381 135.1424903682747
114.3907619829504 129.5152512659359 97.8652632923329
68.4220979884067 156.3446562374448 71.25149358372158
117.4890639683057 88.80698184645694 20.61904471398606
117.638526642307 56.08828738837877 54.69867874993594
190.6376429760161 43.97591426098194 110.8111192591778
128.9850007454983 112.8079538423741 43.41126770019709
4.195589840340676 161.5874789873829 152.7820088329245
165.2793214195516 122.9889262033077 197.8936893819253
16.52769767277758 42.0561075840949 70.05268767250902
94.11398718657898 42.95457400481765 109.8176704551518
128.6477665871721 174.5988839240517 55.09837780797452
67.15157458849625 86.67873102013907 147.7536532459023
133.343495689819 88.03645986056689 180.5358768838187
12.83553187083656 40.64147414502384 113.4905210843614
12.05122937412967 140.2162805800067 157.8447527310612
133.1098033285591 48.40773608871371 84.348548948356
144.8724298570272 39.11237680879524 176.3139486466791
107.2235623504533 171.7591382378072 156.5271987422007
69.39962521311735 166.2546062876412 14.59279771903432
6.781832677686977 187.5708779212499 60.92470436015062
138.6354687541315 160.053343034238 196.0471932464025
195.753332087725 102.7375758352321 20.34688237765423
16.81664064278978 68.35140383692075 172.340798172871
155.4820257139243 186.8117480001379 185.2460119971637
41.7643706591157 13.61231770363593 5.481235093913493
98.49835803723951 174.1036148522825 123.8985344055242
145.7596310438867 53.42888350978007 102.6648955169675
134.0456769854131 50.50640596628429 160.0905288964339
150.4339741508523 35.15951067389353 90.23018733796545
50.07275074753533 28.98417090062347 37.95483205822396
143.9677136795455 13.86344107664311 141.7216138859304
138.398926616674 101.8381564083671 26.05385485842007
63.49076933820628 190.4884890885831 82.68094684375772
171.3766083680511 179.8231088794082 162.2970154647204
75.7130337714333 82.69574852586547 11.40453658759183
58.22723845913182 2.848137359160175 164.8153880814341
122.8393850941976 87.58911162962497 83.79486649574146
158.1225917189743 4.657361075147881 68.98817914058307
103.3596416887461 171.1090346549029 197.0807372621545
182.874325466373 125.5398860024278 174.1785384635634
21.55305737168816 0.5265159732530792 30.16873022132615
78.88345224714759 186.0457734046059 19.94139923041521
46.42518132748234 69.10368639202211 28.80142134715928
71.20439686144651 98.29247995775167 45.61394871023666
102.3229916186214 78.44433706303784 81.4091500835704
35.71975955483746 152.0156041170036 198.2556758921927
66.13938889169516 64.74300813248897 135.0526185357489
94.11152623537376 20.40945710350826 80.39919657213832
134.4304346743279 139.6489183812876 187.3169245326788
61.77369599215717 136.7970277877736 36.02343498848158
98.66610971204199 149.0639068139948 195.5899048066096
66.41311578830089 102.6281855417745 163.7321247716064
156.3281285005934 164.3844230816386 182.6885475165273
179.4464673789835 25.086243652411 186.8583364949518
6.615153600234372 122.3875313967456 22.82481334770644
174.5716709637696 137.5539374912868 135.3244527353569
39.36395277549805 66.93727431786247 7.427461532791894
128.1849703806978 104.4592244631442 68.89900780408176
34.3452577938335 106.6807030270933 63.89724892093621
76.71424989057684 29.0978801948587 91.893827540739
103.2115112549212 70.54122235542106 191.0215361664169
84.4584574546387 115.4920883125035 114.931254169006
120.6036784154938 139.0384705165721 156.3549672684629
186.26170424816 146.5068554971724 181.8696360518611
126.2299625762558 160.4590760290083 151.9115057368014
180.4041358693179 90.98798963111329 90.76361853146902
43.92770492917109 66.27198259340184 128.1793977646148
165.9886974952856 129.5624291113304 73.83844135288352
156.5119714821519 88.94341514948134 143.7484993721652
197.1660818676056 156.1899261444484 30.72125832472746
46.51259275946529 0.08455719984954205 94.07824227469514
179.7497888449489 199.9876206487525 124.836487685355
111.2891904250128 124.4471748406379 74.87994757825123
25.54848985071526 50.90768920400598 91.34148008717186
45.86619365260481 98.90006620253234 172.3440387121935
192.3441785884842 100.1720950949368 154.3287697553715
143.5548068248289 98.71254872087628 53.37534933271242
30.22696607163263 109.7559642893395 152.4823830007521
162.9976335605884 17.14964210352129 100.4693741873195
79.38655584060254 130.6874147152375 99.00589377241191
16.31519421126899 43.5779566979677 47.51647749249776
165.0243124338414 42.27937054535082 189.4350875612849
9.709437758669257 143.0759951901864 114.1549191651867
39.21622737090787 160.6795628831182 18.82141357198574
5.306820957862029 167.4420021184316 71.06833191366506
13.94438661526814 113.484185647007 99.00145656350816
12.25824468843141 106.8519173884561 184.8419887273287
101.6510974039971 199.098272472035 80.27162410136972
79.33872882678368 6.821891558945059 28.79498764210089
197.4582717546814 74.32442644831299 154.6836438765959
19.08987197384337 75.97943742520232 3.250896764024829
193.3777814603883 82.09072553376177 11.34129717097496
165.347283249368 166.2071834436021 3.422143878890353
10.47105591850431 134.6643275464164 90.04628091313222
30.92739368218848 31.57791764320476 124.7516773352462
84.48453890825499 188.941149896102 90.87271480171809
106.0976846442181 48.14541758794387 190.4400971141376
191.4009248956862 104.7439268903857 176.4296518198649
65.61840814059994 16.08498572390174 106.9400397627165
22.81743807346025 86.90865263428876 183.8369781454929
77.80567299343814 161.6591512013256 183.2154922715863
64.22538453420732 132.2112868490693 194.2562715978003
32.74931241147249 138.6685119632271 92.39302356550377
53.81315878088315 89.22734717357835 129.7028708329348
4.166428793370836 146.5258898723092 195.6413600207536
44.26759110832793 127.0688594069101 25.57650972197967
124.5318420534965 176.2528198820061 3.040500256237432
94.43431815613427 61.60469891268207 47.7419684989999
19.23587887077677 14.91581605683657 4.476935727720535
106.9672554566026 25.0666151390653 62.41911768705807
189.3744596432115 9.894703130856863 36.90059859754153
152.0696206200981 67.00243113390819 153.7609077255401
130.32605684088 121.8672431559392 1.678514570205759
54.38980413679809 175.7401008114865 149.9348363432428
90.93897111742324 170.072497450272 101.4819728880001
49.78681615420359 90.39908527345993 37.87002418085984
182.3198853242308 88.57676477132094 32.92199944067178
79.21099786335465 105.0084057394552 183.5189316578853
154.3251063051674 143.8409702024336 197.159080146217
81.07273629755906 70.79660298122833 81.83037485531544
138.5765907933552 47.16339155179814 47.61873112940399
140.5476494374822 82.06521109413018 15.04981418951049
7.558206651760423 59.7203538154336 80.90459587442955
133.5596152763547 123.8429611415256 127.1828134569493
195.5438665837052 129.6314452177775 132.5601991969148
67.08610432769582 88.39156327450105 79.58769466754056
78.61145468336565 19.80521477051795 141.7200145099671
10.32241334251563 79.889595752433 26.11546624226588
60.05399929252065 13.16131514210874 128.6363779603224
17.81987023441437 192.8410331958995 9.053096537088136
42.65159718299442 16.98318103256226 108.561694241571
83.72069325897839 50.15921624343904 188.104019427176
129.9654000670159 172.7084011106912 133.3039287691946
188.3784057297037 64.24348295750009 197.275934613748
12.94744813527927 154.7601781317319 54.00862168461967
94.723271854884 41.9218620007252 87.2610017982383
114.418740289753 132.3259216702378 13.83639552224659
62.29923966158928 187.3557731578254 4.661032431320312
185.2866341229156 8.561180056126535 4.049667007617984
146.1435268160563 48.78960355425118 26.32012861018025
157.7360200720987 19.87941757397548 158.5882422290734
21.05203442787265 14.04766729241993 114.4847763323478
197.4365457298803 26.44771453332365 173.2663119134257
93.37161167219898 147.7436081285281 103.8788589986603
152.0438814527561 137.664975820746 136.9744801844479
36.78385233581938 85.93142225643682 115.2328914074663
125.0688939102962 171.749565637754 88.92842846063466
29.59297966807524 195.9041472283336 144.8140189442156
188.6414632927803 146.171731066362 158.3195018476655
92.15455704045883 135.734012196361 122.9715327018628
115.9893195233102 10.02202777123265 192.9358256548649
40.38432842881516 170.4464723973612 40.92561907191563
92.03006478425378 189.3382966173785 157.9778939323085
131.1186467594012 195.3793334544893 143.5869614001233
162.0760082536935 101.4192302030235 191.9681663355207
147.3765364410142 186.5655557076614 59.37935756444683
26.96270082979858 118.6252949855097 13.76604888360366
15.56632374687785 128.059744840743 176.7821646666591
142.3447936373969 145.1541676883207 155.9502035316781
173.7806294498165 40.01993383851703 60.35677183640844
115.0643531094503 156.1204334270477 9.42987948720554
116.3924599184799 195.9276932222697 10.58319822455393
151.6490332868616 62.36463932501753 82.77246367039925
113.8031530544851 36.62557890655295 98.13061238390289
61.35654168252255 177.0811938940883 184.5666703780454
81.64657966174465 169.9770242717103 59.02418116269453
133.4503467627008 123.853732873741 79.21258922263507
112.7521605376011 177.6739259751128 177.6148085355308
88.37288753288809 46.98276777246381 26.26287329655485
114.9131550215562 37.92701430633861 159.9050954629032
103.7804236368153 46.94479131334283 137.8911660233594
173.3068660857695 13.14274292819566 143.6749709521885
142.2487760014013 102.4279362521788 86.4582008445701
111.6318065615624 164.2217713481602 108.4033017124923
179.2569345400444 29.66078762131882 41.04513570012468
188.0709730136151 146.5677563403441 119.6159114730752
183.7283586650863 168.5018776150057 64.47405618983215
136.6479032183986 124.1822207966219 23.24042677413155
179.1398903477437 84.83700176984932 189.6842478642758
42.13150180421322 15.1881621733181 175.8843456372225
150.6747861279416 113.6459098822686 68.75506542040799
51.96291323352092 196.6618229958131 141.7719319947094
118.4026966597729 183.91846535768 117.1461462529816
14.71839389328414 10.50503707403601 136.1075593362347
57.19641772105037 9.686779646935191 25.36694848894708
42.54042382975967 182.2587777314004 80.78516923433057
97.71653188918179 115.7772122844289 90.71830568811856
178.0030349665282 14.40716356398883 167.0060078749062
181.5897530198362 110.7796199297974 37.01358170325372
95.67361463123892 44.37309687200379 169.8313340443064
96.72620803100466 117.9445791702407 24.37730528157666
182.7006836409901 188.6180985109731 29.16705413202401
100.5924934450056 150.2412130127491 154.7246402147094
8.582506255576552 98.17921530532787 83.01130428559549
172.4355183141072 8.492193566019404 51.77833779155504
33.62626188468909 34.03680405568339 10.663024446849
82.34465687763711 11.01477239944515 121.2497363228651
140.8104920046544 124.590771431691 171.7353976129424
155.9908260730098 61.56228796222326 10.50474154242803
71.35587903507121 41.1364058758855 143.3256129857121
23.61334678081101 49.1443299013355 182.0943577017682
121.1115918383248 17.36345223623141 16.09446749932291
43.05502420069226 103.387411161963 18.13439106333828
9.073352625920485 60.53789566466601 103.4274253128069
61.23203868258906 69.29345483584891 92.52261894157981
41.00725255332441 67.78034694059785 102.4680154499599
12.80104720308903 79.72992997845896 70.41508892262912
95.22800459725379 32.92511902625278 3.106100534262884
169.3068992320558 48.4100146066871 80.84657625484597
2.506488263261795 48.44491902661022 174.0786829587325
70.26131077081341 105.046838104438 129.0585026424944
57.76169828358212 158.768697666626 32.44659166033406
184.1743215122098 153.7264157354979 3.303550896680689
19.78114999417475 91.81506953500856 101.5752085615294
87.74401452120514 69.54100924004733 25.27720950377445
42.3009338964123 165.4019326325955 181.2929548486719
79.56388930778468 146.3810152075298 163.1529242451664
166.155743463902 20.56101828580871 4.553466357294304
154.6848186945165 142.17883193708 174.6346909851928
126.5746452787638 76.22207792055657 118.8537332013851
129.8829277712479 69.11013183445348 147.9737890687553
122.265021246545 29.49479145052431 78.43820806049483
60.18258985731069 118.7026254742374 11.9031688987453
141.0446905838778 108.180306331773 187.2556999187202
164.5162494354425 98.31060323286246 44.96723565247274
54.28749916926999 49.95383714189976 155.2068906738741
133.8876858085432 168.4861589517123 111.4629061941547
188.0659228147176 55.251348344767 91.40771712236925
193.6751960566951 45.40437438402056 144.040496343848
22.93841187364915 184.0327519714724 45.54006843703641
141.9499632076182 134.2486163593237 97.37686717202398
107.4937391464177 155.4284467972161 88.01223062952188
10.34983689572091 125.0584291828921 198.9812996546609
184.4678161236382 94.14912619499916 54.70680323427123
120.9672831450038 7.767195851393645 72.39924218591074
48.74118731310976 49.21545660471144 17.83154385492962
133.9240422260064 20.74344021596022 95.69285201031019
149.9445603412513 77.55961519263866 58.06197308526988
173.2871668359024 73.69510999707001 170.9267007154446
6.201900196134206 154.2816013847365 174.5238787933627
118.5814787565625 105.8438534104133 186.8258673311768
140.1883328862894 6.247404200584045 162.6488955714315
100.1893528992102 157.9165142683599 63.60104715909062
150.544567659914 42.85455081519189 68.99309328263439
121.7576907512536 79.08052147181627 0.6838364498124392
43.21828475846532 184.5694410084235 58.32536194146178
144.9350964988536 73.69091689637924 131.7660422219199
25.30958235240292 62.33056628218701 24.50049488373249
139.4876820515012 13.60094604758897 49.99157516974137
35.86499981706451 160.9281769368131 94.6382150215716
102.237904489402 28.56997825381427 24.13301546261953
11.45382192831862 99.41889097201529 121.1475297013135
80.56216488873552 35.93605359904755 70.71187064868505
147.2724220952776 30.40326168871767 197.017405876741
74.05908647380572 116.8524854158243 147.9382134159422
52.39693848375968 178.5518409510419 22.95511579681698
190.6631213413429 150.5627471690967 51.60877374228274
22.43599449108918 193.398308949822 123.5363226996538
157.644366091905 24.38913741822683 58.00337299295204
51.70342813456963 30.30222058303453 140.7481878993
26.53942698012177 29.75671497424221 99.2087917785461
134.0823636448692 142.6456018353707 9.702983693478695
119.3356368067995 78.46351219244761 165.6234375267305
71.45839359894111 152.3579394191462 49.22585113466096
161.8207145876407 117.6154456880825 176.2247362480993
169.4205421935778 113.6761899232745 120.1244539200813
69.08488095804516 79.80817505928511 32.80473892030158
112.370497641701 14.80732738696367 92.46023691461416
48.59300156207931 50.81099127715228 89.54046325136052
130.4498864221862 144.2882956823693 136.7148849404773
135.9066507222757 41.56769063453682 120.4146736673425
82.21023161108434 78.81041990309586 190.1223741230077
24.50336322049098 162.6569233063057 142.9488109535761
171.0088438784624 96.1472043746675 171.9020165688599
113.3247003829513 127.9594972860335 35.97187385629253
66.20780253067463 155.1706575664507 147.196801590724
71.29910297568003 59.5875327208261 42.62617068625108
57.25354265905853 158.7378780294221 197.0938638798125
29.14648262516333 144.0169036326716 125.624702988033
111.3175246784191 67.36560655675372 17.09483244068653
54.06383007991537 92.81924629428417 59.91752983697058
142.2139704953722 71.11280511207298 195.3645242895969
67.50336535377292 16.60826144856882 180.1403666230971
94.16228464888262 21.77466306355887 44.10415528177711
84.05069901364602 51.9892473231232 128.1171305306001
5.040888216203984 40.37479417782639 92.29115664510147
31.7379912974169 83.9462745896531 20.18598455555778
178.1955510664645 101.1496280704791 136.747485705593
119.5588007933194 109.2288955109354 89.38023124363458
170.5939180152078 0.4136569818702472 87.33754704309591
83.95613309565547 41.59344807616424 47.74981808685286
111.7216218151352 184.884769945065 138.7023549028753
109.9206244422428 134.8673911075528 136.8944494906578
27.1333763173977 97.96206509210491 3.057685724390748
2.72955231530754 191.8117485083528 39.11112780087683
26.88275685772062 9.821681237731408 88.59191407479301
60.86214560983068 172.2788973083306 50.28204086139873
84.35620913449077 141.8305986321856 64.49217655379671
169.320648823356 51.02812646984824 103.2828267084345
165.419074877668 91.63628483944572 66.58423746798378
121.4258597817133 31.92415941304865 193.9271431162586
82.25999259110584 70.03288854674295 149.9651857801684
112.8398142129155 198.0707262187618 157.0086950639796
86.86610921942371 135.2140527353551 144.9260718456395
28.75625885986861 131.5787968486877 49.74847710699365
195.5276301515287 189.2870040999514 9.869330428015791
23.95288711402501 177.9910729833489 107.0878110676934
27.61289890542242 0.05294528897875406 167.1643703962958
72.79561506115505 106.083480184188 66.75650017681856
87.55943747417513 156.4882236539705 137.3650159060411
178.9054720834423 143.6005000641349 99.18495589621774
1.695268277284208 58.70074444274709 124.6978066025213
132.5707742821438 36.58419512751716 13.01422901307615
135.7327399284866 188.7796376241448 78.60855030855866
70.60689855735005 78.05058040531878 55.62148582736683
67.58677527508989 18.88804745641795 63.55317115203859
132.6541141799636 69.34848056782833 92.80540635562146
12.3865400184691 10.58034730954311 48.20028963093964
72.80611640369725 126.3002834200544 52.73512375109088
86.91111413925546 12.55999869980524 191.0145612860102
86.33064966029065 97.67474356378276 143.1180024416308
58.22413990280716 123.8168462318861 174.1625183402677
52.05597132259965 141.6542830585239 158.7760677721412
148.5189968193757 180.9783729210773 143.3037357008592
180.2108081921878 118.7658856083445 15.92898323214579
191.7539652161576 110.4710719918974 121.2130387329848
158.4883329338793 18.89503730218535 181.1427466065802
46.09197485482773 158.7570041913482 137.5670359144721
81.70581273155369 177.2025216458555 199.1351157030616
