3 1024 8.062395766696881 0.6485249999999998 1.4 1 3 200 200 200
97.10870414788128 155.1588312018647 59.74250445059177
175.4506604005125 92.78083630133854 165.7237605269436
49.57655100326541 97.9762171003927 121.735295620802
140.0734584435571 130.7511741502448 56.22253523237229
63.47953517916605 123.4472518294186 193.7071970068482
40.66446411860293 124.5163265160749 111.6537549958839
5.034864418651125 90.27686880044048 19.48015014231586
18.3903984946713 189.0712030683613 62.11926168584763
165.055961778931 30.77155456650587 172.9559288943312
34.13922251204049 99.44922972132882 160.3463102275859
1.968041184714454 19.4983861330693 101.0915167840811
70.12366326141351 38.14049149910886 94.10296355948988
132.0043073442823 192.218647640592 44.94227489466902
184.9086345630553 38.69375595150036 115.0069385236707
181.4536374767543 148.8615141569742 87.36915963589524
181.8528484780292 129.2627579116707 166.9252264440565
13.29563140740427 115.2843209269559 140.5840287282303
57.26125276340895 178.2336347030991 106.8261486932018
105.3479515086613 178.2123836876105 199.5070101774499
39.28982556238356 194.0828161982011 12.67442276888537
178.2114031926178 71.26180672660917 33.49264209656441
123.7057004501238 176.7173676051719 127.0855418939728
156.1882465708635 130.9947931803151 55.71433001185363
76.79079117526378 72.38769253212527 147.3421502753264
81.94228562840496 16.23131494982259 51.20153469502225
42.21083764453385 19.50272405715832 146.4206775109104
98.82360538986859 96.51345486356186 152.1193742517456
176.4334587625623 73.01292377128998 177.1460818536355
121.0285584605001 174.4437964104353 2.038061792700183
100.6954732880488 159.428291659169 86.94119403784487
167.4195467997021 61.45220170977232 40.37102349178436
57.2033888679946 115.0419374003937 164.7703704655102
198.4927722129453 7.227824960775713 76.03360209293818
11.33972076802266 180.678153987732 136.0082798863028
62.99074456198517 194.492362934298 38.22311477386715
63.3204051542879 74.74445406340433 91.67599198591998
114.3959676414406 130.9562541364621 165.0980476377718
53.07220504802311 104.3652572009671 47.64981956555288
0.1496733333216999 183.4874379981058 49.35776374425287
199.1372641650712 105.0789860201494 172.8505651423443
50.41105732231571 156.7240168837835 106.185632972576
125.5790819552086 107.3074947491259 8.603243527242229
7.869820332003215 118.7771428347962 104.358141317349
111.1816152932786 83.82186371914625 91.29948977896784
94.21566737209801 66.14979896418974 133.2012440062965
93.55481038029339 127.4008258639253 45.75102738593352
71.87077810730219 32.3605566316403 119.213368538136
2.89756746270982 186.4340321865601 119.2413629216227
189.3496847687608 193.9389773839561 77.21537078569204
97.29634402024739 169.7163629095209 52.81058157476627
9.132057882828155 128.5699962790721 117.1110907667911
77.44450530435915 166.8239497722577 174.1461579036535
50.26293682083916 46.6933229304926 146.7343218476024
73.19160489013642 22.57080570954555 141.2997320001343
10.48638266354398 62.84642712933065 48.80656033152045
112.8109601223887 195.1929928912548 91.83047577766008
196.6999466210764 88.16736434857695 70.39517672829815
38.19708103224612 147.2602192654168 129.6274892517705
190.7160377803774 129.697580228047 153.4618793160822
163.6840847839776 176.471731546921 88.08020615151008
19.6654363750637 175.6696870831794 180.5932643876593
52.06167263774313 175.9674658438478 156.2380886347977
35.59308364999601 135.5899146918252 174.810153878657
80.5121965290616 178.5030728733678 44.5968101005942
155.2968813350478 148.0975596541538 41.73101181003691
25.64313649818617 92.5787187537226 39.11743091963513
114.1195448132926 29.77645043130232 179.726162104677
18.41753831045372 164.8727181962317 33.26481853407929
63.49974022970528 115.9407200274163 43.49241471059219
59.59904736390826 15.66913873218456 19.69862232742616
48.20533241984784 36.18916983645415 77.49097065858655
35.87538582469714 42.01667994638763 86.09444531753542
127.816636479844 105.3736876197051 153.671781685129
87.96567113338629 158.9297415275839 74.07811957638536
41.45186516394219 65.79447317061333 180.8588680956618
8.865162463117656 164.9482556887816 128.1621384723345
108.3333024830398 156.2179957880073 142.8957699629057
17.61863167661402 171.131957530832 94.42227038109586
60.31248815923115 1.639556709751345 123.2314067682556
176.976756173402 172.0225703530948 122.7529605929348
27.43474098873586 24.04049474566383 60.75373924084733
77.96191961494355 53.1107749391609 187.092519576379
56.02354793283649 6.429257822269685 100.869429482268
132.3514004940703 127.7665040305701 70.05969864871504
158.3390796329473 177.6142966593632 190.7343252834889
181.0643574402622 56.93613690297345 68.49412317292703
63.14025290153943 56.57926045237107 178.3113403753702
155.0016570705973 139.7272268876806 95.71497832385175
136.026697988093 91.43594679785149 41.18272807076492
21.50444222802902 163.9994996524578 52.05885608874422
126.7433647380176 112.8284927170082 72.38660141157501
88.54876124055646 92.67406581888636 43.63859876604666
163.9289611334812 111.3512263949518 142.8446611386766
191.6616666696018 74.3932266488704 182.2647910733714
66.68022151397039 149.4197531429833 83.31526771631803
35.73983928495449 53.85473219413657 171.6488814200456
65.48814030655221 199.3662752440244 64.47197583140962
192.4259734754253 52.93031313236826 114.1034163313399
156.0796331046289 13.44548917230696 197.458405909828
22.49462722082349 151.7200441716138 41.65487189918792
30.70909694089227 191.285877645431 31.57781794441163
59.20619915282602 100.742381287522 134.3696463319212
145.8215313769487 30.99338076703211 37.64354108560832
41.22372436491431 52.04623688591315 189.2815688114567
196.1808418813908 37.50374791566973 43.88593992121842
69.3121091168269 105.1311371455298 18.73565306685543
18.72941667210212 11.84940445175903 129.9815100041858
16.9777975623956 98.28688691562957 26.77492627255492
82.68106044014219 86.50580176871166 120.1796128880642
68.74511416947556 16.50813088547803 125.7597223896499
14.91504670973555 149.0615475080729 159.232712143475
157.7213589459236 108.3377595693564 14.17123029467277
4.702992145683373 173.2997165614598 34.21621782574341
63.03311891032802 193.2882542045825 107.0487546154441
136.0818826329347 79.69377290571195 18.81617126781303
193.5089609615063 71.68020868847155 63.89505213219054
9.451961328953635 134.0230820937645 132.4216009065504
133.7437477004291 91.41900307617827 109.7265008901999
38.39126061361657 87.44205918578598 126.6270852597903
172.5063929593506 143.8964941694085 153.4958440526222
158.5635237731373 124.9830299257578 197.2654619407463
23.30539105085341 153.3715782644816 128.6808909407966
133.8303805527646 154.8139571673082 181.343936212673
175.7868856596477 42.0374382360632 168.7209095734681
150.0689470283854 48.20301844725899 27.67978355166708
187.3749476125302 51.34060189861506 141.9561540823597
101.1161512177903 181.0228024189619 155.0019122757205
102.3079767475974 98.6155342174789 49.58757381538341
187.2021995384936 137.7292599772475 34.57860497527497
98.7303589181553 10.53649755175797 135.8792901273886
163.2977796577703 110.9083521092242 29.08104218809919
120.3855239968804 53.97497677468322 150.3516607101981
199.2589337494672 54.38578692307475 94.34796078743058
175.902924235342 144.0320384645524 169.4698593263968
4.548867571421895 89.14759410054867 35.73275559038437
181.6268470789666 68.33319747450008 53.5210394446005
172.8099195379357 183.5055835283018 112.2276584735597
41.60849282793449 95.27593398740717 40.73096381107344
17.0759881717616 84.01660321967962 104.1817793781962
38.62034624774985 157.4765846811065 117.1593085697352
131.1688126815984 28.03467190287789 83.12882277451128
80.09912332217809 167.78801841016 87.64872741788162
159.9105498728287 179.5265958207022 50.90074220306989
88.962584091496 143.43683061364 52.24291006824171
63.02407144238531 183.2685920337541 169.1554045048776
198.8945092994553 115.8021809812074 153.2732996301886
46.5913338105696 186.5999735053773 167.0561203787606
9.697952631635648 79.4200378841239 136.9600510380604
103.7591041978633 25.84558920311954 136.4725545142607
180.2211628384533 119.6310997905133 146.4955676226244
109.9090129984995 104.380576590779 178.0928733783299
37.65200050656057 162.4722489562379 134.9472273647641
91.47318983090095 37.56670149392375 139.7195231949614
53.76466257322259 24.548949322664 42.21296731856035
119.9079367514943 129.3019066181197 180.1608942994001
116.5507391070767 7.441975111657967 1.84449829749587
26.35375648389862 120.8311613934133 73.03173911482341
153.7423252164672 192.7492915764297 20.73295869888804
58.77411800223256 32.82508368941436 109.3525403355071
179.7428527204521 136.6320659273002 17.07452132396174
24.67802107689732 75.96937870516469 13.68661082812322
187.3345210444353 160.4692412457764 171.5682289979336
174.8797249101639 135.4994969748994 61.28583341036358
183.8242508591067 104.6741687374156 141.6669934956394
189.3784645946471 179.0321854070791 114.5026515601795
22.98148903397865 131.0509372163318 165.8461394240676
72.57441360581971 155.3258644063409 184.3483319087993
94.12830803244128 25.72838385069311 91.69868501922537
179.1687676612226 4.104131886595209 69.93351232194503
144.7186343793386 4.153350071260263 13.76671554938651
194.1095315669586 20.00157716261445 183.6011802918703
51.14246813453661 191.9830414968571 136.2234661369044
7.565776273056559 177.4554515722512 151.3503010823094
143.661199357481 5.245902685235363 116.0133402820075
106.4229728997023 120.247684872907 52.3795396174608
155.1701118970866 108.668504558775 80.13603139829615
57.26441344094295 172.859400132066 141.2956358297461
40.48422642435627 55.70749081529529 4.967765368948151
138.834298120437 76.57896915303952 113.4505204368183
110.4046078349895 6.818079687501886 103.219463951792
108.0893771664521 151.5815265828498 70.99576648303139
27.81136966429947 139.6005395242504 188.3515065909629
94.24141765786821 144.0812824887645 74.45825171344418
55.42002580915961 187.5735269076137 183.0802442699504
197.5317069479244 60.90662749895868 127.1539105531486
3.874661737938146 51.11379101862876 39.93873023189422
21.36617374327717 85.91552546770951 188.4414507836042
90.76997570046728 106.3636162125301 6.565879881078447
135.4836651465378 145.1206652378541 45.17765572653381
108.646866960612 144.2529391444167 118.8389161189707
197.3135933270086 108.1466896703151 9.40462228139104
41.29293791863755 147.9648209256047 185.4714288110575
3.615715735383894 196.5949893196678 15.54630818280924
126.2083827242318 7.140050392787447 34.77831848034061
132.2254580185651 160.8960898647123 45.90461033499554
25.62600782642835 89.73498752788491 169.9986288847859
122.2652363109774 123.0223067170057 7.164791442660771
154.9016702496305 57.51772366265378 76.32527300165256
100.6123681884761 92.40019495893199 172.6111821786551
151.3872092804637 193.6802481284435 165.2420741446691
36.85689024538095 90.1389388105937 0.8642297533809631
114.5009264759171 134.7075010744097 15.11329085635754
62.94405071306952 147.8048036853487 173.8270432128659
152.3034902127321 66.14416036897882 153.2135682154708
4.100218935418552 49.044039305299 11.10492469388602
144.786705787525 116.930729143293 24.35297483225551
86.59785208694318 105.0326895957415 145.9583085444312
11.23863654055494 199.4372180931739 49.52373539079517
183.6525549567813 140.1105657525588 74.00526120518131
151.4630078013393 165.9874582618726 53.21136326439598
59.76967765287537 102.8071353702537 101.750876250845
75.69519200947609 25.5096064140728 161.5079768952785
157.4237775646802 44.3457346532041 65.19044877363882
4.363824344634382 177.8582082135358 185.1844705211691
81.83635842791287 48.85819902030154 67.17882890175377
97.41124746066973 12.22292457664884 46.79895805037683
25.53567789801097 44.20922311637062 119.9569524429551
21.17709732588779 123.4538846742909 129.1320795316697
88.89501700352233 64.67223749040438 38.32292342228406
87.01281595599248 131.1333306548559 169.1160026701591
115.3003846915653 114.559731439626 119.0032157955048
104.7064313113638 154.8385221777409 101.8694761870169
73.53230706324037 68.57785197645136 181.1480991458303
187.1537827284842 151.8981608795355 26.88129740044965
165.4615083568036 153.3653626340264 53.08606095791543
85.10228577933523 54.04255109708839 99.84634397599879
169.9210660966625 85.76244978374375 28.73692012955463
46.2933838954076 61.74809849701445 162.3577126437005
184.7944956634304 103.409517845274 0.3941970238160539
25.76186113013703 118.2262527866695 114.5835422039335
107.0098762630904 128.3030966202183 120.5504061456569
47.54895758925787 147.4694783480339 169.0432133715096
38.26155558852776 18.34442269790449 50.24930370823179
106.2394660175869 84.41745941060907 159.7808484567652
51.52679326952524 139.6202158876694 14.48998874752424
130.1658504496691 67.50137162977973 123.9077573390841
127.5580376664905 121.3374438294229 191.9643725789147
120.9119966254595 115.4528671151476 57.58401756821453
76.85240450687174 38.94973460080334 133.0615913398839
139.9090834702938 42.54853672663941 146.6564779719801
151.952295793387 60.49499474081583 44.82666679365227
6.646348722623086 56.40948134580886 80.15858708112636
189.3154275220857 101.0457703868873 78.48911173469358
16.03099105364477 52.37958600130838 67.68078880187453
16.29969429429305 26.85741412234058 100.4159366545149
149.4954261383692 125.2718009507326 168.6174180678997
13.96967358597199 36.43010728306263 70.66283016261951
33.5651385766313 42.51073814083491 20.03957735126295
87.30804372516984 159.1918135370462 189.6381938600675
77.04048979306862 89.39638869270557 104.2340436827983
6.567124186878035 74.07346725676331 121.6964219540508
7.561970059282645 56.2535668868239 25.10659644510282
66.98592259001346 156.9486058750454 199.386394738665
101.5749675637091 58.40767626749911 83.44341758071677
107.1532237180315 50.1984508164556 49.29901190847801
131.1992708668673 38.2782660608972 159.5371927752145
25.28915576581509 161.228491504204 192.1793207339967
52.08011076860999 35.10344004399476 58.56434852053944
174.4639011599335 144.668354442302 105.4678725664069
116.4803817620275 65.3592012767492 93.63706155614767
91.95883335353484 162.1343530055998 151.3387985505475
48.49020253466937 101.1834894474271 66.17797587804947
164.2610950957132 106.5854521281837 195.4008373568369
119.6955643479519 117.0611091613625 25.39314923321272
137.5362027289323 47.81522349410668 42.41720628906724
146.2000932329275 75.66753511385062 168.9128262756565
107.7684288330154 139.4413192528067 54.43038229763951
176.7040511293157 193.5728647065601 187.7555988496349
183.210843728971 110.3247119967188 163.194507452842
54.5078316924358 160.8558927099646 55.35184122276127
194.285876756473 31.69719332913 2.789831866717206
178.4634862985721 166.8477868680382 104.1674494792919
165.4143113226496 187.2038721336301 6.237662962181664
28.68625127361899 77.80161662987669 140.3123396695736
196.990252525598 88.40958015504836 1.216630573024664
185.3790490180801 8.831791311737058 146.983167680734
178.4613221705127 47.73578298359354 4.190872127444735
174.4965794555163 121.5751819339136 105.9024378757946
151.3788599711602 13.42428503922837 165.3368014118523
21.49520730926648 128.5508149860127 4.867548056418286
165.7366828268106 29.10383736340385 3.455518868724485
145.4383871808622 116.8876300772868 185.5776266132499
21.05953964101073 129.1518257234276 39.77579198207471
41.90252212749042 159.7085846493424 153.6208979132455
62.69286062520472 25.95704359278527 3.60539575419007
108.9184250041533 167.0895292254722 116.2424006210913
80.38383539088208 163.3399778349553 28.89053513210067
36.09905084696251 84.01605608807564 107.7216765778362
168.7847728057305 140.8332316911685 1.590430105647089
181.2927602435082 186.2965185806963 93.06116910559808
135.2451088361127 166.1203604892508 64.28931998695461
199.2178485721445 123.4471241411407 39.68301763285218
52.09197055666604 43.60167299703109 165.7477053742738
26.8822172679478 24.22390156194733 80.09472481213585
38.98255941535293 114.6552676632925 171.2884565789346
174.4797291749252 87.03927720910944 0.2111403211602098
176.0271813693956 100.3604916585391 39.87357284201934
85.01733968435045 182.8500353857083 144.4238440470105
41.82580673454158 7.122686426571968 31.41706897660098
30.60449921049273 66.50276919287579 120.863535309694
97.21746335454795 177.1149989517565 34.9314186172228
93.33452325063207 41.74022023020007 158.5217540278146
187.952209168636 107.9553490270521 117.8632179610838
52.76724366259118 114.8543694043427 145.9370124896053
173.5450958695459 121.7330296898758 128.4563633623413
185.3958138419542 115.2645162094039 185.1132467530013
69.62245598596859 164.6086862058964 71.69429695560092
166.1944209742546 38.69696587609233 110.0895393709178
42.46364269919101 75.61499641647445 72.43132914947265
61.86843903093815 149.1993165440223 154.3483736033854
119.8514110824648 157.2702387405549 85.26828323544666
157.0601706995714 171.5087211571957 109.6251655879551
101.3760686417347 9.884669092907691 13.59922095649974
99.90985470864759 191.4015897583398 52.20162680519127
176.0867243214315 78.2068622389168 69.21270407328018
194.8221982992597 41.87239406877178 172.191017433964
154.2157042045629 88.31302678349479 117.5412905347763
168.5637649666299 44.2430919521838 150.9059267113219
154.5755023112636 94.39908974164751 58.66178259667191
161.1917047180016 28.06136778654956 90.81589116825806
32.65932368380809 104.9043383371504 82.03096913762388
96.40299146175131 192.1376689461644 105.0047085033232
3.665225454490891 150.6806655001647 141.1958444397315
167.2907672251537 76.07282176560956 160.3695048392804
1.348897625415592 96.74214766891822 155.5296280481585
61.04239034046817 82.50434373640803 152.2461724584911
86.28091664140216 66.20310422874205 74.5143186943675
179.4253341885501 32.40716691239034 185.8111665262913
56.96937497023461 74.06579200702157 172.7840889139647
35.29724412486638 30.35990632909757 101.5280752580962
193.7789859817127 136.5431281003858 57.26859426827918
162.6393730590493 89.63311669241364 84.26297635288677
11.5495092856539 122.7594155304867 59.22597659483076
117.1687157893287 91.46435018286206 145.45237344081
68.37261063484299 19.82502739482579 178.4925732952925
138.6116431256667 89.35545921596285 152.5331353931547
168.9381859618998 13.51396650091922 130.9045570853099
8.679618650237527 171.9353234982429 3.092692354201844
92.55622589647859 139.4364470686055 109.2314405093479
0.1784092195646874 124.2718683177142 170.6234366350653
85.73132204589081 182.7766229106237 166.9869921908802
186.9541876453115 68.22571490726421 199.990548078903
2.057573582527104 19.6094426739463 136.2465688530928
175.6166842973026 101.6963879876559 17.3424517450074
61.67419117912398 165.3781517409104 93.04560613248259
110.0954159992172 110.30735227192 159.6741125452637
163.6729290595771 88.40121993386272 180.4381149436567
123.3878991455652 125.1019757488088 148.9957499938759
135.2761879168109 6.559601373200452 197.0496984648966
147.8836061927734 69.82609742947194 7.079039595697918
112.3490745293326 57.83343103120051 117.8102482581013
47.14707509846647 76.47175115785093 9.982760405423692
12.78536776332975 137.0689986499406 99.79263462775738
145.2128179909103 113.8457122254625 153.600427904921
76.2994674595427 143.5902947939277 66.87274825848181
62.80339946170025 181.7998036236124 56.8155171145639
51.54642870359314 139.0944045561375 118.2468613286539
43.68921627966433 12.5883796276464 9.125198606486814
89.09143486959579 54.3124357034055 118.7783253036295
18.36632015768872 76.132903312 31.97719321649808
52.51317760661191 98.36472636538726 8.754423760094125
117.3403130416552 51.97521408683095 15.58457769323216
12.48678477605989 117.5463484059352 22.39921138141412
19.19890088545171 103.1326393349512 102.065089833487
71.14436365194447 31.84483871866856 46.92249885040243
148.2282327239259 145.681887910857 10.65394576713012
141.0107546571007 185.8635728261675 135.6179497579034
171.2596633323458 98.01829771041338 106.3642968368597
31.76326445310438 133.2588609425331 59.22240006679252
191.7422706393656 188.3004532594968 153.8810268113758
150.340527383135 36.63055673287165 161.8411610604097
18.97662224607338 123.2130329608854 183.0781025278206
60.50478930752828 66.89895140937527 39.00397350155393
170.5945122349532 186.8718181081956 28.20746026259907
96.2270681619185 93.1437306213173 83.30733249608804
167.5027666684517 21.71521757680961 151.8876914979406
140.2662123864058 166.5907873345466 123.8867632603294
143.6873933335163 25.28836140254973 6.435546537487756
4.387293279529417 145.4127721890661 39.05605144886791
20.47714035765653 193.5872244979994 147.1562039488655
142.4508547218194 175.9215610826176 39.26480044137615
195.0656733267578 69.21479392649024 144.4541915805978
138.1549601384088 131.6058043566471 106.4649137001052
78.59716443753035 116.4367242860664 31.39992203015297
184.0992726627358 139.7900300645882 138.3367858634225
39.65282296100482 124.7209561785577 192.0128384951056
140.441648120272 186.3967245124382 113.0569259474803
125.8507970756897 129.5179255779277 125.2760100018014
40.55578836614995 144.7819383229299 41.91559344031727
27.25484951800272 137.3511018391181 117.1180191450952
76.13598636623115 179.6918224323904 102.8226763554152
108.6432709906642 137.6663377847055 137.4048468950507
51.5021507556278 55.06341340830843 74.78791852406452
97.41956804220999 84.90858983319504 136.699927829222
7.402199189129112 147.9115911814008 119.1055711543701
33.04132408742655 36.31703190112525 156.0719063763366
61.6778924077095 133.9083888343769 137.7423024181101
69.85089134110234 103.6618206156017 155.5537371509849
56.63801125772297 82.02620310172861 130.1105743693291
196.2613373872352 145.5817267323798 163.0195425400401
147.9870429416801 148.0734131837379 59.64687362598155
190.4097306633778 66.70710998437286 82.3360957745366
160.1790605201963 44.13707174334377 187.0773865877408
174.6387530207965 35.35646761982599 131.0631011535442
44.84150097329108 16.37943668394151 68.89040305367392
47.93036048668173 189.2297934053218 91.72878000922636
66.33887148674529 163.2432966403557 115.0295133709757
133.1676108254898 194.6565899487042 93.34768631000712
90.54639700221912 24.62533825471969 173.8801620790322
134.4918647458095 45.02707442195182 0.4822258119119897
199.6993103616778 50.9730124164256 192.3613458873675
18.49421206505583 93.57740561463655 5.975945679657277
76.17919996771434 164.1762377697632 135.3249126311964
105.8353124393883 140.0679404123182 89.4210210766296
159.6196498054939 113.6376921538562 47.88076321075567
180.9698502003519 173.415855002586 196.9812872098428
179.7644275806577 85.94682035833321 144.3531381592922
17.18847664211379 38.60717444701137 29.5778851608554
49.11203127015165 173.0366594797286 75.92404439062429
109.506869061005 88.08508274610062 189.244839529662
143.5669964727341 61.484272388087 186.5511115172035
54.93329194802103 117.1783105881461 122.4686991550167
57.21714968809067 30.84464161550863 131.758278101764
16.21354715913094 34.41240573714136 7.417834860013241
103.4528091211091 47.91047383366642 99.58932444775223
126.7997500673692 102.4702326445381 187.3373983928023
155.2375834544129 48.54149422647517 8.659588887343146
7.165739432170481 87.66110153577792 175.4140989041607
174.2472972884078 8.142471458635201 34.82794876441259
161.550745636272 157.7150317514007 92.32833914693947
85.67437373738019 35.58638436253857 106.0429807726169
80.16972155382101 33.8377903947372 191.6865486339164
147.0429572539722 9.442210181731625 134.5970934757181
68.60962761271639 148.4378433429786 16.68778916002264
183.6522916896401 57.82901792873776 160.7727102490861
123.9432493177916 44.23594740987023 90.85681533104319
61.39411434022997 4.139734145349313 197.9551643436191
20.08366376020287 143.1108331992725 22.06141111064903
110.6810776229903 30.42996529473991 14.55473869166445
68.52830745267183 49.47169028067385 110.8202007629765
186.1761227414877 92.94392908300306 181.8280079777654
175.5685814947956 100.2816738376892 64.51840289043464
153.3100552849021 54.49392188767537 137.7970898254182
130.4723532301963 83.04366830532935 92.59289370749958
78.36271454911989 0.4756818301248385 94.297591086121
197.3621369113536 30.7661408689443 61.98619701841147
188.8182390312104 33.18621529093411 148.4942909234422
16.05243242922713 192.8084435593706 188.9632368057237
26.62771272831412 18.3166188195394 195.4978590859632
14.14061894280537 2.556658812420188 30.64900945476752
72.99894438435877 114.4620441738462 135.9300959865001
30.48461184891043 69.81525582501511 196.2849500882407
110.7319702456371 26.63597486162883 101.5929931731499
128.1595733861349 169.4151764840826 104.6672580539789
173.1449760965232 64.45233668703236 141.9221186404856
48.511587371347 162.4946027965303 196.0160524773318
81.09202694552877 68.21767259252535 198.9561236101428
15.04517088183093 27.95113238635348 119.7740083860936
26.96779912250006 138.6202393807461 80.62014187097516
89.67139766512501 99.71557798674267 188.4273127326605
155.4855681433124 110.815591317498 116.2138328110345
78.58336098819814 199.3440938762976 116.8427911666571
90.48973574128522 21.09513188395689 149.8441504698595
56.23516989384684 141.2692667580113 195.7821567523871
33.22831476354193 110.0876957092172 10.44058761134583
100.184745739129 149.8171218349141 17.98106341607772
198.93788495323 135.6945783768959 19.32937147017496
141.9000996336867 153.7381528545394 81.95300233616769
86.78456452234326 23.27525888364705 127.5467776316428
140.3255261605407 179.2961484071458 183.87174536319
111.5401650438843 74.29499456838836 15.40023690495278
144.5070722015411 174.8329588374606 90.07208359584466
196.7039204642865 159.5859130053518 188.4748994109596
82.57492966657458 54.38702408393051 143.2279046307746
55.18898244818737 25.30809526861495 91.88685561799892
29.43179644996609 180.8084398311254 2.623494773435356
2.177768404925827 164.3303197111759 51.1745058800833
105.2612353589779 51.05031602527566 138.141556428106
99.53011501650607 68.16799201550187 151.6969460423708
84.39516933749307 138.1332250132331 29.10693711046481
107.4452417801029 183.8114337744188 173.073199107449
154.3295475330706 95.12162049585092 36.10010894053685
46.17251351258913 28.62985794301221 24.81288225625049
60.20316895289108 130.1804450615076 29.08583656007321
9.30314390505043 186.5076625677189 168.363293216253
67.06470841731807 173.3476324179858 189.1163485626272
170.9140710420297 179.9906432297306 151.2856992799269
38.93842777462523 79.53243102861542 160.3499413956104
65.06739816753867 60.27922316180201 156.8478876159317
116.366854246285 50.37280311665921 188.1324688365933
169.3392353324948 69.99825662236853 14.09619818086782
115.7490441476163 149.2459815211376 172.9782869492171
144.3077976616993 12.86945127449387 31.03723893638331
47.88654520974633 19.21228990273306 187.9563375464313
163.5960232049083 154.3318060641613 122.7338695891383
106.8910741318685 75.41073525065732 74.28348736479481
38.13062359659882 129.7455528537406 24.36123812405773
31.02561556435604 110.0963203874814 32.90739721618215
168.8106776204511 130.069919357665 181.1961548671608
18.01884299901468 46.35832123311422 169.6038888441248
76.6041368611818 20.97627948831882 85.01080256814397
45.05756665599783 68.70149812104086 93.7640976040185
75.97982733382939 70.12158625022472 105.5604253133694
115.8227842966168 40.50710501843309 34.96992286162534
51.68245621541583 47.23320028130662 95.9603503102559
123.4172108876998 25.76089968484122 196.5102295141639
175.2230219204741 191.3096143639438 49.85223785957697
71.34284141302449 106.7649863955376 199.5622584525195
81.52313623764461 143.1045775359573 144.874917087186
107.9599848811218 108.8227364228558 198.0296300519263
80.19603513062481 160.6864130212832 52.13857527411053
188.371701350895 179.5782739566278 174.4279045633268
14.63218649617601 169.8320531951827 69.18090268521539
107.731794161174 61.54146912253699 33.63364700144182
75.45294906131349 144.2559075142363 123.1550217557121
20.5793511681777 165.4438694402675 143.5550031924908
55.97739488992033 22.1815483342578 159.7730073033503
154.0620497103676 195.1908348533138 41.13365406270454
139.4675842863019 158.1951379968353 163.1450590493109
184.5191983939824 199.6940955957136 15.90677972351081
106.3577454076802 115.2145176695429 137.9585626775028
193.7811298086655 178.1779543827531 66.90206436339624
27.69820855011765 144.1168241390105 145.5743673786762
77.94998061716547 79.07179138708329 31.44749761377028
75.98289051146618 70.18836158458721 128.1348900701026
39.20117910330561 128.4572711288596 134.0825485861137
8.393319574792656 190.8014338195627 78.59582587960683
141.659404431717 95.14001293303244 77.16141144640144
140.783647947104 8.123451424758562 54.01959549738772
84.65686612333776 149.1956466702289 90.47050377515238
62.49947093196202 52.75591881542865 133.0257576696621
189.1765298452735 7.449549983107063 92.99132312729859
74.49067344077245 123.9093350255457 113.4233599234984
20.73694318282382 193.154293069225 124.587201162632
195.5621330052269 1.480173844916836 178.1924935715894
66.9160693371817 18.66113365762529 64.75275853134788
106.4718284169822 64.73636560392694 173.3316059789227
188.1924741539842 59.541088465859 20.79066188758611
158.3365135564768 133.3011650400586 116.4363823087384
124.7358172560999 178.6364883698847 79.86193301870985
35.53747992502628 36.17346789232438 43.24109218674578
138.6747117810963 63.40385659561949 85.06878612040393
103.3087698509823 170.3604971634201 71.19118795310658
120.9856369169053 182.3194458285624 57.66653100505809
4.445541311967519 24.51570028186892 82.56852484818161
96.01548075789394 143.2483385913737 182.1557846594787
97.77361262951453 75.01140685191953 116.3721303587354
45.60231828882955 121.8863305569933 74.70260044070081
95.54288828193089 94.83625007582422 105.8079418379954
27.89501684069215 10.85632308564618 112.5449003757864
120.6102319468562 57.53928714283101 72.86697387543728
1.090692570891877 197.0753769109871 135.3008705156427
27.86548702182182 60.5751283624131 155.093868446585
100.4388661901695 142.2763837851691 157.9241017724398
156.8117920104419 79.58402653733681 138.197564968427
164.3093913729309 68.80497276991163 191.6273658096999
189.5407253312644 138.2450620862478 184.8079895948712
23.29654907995924 156.2415079309484 105.4090492481153
100.945607057482 25.37133713300806 194.1961130151537
48.7944643659971 143.9296281526055 78.37913395323126
132.1508178998832 87.01014532255702 128.4996840810497
100.6095916994843 196.8301648551467 195.1983266456429
11.54873556827689 13.24073984242987 63.08006661732098
23.82610791544733 70.92755848938872 174.74367717449
29.67197195346641 104.1332955448458 188.9579067974526
90.4353555581491 183.9044815043748 84.84992579630878
140.911968228343 75.28155666041799 50.64692149687815
118.3500670976225 98.92837401562593 38.77258888005104
148.67119057813 10.77227962612786 98.15935805305571
85.57442756485753 109.4725562632133 52.76961617002516
83.30113040547872 11.32946206025982 193.1411694491912
147.7676834078721 98.75086940118911 98.59177464707342
174.6573298309401 56.69008107264384 120.7779740384144
179.6190090207026 54.77559516281182 182.7731824664173
92.29058543004301 87.32477179443117 61.8537895006743
0.1483637124644552 90.13537391719093 111.2827673319801
128.7438431981079 24.15274451623606 43.64098467304149
38.83515777770384 177.63284963836 182.3479882418642
191.7849326345186 130.6435582561439 94.56708026036921
187.2862900242148 82.67972858985071 20.77715623316185
114.7252446687764 160.9155395076289 54.15999653800326
37.77358321265825 198.9677191491336 192.1225310924754
121.9915129678487 153.8610642646907 129.0376640412042
182.462188945068 28.31966625918146 98.37303917587407
187.0322551630146 19.88036266501889 119.0013762008555
178.511746007324 120.9137626869557 5.857043427521061
173.9318061625542 159.5904696408844 142.102100747781
3.282721391295313 49.95283314181091 152.8844986299992
143.2006980298234 33.04676871626882 58.52370353393695
8.541505473028856 71.7186295598638 191.3376307310031
53.02937252514406 120.9094373891151 9.793393773214099
95.2086916490337 188.0265034417106 15.27140081489291
110.0521359877971 98.1171451258319 17.79397962767429
12.03561948986984 154.747338654772 85.77372114885907
187.5594167901012 121.1594683104162 74.05976568719559
82.8847059353965 109.8933741326968 76.16301056780945
47.18671972533728 193.9601284118934 67.67159687161256
164.5478772453708 181.7240691511517 172.8745898248712
73.83437759459966 41.9233993546407 171.584414547934
198.1833591418405 53.25937786353806 60.25804081656547
142.5105430638507 144.5071620938851 127.9939156016523
27.16388547829593 83.57891451806887 86.99520676157559
48.75948732691058 156.124012490189 24.20487453761625
126.5596623864873 66.16161019017954 0.6397030688745572
98.09279172620934 66.21663056199372 55.27660907107258
120.9609186153305 72.04428318951987 157.6384167038004
125.9441453545648 145.6651856215136 66.45526678593198
133.1740109815625 110.5159834973949 112.7908273002396
123.4150309120656 147.5510074336202 151.3710521405152
75.79444304917507 91.32178864446387 137.6092225076197
39.722088638513 85.01737033398506 182.3863405145856
113.3936453965809 166.4817470167351 158.4989010652349
138.7540588689037 162.2045185969643 198.5354097345607
95.12618897079318 153.6672211816796 128.9863449528602
95.53667610153518 46.07684752000507 180.5659769423991
196.8846975101146 18.35116861520586 40.02811410228859
25.60553195438905 190.2974352950089 102.7299428999764
67.19794991712419 38.83862981654696 74.90777862881473
169.7739939231853 135.2902221420545 42.62310877578196
102.5747525409521 83.51668634237377 33.95256400423778
174.6948072258153 169.5560965394617 58.47678070325162
170.2353369387862 99.40756065752183 128.9384200276738
90.8851987296439 65.30616697493886 19.08625340164383
171.3099395667836 186.6590226141633 72.81699860747273
120.445387439785 168.6039390362604 183.5998702992082
16.242159892057 8.56951533485579 93.34606405912422
195.1525986801326 104.3596096223332 28.3361514418214
143.3288343872179 102.3423803744629 2.712016629011599
10.85308688278555 82.27769592564374 52.68769569427064
59.71064512047396 84.06874553859308 192.834812364454
28.65277808280657 119.1093116276311 151.7165031839455
171.7151392644789 75.50619406906742 107.9800327073973
43.673891360805 94.28962091088209 143.936364904956
55.53513332603346 155.2195068620953 133.5334196185319
66.76850021730948 130.0991219920136 82.25970303106894
26.41793950899014 56.52558042923783 39.74408346629065
197.9629372328031 41.64815317119989 128.9806935698322
122.0578090527835 92.82824434028858 167.4838758242733
159.8446987130813 56.165915169231 167.9775434041738
11.99049615899327 105.3604989384747 44.08109839180566
44.69326210496673 178.2565690598916 22.40788738837042
3.479664703066162 18.27246183491798 18.43816139462924
151.1239792577301 75.66540701541534 70.77587512179691
186.588811141367 76.70757918504313 124.919276520271
127.5649448320683 108.2720778668667 134.5420128566096
70.35516700758038 57.15987832832989 87.713099666739
30.55185250969926 110.8824194401759 56.49489635144591
55.33692134114577 86.25730704611182 28.60436656285751
169.887173605218 45.81609800520485 79.91837161812325
51.75010192788259 184.0858613443747 1.755876069412202
48.35726452829102 174.4796679566232 124.1944831366769
176.6020227396589 199.7962714878468 166.0560764683387
148.1878951165277 130.470408045215 38.10377866502026
38.77440858175999 9.836954601342795 92.7912837974298
64.90380825588643 73.15889482456333 72.45661317324365
113.0158752607395 83.10398973271401 53.96312117767199
183.3956371564615 153.004090309181 45.83023230168425
126.6542205104598 14.59562414682054 16.81694002327972
61.51804684646724 108.1657283778958 83.24057697707129
45.72470281844958 187.2406654700058 43.09215450884345
194.3106099211339 199.2783392406945 58.89519208971012
156.3370490384051 169.4500641517092 71.61426028070547
95.93067834302589 44.08888622935514 24.91588494169902
162.331355080212 25.85819100940146 68.11238756747733
135.0698655975855 192.4686456642301 25.79918727649066
27.44726787961299 2.290654910627955 74.78163361477328
186.0492195507845 174.6160840144007 39.18757517598991
78.12887429947413 196.9214880626516 50.02761451507541
87.4049873634723 27.55539537563212 12.12643527101626
141.5429302406825 124.5321382868608 6.458241781242923
134.9429638250112 42.42743555401446 178.0622651953316
127.5936738966781 1.439129955379863 126.2912491241241
96.79557062996332 122.5004483015266 15.38373016915166
143.65187231179 83.82231088688688 189.8083678244431
53.18098196525519 108.7277761489279 28.79861887656621
115.2876648086413 71.14098875103204 135.8069611178242
84.98005913483007 61.11425309244203 167.4495125892732
118.7308984970081 34.39201226964605 145.2597448150623
23.20970388284575 16.1570625392069 148.3098253590625
89.05419033710571 178.4522102260116 189.0078511563128
67.65298181087405 38.89747404756508 150.0844971243864
48.67956180246404 90.32501533980395 88.38707888810045
165.2650404569428 165.8496148979461 38.3038671068072
57.8441233258466 196.3993192278018 19.6681630609377
53.68468080821251 3.73387577463081 172.5807191336935
45.27782592581536 133.9273703085467 155.4100399973601
66.09527587395925 142.2453286337376 101.2762399736127
195.9934005582217 190.1474871078117 198.9711063861258
129.9156119154899 21.39561975084645 171.5824382543899
108.0617514799561 192.3342041582674 73.23202301070427
131.9368048652948 135.9252188409409 23.41505158537761
128.9182481166215 181.7156771162248 164.5421230331846
80.06038473760937 4.399426906537787 138.7943749797815
19.45207551938741 88.82997495579446 122.9134975479604
137.1856884684257 56.64370862881191 160.6702791071405
88.24830739901596 97.57159937050555 23.61724236944134
178.4138107808744 31.65200040258994 38.46672205779734
29.17689990025928 59.35679833791372 80.72212796865611
137.2004581060987 22.40529299863613 150.2396620539228
198.8413479499154 172.8699780439198 88.4361769408014
104.6318672469449 174.3327210234716 137.1892381843218
4.968198140967393 135.2607792220185 76.83319396519113
22.20203518336351 49.34811239431237 191.5851267424381
54.26691805103955 130.628973466733 175.8533102547948
1.504924200882626 38.43065165076424 105.0621751810217
4.161344009224057 159.0876304578485 21.0962749207147
9.893577711498482 74.40143712886821 73.82200663404086
124.6356596378419 20.55306489323263 66.52295731812079
118.5662021913693 4.111652029710018 52.29499984085636
194.6875069040365 179.7748928031423 18.97906321848517
190.2849391779405 133.3558231508227 116.9278760096732
140.7119102708619 31.85324456906559 99.52270395551443
45.19833913913978 57.25546870689046 53.22235317493165
129.3202659800193 98.04867686219903 58.48271726778042
96.57478185553101 164.0287698683086 173.3550446630363
124.8403539458265 39.49909332616196 113.6378889113205
100.3099876834215 112.1880387553958 35.88452823219411
88.04320970856995 161.5544584029671 109.0556812940604
162.9317503021423 109.8334611388069 173.1006374224832
89.03066968821412 106.8581878737533 167.0219957101258
109.535628002769 22.23277768824873 161.9094774901773
34.86745328506684 27.89701462849681 130.5756248899174
52.65281432773894 64.50060819421394 116.451033293315
133.7003172430478 59.11525983637932 106.8317148812837
44.90903851092684 194.2009947472068 113.7639864632731
181.1386296406513 21.88560795058223 18.29766663700987
17.00304202671354 182.1546430751976 21.42025567774648
89.83482013722548 128.037369482435 129.4587337676901
15.81904548461378 95.851616071552 70.0284771119607
98.27675231068102 155.0293511049036 39.86269562323644
76.7745555365556 73.3622751834433 53.25638940119082
197.9033382535988 94.32879324668056 133.3505381619593
8.263078929477464 28.35772238322533 160.0951808422566
33.45945907524542 107.3257104323732 128.5955484255143
128.075925812908 140.8129036446779 193.3966449315156
88.55350662220295 179.8133626989366 122.320947477571
124.375432819633 77.66099726709444 34.18911759774561
99.67827823895249 46.22121403544789 2.75685523889672
15.30075992160964 41.11956384836688 51.93734994304295
136.958342190868 69.50257885286584 141.9151595894913
58.66959556493246 84.44660542235869 107.7584096279596
97.80796736821706 199.8468232229804 151.9817011713509
174.6592496950307 155.2151957856448 185.2116093582766
137.8621282077252 0.001702119536088358 152.9326452657741
25.90503528567379 67.00045700253203 59.73447282822605
70.04588036189472 12.32371294558767 35.63840958255449
39.99030090599216 142.0495584562279 99.08080746761571
108.4763892981867 29.72359922079206 79.3446529116721
8.586347974328335 163.9896892622537 169.7925325373076
78.06599055563022 48.21126653474599 8.966241566511277
5.780191015321682 71.8125687525887 13.74207216069564
55.88084189634927 45.65831903915052 12.26952191588795
74.70150684708001 130.9980309660217 48.20478180002581
108.5006446172795 175.1172673776541 95.14748704913563
173.2655716509206 109.3675851285773 86.95339357251206
87.87135104755114 121.3382303560351 194.6592467464134
113.1706896670768 127.0425354875692 72.50520829577538
167.2610874788396 13.49163501894612 181.37926708274
76.61048501524576 6.187500742478943 161.0321381812841
26.09448968896823 171.3629307005143 122.1277051958919
21.57168131479207 98.54711821250925 145.6611361350666
70.45985391759707 169.9760510242207 156.3786172239683
179.8307743554651 120.9382491344038 28.39307873451453
73.0893357906866 195.5177882702617 180.6782148536572
153.3424309007794 161.1255225766926 180.7093812786354
197.3213626095579 105.3491608073201 61.23997307192829
42.22831518875872 59.37995096123458 23.88556183816991
131.0330214030988 167.6461196348899 144.4596200373884
15.55334197406015 11.88734007639791 176.9066199962697
38.05190395274996 5.594177425767055 132.0064802832529
39.44217902100312 74.96269529294057 39.97989172006617
56.89243645003335 40.813642640658 187.62906320091
180.5938334372557 51.94007281318714 98.8251179134821
92.88784393572368 14.26504152181024 107.7688384666074
34.23841556098077 90.6573671128625 21.88845649535067
163.6380667994849 8.150534136875301 14.46546967589156
118.7488339411886 96.34775802594208 78.62240390871857
85.84959305362565 84.27848036176154 159.6284896906188
10.13966976015758 109.3631821530408 121.7811002493403
166.8371140491844 149.4694728681212 71.98937539745229
119.5499761178672 174.2826574098492 36.6199824414155
66.35095545733979 66.20613755182868 15.93443582324318
76.54578007082245 7.895892936465758 14.40596402641305
70.0949145176203 97.90828355991866 41.09640381351923
22.57432227630596 56.75009840305486 12.90852066778326
167.6707806250199 80.09894175499225 47.10190649905509
127.9400888807323 136.2562620534889 86.87837529783693
51.94883060395085 96.59947918862655 167.3540465686843
52.15525151956891 106.4322696966922 187.6736597056704
14.48421821399042 60.67774467687089 136.4797082548568
188.6726716202898 86.46777621387906 52.39104776312418
181.2189137024321 118.4402841675026 52.3548462654575
182.7984228433617 21.84618673197848 76.74917400610524
67.8962225631392 184.4360089844584 82.34797856687034
117.5051399594862 190.8258955485861 11.71402020031975
35.37310457460161 16.88683571075168 167.3256284953518
117.3086606739203 99.04700254436823 101.5496659060889
64.21820890008296 117.3131997895382 62.77993292172448
195.6297397010698 120.699962225936 134.8406637126579
183.6404390669253 86.0799382507146 91.74241219534873
184.742492167005 53.01075341595499 42.12262917093537
44.69599117395278 43.39535567916712 117.3822080689624
142.663429455554 186.8824333646268 5.287092479124912
120.2445514663652 189.2359482062682 143.8037904641649
120.5834997154361 12.34628968496911 87.15852477896401
28.65375388191813 163.3511519250069 16.91499180171569
124.9614831572542 128.9068396510692 44.27970407957934
160.3780157774852 27.66403083662419 25.3376823807889
131.8054915771501 171.5922398960951 17.85381666787612
186.1407541952159 155.0080246560898 121.7882773119278
116.7294334983229 12.01879527821346 143.0140571804335
117.5849976314779 1.160208286470803 162.7867843998161
192.3399996145022 165.7350700111247 153.6344091500324
34.12957387275095 159.3789517280288 85.85359154049191
98.53909715758736 7.485848249789013 86.99163473629619
63.42316110645433 190.7731639620744 151.1275589465965
178.6053854902184 166.7369390763926 80.53063036643198
75.84664943479348 52.37859128083652 31.04153759210045
142.9377451670698 136.2258332106585 150.9088640945576
121.4751693266383 190.3701992652505 189.4967915749723
128.7704001757911 14.70492113418678 108.0636416169124
76.13762170638307 185.4367854844126 27.06972441911725
103.5564718062876 30.12393895728303 50.82374647754546
74.6685025254861 136.0970153735714 183.820704308906
29.86390564551347 195.3566266933226 171.2897720891511
90.19806416899469 78.40832652117889 180.9883747776349
119.8739865843115 151.6452104559247 34.23097452354678
160.3582164627621 126.9659968022969 18.69243943534125
154.3193771752662 196.4049547170531 188.4625238273965
116.5280039895046 125.9141687422104 103.3834809880848
195.174214039723 38.41110980082155 24.58376778769387
71.23184554578835 95.29154179547443 63.48990905244498
156.6818441522197 143.19643260789 167.4047741205373
164.5795052127656 125.0769025677022 156.4997368321882
54.65516435114316 165.2043244898401 172.107427965368
170.748799121544 132.758608682369 86.65406854661668
74.6032001205613 127.1933066784157 11.95897977911486
102.4996550108833 12.96325550616278 65.45283581464061
29.45539810983669 122.3174569841029 96.03550542683755
154.3492952442263 120.1488461452475 95.69039565341517
192.3309837572396 43.39186332646551 80.01099572878927
199.8752003436111 124.7118354017645 199.6289291415521
83.40746704540511 0.800689865235657 71.63088838245845
109.2807332971669 170.4487607708884 16.88530189430408
49.54811762583881 16.60950204979005 116.002647899792
169.2451550787775 12.35218664814134 107.3154085726271
112.0515073043778 96.04921870639171 123.6082112628449
129.4841576888174 116.2014665901433 169.6213275917674
169.4916523867529 161.4975471173023 164.1534892399577
148.8174291010273 177.1336794811855 154.9172135105539
45.48322886641905 122.9136342473213 44.58200848814866
182.8818133489335 12.89226320986766 197.6655239133842
3.164873453408725 191.4233188670778 100.5478491788499
150.8847962234005 193.6717279720112 79.39307712214047
159.2654709914787 42.5979320117 45.61659495408164
80.82846270602002 149.3305545194174 166.6002400342949
111.2404827557571 194.9584780869612 33.00376660652224
154.1892364894975 173.413759551438 20.14591821645426
178.2769479007852 192.0391575253827 133.6723890203322
13.73634471047257 146.8432355357257 59.55385169693444
159.8171579650582 96.68983679836344 155.0130817915286
54.64706412919264 82.70884643570039 54.7588304573694
21.45684560723028 0.8231534761928324 9.36334614298597
102.1895053150459 122.1023623426486 177.2233646372211
78.43009325329328 107.7242935502254 98.18724438225503
136.0783101548247 61.11920946237037 24.23801761490014
96.41216588055916 117.1986277652417 108.7695267307341
5.801429941565257 7.71360405542549 115.9520573167955
195.2939674792115 155.1950269590263 70.6366228984309
160.250264814809 174.5794009703801 132.1386065665768
71.03216991616264 114.513517461564 178.2943026846178
87.58596592939608 126.8122997614952 90.34964720010225
165.9679046812765 148.0718195372065 24.40904400909456
121.7338207378428 152.335317835852 11.74365898225904
125.7745952408838 88.31753749823737 4.894870148461587
110.7026589530409 15.6504034335174 121.5642392934147
11.46839723437667 56.33750752930945 114.5324188013521
75.40306797292418 187.6701446592431 4.444526322273484
60.16105650304915 5.640795119579843 81.98368761240695
149.3768096082957 132.8640559591091 77.71226702258267
151.5398620251626 157.5175219830179 144.0816454839054
9.879128940705138 131.6454689989421 151.6198907281803
39.12602743648903 172.2468263202328 103.7153694196601
72.33891010068997 92.10069314782805 175.9344005309431
10.85263690966947 144.0746210964021 180.1786438726142
128.7472630198529 50.46804259222589 132.9777631563655
9.996036657414479 147.8228153680272 2.423439810017794
29.32748187212297 153.5639295009908 171.3331938764686
64.61246026733248 170.5409499291046 14.43282689771685
122.1320627656209 41.08686396450654 57.48510364841581
69.85080940109437 128.7538507824186 159.6285675888242
16.72889936485241 42.37744580114472 88.86791275824886
18.69490919582049 182.4811346263028 43.92885591960284
91.87296176898903 127.35236912611 65.02734472211753
56.17150023881963 121.8298735648563 100.3964208063935
159.2079947178171 195.1895113507937 122.0078948939103
187.8148237390164 151.4145000092896 7.548991612337542
103.2488924235045 107.6167738509088 66.69028231241661
58.33224575762503 10.18731527732739 140.7938840288199
144.1149111273113 153.3744074001943 105.9945591968923
5.364636384857501 10.92058922489405 197.1691457719574
42.76165271525975 199.6147336818802 153.2589576123929
184.301083650829 20.99855351608455 166.9515232149714
197.0729820321717 71.42151669082062 37.80839797860506
135.2395247373546 137.8929251062107 172.0647272030102
133.0737986267287 114.5880587696196 90.58665740694377
138.0494437990765 110.6652793637413 41.92255353052682
107.9250541482824 131.3828774652663 197.2215657180078
17.57090300226987 107.1213785543722 167.3080450739606
143.4400123134941 98.45565338036413 172.620110018867
27.637114877419 174.4768512387653 163.0023058211382
106.257144697174 133.7146284571151 32.59073521613328
169.3662515996264 48.35127091875589 26.26484716116149
118.3480955062693 189.435433743553 109.5567797854121
56.95712233373869 61.8264844394784 195.879718855628
84.25447789286095 179.7424549881199 63.54072558127699
90.97322452374677 103.7487812029972 126.0649707506762
2.948705771396012 63.08605376723411 171.2426529465781
47.78961862346712 66.23006594729119 143.5937982252603
114.28727766139 44.73367719213427 166.3726142232864
193.8798425107888 108.2175404393804 96.08245247548039
38.02077335109867 36.79894617076943 1.679755527904808
85.23316688762542 144.4131398840144 1.954574317228919
88.15589321493947 46.53273983057267 49.03873730022883
122.1755474016632 62.69311652887788 50.94438788615122
103.4925002712802 37.01823778553738 120.5464483457794
68.99740103613185 31.90283881086921 24.45030027147737
55.47383755304945 44.95645042290919 37.32397683046919
88.70787767835742 24.97607150552167 34.5152220880416
35.64259375967971 36.05772385075193 179.2429053149584
30.96807530119588 53.37866014391822 102.4996241363091
74.02758180885833 89.46833251667492 85.12054501330952
153.3079988590084 31.92019301209514 137.6055084277553
128.7458160572622 78.31473441229058 69.43069350521142
105.4220980889023 113.1011998037405 88.48048252710466
175.8456447584629 167.3713689467247 18.11943072885456
154.1359290256957 65.74971053101717 118.246269210847
53.9080477488471 6.962757604336179 50.48552188211169
195.2025377181981 152.1309040689625 100.5861075137192
126.0264617979253 74.15683923617152 179.5354039698422
36.0178340150544 145.8331663318094 4.72891144810991
60.94534872085512 171.7773566333508 36.6732549097061
9.405747527025945 31.60101038654375 186.0269717938975
167.9275789690228 7.214014185604714 85.37283875698643
146.0020603576949 122.7438700050903 132.8687181071965
144.6820051976541 41.38665714693308 79.44889103352014
105.7466981036979 157.5332985429987 196.6768127432485
10.73239100099027 114.1228864092033 82.27194724687332
19.12242321682531 20.67691055811449 43.15649513563797
185.6297599391665 197.968432489147 113.169032751769
90.03993778077314 2.605875657383307 31.71316093133697
36.4163265000208 166.8972108335441 40.07344726344797
189.3528840078685 79.4697464480348 163.7365531556015
122.286734964414 147.6353530222313 105.5377559702199
164.5279221960162 61.42192472849954 59.5033529267791
41.20790649350499 105.9534769738692 106.2194592108432
5.806853990381809 169.8555678917576 109.6966339167226
94.25388179297704 85.29278841235381 5.651137910969609
109.9560739066774 17.49648501526601 33.04289229392946
144.2009218854568 15.35433670504298 76.51175142624517
12.63161056099652 77.19991353894683 156.1709132265301
193.2823269116714 69.72032072785606 104.5235307815587
160.9853070923672 0.2068801488979361 149.7601478647651
157.1599116723749 89.00006041705217 14.55656184448438
154.0909865984452 73.23894960564628 30.42425569948775
140.8937667497468 56.40196337896908 63.02322202833133
88.05195051307139 166.0271341906216 7.828832828773069
25.84131332908302 19.46044626651459 21.32316049821973
177.1355469622974 40.40586461552979 59.23539618959027
154.0264446724451 53.81799934782357 98.56122595469895
160.3828031450063 191.5403561942928 99.76114959693589
103.3887119126961 67.28976779110367 195.5484916144253
13.59214337817222 67.37054264014783 94.9525207366663
119.6337067196027 78.34643596476479 111.8301551342739
90.17551197355264 123.2200281542801 151.5108112437899
136.2425340125461 0.07361208499751812 175.4486106278694
141.7345772103343 155.352581964545 29.99063633633864
65.43469932786464 149.776052858905 38.99792462400001
193.0767604343193 175.0037059539362 133.0635444026707
151.7412206266902 22.79908578218258 117.0151907980704
148.7330802859685 100.517881678037 135.7233175205658
55.53860137305116 138.4126881105871 57.55410364249802
34.2809417150235 155.2490164846089 63.66069412245555
5.01566854817449 6.137415754951321 157.7884579260156
159.0597148104383 20.04336318848173 46.54627805280299
72.22774208682672 87.50485321785364 11.30426510123447
67.79920087645139 184.4263646894641 129.9100550282147
29.04723765989376 181.101650065821 82.40257827124175
95.1729059966883 73.2972493761055 94.01348554721116
130.5526273143688 23.68850577373816 128.7043913407979
113.7187318611761 10.53592898617022 182.9548441744491
161.3804396566429 4.060351885414167 62.31880097128599
32.46718680259976 88.39060079794544 56.73255275732005
94.57257296238993 2.414563322075497 174.1751377817932
30.31643135165736 0.8373040326218208 52.43725491041655
37.99008842536142 179.8131617434734 143.5254995337586
67.19353792966119 52.52289076336747 55.07256617131047
105.0252619345475 194.5042414303878 127.0616863389422
161.0763887553194 162.0485177103234 1.897639716691674
70.05066003143713 101.0080819906854 118.0440843376747
193.2839239225046 196.1112090328633 36.39965894783392
33.76429531423888 177.516559636829 59.98707250208019
32.18742525257471 41.75995765830974 66.90551612954437
87.29184425721209 42.3678754094749 84.57182154015064
148.1628186770915 25.22786986408596 184.3090207326013
7.183734315666038 105.4287876513002 190.4442698022612
168.3899359085065 67.09871969069748 87.29511457621658
165.6704913934605 120.1490041873408 68.63170106702434
144.4271985134999 113.6766219299033 64.57792693762708
143.8406500324569 186.3712785390439 59.2265945079325
134.6992071450954 98.48664954228063 23.21238878402455
134.2648063902947 38.53241494835881 22.1012672829259
34.21515103893589 49.7101294439279 136.3526171129794
70.62384274371881 17.78855341819856 106.5441481821215
151.2124685643418 76.43840056332709 98.57860455768051
86.73624147894924 29.56744772548049 65.89386220117633
16.53435543398273 36.35585838996677 140.6728020801504
150.1756653689773 140.2762731680396 188.8231042530136
161.5855918326231 138.1363818148124 138.331009100491
146.2175678223205 44.61626046202398 118.7779370943812
129.5534704294939 198.9758673617149 71.33490033513442
180.1034921121694 16.38644019984301 55.01107809417343
5.714157738599861 90.1906005006831 89.40518045514581
101.1339898776214 47.47338095929561 67.48555284783859
