3 1024 8.06552531772302 0.6492805000000014 1.4 1 3 200 200 200
61.51768955033216 11.42050816812285 63.62836855364574
144.0718882382862 196.2695667344322 82.21888415465891
12.5128439705019 77.44313455825052 197.8823225948345
69.25974797305497 105.6614376931458 67.43292976917643
108.090963601841 16.93922906333973 22.48822607329051
80.1319701431167 173.8927653247234 168.6750322154684
53.93222243658315 70.02658222154034 6.216204517033692
55.20880120169012 132.3957779439684 196.1108769611889
80.10212443946806 47.31371711522759 8.001951069281173
147.57901201609 91.77843480792423 21.04582425331326
173.2469668676401 96.48889353423696 86.5394542424455
177.6346617570732 165.9771706451829 111.113205153638
24.97453345312006 149.3508140608941 165.3243704974558
148.5978972882718 106.1195773815343 177.1059423629629
41.69815022624807 180.7085098709638 81.22079045611572
113.9112257514114 143.1954359195082 182.8202257559392
106.5245470564811 84.6504203179616 41.44098749003577
163.6810443499813 166.93727648862 53.38107052935251
87.44391489617381 99.95607322787419 183.228656675273
91.02252934534158 152.0759554797663 36.9312980028195
97.54280785722347 48.29248330534933 34.05829945346272
117.7689963088143 41.02837240593645 117.8400108671209
12.39239410714078 109.1983012446765 4.364899406340976
154.8418951990572 57.09582182302125 162.7068500648254
18.64659539028448 159.6666736087251 98.1175975421975
132.0220451244667 88.86501208831292 24.16072853887625
1.102710529860602 135.6332918479666 114.6820104361723
42.95770026475062 126.7321668988443 26.19415961620845
85.18431846926514 162.057446369066 25.68431638789229
143.2648427102634 140.218488789327 43.90766602984606
129.155780912841 77.45698291885738 174.2095672822094
75.04438965691865 154.0261462037958 37.98286199957393
185.0796633925 70.9000826020353 105.5996912281319
185.5945664373903 45.90812541330383 15.77436046824912
1.106710350091201 40.30994061029335 52.19442762954045
13.40239293819551 78.7150313947775 48.20640075216748
37.8799314796902 158.757157207976 163.0483619468558
197.0755653771993 63.48923253505541 175.9334826527929
13.97130142644362 199.7858372548214 37.84658210921888
99.12020492870003 109.9228056813227 125.7597700421448
164.0627180690201 127.0348949253428 66.66075735154625
50.53940685550801 40.60859469887868 143.2008185300903
129.355619015547 8.728026780604546 171.2541137444924
68.45190548618186 154.5275680967229 76.25562200801835
140.0800128841163 116.8235371550725 122.2525854779167
185.177273919826 89.38856071371279 57.82899062674617
129.6620492055309 60.99374113233341 168.3462989001203
112.4908420117522 68.40388110531978 28.46558027272159
41.00840440820523 38.33077107512634 93.68720621246757
163.8260299721875 137.4949938403058 41.86951095225702
101.2392817139451 11.52954998557008 142.9916872149599
29.39302728403464 50.43360791944789 149.2439957457664
52.06724280906606 25.0696603124108 72.84717822730914
101.8771772728615 162.6504806499955 31.40264987828137
81.14125337044214 177.9619149785299 136.6417330223223
96.92925855092119 86.03339316181361 28.5480475691745
70.59998308848546 67.97576070827915 179.6665088073093
128.9695598097804 132.3930316737143 17.02137724748418
188.5242011319247 159.3588736402918 57.3900439065545
156.4347351754991 181.6310851927226 167.5920950033918
126.2044462325874 21.58987943109302 82.79703179911809
156.2552412294351 98.28422811119128 196.7515329269231
114.8816320340225 11.43785325382036 77.41734970781019
178.1703969830943 126.0056002900252 96.92776996244288
57.20447913105006 68.81392198421855 131.3049645374959
163.5773357256797 1.269370677563047 137.8190799716316
185.616676254474 105.1722965839487 49.10110302529755
104.667074951835 33.96479710095498 18.77415848993158
191.2914333069665 68.72597722052603 45.46433593334971
45.24541717925997 97.61720251030954 95.54480926252481
166.3586550174189 81.52030410753113 49.89348240007988
128.7745151665157 64.40787660956495 184.2334222385955
91.94777775775145 86.75987822222186 76.35013673238977
168.4959791614969 27.04180781976969 151.2581797824314
148.2132334018073 126.9796260414856 70.52222693649476
121.6123448053798 157.4350009063745 102.7287692970723
154.8192138057094 21.22698669718181 61.63443177090054
74.62398503873794 36.5336448407938 104.7925813706753
169.7734061190699 73.26689660069684 110.1082215232925
14.66800718068732 63.77319174123829 25.63442526443785
0.2489639024539482 78.66551761239123 171.4814762540582
192.470456093783 120.4298450073814 39.3674439714834
30.35210841334743 20.56421622585546 132.2369361192266
130.1469102625866 18.96124627095113 104.46805453405
175.4143807168964 33.56993373654903 22.23545471452876
168.6715042713321 64.78878009308303 166.4939589695653
69.57541562141203 20.47843683826867 198.3757867397466
68.47185346679613 36.83905756452677 36.08691419205201
9.83308566731208 110.036730883317 87.44824320992923
183.9249834419924 140.5693728474348 164.2997098290399
35.84144068033653 95.01882702529718 109.1886961669156
155.928096504578 174.2443107496152 41.26872361893286
32.31967750013284 133.05868912002 72.90154723601617
174.9883484739782 175.0624381467161 144.741216840089
21.47374985959676 93.35382165084503 3.814227997329217
188.2377748563075 139.7633578961689 130.7586550895651
39.73837644353096 117.7018950570417 162.7638463572981
2.053270536309597 119.2366526541748 76.72227849711003
119.0523402349552 112.4090945848817 69.59808755242607
136.2251559905205 94.15930979329504 157.3870541518826
57.85163524421496 7.509295210632903 124.6135463683276
104.2345409716745 72.90424602514672 192.8361212781182
125.4451649827071 7.313312267715515 137.1368794445106
62.50780095278606 71.77857616386225 72.93796730905844
148.9308499405778 103.6862654550578 126.7207865779145
74.5176049488163 53.06564854446378 114.4363713275003
118.1735940826382 83.38209875211746 30.35491336848901
32.15583230961344 191.2466087433319 73.59822970161183
72.14330556687467 36.38204730062161 199.2062219789862
6.594826763157513 55.8127736991844 83.50435135574526
177.1606902164927 155.5188307440229 165.1354399126342
49.30817595372127 108.1025425237013 52.91689832003816
72.93593624402253 67.23978490350234 128.1028075547757
73.48609842180717 20.20552049958843 57.32033902173809
61.0107009863726 138.938121098621 69.4585386388715
82.16875178404528 149.409589508163 162.2673458338355
97.81456759674371 179.7685524961724 129.0848034688699
4.779435734192236 153.2270906211288 103.5640370161725
179.7316198397279 86.77863887736885 117.2058332307772
83.50792358584287 40.73226891187316 31.59335577725667
183.4630611977371 1.435082119678435 149.7873591063021
133.1290154747124 143.1626063671966 28.28749353652671
165.0775804791738 30.38945686597305 169.8425563960124
129.8232470842464 34.28020722323829 109.5112981629265
56.05794966645097 40.39585972633177 67.69442634002675
179.8699109999664 62.26792585102127 92.95385950572981
70.89262645995889 48.4679864268109 25.17279091909861
199.2918968085902 143.175885152328 160.1436641906909
170.8040237099931 81.48149253904198 162.159758742437
113.5672434376522 11.30524775020148 173.326434385127
39.90206047612337 58.96618069407051 46.04380673880452
123.6006170041489 103.3476280445634 90.51196655854888
144.5415868673092 152.3782280882202 173.0954166288475
7.384990999747218 163.5465197314325 171.083201726863
65.339080000438 53.57099840616362 99.15879781940239
41.67689889801493 13.69342944728646 78.35533418721752
49.54356309711555 189.9445086872082 137.3260885109052
89.47888254146015 76.78384231644296 198.0734033478205
64.17650274431496 44.41328724101258 53.1822901365917
46.83083682869057 40.18862667273938 180.8732240454675
19.13191346656854 82.39051775686305 102.7348988629635
62.72755153501632 51.78512998998578 154.270735093262
60.04327478670321 182.1675310355413 23.30313430964356
194.5199724544902 39.65000398226363 66.90458186895778
196.9632358313523 182.5918452047122 134.1270097225857
121.9392779394671 15.85682491132443 7.189647914932594
6.253678584139037 176.363695975054 161.3543533469133
175.5233807012512 176.6925848299406 58.36135669323644
99.64186586541513 98.8260308935167 37.99260978167996
47.68653843999278 174.2389435538035 144.3804016336393
102.9802148661757 126.8809970615102 121.6686161229587
128.9517584641006 114.8950101011083 180.3980479567974
55.11252511458888 154.2597555928849 67.18921061980232
50.67897320585922 193.3157044032106 153.1102584358262
78.78664540589357 5.627470444079649 52.89384662499091
18.98475635031724 62.7310370512913 148.4376042076453
183.7165659841475 197.2652975973753 165.3680889102903
146.887887509045 22.15212595464294 109.3563983860574
173.5317843463003 67.20586319289791 43.59107493077131
184.9113880311743 56.37607869244535 114.589523271479
146.1449373431288 7.908610197136768 58.87958707131415
2.832139042072749 177.0498569538575 82.32098780312074
30.06919516646236 51.36551906112491 109.727520619899
76.67114851888974 82.57334365433914 182.8699163032198
180.8516255444515 34.29602405034674 159.5023990817079
9.841206995120695 137.7497071581108 172.40893957064
138.3546617901452 23.8472677057421 60.57516673254258
67.62858933733106 33.42981244182864 20.33445624494077
76.79564404602709 140.9413535528398 72.31492312366939
45.56333741229917 172.6707240881312 160.2940258261742
179.8186083125549 5.203420725029642 76.1379767232719
58.57735021926269 182.2476420560986 49.68983382333237
172.1641245929483 12.27356891431697 145.9051830050839
151.6317393691069 198.9312934633606 154.7996570843889
127.8432148375868 169.3766741343445 13.67197029714861
34.8974248433188 165.3814912049597 148.6458467264495
66.35177392594981 139.6601761308298 84.66252902006187
112.0328020699431 98.17156538490555 48.30016581339964
189.4882208453178 12.46550015165037 111.4904262059232
101.036691818955 61.29876107785919 142.0638987696741
172.8238925945343 0.8850857187766756 40.38103566913919
100.6613713223231 101.4238351019575 62.95782486688591
5.086389929135737 169.8819517976539 139.8438791079181
199.5489912335148 149.9412575193613 174.7851678142839
163.285861676418 125.8929787464464 103.1444917863307
90.23423317751515 84.62533059770749 43.15642383535982
152.6008693534664 197.0231056497134 7.854861544517078
189.557297019469 198.2307758955572 119.0784639429331
6.213759827204541 157.4902811617528 88.07279127380393
11.80033288004015 74.61484471005988 181.9870933066955
173.7475752772824 175.6311602266214 123.4380391651638
123.0623579709002 48.13040253033311 159.943490899292
156.9110763490538 70.33360422327986 100.8256312534492
60.99015191870001 116.6326714097961 118.0858015574816
82.85934293939776 156.4473536912419 69.25912986500089
81.49421712144999 91.77544916218092 170.5301858546824
6.909712135448095 4.497379744422664 176.5987346484425
87.87213952432742 167.4640621637182 79.92282554370681
120.5645330509533 173.7506053450038 179.3088289147088
149.9143511473422 95.24703275205195 52.52339486459854
123.8135455030417 183.3920380148022 6.77690244786493
115.0249627178572 8.112555471332891 120.7873045007807
54.49000648809333 113.1115702755393 170.5809531178685
156.5255723631654 73.92799263501225 161.0293082304239
189.6473868942653 106.1087130909759 167.8268415095941
177.5519828751113 170.8924360331791 160.2661779719814
44.78005643538202 192.8991242517552 116.746735562803
172.1567124542091 138.806042983267 131.5913759880436
4.569435889870159 131.0054540571913 24.88525286642406
43.74647846238604 41.6366217023725 49.57138744532267
68.54437934433784 157.0892094019915 22.46058760303374
12.89084523030734 140.7137784671483 97.41327684830325
162.1390928312823 167.7936436761893 27.85148189574795
112.8063285077011 19.13779308049003 91.43923799592052
0.2264071194713744 179.8153814374336 28.42718640102088
43.15808328341494 159.5448063596453 136.0798225636364
1.79836608310992 182.2274883013668 5.925184993728595
48.27461679769807 5.068014935250957 181.6344385492848
54.30264320176564 131.4769509550712 95.25404727583054
108.5084575577918 75.37863804267121 137.4999956272747
74.69978952324438 77.51723461271217 167.0615719422095
102.1120611089809 105.6258188841298 142.7787529594284
43.58799409288063 38.5851008021644 77.7657795132555
161.8813242625169 67.080566786655 73.0515668339491
185.9186149091047 71.90145631757484 167.8732348424233
132.4071925531911 9.199603203097571 91.82643370263179
84.36418362831101 24.81240118330703 110.0794990729338
100.5227828158989 40.40899831206546 4.57886075908189
18.52911690842641 50.09734391001381 120.9270148284203
100.5032119508074 89.25487489317675 146.2634514305616
158.3823312050037 121.6351008209539 195.4718140758863
21.2224079410246 16.01180419289402 27.62214106276307
62.90396815764625 123.9208250931456 83.89038893320088
154.0018245364164 191.3715470589254 106.8378413588866
27.61651558763613 162.0152309735417 17.39823265341799
130.0380252089323 147.8892880439776 112.6331866923826
61.59413478254515 16.55890017065199 144.59795605461
169.3302591078629 84.85635238985363 146.2527570477004
196.1683209630531 123.3199863158928 128.0152952041357
157.1931908180972 141.3050849021575 126.1088350301314
27.56088698839961 59.22241866156076 134.6515677979176
173.3582234742755 179.1207885245855 97.8423077964641
194.429901223666 165.2221710629635 32.12169490497052
147.2194359093038 142.0377588955434 77.25065469192633
11.55132965009301 119.3815819562317 145.15310098357
69.53146399537182 185.5058254235054 104.3435699840648
134.5998001778024 147.8590832897279 67.50978448916727
87.55383301246638 44.73332476166993 109.8713890574882
59.86548006295306 41.77788827275002 190.2424234777295
172.098023282579 51.1961027544518 41.71419252615038
123.4311646301561 181.6152848304626 61.60942836032977
50.87774634988202 128.4747132497847 167.2439220257741
189.4268606180665 177.0544064035852 43.47256395415011
157.6558492449465 13.4222863576673 158.5321881172565
96.22383992098951 148.5804112329477 195.7400095239547
162.300042431101 50.68154604613532 175.6576516681879
156.3713406030956 5.479667920124785 120.3533923436062
102.3242396874244 157.7877258018552 71.425265322177
101.070754221966 2.613419242116356 186.3522546230295
64.47005192165189 51.25643342041851 134.9993567570753
152.6520923332619 20.82266554496785 3.671267308422191
136.7069328376786 109.250821707609 140.6604562581544
165.4028698952082 180.8539390057413 10.66254475735036
198.6524184369574 2.386395921470875 135.6529191022413
196.865393813786 71.12911751961386 90.24563622397109
90.71411183432461 57.52154495657298 124.0550580317895
118.5598246508238 93.3634430015037 65.87800771192909
16.2823027485113 109.7017771242923 52.66509887329038
189.2519414411613 10.29156265928326 92.25710074949181
92.80766110770618 133.2122749011669 7.002898076004599
26.1660452621942 108.5367486805858 173.0834611090676
62.65730147219793 3.549977912797771 164.3567000512616
55.36616026744293 51.03575210584286 37.26926857558568
148.8986018408227 126.7104747337862 90.22002880124953
155.328590964302 60.63782457442298 39.59646982231141
193.592794389837 49.82685515717917 98.57565094478711
54.2889239553593 157.6237272997263 151.7997159827702
35.30848196871744 112.1539252271856 37.67025562734151
0.6147533426628341 64.74348730093219 154.1989785497867
104.8450659892488 40.90711768457459 50.39344238574237
95.64205231026263 11.42058858935271 101.8229138317501
127.9855586202711 53.37095466761601 106.8904614534499
13.00999914185932 46.81123900639395 139.1874419689341
151.0810673826146 72.90058092720042 58.07876315436458
192.0880398182086 20.90237541030712 72.52453759410251
145.580641097683 3.795076015248646 190.6303128838983
141.1822623098292 44.28239290634122 33.08537972238881
171.1640643051355 13.62794940339733 105.3604029073708
177.5005043314551 39.25287436254789 181.751100500989
51.87909951231529 185.3185770435657 193.9363268117658
30.74171302025048 121.7321536243526 146.1049104722416
197.3855668843186 124.810413482679 98.94028262187241
189.8162192280943 24.96076041098762 194.1636035159746
145.3392622992674 85.59583504520184 120.8437453865348
41.67234234459512 53.07972387575952 65.04573251542921
59.75024105731506 82.96943147256336 192.2628917340799
88.55032252201097 185.3840851665926 72.63485364398832
103.7285772498108 156.6984072029341 95.35784482813186
96.90053952442886 66.76088648643453 39.82103219108859
64.17793302323705 168.8270580071979 134.7704055832037
54.17428612616392 165.9701972354281 82.57379135238168
123.9440443247217 195.8327895213957 152.6496941104721
22.41668064153385 148.5025648876181 82.47016751587319
197.6015058316212 197.5783827974843 75.56367805004217
136.8234862782568 68.53051482069287 134.9757292924934
189.7565442705551 52.53719765782995 138.6068530679142
8.192847204441824 105.7816688376292 106.2606524925885
34.72098321909837 24.77148615251445 61.70942508667054
2.873432815391016 65.94259515836198 111.3882951775985
51.27560993426845 105.5722789670824 153.0444686923987
126.7128399818072 130.7714393738637 121.0368662059471
83.13987530017984 130.6645844235477 157.5361473076117
49.00291502916988 119.0574151322818 133.090117501039
119.4351428637525 63.22870177765137 148.3752440396023
14.32126882962236 82.13128795980563 158.649413171394
48.65901729473847 109.209703484942 19.69512573239116
117.0040689149671 3.525827202621583 102.0857846449072
8.926604662525181 195.3138930547891 193.5691640158972
99.87738277720553 36.88097925882598 123.9548563410632
20.95063139836909 126.4486533195139 87.10560674315882
78.83972267361989 92.92341509934136 199.0833549422123
11.40680295074774 58.57508553773111 192.816377939298
91.99221356963513 188.6539980063819 12.21572735674278
23.81444563707698 89.49232741347069 184.991046676383
178.7384775170508 105.0578685689492 67.19471085625398
106.4722416709723 115.2845663955943 30.4318883603721
126.9781095826829 164.3860106886066 194.9891445551888
73.45147652592723 21.33484754599877 173.1428997363394
27.04574641415507 78.3740277998795 140.3742135441816
190.1590666357356 166.1968047564885 179.5062047493274
81.50563470703142 165.377666419317 151.3456627118998
2.6197260817496 14.65517566755569 32.87186991045309
53.75933489885737 0.4670198322606729 23.88668614715635
124.6207126763917 195.1133254395419 81.07244104840746
13.14147334547272 132.2158601618698 130.7498696399627
146.0099793569782 68.16019520864482 176.2609107794828
161.7582696409069 27.41007926247213 120.5782146015827
115.3081392375105 145.6973634760321 156.4584734964009
168.0121395746397 46.7297454506641 151.6764481994521
75.77490213852417 137.3565802107515 105.5704632851754
79.6939352298794 6.154407618218894 72.22257296128276
150.3555816697566 86.59408622264334 142.840341227793
92.93169498932036 102.9364569331038 159.6069159979413
54.20677053353261 27.84828143080165 7.551481598856661
155.448899408163 154.9029182303562 40.64888449912549
197.7017980011224 187.5838986070364 174.6085770768481
87.39264239200871 195.7603395446592 132.3015376014488
23.93859819283652 132.6977634937913 192.607684857608
136.7250820518343 49.21917936068068 194.4383446506735
105.4794639790865 51.52968076159988 107.19148481981
110.6982636120176 0.002255330588879409 6.619956439760013
150.9259927304191 32.90866785352861 156.8776464814215
127.9355389670185 88.44134563418841 140.8555510286541
6.756575305100595 164.2012336178437 121.4144631414787
59.14552809972767 143.7133173869559 11.31346042474442
38.3337597092122 16.0353228416087 18.43791616993271
88.10811235739313 118.8185405010867 138.9620654645782
38.876496864202 89.39836651686512 24.36655267990406
69.93644492739932 14.53922510449077 16.79579935783311
157.8592430107275 155.144681617825 13.8376754279604
20.56090412743599 148.1480739708155 113.5565278218253
104.891388363242 170.2951725712815 113.7591865691192
186.9083647328075 86.35836672640255 76.86898558414626
67.55570875654362 69.71655193857913 147.6371470722603
41.53894976691534 146.0501159362041 197.2929154666232
94.61149967087343 147.3759912207441 147.5791055900089
116.6040778960198 192.1912489714271 173.6942831581588
167.2166826679241 100.3541686520522 45.50571301388391
36.07458252744251 91.5057563541387 162.0483402135187
60.12229369744501 187.209905744055 87.42160089880106
43.57649411740219 57.12150076900262 122.3418953999188
177.2443549195669 148.2027923860433 4.562303068888836
92.29182350074014 28.68460768254395 143.5837051350042
55.40103710107164 60.79034374275874 189.2615220647345
112.3739991406286 15.38053795088656 47.39788281188538
137.3817182194381 178.0702324268039 45.28075623268914
142.6378261227759 183.8813068804947 120.6022497904825
101.655951916982 180.6573417835235 54.83902216418561
11.48178981629552 186.3424431346111 121.8858273878248
173.3218619042254 144.8784693710682 26.70331204627904
44.16011628650784 187.3684943278193 172.8122704059548
40.43555667851572 6.971722122715724 162.2364488115849
154.3185282477231 92.91981850404268 164.1544072746575
120.2165202729579 47.8241285449344 179.0912847716011
147.2688978072297 54.90224917015213 94.22226025839481
15.12468492576378 128.3374840034017 65.3686857274439
196.1579631690854 23.73001754038381 125.7497292294344
136.2529819865679 111.9835276908192 78.67802827560384
8.888982448077366 130.013944968073 43.72821534345932
174.2691305709091 107.7560095296473 102.4103363233413
45.31127097072156 100.090368448766 181.5764638584239
55.72467739736685 27.00691997425863 53.71837474959537
94.06908223642868 58.07984270782973 0.0196707309503911
95.31334514897488 0.9922159212517143 43.94496023037652
138.4012191156754 13.06086545982549 154.6980432373184
61.90261805998813 168.7527798485145 112.1665119856035
174.3517470659886 18.91805458307011 9.630055578832133
42.78338594997879 79.61227927328747 124.2247576249086
26.28779159051086 106.9011003078944 17.64416772402088
27.41292653698326 195.0961381269216 108.4849800445305
116.1725891935316 16.99192660032562 154.0308135376044
164.1927447287479 53.76169575135271 59.19639129699107
120.5478175811465 187.1989196023206 117.2806535185049
7.034382525464467 89.92861956160698 138.7468111298891
74.83259076910781 193.3936466301448 28.77594716546437
147.8414816681367 154.7819824438717 115.8316151906284
147.3573478115079 132.3830263529532 112.025023586644
104.3613942303778 123.9086668068489 153.7922347131206
164.558799610478 128.9559196192751 146.7678532705517
31.28107565838707 192.8010817983367 130.6200200084964
147.6188199179668 104.9228860196715 35.2557993042591
165.5675132848545 140.2023413500676 83.1398288738654
101.1128730209799 120.9031324140452 68.06994326036245
158.6293826293752 57.75452272364507 196.9625535586244
171.9236442329464 109.7142894558583 2.51144702402528
173.326532863998 15.57529486383522 61.1386735078237
192.8399492005108 144.8580595004344 38.06346455152699
191.1504644850517 165.4453992183477 97.26607393615028
190.6422937991538 51.27729698868315 197.8747610856214
46.9973987570113 116.2515130606474 104.7156964387786
115.4674753880869 117.0186511705848 51.07385003698404
7.778510316331547 90.8779479183428 89.2984204664277
169.9625172737443 196.6976397492741 90.4631792957634
69.96708901967791 128.9056138743861 130.0645891248725
152.6878237000516 111.3982208415661 14.22285600793626
11.14810403111045 163.3148267330217 69.28959041039478
17.15842262747456 30.79406429090583 121.3802546831918
38.47856714612847 141.5946442355 153.5637111089933
40.48432858065409 89.83568155293193 1.841727024584206
199.9989335989196 87.51392395436544 117.4235221605633
143.0419777403186 166.2375258074278 134.6929089659346
28.57446592991137 196.6990865622602 25.52089127663104
179.3634932909258 146.5364576376992 182.1403733954208
102.6451838257334 196.9876394197248 85.92781500407177
178.5655561626372 148.1230297903904 147.3019950361692
83.56380270245477 199.9818848801106 172.1152879348619
29.67552866280257 108.7320699289574 195.3915588024194
57.9102658696027 145.530495957522 34.99144713245684
152.368609354144 123.0741119016442 47.82474849808121
69.30222758195933 150.3117346536112 122.8989452142132
42.03007044727621 119.5060876109895 82.9271245099345
20.22911506381346 15.66719093917031 46.97484470041598
6.339961436171919 97.7245740471603 172.9027052263823
159.1174037384986 107.4083685087699 142.7545906552938
127.1993959021428 8.190957616469513 62.84228096396553
65.84046914708824 140.7326295618324 167.99443050381
136.232081851844 57.34112585295173 51.19236516479499
72.96483950134105 101.4550312207967 117.1118312578899
28.2896005719062 107.0480008923547 96.03683320587216
103.6115821182767 21.30432289072685 4.169331923220128
16.64539129352529 17.12985401884274 165.6213157766954
137.9338035882922 95.79527951518143 101.1055757458929
25.63738556744896 171.1568321739648 171.8425089398134
96.57867752277471 33.45901691027699 96.98178958591275
161.6620909615824 161.1289695758246 175.3347029013116
158.5856059252859 13.44163949388527 44.16337211478096
82.83665025894985 188.4431746666832 191.5146447749647
117.8550623555481 177.7908076365567 96.85445848078083
35.02733778222655 156.1358367971578 39.56541701844603
141.6537764265963 171.5978141467025 175.0458724761868
20.33445899444424 95.0771415530955 35.9405373260766
123.3790943667072 7.811014908024231 189.6427131783188
9.71132934275674 116.2438850798611 186.535939083271
143.0113298073019 179.9160564520763 7.879519748160375
36.15846197026607 98.85932076310796 137.6686042711352
16.22766354064165 137.9186292457421 152.3822142151637
91.1814327481341 178.6177158821116 33.71522045073137
135.0585163948376 26.49699317510676 16.64346997124945
143.4409993002797 14.95651259079849 77.00029761782726
121.5187805577328 81.52060038838503 191.5262111381986
163.2111071992162 122.9380139347875 125.0427188972209
63.64831013530997 66.25967145092527 22.78994448507401
15.85169268659988 147.6582555268166 31.17266196569815
75.67467686634991 15.04464319157009 131.40157625035
119.5789102677896 37.25190852604374 3.314260426252852
34.60240988669864 25.49264920222697 150.7057215475095
60.55837141738728 90.09121921546596 56.9262665624912
86.13989395745558 106.4694481465468 76.87279331368089
188.2887058086188 54.81330045819072 77.19774513130697
68.61884955753627 71.29999940641491 91.51738254773214
28.87852941268212 27.32103461872669 83.37449581507276
43.03830840791988 42.84945352607458 20.21004590771765
187.0871963160131 84.10684666166134 17.23528995747937
66.4201120945492 197.8975691613858 142.8182905271837
57.08799598075335 1.573325945849583 104.5823337046047
106.6120858278884 160.9775310725915 185.1052528501496
186.9549160021272 71.44906619778833 126.5616536217433
7.45767689710209 36.74920187028782 1.898115895563276
199.8377337232304 45.19670346824878 119.7788104950258
81.55090380961256 36.36303459334592 50.3492447875993
34.17648700155312 23.32010658736517 195.8485049880767
174.6802168916111 99.84764864882577 157.2682396698762
176.9801561815998 88.2877829287882 197.4773817969594
15.32958398839546 71.88630691088522 77.17596490706514
177.4278227365857 33.87252533527371 135.5017122762907
174.5218640181727 120.8366296855141 51.59790210083034
33.80239520210001 40.08637730326335 133.4898344205206
131.7142730410249 186.0194811046017 189.3018805080094
190.266987258615 107.3761706621344 86.47501403720453
24.49551136365567 68.19167213755122 117.5068352908061
142.9947279231425 138.019510473538 160.2060110290379
28.54804351718538 164.4993450308282 198.223659378952
167.2806948466185 51.12014599669254 22.96612395010629
138.5753240713246 159.7343864012092 155.8534702883499
59.02523860373547 86.75739444261751 14.5144784901211
141.5521722112541 181.7260112909107 151.6683033395474
184.8900493627739 92.32569109968713 135.0194014390752
16.58924074969886 8.297196662101458 123.2698240149002
98.19702986111031 134.8173712884471 104.6733892348034
137.4344130221675 144.3421594317078 189.2079147084152
140.0368298955464 146.6311287710392 96.10619919761804
22.29802544009258 6.805193591476638 67.64360316569076
35.89042494960857 26.16080041097891 173.2424591395979
76.71847800369316 51.0255371479064 187.4020414677603
169.30749475482 160.519784747577 94.3285359622824
24.61834942565921 175.2125141159886 31.23822721419129
159.4491485940718 168.1488470868481 153.9844699671193
53.59766370363909 163.5464429984837 50.24704560037652
110.3787911569432 178.4777072537389 75.55551961989256
85.07191320024242 8.791790155633084 1.051174764724312
92.79685740359604 77.9268173028513 160.1097252843783
193.360480680054 129.2406210685857 177.9483079422735
119.3437988066266 193.9002590324173 47.21933135918561
58.05005781799894 95.74940746689236 35.20752102435726
59.15936646534496 104.8227602964522 83.92479209657597
11.51844940739703 187.0380591978679 146.0886160336737
130.8801102903734 147.5818128935738 138.4433800939858
131.5393772764489 37.84290789392991 73.73721104067863
30.67148862693069 110.9180585047073 119.3795674022996
191.2684387081085 23.76654997691016 50.13858957267557
40.10178066987043 11.73233022725663 117.5346729586085
122.9132834386194 154.7817777815378 83.5984438365987
50.0093627432563 74.31480930796303 38.88670001106422
143.0262505657502 199.2199993184406 137.4628687222044
10.06546167483314 14.91079469133741 84.80966628670259
111.151547284849 148.8074905882267 116.775696552568
148.4339150517229 9.426303188087523 22.94446303968915
2.528835271614331 77.32093892673672 32.25257105611288
54.61721200088343 23.07622472831702 185.4818443337081
96.70152712261429 181.6056063797189 175.0517881149467
82.44188501284471 95.64984182616411 57.39788027340252
27.61242461280256 73.69902385120878 36.05666524022826
157.4871644744833 29.42476954187465 28.24662946003331
87.37768819103995 28.51337824749147 190.2229411313059
151.6014157736176 137.6188482278206 26.63208527529707
27.8389522324163 130.901881288328 170.4362789738277
2.225011391048747 68.34903403394937 11.53000044823074
68.03425236512049 110.7670789569833 48.80141211533974
164.6445879519091 140.7781811161167 166.0094301349624
31.00338906044121 133.9954629977616 41.46789759537558
150.5387074883717 160.5652591317701 81.76921019894264
114.7450783426264 82.9432931821287 158.3424843112589
85.62953044078567 120.1377449994365 116.3598101633133
189.6117530046297 107.5062645944701 118.9798195087577
195.7950931958014 23.41442462109578 171.6030897266057
184.8035187211592 89.28480959510473 176.3159004118059
33.2939429492754 184.9227575580686 151.6887555063644
94.39394970383478 102.0753402493671 16.66077996945329
189.4150197544333 151.1587184503594 115.1553842964241
67.87659362514391 100.7500829408447 180.9570497999481
43.65764316796835 122.4635153112601 184.1684136820053
118.1829191694053 53.33147303862089 64.16006787698444
51.97132915491851 27.40646817899574 129.1169012359682
187.1806679825748 61.61943306761147 26.96995586923
110.3023254617595 135.4903280733779 21.10095669429364
167.7353216981451 54.47698436034811 105.8671975367619
43.4436747407394 141.2512849728328 58.86342765447831
168.9533293572174 19.21472051312347 187.7033286390541
137.0980367683412 112.6703971188537 162.9799974228079
109.2154242773989 93.63821110933451 129.3421456971164
178.6764676021845 68.38759147341491 150.2690521640374
119.257063233473 137.239613434705 41.75916699559452
19.42467903769126 103.166809757985 152.2093921592103
56.79745644399916 120.3900979319012 65.86409683154139
89.4939484217918 139.7766462117073 126.8189101730554
7.626172364897234 93.4956433869924 17.3392459712962
87.43648355779807 117.8635043588552 175.6380422610643
182.2383364316201 84.68070694557626 39.28448827900812
43.78148080285016 154.3726904666675 117.4367999591641
162.242050009973 33.71046980221864 98.89685480067196
186.307508595128 52.51370672820033 54.7930802159348
24.85595817195967 65.86231140432498 57.05659579268128
74.71809214525049 131.5998053441884 43.20362157504903
126.2867601545905 127.2240242760337 149.5145519987922
23.61937737731808 108.2694470559288 73.9753878931205
120.2617207619091 136.5096899626926 100.1690378373598
83.22204993005623 137.2445440367295 186.9562197746018
176.9087974239322 12.0019989634018 127.1403797993623
22.86450719318492 77.10500950826321 14.24223826982512
166.3441057004152 95.91696580365318 23.37965671598729
129.4307558394305 184.8106036205178 25.24680616579291
110.0400653533695 71.25888102274376 76.86418938559062
173.8302937318904 181.4166739636543 176.0804147677545
59.89731189774964 87.95886802556478 104.0244993275395
169.1574123869555 77.49543414661254 87.65603275681583
113.6096856078271 139.4790711244957 63.51009981186829
4.013079146840676 36.62859297603826 83.5013582697928
56.26417669771062 64.80796702604286 167.0509220911936
118.3344513026458 104.660928917814 153.2956800422864
125.0924737490656 103.342908253515 34.98084541166555
27.009423056652 51.24474014584942 33.72313597989167
71.65094090417892 125.9058361922235 3.999991453006218
5.40234734929277 1.036872117554628 105.0448470241898
133.1409156580142 0.1897219483085072 9.13068882739428
188.4428951384092 40.76318089795881 35.53927396834693
179.3789062461786 165.2898839593416 19.1738007529205
188.3614857549757 108.8931739748392 186.939535587047
87.54839689211843 74.68658101494546 138.3850093882201
186.0812983841517 126.0700914929798 21.96424478186846
139.6136612650552 53.08146898175289 151.2099830992843
44.77117913130219 145.1441038945593 174.9603588945281
10.00392053762653 109.7877325783917 128.4119934227334
140.6507429331925 190.0953437357387 64.11480262520649
193.5763720066683 109.2349489863335 8.909957476658711
80.78808261661462 141.8900727443157 24.03922083614574
146.8548229313148 42.69883992451962 113.2200151958318
57.94525515586881 87.29299491105662 165.7818636204924
51.88822959454396 125.9704454098409 44.53873358097508
34.41934613929751 30.17550764335063 37.06740326443683
108.6048437140313 35.86673018326466 163.8532676954565
132.2062157438382 87.12850527003447 48.9986764975763
140.4013994976847 0.2169795287078782 42.05366864132676
70.62519714726105 106.1928698830498 15.40660806192275
132.7253273426021 70.75020347232386 33.36231912769834
6.32920847317299 57.10682956444771 41.78144740945164
95.15932431670753 177.5833927254311 94.72819114609506
130.1943970102717 113.3544682956054 13.74485775767516
61.28345768050479 67.05176863698549 112.4495736031994
155.9533106430685 109.495853541041 65.51063529110313
91.35382698595768 141.9822107142419 59.59959924751428
169.7999382970892 199.5867527188342 198.8405296904942
93.1035900032868 37.76009310916854 69.70372008889424
75.67813840644779 90.30511579553004 152.1259965285904
176.9902372255834 67.35341552814458 5.948793075876056
80.00274066060639 186.3421868893749 51.7534954529262
112.8863873382015 27.33329475810422 66.55204880782624
37.81422514506603 158.031531483078 95.96553759760536
58.31734644334746 42.51897033189285 113.4265364818301
175.9284246201487 15.21927165810636 164.6630036179996
115.1760992987572 70.13132371608542 98.82693263898516
77.30147026645378 36.30527005982614 123.9623846338094
135.2416582666925 26.99985367032497 190.6815800469924
150.9957195905441 7.793773749640549 97.04108628636091
193.3890300827425 28.26355780187112 17.39242222649873
78.09418009324061 2.424856814211616 112.83017446086
183.0283088072805 130.6302629015824 72.48578508342312
159.3594386599539 191.0593974305037 50.22313498118722
59.067697860161 150.8839936623736 98.6507198305021
166.8882076865225 157.9989403353448 127.5314536692731
25.2409447184267 171.0410590022617 53.42427246857451
66.14738561498429 123.2293612613937 182.261596334363
133.7089684535007 130.8489133844519 57.89332769999309
108.2101832081631 192.1539916762554 27.64891888796148
118.7552472552989 156.1540841470993 24.50129977395223
167.2314608038187 103.1412650724497 181.4214253371075
42.21920040329226 77.87198806714959 178.9707340104044
63.17965534984206 192.2376841474879 65.61841400464974
46.51743579115956 142.8649253381456 81.67436700170762
125.5131086684118 155.8470742144722 173.8610535305158
123.7247927374645 79.11594369056655 119.9298180740764
184.9940823201804 127.767989335154 198.8730827635718
59.73751296761408 63.06076174365803 55.87841770534153
17.47673789590225 152.0684695438866 182.9623433403399
124.5949220065332 131.5823826269836 171.6087470641214
44.81031674817022 175.5249448787027 125.2813267320877
165.7484559381715 79.05275600952983 128.1367041480573
10.4803166130513 15.71894154261514 9.612132571954445
75.94092871423915 52.23959648016729 67.29596674746482
26.55128965580348 149.5991920593575 136.0421869234786
27.32950306926097 169.6532822707139 112.2447936144872
11.48927754994492 24.49703538542726 142.3139472841541
111.0213094926077 43.08516789960678 142.5915511363806
101.7443852340643 75.57183792573639 116.1474579566796
60.86033435124437 49.42475211138285 7.997349969027604
36.27610750725265 135.9969413528589 100.672390069855
71.76597467523764 110.678581976717 161.049552490521
195.6966654536582 130.454355280381 146.0036387596327
191.3164074135454 4.928522381695815 4.482057559636462
42.82570168401747 183.0765648722372 14.50379767840263
3.76763106945102 94.5452699557094 195.1126968049093
198.8465389082087 144.749913524602 193.4200528263474
186.7092814168024 185.3516400692884 194.2093556871501
159.5189672747127 115.1938868597819 163.9496949373153
81.73637316660836 127.9678389462562 85.80492569785022
116.0761501721093 95.83523279982847 15.68441902340073
135.1409652979739 123.6371911398772 33.23353592984633
69.67442050097637 170.5659886542138 65.43992955331723
94.57634465807776 113.0475343932484 96.87402717223891
76.0452124534547 17.99869291773823 38.26033732224703
163.5041611503582 88.45836326357741 68.73863868573167
86.07719323614025 37.548614557851 163.4034108496305
79.13212112970268 96.59729865917195 95.93691360849336
22.0083035132291 148.0254952865983 56.70783106103345
154.071330533513 99.81629809128819 85.82750513201032
140.8379209018715 91.9569265104209 69.30120374859666
102.2415913755171 91.33370635011377 198.4115340087124
54.72340365560233 24.40988057653713 160.9029949541195
130.5702503131043 71.92525690771242 67.47911632862944
95.85370977937924 18.92169892977755 171.6173681185016
77.79504507005471 58.53607306961287 164.375131818673
36.12348017718589 56.13300063620793 178.4588853995808
114.9386643316561 92.17388202257722 103.7339696435196
87.32924014787281 96.82111498473851 133.9105169508094
103.3537727645308 51.1660244276548 84.71122081023516
149.4913052938754 162.7493977673296 194.288832341032
66.06241185961127 86.07126090957824 132.1353680156169
144.5838039306917 130.6816688187662 5.709059169885577
18.29381102641771 194.1006437045251 87.84861567936345
97.75319912026154 46.19565191264471 180.7520051107132
131.908060228221 47.16693418169658 129.5491937027991
140.6486181926485 30.56727763411087 93.07879944140203
44.66943112772998 8.700385378478178 139.4502237807362
43.92779697098081 3.493792285372098 62.05799417239847
85.93638715891709 157.184749772343 109.2578783980106
28.80565605676751 185.2138750048716 189.2319595547922
129.1340918020161 27.94424629016176 168.9323762542047
43.43846461932173 43.97162025721785 160.8917729109742
162.5586154417847 0.9858127678661911 176.0061098916308
132.9542430240759 174.3065338116251 78.30949781051316
23.69379743369351 48.62547549963848 77.96635283867802
121.8929483695227 174.3786175497353 160.007494059948
191.1295273043176 195.6369177730663 36.90800273760634
167.118660996271 117.3162362376693 30.55490837747983
43.46404800044782 98.78595276394755 68.85091682772152
196.7005284394619 146.2110309039853 15.8536863203059
98.32328697958923 141.0842512918495 170.6093096281671
40.66448300827375 8.719743152567236 40.33125327444374
40.32881312672919 125.3821293952931 6.313669978487936
84.66031185029749 119.8023064237962 26.71171473840851
149.8672053230081 19.64494984958399 175.1249119461601
168.0269715789817 73.52023765169044 25.73865362872388
68.13583604332759 107.9199319797572 138.2044057945692
35.98880734732147 67.97685812621616 198.2910127135417
182.6679493577862 129.2630337615916 115.4804460405518
179.3844113904898 190.6961166251586 134.2071916468401
9.582548442161613 177.9461419904529 101.0074361290903
50.64822171892475 100.436797862663 120.418464369065
98.62964070933441 153.682465295594 14.55839873824853
89.92667958737201 68.66630400311091 180.5061764583044
60.05884758398417 35.2851116091075 92.10401755172099
157.7347013413143 82.22418342799523 7.619003426032369
6.475446527099593 196.2602189879774 20.35128688587268
178.9084084850438 175.7266917849502 79.35636258359371
61.53927225629907 1.549120374999379 45.10948895150071
90.73166492270397 8.396950753586788 23.10771320040125
185.0140936894212 52.74133697029989 165.2703655635295
187.3571852140129 165.702222238307 133.1610460568312
67.58411859102556 4.682749935645496 187.3653177704311
138.6501123452263 22.46224497168892 38.57621535375546
159.6708225692852 141.5776289262118 192.0207456359688
191.0145188046689 179.2669235212954 115.4795992734126
27.54707340498689 193.291920549976 50.32742602771289
154.1313631545149 148.7531801827159 143.7114188358107
36.78289123768083 160.064027757139 69.43353255769786
116.1939027265075 172.9623059024707 39.36504476760268
101.7464024005279 0.2628111301102671 158.7240408919684
111.7844277188844 159.6187970798908 137.7528786536637
141.7629504185699 111.3046292960539 194.4581143005146
186.4569995923224 5.946385310761216 182.4511426182443
63.203309345207 178.6861617245966 155.0646446793593
130.6531304243733 32.79901435056594 146.9273086808073
152.9042795014275 110.6855735452885 109.1161253524172
137.9579411487378 73.32672482352463 103.3795601253402
89.06178262295829 113.0085744451284 197.6333583535985
171.1196666351008 125.3865010813333 181.2140658474213
126.9362152018836 57.07813235317825 84.63809846949692
70.55630258545979 169.5180187145376 192.5358690930916
83.78444029287944 187.775939467652 153.1159735451581
199.4076728964264 143.5105081033232 59.64454015610207
106.9876767371346 53.16154233014344 17.87836720598074
4.294653153410025 48.04418968436851 21.19649730358562
43.52608188278352 76.80508991824523 63.51331422337812
168.0735830371815 117.2910848670982 82.89873052276421
2.137284880794014 4.466069247276763 54.53996501694794
190.0330699318917 19.53041411518486 147.560827695817
118.6385043678943 30.32506461488832 31.66803379705928
166.382401129608 129.6667577239423 11.5225741034408
160.7370188521994 89.54231238270732 104.8018077767032
11.50316849127547 19.87979756401721 187.4389116413121
20.70492326252749 182.0510777741189 10.07385397370497
177.3934892688361 71.7897662305835 62.47331221357217
29.39594645856538 88.48941695352734 83.21628699602175
175.4796441306083 36.71429973426218 68.78824494125872
166.5961135431362 143.9131528735519 109.3910138012656
116.0219312180207 23.55124828761099 132.4215227078311
71.9158441261236 30.87175310527309 73.39724453459579
72.1553780180612 78.67554613190553 39.62679631884497
135.9836456861928 92.48299416115364 5.561827457855751
153.4375176117448 181.3070195094636 90.21809468788297
182.9244849712916 31.85474045001758 90.019836719457
23.54819078510313 171.9211932884908 134.3935061195271
39.48122759108863 92.29911441983212 47.58908372656454
153.9461377911166 34.87892022883871 75.34188918092757
59.9989985755176 9.317339048751771 82.81100210840893
98.90344349380864 192.1887375960403 113.2029233041799
159.5871356699296 0.4528894531735795 70.75893469904791
92.73754908796022 18.36131290053424 58.14668336744135
70.51618067961739 33.48181654179626 147.5500571064351
136.0915814488375 108.605673438402 54.79933490937218
145.4764773944761 55.49729062056345 71.71440613312591
111.0419030686235 137.031052719746 136.0451683060766
150.3179250169415 42.17371426470326 11.03976296098951
111.9754432152776 113.2556044821347 111.2698145987646
17.35401808303648 126.1835450107757 109.3989083869657
116.1411363194263 115.0978014589984 133.3891392802524
142.718027903043 166.5693903092592 26.0945556480094
56.27517612257283 110.3190978714488 198.4636483696058
149.5228866056842 37.73898684275443 53.02598187196413
129.498895257418 53.15257172650252 15.91481453654859
167.8476333100556 100.9341371470469 122.9587387604025
18.56146517232169 192.1006314905161 167.227197847902
109.0500473166141 112.1280636785047 172.480370927192
51.4418165616344 83.60240861895092 83.54194195598329
72.95314906347346 67.61338752851557 2.25715783033944
69.19410064239528 116.3436113643024 100.5554150748412
144.9480996817807 162.6979643810047 59.99305470832785
141.7856396512075 193.8998400243871 170.6880450248042
120.4173078803675 103.9525837508513 193.8934805004611
113.6980696596822 119.5545112133633 86.77305829399666
62.82884497864642 188.8403289490331 122.4448206217359
108.7122160289115 117.2067098218115 7.94086299449398
12.47564885837709 26.95885819294503 64.93012038501278
180.436472150016 36.70694375044268 111.9350792192191
176.5674937851204 62.16943205114588 183.9725091919283
22.08873906868839 39.67225650211339 184.9455102172563
14.78881377435221 185.5102012798515 67.25916453776925
0.8321553176625575 2.805127701908169 158.2217855202366
136.9407917705585 74.8281094821932 156.6828623647258
96.55582038565382 26.80340134966611 34.8248340398756
172.5428099534522 191.8833981137441 112.376134268735
186.6489050597725 89.12933528052764 99.28024824916795
51.05629764607558 165.341148037364 26.59071180056084
23.04812383650298 32.6434922527651 17.71240117110041
79.61554949501542 79.96411760163328 115.134564078821
147.2241348479678 75.0619853791865 82.85798710750583
75.01473737445228 173.8996145112175 14.23687829467711
80.92655423532389 194.8609434493919 91.74050105739946
37.5707622584657 33.68780995092925 112.1622692856609
79.23572333926958 73.5028695389334 60.43818123107653
32.77561365898679 69.2279957139291 160.3667735057877
102.7629434690769 90.69967034657239 175.843190215721
22.20805756999532 89.28738211450447 61.82213505294755
112.3701161137741 24.10797424487792 110.1423535302879
70.34078181851395 149.5322824108998 56.21418774645859
3.047911757685221 100.2165973915032 69.28787398071842
0.1713742453461082 26.60906806915326 103.6666882352741
8.578648044470837 165.1732769250698 18.91134262617159
186.1110694959027 104.7850973597351 29.75409315210338
92.03448492061995 169.6505774360859 0.01419248839292951
128.8912399720664 101.0684319012861 121.1163503268483
159.6943166792002 173.2064216068863 110.348769827947
8.923564131006106 120.1903086030938 164.3140364017883
169.2984371408695 157.8117650557954 69.5016111207639
124.3887253846332 8.2721594140442 28.31622925342925
108.8631643575694 173.8140596073723 14.48726247186574
133.9416042537615 5.376351035077685 117.7251662000045
27.82654605137691 2.516239409145427 3.712349045015035
24.07629218671046 43.41548539506581 54.70195527026128
94.57754616175384 96.65958818031288 112.4124521828201
180.8629345904337 121.8035035137249 160.6708575082302
57.90304641168549 54.64075329612 80.6706418751632
83.37531299427354 150.3966137423774 87.87157422548999
138.3772831205122 25.76581641028468 126.3627008726144
100.1971966943709 81.85668455730429 59.52029826453403
184.8740080158572 143.9643649420789 94.23570844997938
138.0958819298431 168.6189415214327 100.8792060175638
66.29335082124734 184.8963306076569 176.5563572680001
169.6900608313014 54.08712135030686 128.3625163352117
154.6854396714765 142.3304814148762 59.39354730417985
109.9163710135122 181.7349984627693 193.3647035797387
164.2829540895382 80.77548441815956 180.3789595164097
199.4543448204544 38.55827197533364 155.2542318575622
131.950464033025 155.887544242976 42.82672902547689
144.6161146936852 129.8465987939635 135.8366419495719
119.1111239147874 37.35997023573845 93.14370648829463
21.98432088838576 90.21609417938157 121.8226599506402
199.5948595290122 75.79885247892912 61.455922482327
41.24394798051544 65.36122242583497 20.09815651600939
140.508527918294 71.18764532983451 198.0554493540424
149.3622523554874 63.76756535394222 17.58233034365717
135.8919915613695 150.9036997776953 10.76194446979623
6.445090943701141 127.5525627067972 5.931072340287924
86.01768762891101 30.30400316556485 15.09973497560553
192.273544516709 85.70068768582328 155.3073764840799
80.64180518283048 98.91225337583964 34.29236723654956
101.3686444244895 74.61095334975084 13.56401428341378
67.76779361843117 194.1460239570348 7.339210130636856
23.49573616769056 16.62072903646917 102.8849784573043
81.90288176186547 177.8987658797197 117.2996065171112
96.55233415753516 59.01887168760955 61.03310705916215
19.01127347246643 38.5994097393483 100.2697123001568
7.355458206070562 112.4447198270877 29.62214063304485
49.90969620722768 6.578529746065201 1.294897847439521
193.8855907011225 74.5655088526085 191.4846340845392
123.9428412313154 74.84192933738512 12.96291327492704
168.8224597957447 190.0487285292494 155.3287448420914
97.056029859784 14.47533697121288 124.154105091663
101.6239322439147 138.1788110145947 82.60612274466794
23.38855026560413 129.0764708756502 20.78392635053973
116.9515413229754 70.48422768782741 49.52181027493084
92.74477691834623 113.6189286593895 48.39947619653653
23.61036136343021 6.079044941167407 147.1990380261448
125.9391066357462 84.81494354773577 85.43511048234987
86.35888029824405 62.55957809575418 102.4217030306252
3.102093410555904 150.6411558837544 139.1000825540464
34.3272847928321 132.9141158824567 122.9596983708306
171.6236251343595 40.48770423013564 3.521419610334318
177.8533546784345 161.4388397311217 41.3741119527444
151.774888389118 64.06007004672873 118.6515079312804
115.6985699977069 146.0742506028792 1.878575148934846
122.486947886505 162.2936268492993 62.30525678446722
127.0043935511128 36.73390982658211 51.6416406642489
179.8830826336788 114.8891440031203 137.9759323121196
6.228934030494961 160.79964326282 46.81616440295598
173.0079318794168 182.3846033809027 34.4600449579956
18.11764126883656 147.4296201013767 8.704323360473094
76.78441733383903 56.66828955406349 41.69009945634225
166.4797940137421 17.88604592300987 83.35205727998638
181.8230358247825 194.9745430268548 57.47406212848205
16.44072726308452 161.9659990840976 153.3773475308466
62.87654982394969 125.9942652910907 24.80889989499419
143.3236221157618 89.01982542552885 184.4871215528601
35.35359284779967 120.1668096738906 58.78427567326968
112.6215393508431 27.20907725926394 184.320849235003
15.2104872519847 59.35995988469045 170.5694502491349
123.8898609698898 178.6829184204619 137.9281638212877
44.87270764964112 179.9106163668922 102.3942705613823
55.2410142091849 23.50468374466373 31.4134099181054
80.69461122706868 82.0475785926743 18.78836975081536
45.00265506181573 166.4437866995654 182.4625601701691
86.23110984534468 164.6537223018221 50.84328608239561
12.26738268155591 34.55088864946627 37.46449047393915
23.6196586918092 54.29701716965589 11.3245612686293
141.8003754718623 46.27166582299511 172.6308579409814
10.00261126400837 172.7606953913158 188.0595996869235
135.7731414191855 191.0899708452076 100.3310098354507
97.0640641837271 133.8419331890403 39.32300550286423
170.4847010802279 32.49842228072484 46.45733047719924
38.27982984461204 146.0161327622362 19.63994449436005
85.79806407153565 60.19049924349764 21.28522935342601
79.08403627735041 123.5000963912103 63.82741960893989
96.98356723331025 18.21250818029324 80.32681821507458
156.2055716864865 183.8776286263176 189.9845240863885
90.40476280488203 161.9750229457517 130.870324863844
197.2877134340013 107.0879837223906 150.0681937960776
6.751494344683667 54.40710107730838 64.19891446447384
157.3116541876211 64.98647182722776 143.7895011161999
125.2241386138978 96.38185085818364 173.1636173151045
45.83644305413446 59.56973282856822 144.6781363796816
39.83097519531526 77.52195057118332 101.9329470783092
7.777422367118763 183.3114280582018 45.90464825508892
169.0689775643215 0.3812754919155792 21.3981515380677
77.00811773575359 20.37409317061713 92.73322527436831
28.63673332490288 6.426165235444881 181.4848036749137
85.35430322570974 50.27681508495357 144.7625114414917
44.02307029226321 185.0804186021358 37.24592987778762
113.0332515366173 59.30227903687033 127.0040936648268
8.269783471549914 68.06825765349707 133.2142510685003
194.3360752477925 176.9781572956617 62.91149156923885
151.7720894784184 187.21000659363 27.50932545541683
1.138146762639961 93.68453950597362 47.75438323360223
124.9566774254279 126.5433296195801 195.3331504374925
52.02209131513798 142.1322029814836 135.4953560528331
177.4294558108272 143.0467573312906 54.47213280585913
96.02724109693953 81.63206121375285 95.15705164366651
0.7749023120265566 44.16802949454199 178.985596021611
46.1341997943118 55.91998640058106 99.93593204119463
55.05686125127717 135.0648932372207 114.2609111722772
63.45934378251899 42.49124880793156 171.235127066253
132.4004369245023 117.6331603837905 102.6869117888849
103.6299937008648 127.628431540865 187.9842729282049
151.3167049043388 82.78732287882679 37.77582581449808
51.61409417445587 165.1107958328895 4.015381490703134
103.4571640007736 178.1928290666533 147.5341931638853
48.64760870777334 81.94373166548499 145.908500126817
166.8426846433049 51.54011386729529 83.4718622801975
152.7359553686979 41.25430199216061 135.9710538743932
119.9407935538043 52.37699524918081 36.36117317621765
190.3263197686327 187.85627147917 94.60475706957696
193.7720684461858 165.1092417372883 1.772230836473136
84.97249178095153 158.3784827665487 179.1906909646059
64.33062414098434 163.0225655799456 171.2939808178357
195.9599576185666 118.6640798006773 58.35800520444791
79.70074792267576 45.94151555582459 88.65501578247542
109.8067217342392 196.0995552570776 135.0407289187611
80.40500381343438 12.15699631761289 153.3589092202992
20.87011426012122 39.07986277504484 162.4027782981218
106.0436495449917 98.49465506390861 83.96180632499409
186.3686907935712 186.6275740715173 16.75415347350276
172.7472691072556 167.6038879793248 193.9142710616367
155.2664721390253 37.16783111417242 188.308584261937
72.28325899409911 88.17791487486367 76.13248943309347
126.1176975666631 165.4542100028635 119.7609548638044
190.3144900495742 183.5108526225658 153.0138761677832
116.6265366507749 59.08698610549117 198.3337079054993
45.09036676413417 19.01879573618665 96.72589693683615
73.87643627018758 170.213519390808 93.07450253820637
36.64139908340199 66.58074199786211 82.4360927537503
100.5999370077184 162.3580837941753 163.3806137930725
39.58748481131029 45.43110218312779 198.0416088652151
78.88803001039766 151.6777798700645 3.776121880545292
62.2586977058136 148.8564967486856 188.7593167090806
129.9944161326996 133.6425277233886 79.99320858459421
24.52496460921853 172.589177964275 84.94381227945907
154.7466357551039 18.35114983308464 140.0404122367201
194.1129879072526 161.5133981436712 156.73534969372
40.4493197808982 198.0617863499384 89.70645262405306
69.67849371072094 172.6038228617382 37.10162806312198
87.69181011202313 66.82216845373569 80.28433541727647
65.4701202092122 21.13737135483753 112.1318048905787
60.65809601807727 127.3217022826321 150.5790617782775
43.66992649692252 180.9119910994591 61.96531238678368
100.001506387713 56.521811581596 160.7938348119643
2.43985095947867 138.0305358418268 81.34218298023265
19.85159442379915 61.1896465581794 96.5446077498452
147.9800180020128 126.9459380990896 179.4012525858882
105.8507965669029 0.9048778598148128 63.91909677215985
158.4332918956283 182.642032694271 136.6949793884881
159.1633755012114 177.9742612280409 68.62833291574319
72.24822985428658 145.8341732940903 144.8371283387609
106.3503426359334 154.6753327380518 48.46398726650208
111.9728236999977 68.65420998942409 175.6094400457481
190.7632228478925 156.7280627684254 76.43653982300599
179.8400922257984 17.31041616239234 31.76140225762692
