3 1024 8.067261988515762 0.6496999999999998 1.4 1 3 200 200 200
170.4213702272636 134.0777720973862 45.3548479913096
147.9414093550789 85.28636699170336 27.06462518312238
137.6728882199511 191.8994141401086 1.262486398887697
163.148993237961 24.2937529837162 153.0440994084668
121.103793365006 25.1061982195365 198.8143445133283
106.5878661431734 54.94073545274573 150.0487879939857
143.6246547381582 173.5550314425005 99.11872077471352
120.3957425744817 179.8261103477393 120.672937630042
180.079895859532 20.35752868340914 53.62051775739874
167.8570585926783 118.870404743103 22.1220986993593
95.42800487511873 99.64256198699678 142.1620249253094
68.06660306036508 149.939419783216 121.1324726566748
16.69421222222208 71.86211583324166 111.3909609696728
10.24514813966827 134.1484580990762 174.2565079708579
4.488215894655042 66.54357171506064 102.2780602630061
96.32880411417787 52.35109944148713 20.55134668262228
0.7294220517125621 192.4003895135876 195.6113421185503
174.7952324619382 161.9725541675205 150.3821526940563
12.3184106090854 146.9093646988829 66.26942470734693
175.4734449648962 188.1134549407345 176.0226668948704
65.58571906858249 84.74555886775191 160.7524114441689
152.6235769551989 42.76770306410029 121.1785243172717
70.45935899632252 177.1747897480573 53.01209445804651
11.73727939536426 16.13806465108271 6.957925002794967
164.2982031551125 47.79580281623082 78.15038914041214
78.74944306425034 199.9561734335948 20.38388469306664
61.6023543487912 38.31587103290156 175.1478737319244
39.80054352294536 164.9826742544721 117.67998838627
188.2706825133208 90.47226933951387 90.04848705775581
153.1899570759981 156.6468312741487 103.0220064716479
79.05204947164009 132.4070472021093 36.37069870877718
147.2074144588166 144.4014174527334 5.100278006893265
5.717969564103409 113.620010169098 68.5570009605017
145.1341235695617 144.401420997311 113.3673400512075
135.9673053109466 29.42224275321688 28.17074395827647
150.9227176436453 157.9102172258172 120.7551731500157
126.1446692575692 40.9740711681532 84.86098485404698
21.2766985135105 23.09592529397773 97.46238376325029
195.8535627275907 158.3159876176151 82.88777952871203
189.1764874954713 180.5254891586623 167.2983592220492
189.4811882076743 11.97717661419647 80.34344196230586
28.49069117615127 54.82557459663813 86.20961806336682
132.0433379791797 87.36957499037568 103.3175398544402
176.5984171292359 99.09186515968629 82.99298481571627
78.57282489797677 163.7397528022038 86.25495251194434
160.7590060261495 111.5813870063653 186.6508729029129
77.09844053273369 27.73938394118012 75.26875752922399
194.2406665130817 63.5791709080152 27.83053793852569
41.37529089016869 38.09252471019037 149.3924699308873
3.446481904959423 199.8654205409718 52.94459130512258
92.31225990811126 120.1733043049694 177.1252276239652
186.5618401575884 178.4495567665436 183.0829119983338
20.22023650887505 74.4537393738869 29.26013944390092
86.31638510691235 32.26346470351741 191.7725875875836
159.0648177945039 55.11233580259189 17.75997201873784
48.41952955810913 23.49699248978985 143.6879660597486
79.37717826134265 147.8256790663532 88.78648841409488
115.1071403558104 164.3595631591388 113.2663068359698
65.27971126797607 122.9781577935667 65.73224465416496
70.81052802487413 190.4256797399924 105.6574618782244
9.990544775873488 40.80740957187125 2.251364118905899
131.6970470432672 73.59434306618641 59.94155116301805
65.3364137601673 27.2704567829984 163.9960981536475
134.0946274277321 65.45962967348004 46.21590534887662
199.5385965998365 190.6749613637247 98.42920764702583
158.3394243823539 85.95785038105977 167.4652272961611
122.4332916753849 192.2034696467364 51.65893291569426
46.32918830954765 86.6003126541257 127.0033286845764
87.39627945626783 90.55591735003075 169.5378166099906
160.5761429949056 177.0234076243622 12.7817370058731
3.915013941534261 131.9162892458371 60.63905180870042
93.54079231879426 132.3016710428257 70.91500485229916
167.9455750508666 45.88952956866093 7.247887100562494
22.5731764328833 34.8625552079784 52.19039984048942
21.180717700834 51.05579147202161 53.00378043310135
127.9523036159749 15.82570229129603 173.4706839543808
145.7116302840418 25.38774056490209 99.68044351164556
60.56714977109477 10.00029083106464 39.32603171033849
79.48563118876123 146.8718419175858 49.74007309137254
189.9304810338589 22.79313608653704 17.21177906705446
146.4646954123665 9.462617194213225 89.21505299966141
142.4470927086404 142.2160450568755 97.33235690918113
112.8416614566628 154.5007663208591 30.18417589087691
121.9531220774225 143.4067098942224 190.8936128781706
67.78243295936028 52.92022942178858 4.024337637505426
41.81505846803616 189.4065750348084 52.41213513397156
111.9007134078043 75.92136952380022 20.00358547652533
181.9474423217435 163.4650498597089 32.94716598949918
33.63627427553562 82.56645003571347 23.17903173800232
71.62717608064082 50.34939929927449 159.7488947345664
88.46502028833785 177.9157670917364 69.38291093394247
44.93860431499335 145.6341006363762 92.48002772228558
21.38438726626956 182.8616974340435 164.9115081558246
124.0096001657627 57.39446131558306 149.7621798217906
191.1167845090717 97.12867873717188 109.9149753466786
158.0636062638064 15.11102735107002 101.5296328202862
32.90455963257606 193.1983976932253 182.3987908522808
38.80840345947946 157.4247401222534 19.8397778304783
40.43601893299397 54.57185728700861 120.8698999196596
95.68259043584965 103.5532324679086 159.6205851827496
196.5310991568772 187.1372312269161 45.8394761823837
107.5975290697838 143.9240734934934 41.18101802295069
143.8435075668145 101.3526642902904 139.1460263022837
74.96193204583052 75.79894381934145 148.033672233478
27.51273119714737 24.93016695868467 81.82026339804179
53.98390731655353 162.0700390356491 22.74586844097583
33.85064386262212 51.69155199998188 20.04781044010655
105.8223343838885 0.3330877186819142 109.6298449557283
16.96620808856617 49.43691933447982 105.0278560605492
91.72345200059473 162.5660361734009 95.5287836472877
100.7284051662149 164.0539649616867 0.6562454032131692
24.31395470950513 94.09897726211692 86.36001613459815
133.2711078436946 14.91043393419276 21.63150766456871
85.28186939530109 60.38968861169536 168.469087945736
72.55369512995331 22.50782698466127 150.1846876793034
192.3687533126125 4.055381999056107 155.7012226826743
129.4062723023902 6.616404258370809 92.42029204341408
133.3174836421173 176.4819673783034 3.173802023333562
14.75312041635995 180.3568612263585 41.10525530983903
81.11972407030976 164.1934208997386 25.57365554925035
113.6615181971385 2.773992795041282 43.19515540746134
135.9641501823909 124.4288963341639 130.4149055625632
155.8450735979897 104.5934947699749 149.4299459131461
116.9523727608921 172.6137272028592 4.56000540880871
24.08850937127388 62.93023321908548 140.3748244057948
14.13263992096631 116.154298951232 132.1431470702089
150.796991480498 77.05506241405283 192.4743669159192
107.8263466865174 151.8677935706105 192.7286401881222
115.5754469658064 80.59382641544698 5.004586813748651
126.7546566228038 148.6373778559183 24.49481669785205
167.7898229444853 124.2946509131856 196.7411512352529
145.2226924470533 9.370830781260292 33.97562198176195
178.8186910717284 116.376260533035 69.94793386360348
108.2259039228408 149.967780303248 126.2168071801831
192.1219486243386 160.5676430127737 100.2425844711125
50.58369123899483 118.4130280844019 60.88577134819111
26.18043634413435 65.59061245443131 17.1671185723614
132.9959954174427 8.576147752714274 159.9685081431846
7.734613869136136 90.72046440040467 151.9762750387816
76.61462676579508 103.5465173691604 87.06933491643493
13.32303635310845 163.9189745324163 199.0580522438565
140.0244625819127 56.21667609647901 151.3279291138244
12.62562175568269 58.49825052046886 90.90403635783281
92.21876099165145 137.4968266101755 170.6314131134087
106.0323509941893 194.4166172554193 184.0002185070231
157.7342162932749 26.26051495120282 10.35240462261247
113.7710929751358 35.85407612845195 75.8608490621651
139.1416297941701 158.1084017198064 95.22402554781893
140.1895000057672 92.34972730903118 183.2292878560924
128.4484090503853 92.61811224455344 32.82429013738967
40.80950640382073 8.544773753787311 8.139540430865688
40.30254140914223 15.358249299649 79.5576879452089
72.36740653253538 137.1542579681014 18.7442920570582
133.4007801382311 139.9113955518447 60.70687078733184
74.80462885164911 133.1608347778982 83.85223380448187
20.67809562683592 84.51362479654493 72.41766178938273
47.04742702323541 49.02657402027046 74.23123039030227
173.205309491394 86.0648525815151 0.6482207045596337
148.9130280734675 155.6329024284615 143.0314862702726
83.49713590975659 59.47224565969095 94.38536953761346
85.32512574242004 55.29860487209182 37.3909988106446
107.7832602431315 84.00810601391983 77.48632567521078
139.2851656187411 182.8303512757902 166.0911011105288
151.4339728469275 107.3359051970979 119.2505001484251
142.4909176590374 128.4667994079361 147.4969995410102
156.06187515555 161.1188920793992 47.73026794692632
72.37025112983451 66.42508807251329 160.9074173482041
115.6536177529551 26.99032282489575 90.50510187004525
187.8747846518436 78.40452440727965 27.91479696535803
192.4437730267423 77.00540635819574 124.8526166263479
198.1728443044453 174.3042997900113 106.7247253706648
191.2389837499682 114.5948738882644 40.66856243376632
121.2825183492855 7.527158074939013 56.59853735792205
197.7294914507602 162.8903792058495 16.13286005410731
84.67206932528505 114.7832668548835 41.41950910171023
197.2043114635829 107.7091183119415 183.2932386517233
104.4937181553044 107.4524420113303 45.08122249958324
8.411134581505888 131.2078091449528 131.1712674094904
97.61251223017115 106.2433588320262 97.62887758611113
125.3142185256026 113.8687204427695 87.71809913226848
6.196325560152549 191.3536310141672 139.3008667552496
54.49277412656781 147.8664588567436 0.8151786345856623
31.83397176475331 102.8773385567311 52.37319731002116
137.3413524028087 72.06345945438018 152.7363709546157
193.5202054273306 105.4117094971847 93.194463635094
95.29569704419904 131.241582005283 123.4033571629844
189.5857335901769 107.0217918393582 77.63010799945752
43.51715050443168 9.84286703506206 150.7486564963907
42.2617651856339 37.33020213655734 52.1230656328599
77.64239650030009 114.5451256193163 26.89896322494679
4.919530582049793 103.3232755878115 44.72912973507285
100.6914935157942 32.25675104800391 87.5542145382399
148.7189077597014 19.55381792827455 21.95921009694204
56.76575065209329 189.1090790593011 1.38068365249075
77.85531855973356 52.44444918564147 22.26242752513877
109.7709549327627 30.9528698764061 105.0438732314571
186.2902014350695 182.2843078012502 124.7828255856069
28.76492352160787 169.3915874523664 24.18125391029519
139.7674248245532 195.0729374300309 154.3003617720481
3.740137635495754 146.6643743218969 51.9957646716351
74.57074934995633 122.2219231856277 13.04441400028903
51.47879527447792 81.50474833893078 194.8846876325728
102.4155224244348 99.51747950520794 31.18747380859414
196.680387912632 90.59388366306078 182.8241662089437
54.03105043250715 87.73966954484861 9.544645892430285
113.4838384613343 184.40899045178 15.03663594648609
159.8055734597191 143.4100880360174 195.069381891541
49.71113208211628 167.9942637074933 95.55380771575749
38.22322933008275 184.9496936583876 169.5938887784876
179.8292553758077 46.3883530422974 72.1676911243417
0.3844441440114773 2.348331047150216 87.32368944858663
101.9064484885483 179.5790805906069 4.890046613985929
115.6918901923095 96.24980800862252 42.01143732865287
150.7380785880191 63.24076915148913 97.05682404852897
194.9473933835636 163.0496368941433 48.38527132287835
69.44000228080797 57.10224621737386 35.2223130660565
183.8480912676193 149.272947987596 110.3972557421995
86.07677577690566 77.31044533410278 159.8975924947793
159.5350208452089 159.0056796850487 154.6969690889002
24.67413964445393 156.0862248346353 190.6843993613127
34.62263337812242 117.4376409374785 58.73864677947984
35.27709685588388 84.36096603976411 79.6300753367906
32.30151355768943 138.9994692944445 22.42286602138504
3.093731286145457 75.96008943281917 22.47726456260585
97.01921726271445 122.5934860591726 109.2416829563896
53.514079974031 186.0654036344385 41.76084784197865
151.6720060325088 118.4936466264127 156.767721762416
116.9596880876003 136.7687294438208 159.8119287034145
114.2644642753779 198.2005676453147 67.73785967240617
93.62128940882789 112.7000714621637 28.15762653237923
127.025139874106 185.3059179349644 155.8978961820681
74.43924061708769 62.37645412103191 51.35598636622621
0.9356470183454336 27.46622669976711 2.838334900561835
59.25691021902105 127.063869689962 11.51567772672373
101.69194750757 68.08501332465869 158.0213902580529
75.06817320387555 9.101335396145121 47.85207716650474
164.4976074237655 54.82039176898317 96.7607325949308
23.1240356643837 18.31259820307759 116.7481651739437
185.5126677939199 183.7493712313402 57.12711368260662
26.85341306549279 43.80154405942956 144.5219500061049
53.59485257605066 51.69235403940432 88.73334324296519
78.49051676621833 36.1108517042779 156.5117415700647
52.64186118273071 196.229834880749 15.37265691984177
144.8159930694684 94.57627531102062 165.1828635146308
102.6371608373085 144.1819174196788 160.2840966949543
67.06900332571502 159.3490855447647 49.88635881305895
26.73509142191566 107.1560367356014 37.67599078297964
138.3981764565968 156.4755826443117 130.8241286991685
85.08059019027786 7.324329506415418 85.16140039889089
128.3475343858551 190.6491519165576 14.3690929407047
51.40129703622891 172.447147789829 146.3565867427133
76.27240485581567 19.79635746588812 189.770960065359
122.2257445851502 187.598400708832 199.4713468112449
119.8381922944753 108.0253779835295 73.71142316396781
186.0588379298425 111.9231126206493 105.9322409306419
13.78309698259741 145.7854609687116 163.6562118532791
86.79715002148166 177.9053106502265 38.00676246622469
1.461095426113714 77.70181440787989 41.6901217720123
68.26085924513147 148.3094094538174 34.02658970332578
51.76638393050138 173.2245271807955 56.14532470030913
100.6377801179264 48.64967163146078 167.3637726204678
173.0897667975094 135.284230048289 75.60860625799873
109.2431981625646 49.58676666688818 88.73495307572186
75.81097283324043 130.3906300451276 178.0550126158166
37.17917613764055 199.7682788438159 68.09611287231201
88.0869823137062 198.411601178328 102.1061480162838
41.95344777931523 181.2265055804829 107.3677973020325
60.355979516955 26.54642405743779 87.82896827636394
197.9420550221231 73.31936241868985 85.09114474829845
83.57290661254952 191.0868760765332 56.06299526365339
25.07821156284577 87.64912362658858 160.014410506673
84.71914670804054 164.4261166267541 56.01086301584128
7.941469402769223 32.50527155140808 107.8784266250618
196.2871250635186 81.29131728303642 165.8500270714653
31.3754823166112 71.39232221256545 124.0043903911028
5.076127331024265 113.2042245738698 27.19867800955587
157.5048864205368 111.4474997194162 78.06379774752833
177.0497133272152 164.4071183904184 120.9346227621211
180.6025936799327 95.71770417582532 173.3346550993857
117.0343963069577 162.0026537238786 63.68272104656401
117.4275332623741 58.76735370813371 183.0978966844403
82.30458778969253 119.0546468000747 97.167514068098
118.6363522838326 30.42715107274227 122.7020205080661
139.3042709895883 27.15213036428172 184.3180696799182
174.0922418053713 31.6792598209912 173.1268216651871
45.1423418471032 113.3642492627125 43.00427730072435
34.90652217508441 141.2603649958174 110.0650545166776
174.9811633114013 121.8836503452671 162.8515580070289
33.95024071767693 22.25184167720955 40.62375988186903
23.86207092168006 195.7465403456188 48.89897976812302
114.3074639343414 11.72859958996388 186.5799237475637
98.70278644235681 162.119109146055 137.9010678796675
171.4922089511207 48.16154768304532 188.3503690516297
53.63892819002841 68.675042474435 126.6712564383161
136.1967372780711 29.09111376919435 162.029149447134
121.4889678271884 172.1078509088263 168.9362765770019
52.71012482236175 35.23491387409933 107.2260316974428
54.92925188197545 165.4355897167896 170.1323483655668
11.27836560172228 71.68638714783683 151.9542666756088
23.15834887848885 125.5973547391504 32.98858389817666
32.23661072535565 159.8584924675796 97.52876234155448
101.8518917046125 9.383638617018457 57.03969461990891
52.22167628853695 49.37592521564058 30.90159197102146
25.59427832176048 5.418462192205701 195.5150694157413
36.94961857432451 189.1808902544216 6.490901672032338
33.91610032590266 164.7339742772301 136.1229041893844
184.2899052321099 131.5095735256951 6.198569484085541
194.1890992715985 8.357122786573072 4.436827057774889
171.3811425718954 93.35190513153537 152.0935280158752
77.38252053303566 167.3096127722314 129.3691014945236
111.4648164222717 143.1923160381677 74.87539140387355
117.6847984633813 39.78678262268914 154.7398412274005
196.4564779201758 41.48540350207706 16.08407801541916
47.09949647466527 180.0803213960409 24.50166440395246
95.46078236535807 158.3449958965245 114.3126322314942
176.3653559976622 167.8376944425989 50.96295534163303
187.1915356445097 99.05682074046815 197.4255854837204
37.3767486120968 66.27440577791917 32.94767991209433
55.67137355193304 161.3226243756685 131.0965053229549
76.71827212552903 145.2319374368743 68.83644509123003
108.5609668724822 174.3407244702621 80.59811741122526
162.7666166074798 134.8441808467686 12.17839940124502
176.5185308195361 10.97041993019035 164.4477929542389
7.421003185312665 16.59019516354347 188.089960499332
179.0193055094775 129.8642147709515 107.7818787590747
100.4710989649211 125.9356515814585 40.51719615376876
172.7396149600663 109.5258972683582 43.30314683561113
141.374511010894 2.140877801373065 176.1931527249741
142.5058031827872 165.1649992992043 173.4327054232276
8.385906307761543 61.52261033042119 10.71376962251439
124.6642791369731 63.46369416435363 4.55842740348807
116.2734711789033 2.309905420162974 24.01697659710851
179.8184679748568 59.87516709386365 86.05888101608639
184.8287424538624 147.2129067925268 43.73075810764067
133.5917400997465 46.78395292662936 17.01941485011832
171.8668384483598 17.00826548084878 88.08769279029073
53.54066155373526 117.8765560274421 176.0376597386979
43.04439339470434 67.56174385643536 85.31392206991555
128.7395251066431 34.14965616034205 102.8467937273538
131.2150137086881 77.63383324172543 20.87992801918766
73.41262374286292 121.3444308616741 140.6813512529502
93.84668903018077 33.40931627935346 23.69682066670352
61.58711585438501 134.9935474833796 51.00703052429902
56.97767485168102 46.22886858932832 126.4903165313992
193.0643214155654 186.1817298058037 14.64888013512315
139.455586643837 60.66049099135625 187.7192246631658
128.2207574474586 43.96162236530229 65.84482067756166
124.5166886997325 172.0139072273868 96.41409735614111
79.42073337472543 55.51994817874982 113.5730398467316
16.67005848532127 184.1598146319809 104.6677426392079
28.51601077842638 20.0260560974666 63.11719652720004
89.54134059753206 158.2868375791878 158.1878818447198
183.2488170053005 15.57035291475643 186.0413614371195
57.68411744923529 8.172094967510198 74.96646112097265
55.54225302455588 57.64429167006348 107.0528758275172
9.01196778920178 33.97517475487278 65.97938504529465
191.8250457057931 162.9904765936711 159.5322859685535
12.95019815650904 145.5753568912972 106.7745664737889
100.2150597612779 106.0924853198664 118.8505036914945
166.5925740645631 151.5490671571414 136.279827505885
129.7778967446835 55.85758444555039 96.69839067505382
28.71516201710534 127.0047141265291 138.8117303088482
41.16806180332309 120.7748746106349 120.6976964637793
62.44784871809026 174.4136105111322 113.9840095332783
195.1228133436124 170.5007058946822 198.521951744414
48.87167022244289 151.3228150471729 153.5713118049166
179.4450785659843 185.1475987542567 34.56975432390393
42.60889231801135 100.1122458394161 140.612034504695
85.66602294820055 177.8340164984982 147.5572538223279
29.929943622394 145.7054010131549 79.72204793684023
13.75100149418004 117.7420239327059 183.9191837645988
65.06670180296236 7.683885124283495 4.300299030326566
67.54283264730633 36.67037585027764 193.5018358853644
110.0636887026853 135.4399039041019 177.8544611619863
114.9148685884708 97.61150689497245 89.27345934333023
82.87188611779149 128.5166420990707 54.94696782524152
37.49059023863628 35.57167837705973 130.5950905454986
114.9301851757076 114.7032505828262 104.0368077689735
180.2588369560518 57.91457884199244 108.5635371406001
137.9805511415786 46.50110658204212 45.63414063586175
145.7399108886104 1.010902088103792 16.52005394330457
160.3817846654904 194.5866522461484 104.2404781750713
96.16636183133343 195.8432459436579 74.20058701797235
188.6658654618996 155.8781575167989 138.3276871986958
171.2975456915306 45.66893620881581 126.4663552182559
101.4445037818312 117.4020441889426 61.40800459099654
131.5653722004841 91.19607828663705 51.87835999815094
21.8147589559713 50.59967097004073 124.3791221580855
41.63756182124384 77.73927949349172 143.5657596237384
2.631651684932948 134.153529747895 19.11275784568705
175.3808987402831 7.933578145273295 67.70658600112586
92.20172759312341 17.76460026317666 152.9299573088803
0.06915990210394987 128.4149179661831 99.7219559848522
90.81121512704917 149.2302474629273 33.12562352899356
145.6905051998066 104.9395552521841 196.8698811245165
8.766678076820732 99.65156868978171 170.0182772866164
2.175768988214356 118.0214610969181 3.313656045382037
166.9792002492921 106.4709693541624 4.25926169768094
113.0614042733259 71.02722563847672 141.4468365641535
9.091214691542126 19.08216083210991 82.96193836378939
30.07242183698211 54.55466279271706 178.9562935929083
108.6469727337249 175.5039449925684 187.203455769427
125.9314611270707 92.6436012716982 168.9849570753792
61.98530752679991 125.3151343461527 30.60292520050869
148.4811568053225 10.18612959200822 196.0661274651904
84.18091749783639 138.1259872525392 109.124511796688
169.0094322106314 33.32054861434538 44.44339862708512
82.20770575588656 104.574378132792 10.79158008673815
26.97905692838456 70.60845377648914 194.5397129718699
21.42250636099381 138.8171468365851 51.22052560847203
98.37735805428048 64.82445780235933 105.5565016178778
61.62783168707343 87.93140327933708 140.9721207392693
168.7564683655198 87.4248562249507 40.47520367325649
32.3573316410565 3.32328798371242 135.914156183043
27.5472414085448 184.4613922603331 124.4608476601818
75.97385743257968 17.04181537190513 29.36091918707441
51.84979532554249 143.1213543345733 19.39873482195016
104.4566422460432 113.8920693875895 12.15733041467109
36.22674564753221 91.62137426722441 2.034964224110996
152.0727561022712 194.1780982734095 139.3795379994735
104.7371948193931 181.1014472327008 59.38740939154534
21.29209887558019 145.2541216048855 127.7633046108548
192.3159079183013 197.809560063435 175.4364286755069
134.4237976284771 129.3449345093292 165.1265518152485
104.4337045479945 163.6809208200825 45.01219322910885
45.29071876522318 100.5330287338979 66.09428411686167
133.9808227523157 23.305722328721 83.73865143410846
101.827399952455 24.74082130254173 0.58612859462093
186.2752220632178 84.56135742290223 56.93754388190615
191.1357298343516 176.1422049189911 88.78338373792131
106.4709064207939 198.2956532982429 2.96211070794622
66.22130741465357 66.36505409577701 89.00978194848808
21.50158954214731 69.90610319097178 48.59925362305255
154.6372703336189 177.735023402214 154.6501260894359
67.81337368461948 184.2579810523216 16.5208201448836
29.40874038750347 22.63281632971541 147.2524327012169
94.82257630341611 86.88625625702184 16.97127061628493
173.951252347836 137.440580214927 183.2745542259308
172.2221693896104 171.1779064436307 167.2191224102199
57.45514743573094 63.78642908369159 67.26214702409773
194.2174677759287 141.5906561309461 166.3479648327338
47.33971468285316 91.36496089528897 160.8930193855741
176.3582544941782 151.8698310976245 0.4828735941678073
27.75981616469407 38.59388870598639 163.1471530335578
136.1858887731249 159.1052636352858 11.2156037167392
67.61600284411153 71.09638586682736 197.3578813062162
170.3137847889884 12.81789204777174 4.352987457662134
155.6052007323142 65.79089615101906 157.6831090059658
171.258442984703 172.7251440942639 193.4693682002295
156.2303389572984 126.249435343224 174.8525298222451
155.0418643165074 31.46597214159481 83.84345149034122
73.30721900541488 190.3277913531574 125.7729063453419
2.246670823449146 54.96826172408618 51.99827536151854
70.48968393405526 45.18151927388984 95.58761084535124
156.9161838040291 31.10977156302607 136.0280365618675
28.13110934802338 109.4685222893947 102.9216080497077
5.145856800660505 177.3326949874044 177.7681366902899
129.5225843338906 130.8255170746001 37.09432445967618
64.99433016338618 57.32597254860277 176.5475643220232
43.28289363551072 71.65941451740895 10.41997917035512
129.1628088256466 137.8819644924457 7.991823188747451
23.64744198368435 105.2313572461104 70.53373066471019
159.1359552492773 167.9864889937294 65.56898074649014
60.90826385802242 131.7390652789214 121.2593838379971
95.52209437225471 28.23021629253317 69.336447310113
178.2389735532207 57.62747709052111 18.69885852945114
162.7379525612984 73.17128044065383 24.01837663880992
131.7755299963635 127.6053448155857 111.7821192318392
185.4510455544125 148.7059725780867 20.91605236160761
188.6541005283825 199.28852033139 137.2611006311575
168.9885609028036 8.626912036035717 143.2821884718898
94.96104054083864 21.13232956505405 112.7305937231142
31.28611892388179 44.50923612252188 37.8432195916189
133.3607637676097 21.94235958652968 61.20102446144739
64.19611728802487 59.69095595588177 144.5049540251971
105.9968463740823 19.73150217563249 37.08555251779295
150.3271494085006 85.87063119713271 148.7918485068184
126.5095309146345 162.223336364526 191.0448358151861
55.56030764689495 28.70276090021341 39.36035709174564
188.3881821208268 24.69464399269478 36.67980188118209
84.46362934853185 59.48668377552979 187.7916103386701
56.36833064696204 134.8313010138025 78.17984010530891
192.0506835635322 20.0487859423003 97.7534888940468
76.09950319304936 173.1559308015893 168.5998347090786
153.5753303956951 14.97136333265348 68.48145203935316
66.52503856067474 43.84958050378224 73.39082491026964
193.4316931459818 37.74081080064036 133.4850921708817
119.2066170041399 76.50721533928879 39.97484043468251
197.9827379478744 18.50904208398844 122.5463103107791
190.2190766674803 31.20525877334813 78.19928414580076
47.80541091485728 63.1343898877571 189.9999414424784
172.6708636160926 147.5427281562947 163.1141385075222
90.91767040796076 143.1629413430149 189.0984603304977
32.40909903100149 182.4312158117494 86.93227144012965
92.86243619559691 1.488289619127785 123.9668095490383
159.9853747320474 176.9987985915499 89.3605589741193
2.209482599036515 130.5312020661345 41.40302251219309
155.1815050470462 19.70709404390456 170.0826687156739
146.721902758415 66.6136871219592 8.261263646413022
73.77891387410919 10.87096008475314 116.3553659492
142.2408852520823 161.3620411370902 34.17377828177897
110.5472053764058 91.80012551613426 132.9562996168441
103.001167297988 66.22328397844684 198.7978324318552
17.49796589473021 125.7752835543014 158.3790033514194
149.6447329535019 45.44553167557145 0.9440699830707215
170.5805409307394 98.88779371316606 64.59269303230525
113.1611131105977 18.65391590485286 161.3030256642193
20.49758064921521 164.6524289920143 116.2198654839682
192.1337109485051 101.8090731373287 154.8921161759613
78.96827044127265 15.49362236310065 171.0884993145378
187.827979711661 59.82925149933748 132.5030689835418
81.58341429917158 117.5381535609762 74.64334846419256
81.50711680353844 45.11073326464867 56.53329680558026
168.0683339523413 67.09725951868515 0.8915696099848774
101.5692280802412 180.6940471474375 125.3752671638149
191.6769837312981 138.2853417243808 124.4859628231616
62.85258928479526 113.9648742010419 107.4585563295178
53.28280860568731 69.58728525769041 161.624679254516
192.6530370589945 81.96326219471652 143.5668750054698
7.155111895626902 9.938555527215394 144.6401218981603
7.263382869883588 19.24010667014606 25.53717559946159
154.1545332258021 126.6576662652604 114.6941254326462
149.0461031044697 172.4367550442176 133.4160090728446
68.33387486870429 6.61628294362485 94.85061233317785
68.5855395937909 169.8799542636746 70.84747253234893
153.1731043243711 42.36090433144168 155.2531432891327
73.49761287006524 192.0956359217662 76.25391825264936
6.503365548246786 87.71775579095529 116.9534139894337
47.52993054398473 197.9673369164173 93.26551833258888
127.9556263454383 15.49323282224464 40.23884333401733
142.3293993177341 146.7507081857979 186.5125334420066
146.9851535146845 14.83292978172922 148.1366767336636
9.071198003309062 182.6972927057523 59.90637952426184
75.47838160436068 38.71364439182182 35.72551089496278
189.7100497965598 62.6115960927564 154.8396301604948
195.961989517798 46.55663478065715 94.55662695343496
161.2356811660161 133.7193500093898 149.3905913198526
151.8885206452197 44.69499189105605 177.682387017398
170.9796979618941 194.1199765341743 124.1814168932818
23.68424862312312 0.1612520392715421 156.5279078309672
63.06385066157192 129.8428495034083 159.4153700245197
19.60406896372254 125.8630553234971 116.3048974961645
195.5431281632491 131.7096619047288 186.6156083715368
118.5504962698812 113.9752966430602 169.8084469287707
112.2473848192964 73.89014848923523 61.30143414159097
156.6170006454751 189.2343142365156 198.2887523728496
148.798406608164 168.3159147282853 194.8967517634378
173.5076606656141 75.48960512614842 121.1199917789887
152.7503742551129 99.6113619854215 50.7467828057515
182.4239752155622 32.73123562019284 0.7019476320226847
148.676314079631 127.3158796462694 196.112212040655
120.4507441609075 195.3166898402887 171.110197983448
134.5224339404123 168.1656771052931 150.9149523474977
119.9563768027026 37.74660557562583 35.20889007012552
158.6443060913039 157.7635081393381 13.19373334776229
95.5491354494377 189.2142792040997 20.52393547572382
67.77668169312906 115.9709227535705 193.4706545326636
82.19211675798859 98.61435834099274 107.4750937945374
14.20455931764275 162.8729787173715 50.3821056351261
119.4252225098401 1.360194069462764 148.1956779338705
87.92142977212508 165.3597807442769 186.1953194802244
52.88634734078296 14.38125043444048 22.10181692326228
141.9372753408689 76.68218288022022 171.991640344045
183.3344115132999 94.80439690369823 127.4896242464965
94.07144770348224 157.5147172976695 76.46359347484034
70.64179808103574 193.6510579001184 36.86599839438976
42.29473939029648 1.107767575572813 36.9949599194203
99.57877523221956 43.49505933340633 43.07839699797356
95.45434640780907 137.0671071005252 89.58229081742294
41.32871476599271 135.4125770345093 61.33682227822086
16.53362182024937 91.17899534982234 54.34509917524922
6.954002436431974 154.8803107699122 179.4396044893177
97.98592607341082 26.64514357444355 176.000905522774
22.15915543189257 75.34774533124899 90.67399484701632
133.7609861625254 108.618735336519 153.9914777963182
150.0788608564145 145.6249892908906 165.0093493858062
148.6296997487783 143.3073851064716 46.19624927966298
8.04647138163374 143.4034599485462 84.82498535711022
161.9510618926644 156.4288360518119 180.9001328564747
5.20472427446895 142.4137619650559 146.6302659207811
114.4470326882085 90.53911082680241 110.7431265881035
8.986539862402774 51.09438443968371 142.964456884153
70.46020586723974 99.64973700579866 172.6693471232705
4.275403307401435 76.52769256477323 193.7465223882853
170.5743746142255 176.799461588631 138.6712736242395
18.26803408609893 184.0218608658381 194.8915471788627
63.83968658491221 136.6808082281098 99.41532053322956
78.68018881268905 84.53624993989658 84.03811833453253
182.2471826606089 128.7440851936232 30.98490862041394
33.39756799361051 113.3847391031347 196.2980972394601
174.3086233893069 39.25935737093695 147.9128403028421
43.78728001663525 158.1314396880007 188.3701610949188
138.38366927663 26.94328581116677 7.350958845132369
104.0438055691086 97.88337730064451 176.1926174418986
92.55951802092073 80.50715626840422 141.4748506892582
27.59487115896163 26.57688990013673 3.165233054560326
197.9572362723247 119.3665200914119 167.8530635790663
149.8954763327686 134.6247162045958 72.53547104502326
104.6626934623125 138.9706846840357 141.7479247591122
117.9045402438929 69.70598686874735 119.364205724509
139.1976368206088 70.93301565281828 110.6289631311448
18.38423591503886 38.21881630275041 20.40234136624724
42.32711894562478 122.6448954029412 19.80441402133271
146.4243228305863 119.8372109753052 17.3051404790626
133.9636973487309 104.9205838733373 111.2631743476727
157.5490337479096 199.3040788413378 160.6851149795841
101.6970233299474 124.8625268565931 159.4336841544282
105.3336541831014 157.2609361006133 174.3027772990084
111.9376907840309 136.1855702470447 23.9725025260492
65.14831271807351 142.3652535006784 140.7332897297742
193.0648388425864 146.0910894784732 68.13603727988489
84.37937176238755 171.7970923659894 7.553777563901495
158.5478782589981 59.93248260199983 114.4613405492441
186.0170529773583 144.2365374783717 91.82375829292404
182.0216242336649 196.946718194836 90.23780612016606
95.26673347821817 39.4557680264605 147.4435862290589
52.18030112314909 184.6536117290584 75.62295808737277
91.34332114721317 2.580351486571224 38.24001844162741
68.64717276228609 199.682824192884 183.4834225151102
128.0521253692701 125.5159124604599 72.49729345263559
13.31655723115838 15.63129421360822 46.99732865737306
15.51780102731575 73.1444009034544 174.4510600209542
14.80528890756754 2.851908215204366 68.33351614665634
166.9578414849959 51.41914204865418 58.60768305377236
109.5941122346543 184.6844401338088 37.62135263889664
21.28600233660178 86.16250592765613 137.7966601443127
115.9141839569057 81.15746844611682 185.6551641840723
191.5029876171048 41.28965214329242 162.4157662648379
137.1228089907028 41.57898156488944 138.9944280499583
157.7218234699498 103.2354838496909 27.64731956061068
107.7645738556254 86.44467367703842 157.0801880147145
123.0860588979616 126.2522067118134 144.7555672574962
164.7870950698975 3.169969593710946 182.1020230794302
107.5748383025051 134.7944578085662 1.854631307735456
198.7793179730027 158.8262642532312 118.3393517027545
91.19554154446556 150.4302804407054 10.57256167042081
9.627214012458721 98.43638401159329 194.8926999615106
110.5522988097879 44.38343380945619 10.10822049633413
41.89998744910917 55.34510455052706 140.6233910089726
36.64678293796977 20.76419205513329 183.1693464832033
19.25139623551965 18.49173884908694 168.9444545068168
154.44167594205 56.05459837544202 137.3351461892312
187.7734785317963 21.12543700284219 147.7026538873746
43.35566358268095 16.05911432954677 120.8470881514448
121.1925240582227 133.1553014261309 92.61597571540801
163.716872591766 11.29128962879637 48.63625596097601
42.73933705569132 135.3801597438416 38.56369859283632
155.4088144873185 87.46235959452956 8.135507408020814
62.14846094420066 24.53502684220411 130.0754229711079
7.025656720595016 91.6220348844591 94.7145232693651
55.84155744197638 93.52332961465864 47.39322048378352
126.8620494274998 149.3175967818931 107.3379161076116
193.477096861902 194.7950004418173 70.88963342039331
44.86126240908521 124.4549848441145 98.72102864585401
12.97782866759986 1.7210489459922 124.4234723610626
148.7832472003643 44.43861192074148 101.2415735548929
80.69731697741504 96.74549395430829 129.9361537350836
161.323685159134 92.22824976657287 186.659391423114
132.9449140902277 192.1768661318764 35.39971719684044
163.3443603248396 169.5354503928961 31.88837891297561
174.4751762928567 75.43945610507431 165.4968352497704
42.54010199090511 164.3595790025697 77.94068593368402
5.462433530651234 179.7680880561798 123.8072249821024
166.343596847635 74.05141962041984 58.51828754824425
14.41701163381246 164.9890983991115 72.87006684679046
171.4922904538857 192.8738853756769 14.89103767875978
79.59278847427875 95.3870432688507 152.4563056858188
10.31427313301126 164.7200716239932 95.08046608145116
131.796366829609 86.93117267811974 124.7503806632658
84.58817137138793 23.98050953275779 132.5928215118665
138.1544235815067 98.81976306169355 17.26267849241498
126.7436190257311 107.5343219218824 132.5061345221103
174.7824169829554 38.90816208232297 92.77945382019911
59.09661781078098 19.98072567751347 180.8401623035274
27.57221134256694 87.66982993156404 108.812864419696
192.8310262345471 177.6978153340896 142.4188495812141
41.25859053317184 78.66661725565578 62.11882037731461
5.111353724378951 74.08026223763868 63.68675334360009
39.12453608264689 38.83220902010866 88.65801039419554
117.6304089710213 55.68034658032783 49.0689452713728
62.20679799988449 102.8967310112356 27.85252091678344
138.2516513465275 109.9955391316568 36.88761812959554
87.19437701266858 24.40446945971978 48.69167238653225
47.59842909404004 30.24653171562801 69.56123540361247
61.30230346812694 9.141181442493833 158.5274587426195
64.81001843746786 186.4135708507083 146.3320426843213
57.72771009660481 187.7204218573019 167.7400228133619
53.83903865279942 170.3672332721833 5.254664240993685
30.89449347971845 1.032827029118069 109.4838131067723
194.1123039779978 125.8407372369739 78.08643695344733
167.4221213131524 148.3551012047248 58.08108774964387
140.2156624266559 170.3459924579152 80.26077665805846
104.6375363758807 95.77272759107959 198.6721200556374
106.7303058077709 139.3374366730734 109.6326946627578
27.79044127180328 171.1633838157706 178.9453338473122
76.62336436475918 5.2575964523113 142.3920227247002
157.5203591193227 12.24955697415931 123.6126964425311
18.65949070225835 127.5505975637103 72.40288569759433
50.03499579066685 130.0271090289726 194.7533648679055
125.00402667656 151.5158730227711 44.94750205330367
163.7851907294149 122.5602718380617 59.43059341904741
27.91123713196954 97.03440716533784 181.7115662156973
34.44196326259161 156.7079354621621 58.29274126751007
85.63839101644986 45.66503376843718 5.859217525335334
170.4979659006392 111.3085508400561 117.4364043696099
75.91205150164605 71.45317329163967 129.1902460927651
3.724107550939654 94.78995056982656 72.59590105683921
156.2062528910115 123.6951511348175 37.29524201470959
80.74597327803011 41.20686676889838 175.0537276517559
128.0152050148108 125.3964022965095 187.1868513656926
39.47769396510882 57.51642247104972 54.39315685088928
111.6946783248877 107.2978982674478 149.348490721987
70.22589360069381 80.41263499891427 58.85523959501042
78.50006847638258 194.7039951504185 162.2712793688156
175.4074820227303 181.499331166921 73.48761568608009
189.2488967078526 95.87597642303795 36.14159033559827
148.0162437461579 84.38079640598124 66.74083549107398
20.92834055645567 180.5407413702916 145.6953545397655
39.35789506852401 131.4569440965214 158.5634794994002
126.5397494841841 86.52465441304737 73.39764225643525
164.5617783750363 53.90737772858529 36.28548641750882
37.63388280597632 77.50735051337765 175.8560192554366
97.32426098251817 85.63936544795507 96.85035109531299
183.6313191151822 135.7552264645842 147.2665286191682
196.7334126298831 20.18116880903104 168.5184114058727
153.4307377283356 117.7601426915941 135.4427379503573
9.899602300358803 55.15792660672048 189.0956621538929
177.9273756126646 190.469812716049 155.07651033344
32.95278285954902 173.3020790036501 42.88219695090358
81.23570711656279 10.96098551662565 66.5377378487831
94.00042765685967 64.07355851133771 52.30953031326778
132.2781112985433 50.60818207720321 168.1616806231247
126.3717764059917 64.08200319448677 75.94184194397369
49.32834667321052 182.9852552442809 130.2478180367083
196.8990221643116 37.40196444132024 184.0024901420924
43.46039439816713 142.3229139306393 130.9431928157253
100.0832923211175 167.2425508063972 23.13579107217539
60.60428669224363 107.0048001328514 128.8286935129297
91.67563351569058 82.0947460857773 65.72782055529188
142.6873982414886 178.896133974333 19.94392556875885
170.4299221561926 29.96924897692206 67.37974080202635
76.98907641799288 75.93631266989142 37.77316112874411
82.08231444977375 24.50127956283402 93.69533748036147
26.60276785222723 4.251323511618955 87.54307783562584
32.8949976979167 129.0933609272276 180.0746210937915
14.30564922513324 164.8924202462808 160.5754787696038
114.7459475814124 157.4743634880257 153.1065564350196
10.55268479419651 53.04928365970295 165.4130717137712
47.54258213363099 2.591324290767261 190.9910214950625
70.81260572786988 137.5387907596056 199.4494656151325
181.1782155724517 67.80970259616447 42.67007291381307
17.04438779261264 152.7925194895946 14.45987985920523
69.86314936593106 178.6677836245917 191.6705945518213
55.85838290201229 152.4835182766046 64.09814174054831
165.6391307897594 147.0644237432324 31.81582709443837
126.9569924332944 7.622769349321485 4.837678560699787
27.4684960252688 49.13175293314676 1.948929866763319
42.65961610002216 99.89662705117976 88.51826873465332
0.1061870678202712 120.4720797438249 144.9783485209195
13.10652644810473 56.7004051375707 32.26907015195603
61.21659639346966 155.1742924743977 86.71517370183687
9.515630940108244 68.93948889448318 129.1332798389542
106.7148815695866 118.5070566281645 83.34334177799994
184.9190446540192 2.481239807892094 47.97602118619695
140.8964947156813 27.23746524332004 120.5833323434006
31.54159495423921 64.25217672775391 158.6107353150768
191.4373166150334 115.7002264244979 124.6748775640963
113.2564752200493 30.54174169052535 55.54136379177562
10.44546411918174 7.987627766511126 102.8742646337639
135.403295239433 168.4045203909862 115.8718982392116
50.9275626733181 123.4693324611571 140.8878776872268
121.7872277823555 70.1977856828928 164.1128536908046
155.5930050097603 183.3115541983844 176.5166526424976
66.92431769349984 113.1406528477108 48.97700935402723
97.2903643574043 145.7192991710106 57.47105243243841
97.40688021889063 197.0317797968181 145.637554600895
161.0713730981459 134.627849507939 94.72276645089116
10.49438970457029 186.2618577759415 83.04295394012952
133.8813328762548 65.10815466607612 135.0018294158527
125.9941545188843 22.34572104553983 143.039266873561
105.7589676334027 16.45599685288028 134.9131686273694
87.98883266166285 187.4392842395479 181.4375524573089
116.6394470610545 23.97000757490639 17.61936466850959
52.17489995888221 106.8445088955008 7.014470469848438
84.6089868191231 177.828401895145 110.7343393268154
141.6658525011713 123.8305731688424 90.5903068420937
99.80118144043075 177.1618095638929 165.1622030075514
40.07072486056288 18.59671727461489 98.64474625149219
172.8081766349178 161.0964282628418 98.99816892011943
125.4175137038448 192.1571545279172 106.5953369349962
22.01237673550695 106.729132828887 147.1074563550209
192.7911667284302 168.6376665880648 66.79665060650838
147.5773089163596 187.31176585369 67.2961895915995
35.19526742156853 144.3077936022462 4.030340796602398
114.0871976593151 154.4555639785579 10.86490552837293
167.3922356201652 73.83089207635798 99.00738663570517
192.7751017604453 197.8290399468407 115.1003029560888
63.19469951973117 64.81253306890277 18.59723802529706
97.19427467297214 68.94551426608294 30.48641398433664
111.2360387804047 179.1744754989969 145.7895422625486
75.52426762378909 33.27807211498681 114.1110038531715
3.724645578586214 100.1941162984026 135.5743098162856
187.2057802748823 5.017613666644058 25.65213986608643
198.5847776143533 173.3524856490411 32.40167831858859
191.1199589597638 58.52403782256355 177.0095465901456
114.8697531454563 195.1108486542237 86.84158223101434
87.26907131684946 81.89786026641723 194.677951244668
26.9548562524586 103.6886265680878 124.7255076251428
133.6478783570471 145.6420302941839 149.5100456603714
175.7776006605864 157.712567636831 76.86539237158583
139.1832554563877 158.3835840964215 61.12916541192652
175.1421883803072 35.48494568243201 21.90426320462088
176.2683220088049 117.4571711311643 89.11008929898615
74.60065069368262 77.76793225807445 176.4388399419081
1.128235525840637 52.90999149353479 115.6082575337641
75.11206662372682 158.2902694857824 104.5077103365703
12.72796405326017 175.0684581803174 14.87566635506222
62.74375575653068 93.95978618237922 96.97558536296324
69.34953393740217 155.7498431625405 12.72858534390681
55.3189432817416 197.9938178269454 114.4663121310518
78.42536997208785 76.44370426879932 105.124523037433
42.05026516510807 3.921541968531396 169.1235384267808
144.2869864669463 50.96916477423715 80.09152554673425
186.1084991564497 36.39573797883785 112.1598687219688
116.066721737263 133.4004495348698 55.05087052520732
133.7381204735248 182.6634349642218 184.707837791159
88.30793131814573 123.2545406658611 199.4403874604157
49.23780376842348 13.34519210565212 54.66602726982688
83.32760461732414 97.18428375062868 33.46413243977108
88.17424824262915 45.7522206633847 81.54992973956966
81.2923266606915 118.3900201899981 119.7229604238352
22.22283980616338 126.9726167895512 10.46479837890079
177.4885499533405 80.58993409913825 77.36245867942502
126.4844741334617 115.4627413992707 7.415638091328896
60.70516812402311 37.7117525907227 148.3641327564129
96.5461251044965 11.66127003919702 18.22590452045421
39.90102468459027 100.7962023392653 24.98480058947893
113.596244122123 49.00968187103723 110.8903402515517
84.8335588472644 146.0065395701684 130.2809141274963
51.3677703396687 141.1092018898591 175.1157871148935
184.5081038428592 157.300661374445 180.1298961243928
161.3337115877507 96.85407061505227 132.1720815595185
160.8087434865304 28.45166967232225 191.1075450335634
49.13268566919393 49.94647747289217 8.289366152680863
164.0404260845242 30.92047566058815 110.9732366962635
67.62686030389115 93.68039951075291 197.10642834794
185.2949110730438 63.26424688280793 64.40922827542721
91.99618531719187 8.609444124397468 188.2076736841341
26.28958196211891 188.3625691100914 27.42326928672103
160.0235640071187 65.65669891656928 179.8341902544769
131.0133090076882 185.5686904439458 136.9525361073707
45.97006504954441 100.0563754402914 113.0876216413386
96.63037375679689 62.44080011186985 128.5424095259221
95.67827006995421 118.5705061167087 138.0974641031629
113.0881023387822 123.7199852055484 124.661017273882
171.0096343612742 130.5338523729368 129.2780063765377
96.87241433570132 74.0586591067823 175.7957267383759
7.392641467694793 36.36374100061301 40.2675899033159
4.185287888026801 188.9163021506585 158.4011240347379
116.6441332736315 113.242510211971 31.16338819323198
14.97946071721412 92.90673090254924 31.87822258059193
46.09077701953047 25.32932239397406 163.1644464008829
120.4918795406223 163.7131072330636 132.1724556623489
48.5419315171372 157.1092541481453 40.65133975854904
39.82787132871164 119.4760929742379 77.27385458618876
62.73360917225131 34.48198618208282 17.56481732966895
68.28063401508412 163.5730847043447 149.7002124730048
160.7530203860982 105.1604786562763 168.1491340602854
126.3112534617181 149.6326745033616 170.8525239987381
158.4676044639402 173.1953493777578 111.5737777471302
124.4790168418963 101.6753953311829 189.6375672619847
65.20095825401073 171.7934003799075 35.17378010888498
127.7527509473197 42.99107640588534 195.5335929478509
29.29960518146871 43.4672635502567 68.85648466582556
30.87489859545564 149.9839509587491 171.7241081475086
9.153197501701861 30.84191714797562 152.9550191975736
167.3376585248286 189.6612888912976 54.03727737921358
80.34739151396178 23.83936777942706 8.259670142715507
127.9093717522937 87.96048251764093 146.9766690816254
94.69526288417002 99.78626858085141 79.44212959392516
72.28936683591061 85.46455986710923 17.62235053311887
10.26601199883429 162.4203352533446 137.4519128164987
142.834005740998 3.487428330364171 52.26543715052419
4.638722361284211 151.611384588643 33.29944185181754
27.13770934883906 153.0813095308233 34.66496917878823
117.4656113324983 75.21039420252268 93.6986996021232
199.0344128853444 93.71109228537125 15.90006351303369
116.8783565155592 50.34914076350601 133.1987578134742
15.32508983521984 30.08031680147216 131.2395839457956
122.3682250875758 170.6525248079017 25.36548435660569
66.12611854673361 177.6005962239329 91.93024381183537
42.93620518434837 189.8341703203739 150.8004881477174
109.2716556131262 96.2449721822631 62.55690073781125
27.82280644486227 10.43573253156313 22.37402301685838
59.29523712072922 46.89974083169049 52.21017146761093
180.8927101464707 193.1353420390026 194.3539803573407
60.22937195423981 113.6563627796207 85.02715671297197
30.22156075595061 35.96019882648338 109.2150533116974
101.8305348751746 13.59313991616354 92.57644644114693
152.9278873159839 38.2140769066427 24.94629471474581
88.29981626088636 180.3147193210606 88.59259256727009
86.41641365628402 60.16823681351644 149.14256925472
61.27357021173898 194.4285381131773 57.40372325021823
16.32724256086395 138.6726349310186 192.0706304874793
178.1670276378382 169.2065489691487 14.84744258229971
80.95652505849915 116.1182118172849 161.3207016850583
149.6481129041537 37.51412976386857 62.759272903388
148.6808740988367 78.13720701242477 45.0439336032154
90.36113497177995 130.30811084228 20.79804725403488
23.3582155944854 129.8241406330647 94.37824708942904
144.675730061551 141.3235064918617 24.04573926133745
133.0827352231659 147.6940963932922 80.06868733565308
14.8364139710887 197.792859013461 177.1755235774762
190.8465293560612 106.6377997220364 58.3137085256331
47.00666715344443 180.5093660065595 186.2663294495609
86.55474293144535 101.5178194566484 55.39590503194477
114.6351153317668 16.5836361407823 74.21111158012799
50.03578123140945 24.36589534028598 1.860149807392024
198.6293895157313 148.4774254215232 2.112092691517589
93.65665983327702 41.49687937641452 103.0447251911774
19.38976226990829 35.30776356413577 184.0183866969998
144.2694417760771 61.71821148317353 30.17463179870055
48.35087532053421 47.75411618935615 164.6513115092075
31.46061850741014 167.3267207910178 4.912731116828438
30.70254858273641 178.3856166295608 64.77492908181988
175.1503003267503 10.82628104326921 109.5632749593169
182.9535710789224 77.40100383693029 186.3410798436088
97.92864590309271 68.14098923819705 82.58090976197602
185.1621423342471 111.5174506119864 16.67217234043329
136.2067628112464 7.122256396783145 129.8450760012772
119.2814085053848 34.15057849585603 176.5540120335612
159.1366261251802 194.9954893487599 33.67988098439574
67.79748776757016 100.9391043685519 67.96423960481417
60.93282431153197 108.0229253091131 153.9809590925184
84.57985423941733 67.42686286378222 11.81235027789528
134.9466356293036 50.07362679806897 118.17976958403
16.55738553197207 39.72260685360733 88.28513658817694
141.7339840724705 123.5235514164349 54.63677199839776
116.8072401396229 58.41735127316155 26.66396123061093
126.9507789498393 173.9013984636319 47.24406891565638
178.9389651766577 181.9825089559188 106.8742567427536
67.07482831658947 26.70898334704864 58.68962846431621
63.71095765880828 87.16410286966537 118.493462429764
173.6476847806796 95.35831294949188 101.7595027530447
172.3402587494001 52.95684432612084 165.7639084900066
155.7447838374705 109.1865262301868 100.4667503993542
18.05771056198474 82.2895514028216 11.68802833718035
177.2215847528922 112.9232729680816 142.0474107830731
78.31941645785898 45.64369970779637 133.8565741165243
141.0012556281183 8.463375772621555 107.813730220959
99.18309317582019 2.061061423526517 167.5861609681935
35.45425189016448 110.1423216584501 164.9354488066346
147.894012514222 139.5797001673481 132.1311593657911
70.77524098608747 149.5748865683922 167.2490319807279
175.0342191439219 91.48086406739718 19.14633598789262
3.265106087937665 54.06857963351034 74.54514453546237
144.1105248348785 189.0245961697278 118.8818237871888
24.88710245173177 65.55732391043679 70.50338287734955
146.8116230167144 61.49874708182422 60.26769833543273
32.72807311775757 60.64853624123601 104.1814662952351
47.82230202754928 78.7018098462635 104.3743892278919
165.1084979287049 146.4076241251824 114.3326168760698
6.444019461662726 108.9346062908371 109.2094387210162
40.39050141866584 33.1347762760838 20.5840465059512
107.1145374892694 116.1135574683173 189.1688245136475
12.45133544574072 197.4793450414196 12.0750191239637
20.84580069894467 104.6326479023362 13.48691054468292
147.603912802512 26.19867236036849 43.31704446788598
7.073132455545141 198.2476120443915 33.99663329222201
79.87783923822487 63.24631657711848 69.91749653020042
54.92983429714085 4.034830968630363 136.2273841323934
66.3240901816246 156.6263618034724 188.2398675514051
132.7621292150106 3.120624492457885 73.67537128592826
179.5269524379059 115.5682512129486 184.0558740232383
152.1124914011654 76.6107516833825 128.267652664858
105.4622744445669 182.0857450684895 103.1694455753979
133.8253121386854 83.48122042863362 199.2197932717789
56.77643347382522 83.80095214114159 77.70703009591352
140.0380090986831 110.1579603707144 175.6342666790984
83.70268664152913 137.0355914116902 153.2503643072924
172.0084231168577 71.76101878167486 143.3474131510241
119.1519211244487 14.13717048987237 107.0632209033083
122.4724816197065 111.8456139746934 52.94131197766481
139.9966101121764 77.1462514990304 88.92680458264165
154.7651569693247 153.4750598442805 83.98765520701825
82.74582182264091 193.7473608404134 2.480275855642199
158.4689192067068 68.51074766904617 78.95096043824337
166.9492510806641 14.96477546572786 26.58535931531604
185.3643254552517 128.4573007388584 56.30729498252141
98.40755540559906 40.18982028413802 125.0878558991832
16.255418598941 116.8739770877139 52.64484133092915
160.7387799176988 198.3304599578832 81.97166780386694
99.40414167496476 86.18946064809187 44.90319258131809
138.3065632998077 99.65657905998887 89.73069421612507
188.787980545092 37.40348667484795 56.5252357054228
158.3689375954421 89.96274913960458 86.02385894894796
148.8641763844913 179.2751941699566 46.22860251296758
176.6920767459884 23.53980727654114 128.1683072259129
115.9555142556429 94.76539518430356 18.19086111873237
26.88802553117566 148.0089482587638 149.5786599479767
125.5326316861757 182.4598254330216 68.0998762309582
187.4153834776023 75.70867502888673 8.749475808157728
10.47150268148209 112.6770623181 87.30101851508613
57.0686843155692 68.22891854882764 45.12083849243944
153.3948197510292 88.43149485648964 109.0627220948639
109.5779033700448 155.2646524777812 93.87209913601016
196.6796671817386 15.42302503291635 62.27325880818832
125.7053097993222 142.0149069629665 128.6799515887697
36.27030424579382 169.5150486350411 158.0735375714062
188.0295137581548 47.27491752238029 36.22430812582827
52.51176948233471 82.31601456224222 28.06740851459744
34.95249732765247 86.81698837586799 42.02074546520321
86.02516147593009 103.6019856212896 188.5498853793635
50.46741486945998 96.5121680290238 182.6951789336005
115.7818832627679 198.2342704733734 126.0996957629735
46.3659634038964 40.82014819629255 186.8275177666036
189.4828758023748 78.36912424861202 105.4155075291373
101.2095969052912 44.43224447070817 189.5443737996561
138.1660742266482 105.6287830502865 67.94910554539236
104.5589709273075 50.17427445758372 66.64596117005449
53.29164706269935 154.3200841564162 108.7847566676112
94.91669986353676 82.90762052844232 119.1409901492577
189.8305909554651 55.26362941692945 199.4572420172802
141.2670217464983 190.7620395602115 90.56191776259608
