3 1024 8.064363669957984 0.6489999999999999 1.4 1 3 200 200 200
192.4617910870344 96.47907174896612 58.35773409917543
18.44175176046978 105.8083682007833 30.6728466731266
102.3326661544587 119.3254683143992 156.2025193015462
166.5087814154747 173.3964115195095 44.20331307565024
70.87214067820692 100.5248984353774 166.8764091819055
140.2425194640884 91.38924962301643 121.7547500119969
188.58805010706 9.298049520108755 157.951366458478
113.2897227813123 192.3185096413739 76.20476829296683
183.6596106073102 110.1817925077308 57.88348391014465
121.8825202143747 174.9349370025464 25.2671727697859
42.36866077789274 31.27511622876127 169.119042608573
40.87895760497621 70.14872798176144 56.34885470920769
19.74025771209596 92.86454053206424 191.8955083308913
83.14196171679431 182.9154444172521 187.7425077443805
111.2878282748185 170.5792239280104 160.9819180175605
147.4195392725154 110.5406065315358 0.8807089449583478
88.87348109352361 109.2628909301831 143.4623602633226
103.0992949789479 82.42588034411391 187.4088736089352
128.4941408791267 162.6887216997612 122.2867170225232
139.885021265457 26.9965236885375 84.3326288246322
189.7947605600559 167.3689224768112 134.9455296058544
125.4575439183786 138.9386537410915 164.3087858915689
108.4368438718054 35.35210253530694 193.6618919502381
68.20720608877946 168.4082065130448 18.74833771374128
192.5290652183737 107.6712040806572 44.65562635930336
194.246322659423 124.1797658906508 159.3018260378731
41.3965679621622 104.4512988127442 45.34523729241394
39.11245263081112 62.09966173009004 85.92375899701486
142.3360687461524 75.09313287908729 112.396848337289
48.83350707438667 165.4542594457319 89.1567036370096
19.98464451793889 74.76392220769272 176.3376629170471
130.3822267641083 65.57036995572811 117.5483936304664
43.39222639141687 41.48251616439811 155.7630609367689
134.9983638649648 163.4972624045381 59.66446121300508
183.0164649257039 29.37867421367754 196.592263452714
54.07640945083783 49.61566962246719 52.56923890861331
150.9265347210607 79.81043773805881 125.2057442506213
43.31094031501964 36.35987133641323 1.127168004492618
77.44545229544106 140.5532545141948 12.90927732658361
64.28965184001748 114.1155371157062 161.1432986058475
108.317766324468 73.66059573434693 111.9470597354264
170.2668025044338 61.10982815105468 135.51071739657
174.8853263393742 161.3922854999181 133.4833385348103
0.7780996678241174 177.9683423024009 80.05222841326855
89.12070788014979 52.36772001001126 12.34323316707948
31.9122874727899 100.5634689151997 151.6761195209858
162.1598138776753 85.06801251028055 67.00216062688257
137.6851710763389 194.8923637857069 52.69040345098798
1.693026212651312 109.8633766550854 5.370276801916259
28.87941351448603 88.08165284760663 178.2486463835331
100.7946094039876 56.28270764807265 22.75555360127572
163.2089982519954 184.7644375076865 95.20422582863496
199.4980502411367 190.8960084080342 112.3992833938229
54.28434815896762 101.6907610143275 36.04968547923817
113.0951598575188 69.11416244602141 164.1042473866938
94.74490280931578 2.378321282106447 146.44264995456
45.94930545202102 84.23138844083751 185.5680124303358
30.7939646195781 139.7273515931303 162.1356592095816
152.7864015877594 95.12785888708049 56.06896975508749
158.5380449702003 89.33294078819414 42.16017778585283
32.78699224523066 165.0722993040359 90.69407745839378
43.70544178507753 15.26631602836362 170.5499505927758
34.98191281923253 126.0209799047751 154.7381620050422
98.61048941774003 103.6767991067665 155.0407888176087
125.5383644765182 19.30230644313968 11.5586013675449
75.45309384084007 172.6768472884178 161.2063730664547
93.2022533054711 135.536305554591 196.970456691459
43.50016525330937 109.6377913045799 121.0243692895193
164.8971362337455 0.7925094979498156 94.75882584324826
125.1975888388253 197.8767053422148 157.4058063370056
163.4492539950642 106.3020304088301 33.93910147083292
112.4380198593247 189.1576651144444 43.50282921554842
1.352930457121261 177.635110416709 60.02934316555891
170.4903294405595 166.853764652325 30.01033009331076
59.01637443888626 187.1984842083996 186.9210533525365
108.3111874545659 113.3686607942841 109.9801620497846
115.5608870630026 83.67778351722563 60.88765698960115
177.0439889971345 176.6131781628449 138.4254166925741
33.22086109056046 126.6700769287189 11.37518586748523
105.6881745684386 142.1913219943416 150.1859867593117
191.0175675429223 39.75716118971952 187.191525806155
139.0967532339704 175.4818076298322 130.7090928760761
26.76740070074891 114.8179067554215 20.20501394060356
8.702161749561341 73.04592507123479 42.72114382054909
0.3105654924378297 175.7794393440859 41.78752039712807
121.2942488401757 102.2980450661428 115.9583366724037
182.8805087812811 4.116621254267772 133.6413909821221
97.15893564250835 84.61076996472002 10.50754314241228
186.0142297930267 172.087447899429 82.80282942579565
130.5987745106635 78.07056607448706 59.29645873400678
58.95723717294789 175.9236160632497 29.61167794297182
25.85526712420696 141.6437363648633 110.5579505940795
62.35243719439342 82.36315317722722 81.04596653734529
111.6051270649489 167.2464492984273 176.8560964747505
99.55439575855534 77.39912908398669 172.5002916279929
124.2974249593319 93.84323338467333 129.3599471737438
193.6154810055525 5.352972879915805 102.0635787870134
124.578261139352 140.4727307559819 84.44513809340933
17.32596398199793 143.5741040770829 124.6144717145178
199.1624330990931 92.31296389749494 93.84029700379982
130.2864427934877 159.0477515923813 185.2033939480586
115.1133305485263 20.8341640991964 76.67559614089295
125.2681741336404 150.1847715397288 21.53108937070757
16.74401051321644 180.8999316792264 129.2415804339388
83.17438840536232 167.2866656887266 191.726706106412
177.7345019241083 46.59718073448541 175.91385473161
138.4911728180062 133.4439733198162 47.89892870888711
38.57486311064056 23.71935488117434 10.57408754292531
59.14802545071249 129.4183514933924 184.028057666718
199.2694349891497 152.112564251043 86.65866512896903
140.1839287721897 43.38056380934706 194.0889989747477
64.62894546829575 159.891111418906 55.5323531996348
173.583739332218 113.436819986524 136.219928104698
144.9881580072794 156.2584576933749 70.05077027907586
47.34262218054322 138.9327512384563 114.3433126082938
19.87791997820395 157.2458895833481 14.2271866425646
179.2879249057554 15.2213370360833 122.5121371307215
135.6145899911632 38.8584236791185 108.065580413595
127.8102352934852 128.4935083312554 13.70492042972067
126.1785100560464 48.9375723075204 34.79940240175648
136.7088280303719 126.4439778365358 62.33183931961335
54.85483948600056 30.58815453234533 158.9332037339654
42.86656676288747 97.31437042473789 75.16954172401962
118.9146397358206 29.99070259656859 173.1870429474132
100.0698284728733 129.947555692627 37.02957115114602
71.23626581704642 107.7177424805479 147.0274036387931
193.4673422025522 91.27739196538167 74.33936337105759
166.4601916832009 18.2763375914821 185.4791938559621
12.35399379731196 60.55792569420691 176.2709027361097
32.98681820609966 186.9256958743797 172.2323639040529
8.26465430397656 140.7112494250572 79.64452733218513
114.9319471260648 78.21266923862473 177.2930641377867
59.12284760935496 93.63998988862703 6.271855602848587
112.4875817812702 22.20369678907716 2.280690444602787
165.7239057254232 79.17487187636971 52.41997951478137
174.1825577080417 14.38081682175657 199.4102067721338
74.82458341772684 6.90591915345915 110.943523643439
29.99531122985431 40.62692299502636 164.7006076131427
114.9555637372636 141.0977738561662 136.6344680460109
177.040237429823 11.26353434279686 146.8667018724215
24.76227959013223 62.59360132440267 47.2670070755448
83.7986998567757 99.0933357041947 48.48780795419231
93.40882035290348 29.17031929292131 189.3616111618801
163.5940484283649 42.69733272534684 182.886632581356
45.88851813455282 115.9954515780586 33.32378832103775
157.8947408925814 161.6876734795379 106.6024039503872
143.1666881917287 169.3743615517965 116.1000341372207
77.61228331577801 155.3220413345363 19.38644675220561
12.21135360964122 118.3170764085839 14.20399867447822
95.25941910809405 190.3213992381551 157.1402513641207
21.73149211023391 116.2419727336098 73.8064087356086
167.8615349130458 194.7454203863047 165.5326645151387
128.1480070766631 164.1145590244361 138.3480652456098
54.78783293454951 28.30166857250644 75.17220863609064
116.7677991825782 115.4109899393824 164.9300199327321
130.5924450017157 144.3296875932644 178.6151118121188
158.4881929663183 154.7750943577997 173.3534408288687
159.7733872232084 147.8081334883408 64.58503842599063
1.885755571553274 37.1206056019949 66.33843664209789
18.01400754199611 192.3896687014006 169.7885967712737
106.1356086247887 183.7255220886009 168.7744585091073
161.7102992704726 63.70745170559127 41.7388713536345
110.879212473393 181.1424629520253 5.824078451482378
14.39959994048048 85.62287557013435 94.284300614914
73.38412949868962 95.87319804014059 184.6276335813819
122.5088315210955 98.02888516664629 34.97791650069045
87.18172990656956 183.2265497030099 116.5868012589675
5.024905249797047 192.0829607969214 66.40429860481912
149.1152315805705 187.132667457851 124.7975026376404
138.4817613816912 8.897514512299134 183.2228338618936
135.7988720101596 98.84376751154078 108.1601331206796
40.28005358714926 55.77167199907325 162.5644311105488
86.5463890013668 78.18359335725859 182.0010078878209
146.9899888431063 33.46122350028903 97.28880109942563
99.5280043923789 102.6060886491521 47.93317399064568
197.1157439175915 59.21472694737729 91.48096816191656
23.06496828318667 148.7889740752786 27.58490561226503
105.4221263054456 47.74910514047001 35.63541043035863
94.60570764550603 181.8568592650593 24.23584306159905
29.47381057194272 114.0569030827678 104.5635313113223
96.14603159612717 187.7480691036265 5.693048669351725
128.5040292318564 82.17531637137185 165.9367846681371
122.4258816025615 30.72719052571081 138.671150800792
30.07726260720866 113.7183614988908 38.55506629464652
18.99358501093345 51.51898478475942 111.1035645927385
193.6235604508753 90.97561342863747 14.92323610374688
3.766189934630843 173.5376996694694 140.5326542565601
38.1702417822118 60.35202257511341 38.58914024965706
81.32115459030614 120.8173579062882 135.125797578717
74.24276475154856 154.8645274770577 124.5498265181749
135.3033288519669 31.6131484739234 173.0177296516316
96.54373278586591 197.9142840191755 57.30691490425355
22.01500436507549 26.83677067144844 161.7743084361546
46.72818424299531 32.07645366987827 21.70086023593876
130.2676217845037 28.17888131705523 97.2261629339292
173.2331760804285 98.01415413012523 142.9092821830402
197.603463678756 135.9234153640629 146.2122274561592
120.992904348146 131.5627286066268 50.61907113465826
115.0925138022761 60.63453034479733 34.38758718497879
155.3403860531197 165.3450420193259 35.31997995996738
87.77939135974198 5.028701749211155 160.7455545365162
175.2145639146503 31.52003789434829 182.6412395169553
57.25499422708754 45.98019152756221 81.88834931479603
29.94727607448861 145.8046231609782 195.9392988045447
100.2172140409932 173.8053243253624 117.9076173365409
60.21450188587718 91.0219205334556 133.4652176491576
36.09585801256286 52.23827685920257 54.13855299092916
150.629083958368 105.9022327279459 44.26111672420046
144.9939718519502 179.6100659364932 20.76893174972936
165.5629332691239 109.48628225587 82.96386108064253
100.2033125292619 145.6587391722004 131.9803760962497
193.0405121888342 106.9586369597286 70.60125933478965
39.33433133558326 154.4363621619235 186.0704873768188
26.5526414128309 17.83500962744909 116.7406417979773
155.1785719417203 52.05831661410848 192.9703545903251
143.9084473557793 88.30895993667491 172.2240899241856
140.799084843805 35.37207684546804 25.59635610987183
53.52413763334485 13.3449192686593 81.41908809736876
4.619783875304695 97.61807189848865 41.10481068345221
131.989122221195 49.69773779559949 120.3658029182735
58.59728516927608 85.6430631686713 42.77576426139411
50.89189317575538 123.7164759315185 118.3359644415238
121.1119421511154 107.0536722318595 179.4967913752404
95.66531921519876 167.9575959299417 52.4832031841642
76.57648698836039 18.97366622420774 173.9903372541892
93.05002397706505 152.5801644380784 149.3277236296505
148.3143457556933 137.4068073756355 60.06035470942309
125.6691464187944 3.375552407956751 19.04852552214347
143.9048792378631 52.09885045739303 52.22548178838341
0.8899357026659526 85.12710118375371 50.59981107510101
93.80501028777769 5.857648709483245 130.7236194716348
27.43546920358875 111.2582654266103 4.489653302098636
147.4897506129385 120.1525505607705 51.13250682990976
107.0053693178076 7.069153962214052 74.4633772820669
122.6277598673861 118.6575749907061 61.25765350128139
163.1773038630259 153.0975108529682 140.8474939051617
126.6236507020379 14.39385098745435 67.39339080336197
117.3752404101083 34.96790650114966 84.10782962961237
8.348699519920402 88.72816618102267 64.43735418129367
192.1929972319072 68.87650300295938 45.89918039344435
114.2724910080214 106.0988390100207 151.9862091014645
148.8898732767657 188.9661877426205 140.8201011324243
44.35068640984395 40.51678380946688 185.5148223685276
167.9425016928664 12.26550791418502 133.5872667758759
192.8128519937885 29.95619509207374 49.94923155217878
156.8339405983211 102.2586797444913 69.95709945498832
63.14303517524154 136.2510215488879 32.15428661612319
142.2565574426127 60.31051258668101 127.1165042883657
108.1139934350094 183.221174071654 88.47502562395006
176.4867906691646 179.9686314629387 165.5932633034711
68.73850444718829 144.8694146582081 152.331867576135
153.2614592561286 36.93240858436889 81.44204503004957
140.7960675912112 114.0179470689358 102.5529683622884
21.85866286096159 100.0194660976281 45.37645768987839
56.51528275553584 130.2828652265912 104.0520604856661
114.6093229205584 47.97188292534239 22.3822889746327
113.4886738039862 53.61099156623288 80.08098952461363
104.70889623236 142.8353510402533 50.70192130426121
122.1100213455312 31.1610626034906 28.33820704045942
196.1302461151716 74.24936054459815 105.1046826354405
46.67712274771342 174.5796639930219 178.1228380972639
79.04801405070516 74.841927617812 164.4768355888249
156.1803027709817 158.4170285057629 85.69174982655971
19.26785885841515 182.0512275253934 148.386435514809
34.47299590197257 173.2859074859976 127.7349123289789
78.22415821986159 37.17910542676961 7.332203624001878
25.74390632925026 186.7157400129068 89.66191432526641
4.019181923124668 191.4090419707925 93.59018704513315
187.2007782691876 52.4018878613747 159.6343651603909
111.9377328885022 117.6303480858769 11.55240360700432
6.796182672694671 76.88031847643985 13.37680090295041
93.58718164344174 193.3824454076175 77.14508971326094
179.7406749389131 191.7362179744604 150.5537059398422
80.17538902439964 28.29725987292345 44.51231322921591
113.7016232078138 55.98852286047018 119.6102331715543
22.48988737654284 81.24405460132269 53.54840582891342
118.6782933402611 127.6945168921194 150.0894323274079
169.4413613827854 153.9127183589029 45.40549149445996
124.9318363612182 83.54367887347806 112.8880703255617
81.40155280637455 3.863956022966786 93.0001306094788
44.33411068120019 198.9316421937323 182.3039840928789
39.63628728802133 177.2684538146507 156.8409453433093
108.1954303235428 17.94762942609092 183.8934972944588
111.4142007667028 24.1983643191347 99.04251251153518
153.1733792713602 191.5222358027088 63.79388894576438
8.641579665527111 189.3718683568428 29.39562334878099
73.66326998386899 129.7427537651331 196.8262937381604
120.1429820717663 88.16651175224771 147.3898283040048
46.53522928452199 12.9314384532408 24.53242781937502
173.1204245490439 43.23380715380791 75.72944012116548
117.97477110855 101.4710324172499 53.67404798153316
156.7197602131205 116.0360144395076 145.3547000208669
60.49639147846215 17.44895415897702 41.69169462659465
40.76652769652743 89.92220861611933 113.1181090577977
20.94428803220839 102.1166423912528 167.5436622740716
63.96584080725452 42.86934760338947 190.7772306545578
137.2720547359717 163.6852883369136 28.59176930924717
101.8547554313941 188.5369327769842 187.0255340758287
47.45910209647626 111.1618894266308 62.45651405654907
138.1653007574016 107.1478885784133 62.03926927280109
9.842704192969606 162.2400369040055 51.93881353120304
128.0023662398628 125.0308312873462 177.5240613629225
11.23935897676742 110.067240297395 187.5700347411331
16.6818048825076 162.8840194725005 160.0156258020135
176.355119418439 104.4115255960463 160.9458171316613
17.61696216783731 177.9375427618258 70.51390159462271
50.40976650267313 14.26800092192458 61.64158926279717
183.2834303237042 136.6497662802857 6.418344686349437
93.56542805122375 184.8755509658304 43.32162012424111
132.8598572189466 190.1369173583172 31.54662095796443
106.865522244108 134.4000071064838 117.7193738532886
143.2945832247725 87.00476619912746 70.85110576845817
160.012665937515 63.77065155101083 119.3133920147446
119.1265548221594 45.38128132048294 100.3250398752306
185.1707625642242 27.29101357206915 108.4013545354885
92.86061323348564 40.63286064870653 153.6524432838692
130.0861766066201 192.9971720309618 137.1718538495887
157.4272134287757 24.40049095108118 144.3924798508463
21.77518412500357 160.5585066056738 110.151377998467
191.4486919821653 149.1502905807217 52.23524599099786
2.431848802422285 127.868830969202 198.310708463091
84.03205794964947 163.3719488872911 110.1612771403544
0.142292492044139 158.6653672042629 174.7947261410377
173.2313151643011 168.2892111467572 96.82688179133844
197.3647664506642 175.9213686620244 15.19250325578685
23.11319576239092 199.2241324340087 65.40995006819446
129.3276127566577 88.62758806409113 184.9456748884043
162.2267069344504 17.44341112358614 113.66275900562
133.2476265790126 157.7012895293063 86.02660221134524
161.8183099775156 107.3947689198486 13.42191153359295
176.8650803886475 177.1896713582667 5.832589737361788
69.87015305807977 74.69457998354051 143.855407167293
36.99401462763242 5.288115067558032 95.81855860826501
71.54257808242301 20.39842099618141 81.21150608002417
138.9753564615305 10.71127269911004 147.9689139757797
112.3665893841428 185.9167683273495 149.2358394822218
62.2750773242476 75.40120592741353 62.99566278666723
141.1442992490903 169.5033210431651 197.3380270825952
161.0919259396621 45.04122400408058 46.8104153122558
92.87378948507414 171.6040223707425 152.847144561173
167.0296988804356 139.528721525054 182.4451735018106
143.150980567134 56.5758796333472 106.1326434210891
105.9749183052059 3.033200099841663 93.36365561957736
163.8008317244317 85.06758931844337 16.11954843561232
40.03221433945831 96.57839156273742 4.989007859110439
60.04720430145886 92.98814604660942 152.7174940421022
145.129860761267 11.85085832805857 72.45659383954825
149.0994404500893 70.3020077462044 56.81659020886956
18.10224317692659 155.4104813038132 71.80493091330148
199.3598977797349 150.832684576982 16.03947897546859
72.08074753736307 123.1213971420311 19.37758523813845
22.11366121214702 82.92150776617683 76.74118397968689
167.2294444138743 143.5491290668301 160.2294548501629
184.0579114345249 159.3047349937377 116.5764506404916
49.49302938896398 116.4433847442648 173.3975829749835
188.9058550161166 111.5587517888672 190.530076491198
131.411572360494 61.34484284930186 197.8861318637253
4.831108127349941 69.87567160559288 61.83843734400548
54.94458866115044 108.4986807908493 17.94429328762995
38.46777671769068 79.67284268637142 37.6747820882897
73.63686311492314 162.1285620056409 145.0926084656378
153.7955927244197 38.53367900435763 114.68215863999
108.2007744688021 113.2567664928175 74.26976081504557
110.0984386302132 157.1456377084743 119.952127828087
1.593406447682297 76.16311947711036 83.28206680881593
70.93563759350066 114.5510402076567 180.2086821975168
88.43969093308496 78.1120166827388 130.3271419181601
143.1629801969417 28.98095845337383 7.484916999699568
101.672734429767 28.87019548112402 37.64444116670435
96.49391679032615 17.07733543485315 59.97750457998575
189.6377994532355 142.6510654946852 162.7408234785414
130.4522834050433 109.1614961541886 21.28463618866559
101.3649923438232 59.3001273088532 100.9914918931906
112.2166574434316 135.1400893839338 70.54294597742535
96.95415841000107 64.65165444417954 39.77118218253478
112.0945065863383 95.63581744056025 16.62256669985952
122.6424522770047 38.37429445786406 6.9488098644237
43.41536890059251 183.3856828442504 198.6524863123061
47.74311620671866 111.8687279385727 151.3620601722525
13.91215229089685 196.8317499376876 8.214104115684005
108.1303582741081 15.56652078578236 19.93185427952933
80.91054139621403 110.4747065718385 85.86086556050604
162.7422984980584 85.6075486632559 175.7708201398994
76.69488974445066 135.7824044627792 94.45411730019148
148.7619479329142 70.42739018564245 166.63393726477
48.67833211041345 112.6445848564632 102.6224386891514
86.8431238580273 43.86213057522303 29.5759369801238
17.68527555067593 86.53091213390267 32.13638705349302
154.4946695568121 93.82922834965075 108.8341537982859
13.36282311786006 86.10110358629146 113.6033172475484
88.55967284857006 107.7381812766587 18.09298509954699
30.34520058736347 75.26312223174638 192.6732558819357
56.18909672076009 192.2083965106098 41.7651621291302
162.9266987849656 118.6908731486567 112.3540671219807
112.635850469617 140.2880099171819 10.45807928150313
89.79678269331235 77.45082642635955 107.7999845108401
149.0790965281136 194.1063143123793 85.84425466459014
125.0492964007072 66.98563484338976 97.54300055133361
53.10989295620903 163.108395335505 196.5253678772656
39.19266109791391 21.10717702997035 152.6582653423536
111.0697686045531 198.3547297294271 126.2424949799241
11.43082558950705 28.06741262771742 42.06592857786541
58.6586911503809 25.27326289730928 177.6708945015293
103.2581935800547 41.20904526030892 175.0308656420036
3.823921772352258 18.59257751781699 61.09446917489581
160.7683490505788 39.2440310070247 24.0044956375701
158.0851492814036 166.5860369155085 60.23709871303584
179.4520394430568 120.3636956202008 73.78497358599449
95.53911625347342 83.98076650390563 51.33977578357914
114.0520924744413 86.41096838578574 93.31924604457308
55.91575160722864 175.5824641614537 141.2961728907983
28.71728994880679 115.4749356773704 139.7590924113954
27.94203144293591 139.6998627094424 142.9963138047698
69.10842070191467 172.4529880146193 179.4858133800764
128.8645213303335 64.87700685868597 175.7328877348607
38.69339648754114 72.67389081241997 171.8547697233251
163.0228321949684 61.66008072672616 22.54005644147603
147.3551476955313 179.7930951356118 45.40856196485095
53.00788010031303 184.8905434970562 91.14531790545608
18.66737668028094 123.4151664121715 91.51694173561343
142.3313860103927 105.0904339604538 84.3288436709616
0.4891811550819822 21.03388248362563 93.04058780084746
131.4885577737587 101.2610402316237 164.2225156005537
13.62145011716012 167.675225421127 90.22523455315766
86.65312002059312 59.61233470133837 143.1324910049172
135.1302812648119 132.1736602365598 98.50132742049769
24.88762985017297 4.740438228358888 26.28105208478347
174.5594861509537 157.3616437343433 72.61883981002791
80.5663740351208 18.80109599576187 125.0864000866759
33.46160720153757 106.5021769661821 185.8056582662698
142.2101702488516 85.9208491377762 151.5978936884075
76.59442920147443 88.53600819662852 12.83829909405085
82.0153261476916 39.54136385196716 133.8871140075659
161.8476997166947 16.99020660180296 20.37135652849692
116.2814856484022 47.72867531051656 51.65496685044125
76.62212613015021 1.708248291219364 40.42033651983311
40.33467579637348 199.657203195473 159.619134644935
43.29276505094855 197.8846900331905 75.44470539346041
24.55584287145635 59.98968371556588 136.3999742370406
159.8613414891978 180.227419715793 155.5520778806043
63.81160752258434 167.7876420497265 101.1667299703667
19.46837305608686 42.41706067366545 60.22503208756815
190.8735632482474 160.8573264363503 197.4265346170164
41.47633813605416 80.29626889156282 150.7962972077061
26.772747317806 30.98139668687741 181.1661245009415
145.4953035860873 153.3924623858698 46.92602488760543
130.2309594301489 137.2810868134762 196.6315963130876
193.2854376555411 109.3894371801258 146.8653858936875
66.26182260845481 3.679296532739 179.8168660667829
128.5075496260447 122.22347602329 79.34601222537322
35.67364347723404 186.411363443622 33.84801016933449
16.65154379264328 0.246885111092162 129.7279831269951
188.8462564588049 162.2425288775594 34.02522878585688
166.2498349479981 115.3972373369737 51.22998574195114
59.51783411213027 11.55381487779338 159.767619263245
11.76355545175854 140.8956831439742 158.674751994189
102.44929231089 111.9268438969345 177.9035544449041
82.06687578964208 66.65219363317102 56.60157330398338
5.561686961143836 87.6350973829143 175.474978033475
30.11588946513509 36.81938460079063 117.9438938738388
83.63652099643804 114.060694834523 161.5486983878047
179.1026860502649 55.64582710351559 38.27284753940834
92.92115031868208 128.7937120051662 80.39595987629063
23.18610602037304 33.81794207281636 3.876309917646621
21.49765299422414 59.06613181809884 159.2801747358523
49.21365398306666 132.3304376411874 70.11563707930571
136.9946258759194 46.08348196185261 86.54905526882361
180.1053767442482 73.71494784261294 167.5932663439251
85.54959745716114 141.4735756967526 115.4299399729105
112.351807378969 127.5248743754786 94.19932560080416
40.85227212280837 28.52768509330951 42.56107349803447
56.34847175223989 45.95061153588748 11.80020840619034
92.96855832673023 151.178866771497 8.358868990018337
0.727123020643814 92.44550596631868 196.9878377244732
197.2175735975537 8.143915244749063 120.8705973922706
35.71226207327854 150.4039000894113 124.7172380006849
178.7367627404051 62.84725668752363 96.33107816943426
69.1957514590364 8.172071160919387 19.93825279121414
156.319738627051 73.5168152316179 99.11104878570802
97.73784144834757 40.3261797546408 89.30636348809966
95.67103273246344 21.74558659341867 141.6094383195316
80.39890573335647 189.4338222856744 169.5037912743465
157.8318406264503 167.3957602718149 13.01577815271729
55.89103914454527 142.8782223412666 89.37022943469385
91.24202554735395 57.7063749591085 121.1098503902814
171.4246515949399 31.90938183360209 128.3501209530657
75.5515002257158 77.63500330534598 37.98023989538867
108.2440707424022 110.9206677870316 32.78828273271674
164.5918140374469 68.30118138475126 1.021834647713353
20.19883077154335 81.57619612534617 158.225802113975
129.9415318492043 147.0660759530734 147.3283216663265
26.27832518847892 123.6174256925546 171.8561583563394
37.38263187466303 157.2497193280807 167.0313053526098
101.7743681075599 147.6268552262135 28.84028961106428
35.32694529362806 18.87314269786883 77.86114290212969
74.1335917850158 186.5009905726388 23.92498591459302
34.10439899988715 195.8239211876411 116.1055155549143
1.725331604759833 69.40363443043921 162.742141053618
33.02349765298275 77.68520383519134 95.79999130026916
105.5606453955209 181.4912327361683 62.14771610152018
128.2675532019786 61.51222094071157 20.24083655785472
36.37053090439287 99.48062420254917 27.0686237564159
90.88382943809546 150.9811602945236 184.7165167626102
169.8113465873752 80.03873678546324 131.5271908590999
174.7402207796017 163.4888884418576 152.7175816901944
12.25290091901273 118.6477866030156 154.877615826857
24.59640281062673 127.306300054095 194.0613563046681
76.39557840690088 186.3097866486965 147.5029790329913
30.16059550607362 78.89803723147202 14.95146778382831
153.7386413449305 24.85112273286759 39.914997298814
174.0874840897986 136.2202800074426 58.64062425133989
191.4499958791844 118.017060886361 110.8761300684497
194.1587241444934 39.5993300081499 33.22222043386296
197.5410177304871 60.80573490892512 26.2530872946443
165.1473690516454 61.67311603278377 179.4515734710233
120.9325452792108 8.468081403655564 37.10992314191989
56.17088608234775 64.5925689636446 183.6469092602506
21.57879962593318 146.6585730142017 92.36615363187211
161.7142134558403 181.3056129452503 178.0264321832414
47.9189868545912 150.1584968642605 56.33786886553684
92.44463659256765 53.70524241597703 71.90732972499636
73.02750782249991 58.91043467908447 3.821313639897005
151.8746533897245 15.07173687678626 93.74759408318602
20.57414288539775 13.4605379570746 194.4759453668705
166.1961183197551 137.6401526766674 79.74535515664849
150.8854697683593 138.8562638720213 145.3936635223029
150.7104746219829 30.78098954407017 61.48859424157071
184.3376795114418 79.3310608855989 62.15406346591804
196.5818403395942 50.85081082728742 110.5879634320353
189.3581394253183 32.19811902730858 169.4520151549662
73.13648130927319 99.36505933800545 32.33948244091077
194.6066328696663 190.6382069341775 198.2957930614187
125.2593836185047 158.3085119374854 166.3406808652516
102.1571913183232 167.2978240498643 195.4982671654384
185.4781185213932 15.14821164571641 183.7151677808982
11.07854296163299 41.39440450628653 168.7121204556643
184.3838798986955 184.2506170215693 31.67635033620753
54.85348883778465 86.69962101028742 23.82134995146864
148.0274123935939 96.46645691884568 27.56176327173934
21.87284951758611 145.3750367422294 178.3561025019065
45.53121914506509 53.69158969948271 122.0603529637793
111.3117932145229 154.8207273019038 81.5430878162813
198.1955329544452 145.4131874135551 127.3901933068619
93.84371501109354 45.30888996908424 50.99467512650008
79.08899547557277 169.1656159849273 64.44783612833575
27.10655484117152 134.8242419926155 73.96124355545712
78.1254297104748 41.8885047342992 111.776167330525
46.93359339976823 65.62458376163231 22.15752261462287
173.5824474710426 4.218980992603399 34.82681166391669
170.8247253632024 61.58981748273931 58.67704026112964
105.9380483814188 3.005222063551437 167.1193124920119
120.9339095988178 33.83011414255001 119.6307160860608
175.8740661022352 95.1697384873502 48.47897004882874
94.20907220111791 14.69772247174865 2.182312455085976
171.9300351099872 100.3955060865604 122.0183044540898
61.04692769860814 151.3180224446807 178.98479675674
18.23460006376013 22.43381078716118 133.5966253305293
9.993826978954996 106.5975779600742 103.8289842890779
179.5010139179256 97.65495920165759 26.34050416163811
138.7075764717434 16.13705856842668 25.50809543029221
147.6888185591598 75.09665769416239 34.79888112557119
125.0906018366323 121.263245315858 115.5045279140781
62.54962892310407 43.33343210648061 144.6791084220241
117.0850199931878 23.70965038892973 53.31239814480046
110.358601006106 57.28925735452408 5.963674855085277
59.22392262673206 180.9083345965148 65.40624562255724
188.2475121372452 47.32511297458763 57.16468186696311
174.9726156243248 80.75452563134986 109.5600835446085
39.49238084819363 175.6322359122535 75.61393692228802
184.2751469794957 181.6244812032537 119.9320157716821
182.6310256781925 169.9197267544106 54.32525877414943
150.3292325519519 28.97852064555053 186.0759334472866
20.52072474226027 60.33446671049686 6.468632234175968
35.93294876759903 51.43017014736533 101.7495587970022
133.6408706860286 4.578646894632024 1.453748424844495
122.2499657219961 6.817055770003906 108.5449353313506
166.5056422006025 70.48952554260219 78.96457729832262
126.1238141274477 179.3799133525253 53.07501201233904
88.03772901121542 129.2344351659139 179.420359453128
161.9962374875516 184.1962052969799 28.79550778088038
67.23728302026765 32.79300618080128 26.56494941212191
97.48454404019006 144.4160302624238 96.04622778826418
137.7422569614727 176.1376986695684 150.0865724606784
50.72202923493639 70.37671843941551 107.7619241293175
92.62393519000319 123.1648341289478 104.2770797931856
193.6982360093254 57.74852742221776 180.5843569860978
38.94339808664018 116.6058619214112 82.64322711005912
139.9042510591104 20.43138410112202 112.1159952888811
157.5997997373919 134.6828768311979 43.30758703165672
19.71234339580276 64.3237786424293 28.66977681686773
167.8696425954467 192.1174030307084 131.3503627748335
166.2969938175388 32.13595530177945 97.00856716240084
10.95986102714102 121.7256656448065 38.73746962995739
58.34256930672612 64.51299599725927 87.3480724625967
72.67993447371693 174.4702983967593 126.2118941069442
10.65435805529441 43.98010204523158 126.8514719005722
77.83179200035217 98.01485818964821 129.5582056046617
65.76492130753296 198.9196057864037 77.35022408417309
46.42586772201122 118.696824711799 199.6904750149245
180.6578161963403 118.7909930460794 34.18675719475697
143.6840171321173 139.0377616067978 78.77807530201169
45.51638879813444 169.8187802036146 16.70019961372895
195.4737173974247 82.48554328794104 32.21216347373565
100.6582278531822 36.83710715461385 11.85419198521286
41.89031184875721 96.90162060408416 135.504567690479
128.8100802930453 67.7952928103433 152.8873075362233
111.1856221536639 185.9605830137412 107.3856648367531
174.2299299633938 196.9756336764442 190.9473766674188
196.1220196867596 5.194927441899361 77.5552372343394
154.1027660394582 121.4061719259045 69.27780606519318
144.0478879371449 105.5581405114847 182.4866565818386
79.63716974263326 157.4492856081557 88.8203472535214
71.54565255239021 108.0184391297322 2.604331420362934
58.68503640022759 8.152738325664329 121.5492142147226
178.5478877324238 30.34520760058892 149.7187451800838
86.70369573185511 22.32009016042739 22.0653242918405
147.012946030941 149.7552648904127 188.1112306005738
95.73387230216879 171.037915026774 79.58114193497094
72.23465906341006 49.38727416836139 45.88031124828372
133.3400955052134 77.0839395259049 132.8133739106688
62.53759663409294 100.9953098871519 75.84092206219397
164.9338065294772 22.22189868809175 76.77769091296581
152.6738857020744 68.89692580826139 141.0934947280605
29.06856507835612 67.79220906900586 115.7017773061688
144.0503528663839 167.6526381354381 174.6697850542225
107.968293218648 61.42253050638578 183.9068391785801
127.9341978524969 10.70003272063452 87.04225304835197
78.40013113446686 70.05256004477454 78.61360681927309
44.37326010608614 21.225141878493 110.0062530595822
110.2741422847961 170.0700857827773 39.96613669643919
38.06223296424411 132.5455420777645 98.60811375469228
25.84297244642311 63.12091516392677 66.57697396002754
156.4012306478366 3.240635542965797 178.6030840493769
105.1885179648167 120.3861690446697 53.05766942355902
32.8183544560225 164.0310954134338 34.44764216589884
110.8758196698341 75.66773732710764 131.0263330938352
88.14094552534377 165.4060459779967 32.11460087556357
173.6661954824219 77.29068234163195 34.87430609972513
61.33814294226099 85.20578180241068 173.8736194785403
135.3741885034615 126.1986190875651 134.9831222873253
111.4161667396836 99.33337584231006 194.3598836194969
47.33444267379767 56.75681138325762 69.23789695287466
183.3362484546253 9.269428609957119 59.40394114041642
30.47885145129523 131.0790581099739 30.02000998785926
53.77015772424708 186.1188350221898 121.4492577258205
113.3897618186179 149.6341082673634 185.7121260005047
10.80982459547248 164.8443858755045 29.54053580681465
95.02456514143493 185.0075869471181 134.8148882611539
122.2492732280467 74.0663833066216 76.28992764884113
146.607002768171 128.0351968505879 9.117875617489066
194.8469647246419 172.4945803043159 101.7887210006568
103.8823922449434 19.03276075619978 120.7528502111095
25.15823140263124 10.14797475452978 172.6240299258638
98.64229599002182 6.632424920050287 40.08486952861764
184.365474128319 74.706071007811 192.2034984829453
143.7829859244944 155.0844371810749 131.3967407291958
36.23159221177778 193.1024324427696 138.4107009745501
68.20323393047006 59.02239756958605 25.87172404859382
84.29374871130558 99.34283627433375 107.9686023722943
104.0234799141387 165.667780247134 99.94545593704491
167.7467120789515 122.8277296955127 197.6246881705059
86.6419842007426 88.76176628533553 88.17133397136276
199.1360725608704 12.52251378449081 1.497380038915443
116.7017465294709 78.26741906351106 0.5316367574796214
53.65350739297952 163.5514970023476 120.8729448664098
39.55733852534907 186.9047799122907 56.0745108233642
5.150971118614586 20.60890116130021 21.69992152536165
157.3124595874113 93.50008813068422 196.2104847042447
110.3299642178254 93.86412573244458 166.9014095406158
94.62937385813238 89.14696259590816 29.37828448892903
59.37118469962427 110.7505029877855 132.0426531286851
59.14823118540244 187.3762569066564 162.066712872727
129.7209445710254 83.70165872144948 24.14868344172029
147.0361558606326 51.01953731028559 10.49722988858477
50.47609603944349 76.68067728776272 2.799994373097816
78.31835840743807 60.54598271681959 181.9344640064124
70.68458065394823 117.214543388162 105.7967573649777
26.12074013961989 45.2202101156017 38.8472950071453
136.7511121133355 94.30199835998256 5.497428206352775
176.6954252718985 0.4812533515795446 110.0975978697878
77.00671640411051 60.80299975773809 99.5024610639024
26.0240907595558 20.10150909561076 57.33566987110623
156.8327048912836 185.5577255394393 199.655425459603
145.9482841886519 141.0137558159755 167.3207717763144
114.915357155052 112.6293172801655 133.7076186334224
131.9329835230987 193.5771516139058 71.1652169737479
183.0864160845186 177.357282956848 184.1363784676608
88.51076520011672 94.97824081138495 172.5892831078712
143.6471626535896 174.7683756607927 75.53948808460774
64.47325437814614 27.10879133921554 101.5706398690571
193.8138166876177 29.12472668440019 129.1617242851597
141.6407428709406 151.0808229646148 10.3800977529595
6.559909512750639 54.06311304032581 45.81852580678679
146.7766489018279 174.9209159884445 97.89802643800763
146.8977934661436 74.94438199052878 188.6681906508629
192.0343193839705 110.0080290549865 89.77528254637856
24.93912434016479 104.1826914983371 120.5794758928598
29.72032680311388 45.99214707998061 80.74174175838768
75.27352309202686 41.74098947628884 87.53942827343283
10.6931729008438 127.9593552131142 134.3773252560367
121.4292533223964 177.6769497412583 189.9729488950384
119.1241150179481 147.7845392453493 101.5125402787589
88.96410012879593 6.318354583822904 181.7932181338094
45.979026679649 128.517343456251 48.09971107138429
196.1061620829904 57.39994843629962 3.980980089625637
91.78215998564266 149.8907567827132 71.35295877609703
73.57932131383862 178.8395720388637 84.08001440206
128.0927168656083 49.38323521081328 139.3190101244425
27.86702643318273 145.853603169499 46.89289039990644
27.86430391621958 99.34944794098713 92.08590251461578
4.519557883303679 128.1460099129495 175.8340381504545
88.43703819880037 109.8279149598276 63.90921140764304
16.70599540208882 97.13702516180031 12.23152984010793
94.19215521448318 22.28033980792765 166.719799949831
145.0528382239627 52.76560483321811 32.92090473429099
50.8383445922931 130.6971384082367 18.29533740079754
159.2664166301803 148.9174513907425 25.88033789926486
3.47618175101648 195.418277424306 157.3831713301442
74.06272765008625 28.72640005241342 157.4689509388742
46.62601432587152 128.8340643091946 136.5047321999491
55.32919488480486 46.31164624570012 170.2084814885926
197.8650448387013 128.8617758421759 21.79264218575286
154.2638359217678 95.94644931423655 135.3563428946789
172.0058738898306 15.69453463433184 165.6058908710884
75.07971298172978 52.40708642303991 161.1249572014299
103.0075842845641 153.7905175721216 165.8760248941855
189.6373626017039 140.6520017155195 74.39499583469066
61.09059700677276 160.5573134592797 75.00649873056437
91.4133171100145 0.3812486928902618 19.63505502083661
0.8706896553035951 33.7233972164232 150.0981519403737
80.0320301664475 197.2141689254566 0.4079638255758274
160.0178206572039 91.1114056926116 85.45386490296259
27.51361692084727 100.6742856913676 63.87915404189425
94.11104579762707 19.16699351055405 82.32999282036586
101.2109948496119 104.9603137336261 94.0647904228266
108.9990140386115 59.17160736003948 146.3304242002831
121.2846917037214 199.4121389812159 183.2746249755055
4.094964411606678 180.8193566777197 176.6307034141876
98.96901881185023 127.7030799014267 139.0841530904137
100.5568999486728 39.43062751488901 111.6875410025553
18.71420784466323 182.7123569022843 48.47306970023531
100.5859775957466 71.99530229417464 82.3384525759202
15.2661530159279 4.980891520077932 107.6959652588233
45.68317845456485 58.3225145160227 144.1575662173375
58.91846688635421 151.6612992239328 15.96165563482289
123.4634992534806 107.9923712114528 96.38480099098533
76.90424418637789 9.81455267558905 145.4741702920452
68.39978176340637 81.67066616066018 99.40876956036962
23.57853330729104 178.2507493258935 16.62664278575727
85.18478293091208 172.2827092665223 10.30870302223929
17.13405499448013 7.834250757201462 85.39008853181265
11.18489788410037 175.3438084672361 197.3543783972762
91.56902794206199 162.9647888737101 131.4343373578596
116.7218514123159 176.6912999112739 129.0926960247457
145.0778400575743 73.50209985450824 11.12112798466127
83.05019984522411 33.74974690452227 67.10850546654338
59.4506410082919 5.396737610137365 98.03890191379271
21.08458353392047 7.786584043679146 150.5427454814853
199.5354996376506 34.81231536168857 5.072354016707322
42.37588363972908 154.1651356878496 103.4856300321655
79.78782746149736 89.16033677003269 66.66377453273383
159.9682033402643 2.605629517999976 149.7122392023013
55.13616284207414 100.9443423320359 188.8064032006639
134.5630021378062 32.0885518517821 153.6832511309371
193.4327770401511 175.1975564904782 157.5397248580209
185.1131993087842 65.76608381698642 123.0617004403779
38.24730657849381 6.188288809820414 44.42200714398898
74.22385195636913 20.05688783695293 193.1667667732471
193.5557570640151 13.53528012169563 39.73222383822286
39.11365864832579 14.24057981103909 131.0182664922152
72.83711279152175 152.2644176036059 198.2080763168301
38.02194836330579 176.2124289100209 105.6296144407117
187.6901781067168 26.00947044090492 75.02114156870603
151.110906247355 1.169524224881954 38.95407696780296
105.7326188532263 35.74781724830707 68.66814151478113
181.2044323458079 124.347804762399 173.5967309261124
68.21886394800325 129.9901378484802 124.2355266619282
25.86237249801629 121.6477546605792 55.68984639138019
25.81612585182213 24.80713656387972 97.65637386020141
130.4375456977346 64.46652649785516 45.53450520109823
70.8535079750974 78.76694597152868 193.3094695002873
55.91597421315305 66.48716867997791 43.26870665893102
148.1772620691726 134.6573655497772 118.4307484696578
121.1203726688161 174.6370189851593 77.00063921999292
163.0869972345118 38.53376903075161 163.9926352757377
3.556698975590076 122.8881929309398 73.76942199466903
50.94036158586594 46.65956088467429 33.7072878615397
110.1019201581941 160.0056584992909 143.9893142300464
118.1761927776743 131.0419417064599 30.2958990649546
130.4843788785303 116.6453379136704 42.58572036849635
65.16041430689691 180.6368115283812 4.06047011347685
5.216094691150498 16.8071296655767 164.4029873229671
92.7992604188814 47.98250161555459 193.858472298768
4.246914594875772 55.48716605109328 145.1644088106911
66.71113418427628 156.3650186493495 36.61604711134819
65.13888191077709 100.4110554684042 53.42694975153515
136.5974261107966 91.06668286256266 46.27122770764051
115.7573341707956 81.18418617217016 41.7020065997878
128.314307081274 14.03847688195702 167.5817473718356
170.3107316372627 0.3458014018386433 75.54179539466627
173.927465534441 29.87949792140071 57.54477120500594
189.3043956210801 141.8756144204236 185.3015255997722
181.2800510059718 147.3534733820184 94.27148603245809
6.573508259801203 143.7454345967044 36.36827267938822
129.529699736995 184.1117132267842 10.04252822229787
45.70912394256428 89.39602771886486 56.71644016987911
132.2461962264859 187.7432655006733 115.3270313768941
7.545176504112717 108.504359842268 56.83405167527685
23.8056317440043 191.8904627005813 188.5305468505988
161.0597566783454 11.3599115258106 56.46720514784978
87.12581820308152 115.7213640016472 39.16590234794626
166.7340685168575 107.4277410437047 181.1458259965367
101.6584897987077 91.82361553460936 71.6011916711867
180.6289105761006 144.766992151664 141.5581994934713
8.087031774133251 53.07125268950313 76.55423862784919
86.59782340992902 131.7676573131151 58.92554177776848
22.27983916844954 40.16643443263866 146.9609824086713
129.6896929966165 33.55553150040282 69.24530072131027
77.201529975721 196.5652486771279 127.2045173469847
96.04005688535091 59.99475028067243 164.800014729305
46.55013656794979 75.3601214954334 129.3712140532309
24.39967138760597 171.1931152522106 179.5280540227813
162.7336904441945 179.0375683169671 113.6798196135534
150.2216506799439 5.997796807504387 128.9784506423624
58.27647161195801 48.73538898893126 103.4905567942347
153.3378306718456 51.85747250448942 69.12146104647408
1.931240255618281 150.721768895221 105.7720595633455
112.2374575902198 29.13911869706718 155.0430910238737
183.4200289579713 22.14541843844456 14.53872612152729
91.94503801366679 116.1891962549907 197.4300965914089
148.983151714065 198.0988935233453 16.68928985863876
16.95879019844093 137.0383616166938 12.95094100777121
46.69116420721651 146.2365945202937 34.1443766603615
183.6460411453246 74.39200840452838 14.76556064446154
13.61436652171447 5.161882605993565 45.8197716830805
91.00520004889331 183.9388630327017 97.49077598616802
78.59906177075625 191.3595065994199 60.38626472098534
183.874980737979 92.90901263360637 178.8597090574707
3.508453062747378 107.5352809394776 126.8249721086178
81.06904655312654 37.55086018789987 177.0341697710605
175.7572439187664 26.6865148812372 35.27903815804002
31.70220949486967 125.7102933273416 119.8547909853131
58.00047910762661 198.0584732202921 141.7318329285424
113.1679081619961 8.302831007136584 146.4010848790975
191.9733749890434 95.46000609832157 111.6280290783493
0.1593476075632951 106.5482076001547 24.3766295946851
155.0472631932473 11.4974151055598 199.5623704401903
94.71626003225468 111.7839779013147 123.6595120712694
123.3345640597611 44.90626399715119 184.6913496943959
166.0446403570137 59.73249624864937 156.8032664150043
81.53695756575304 142.3383617063432 137.6305005755796
128.7124660407599 113.608449374648 196.9858507121575
158.6071655326992 171.7922142645325 134.655023356409
51.04616969731939 170.1222413146905 46.2896383264337
59.41256992632873 147.4136181863765 135.5678647168824
12.4510776329448 44.41417659247567 20.89677926494686
176.516674731069 125.3243241063365 95.60105188015714
140.6780237681774 187.8960742911029 184.0736612849689
126.7121991674355 14.30482409950651 129.3706501315497
176.5442157907976 124.9208152445086 151.51223168409
186.1248960818376 195.9981863421333 171.7888122316315
151.1974322438037 197.6102489172211 108.0458202253821
14.85232098590805 64.37415218457379 97.24532212375365
137.466004684408 14.19514193078506 51.36257319158502
167.0582802217822 178.0956039524301 77.45292520638627
181.7032273902056 188.9175185367781 91.33067564475141
10.91656502780663 129.4114880861894 111.855098634602
40.85193922707061 35.78494695321756 63.95744440310536
181.6401530708595 85.35887612959468 88.48492103580145
41.95186295221923 158.2214561247625 144.948409737468
67.62314843207267 77.65135383587663 121.5969132041587
16.79790315770493 182.5729835671823 109.9680144513438
19.08406233382142 159.5664432559933 136.9387893726463
180.0937157920009 137.1957934161313 114.4514942663182
151.7219293375439 159.1707492742684 155.2089038611262
71.06888237240079 188.3109519945819 107.1145623413202
57.7772475530256 23.71451969350352 8.188498141201864
72.50841650963507 176.8022269745774 44.24534961138793
82.59680439049555 92.55112024211644 150.9364499398324
192.9700849324366 125.9789526571011 51.6963799060418
39.8869924203768 153.1301916104817 77.22048028271639
43.09109254447128 137.7896523034893 176.9551371273358
166.3880335639993 130.6775242004381 131.1638441517292
143.9767978837786 110.3756170133535 121.3727754624624
199.3597029002405 155.9601798647515 147.3151141000626
101.0160575488102 95.31396047230301 137.7584355043617
196.9943565699858 191.0897145462255 136.0056782444717
154.4360218794264 122.6110830151561 91.81226640128509
144.9860427456188 52.08661112975406 154.0499725526341
52.47283339030285 191.1118669373296 19.52484722440887
69.57117623193432 51.83334838925986 68.16450098884322
11.83041846583158 152.4717912175602 197.2879073192738
61.04575718812725 121.2004831532938 85.78327883794577
4.972637771867715 77.82031221457204 141.9936526236534
186.7615562910767 186.1216865775137 69.49703267132715
87.44673587240622 22.80038002226105 103.8473623084861
189.3186300004208 41.50475783047036 91.36008275336333
137.7168114360041 85.40357861192095 94.37027837955104
139.1890348745726 139.2409793805145 29.44778560843553
57.85760051182254 164.6276059738385 161.0362923564977
128.2930916935282 188.9115740445017 92.95574354629488
164.7907362483039 84.03350889505663 153.3224100038044
71.31015424817195 140.5223810791071 73.04696822936369
58.61563831971766 21.68609770037976 139.6190224705982
149.0218192296048 118.9175928720925 29.62838394969468
121.844960081513 159.8578922574459 3.981089878824233
69.07105185190234 133.3700030484836 167.8883305608986
82.40077413989185 137.128251161668 33.76512926040026
181.3752650726286 141.1397088706385 31.12161044555431
64.36803888461378 146.9814570351058 109.8885168469375
127.4034019292738 142.7864460264243 121.9120987410361
172.9732258623522 102.9870918552722 99.619265823237
62.43471218774602 33.00965430306641 57.93814618181592
4.938235270904177 26.53166521275818 184.7729051637477
108.115278484012 132.1141765097341 169.5261446319023
13.96593151262017 98.55830157748122 144.7116275188507
36.76992401536871 147.8058446617259 13.9354692962755
61.85581575296656 97.96176494517424 113.6034189205432
92.96802213569339 70.106177719135 198.3704904578261
175.7488359762478 98.27451829786035 70.92604742372765
125.3780742549867 181.7612301272084 168.1221497808068
192.3305317120112 2.07324424331121 20.31832458711338
9.427837265318459 26.09887744461841 113.1351652945835
134.4566292955279 104.6917262095045 141.7569982260189
130.4669249246538 144.7619546695001 61.39241924440344
5.083308883439771 2.718048841064688 182.0467620446956
156.5700105287297 47.44617559004364 135.2388506986146
84.30042534780416 152.4618494261684 50.20884466570805
183.1021874347922 114.8003043285448 12.10077431682534
143.4622603244792 194.0733531400232 162.5423222867237
171.3058804252061 197.746227649499 13.31858068916531
104.4828603924587 92.72096794941794 115.600089521545
145.3802364043327 49.4970776625202 176.47726488169
11.20192138214331 47.45446834201873 190.4560818480427
79.09803310058123 154.2219163829625 165.7372137470077
140.4217266450818 32.08131595528648 131.6841089489045
143.046842409147 67.33540146795877 81.92887439795567
100.411320636604 78.87791540710174 153.2242554266384
58.91338526815829 35.50769000184006 121.7744524294956
184.5001121539274 48.09726601310134 137.1037410107381
58.06256125061987 2.389025400039226 0.7960047218384599
178.9586827935095 94.78926445004622 2.498641575709703
177.5841248020618 157.7765108752519 174.3685424748192
45.51858069688098 33.84317608848369 91.33218099831079
31.58478166054612 165.7372681814202 56.92581698174334
106.8047103590802 66.44025058159438 60.01493948833539
184.1590443956736 69.91065940485804 145.7114495167363
164.9858243821056 32.47983472951525 2.885389340372727
93.29912337948805 129.7440234891455 15.43446045050974
123.385879007489 96.59822847154548 75.46029791881509
30.87936312419937 164.6718591109238 0.1437878747056622
64.78522088205584 118.7721314233065 40.29640853847746
44.13655005132909 78.02868989662427 76.1563670775701
66.73906923475151 126.5291947244808 146.4976934860274
50.26379751866595 140.1800209899563 155.6822234529657
162.2400230526424 144.4476768924157 3.950839466358543
180.532416935278 47.74693401527527 17.16904532108676
49.78703988251016 92.46006058296463 92.57556494671995
7.683037710783496 66.27040672097053 122.783535043753
174.3091769983638 47.69194094726853 112.4668992288925
166.6827799179504 128.6025973877467 19.42621056228254
36.34900071602708 3.165519138516368 6.90834016483869
189.11094685047 91.5501234566357 133.6790953830788
87.10534038406479 69.95401715829821 20.16647707104888
24.99506338017616 82.23482654497688 132.5640994400298
172.587195653121 190.0434720917106 52.36679622103874
42.27934069629953 37.04233930669744 136.9615397730404
177.5686775609497 156.6537300883721 15.17068540264027
29.99975293304216 53.24760155230037 179.3697699981771
8.06663830164652 71.83495924273667 191.4042967659614
0.2660009197510552 12.36128271218885 142.8298225998162
93.33085593976608 1.105644009791556 111.9705052366359
109.3236713996065 73.74636673026924 21.38201778516157
66.54476960677309 138.538883738061 51.06691599213802
134.8499139861119 36.04399058414852 46.32369677242782
26.44340230842978 27.23203766463669 25.22593496295226
197.9431660984603 132.1352685834151 93.58606774136014
41.34633017422186 56.46340539605114 198.6129751272364
111.5223183391925 191.2505567972677 24.28553771342848
131.2970177599333 55.89817563046337 66.40443329660522
89.14452096088172 135.628299470654 157.7997894644556
148.5341200759887 127.2836446103016 186.6358167447971
188.3716705696643 125.6046009855738 131.9586468627915
15.14993677422181 29.00514899484423 77.85013367663969
114.845879882516 161.0099111369199 60.12595287430933
42.50974488882249 19.13995549585166 192.1944248636777
51.38745403908576 140.6334528751229 197.7592242049857
195.1639118810962 192.7212451551355 49.60870429094639
159.7859028003045 123.189747379964 166.5494561335179
187.0047923382793 61.01580023858558 75.07743106850806
9.852627858544473 101.7642972474356 78.65894100778362
110.2391611277933 128.0744859349379 191.6228064070519
104.8279436881886 40.84998039640269 133.8140561656866
67.97885292173322 55.62905881545414 126.5404064041165
128.8502338077192 23.88401662821429 190.7850944052354
192.6245266499264 89.25620491106913 157.0416532508092
138.9232423883087 121.6644598004892 158.0514025651873
89.52380906307096 93.86181667099929 195.116535428082
125.9028761339894 169.1429109649941 104.2262004366835
73.22837008518353 13.27347979165315 59.8608061168247
10.23173303348462 138.5828086873819 58.97259665436652
154.002824872296 101.7217886799276 162.5937320721985
121.5017269221692 48.49725885547571 162.0506512466148
149.8983851219055 20.25110048942992 165.2666947701533
92.71466677385422 171.4681353586533 175.4189002739372
68.18697177114137 119.9014347956509 64.40318430794444
176.6884616119233 50.12698607685117 195.0476515247113
163.7019657406853 150.9604103000348 121.6228985174802
159.3192010472498 52.70891793499081 90.87312700309245
123.3968822127197 150.7165113819689 40.79254821108842
164.4577204521062 163.6105623123062 191.7765118822394
42.63698159706095 95.87916210058182 167.0909509949124
105.7364547814917 167.0654441018136 18.06159742611875
57.74366243713027 66.87202799459089 161.2143203028912
179.3360638848069 13.28724310302507 91.68911516106819
11.40833522168475 42.09559345521892 95.99568896278763
115.5180602551906 1.666606635207526 57.94513459312221
160.3182254409153 142.3668576855658 101.0240564778
111.5739981839218 0.3510294797489453 3.625947228653057
197.6906066366897 107.7607685625473 168.9482212838031
4.099977541806004 168.2041394447097 121.9329866785569
34.68570065100293 47.10575165523522 18.04767173632478
196.540515461721 161.8747338497095 70.17714088783211
140.8974780607146 152.443731064703 106.6025048212917
