3 1024 8.066506556168568 0.6495174999999997 1.4 1 3 200 200 200
170.4129115529165 134.075756425734 45.35059426280039
147.8878013845875 85.23670524104335 27.05156959849552
137.6647055306277 191.8805068116189 1.274643764213664
163.1361108902102 24.28280045455232 153.0325935484541
121.1273590499176 25.07352348693358 198.8294342324162
106.6031596868621 54.96463776831841 150.0851903541633
143.6098054463502 173.6639738151993 99.1466654185308
120.2629861384579 179.6364805684262 120.5699424181565
180.0991621837966 20.36028189983428 53.59701853337172
167.8777965761844 118.9643672410125 22.04943830646282
95.43473878517113 99.70230429537301 142.1445638362862
68.08959108731871 150.0998293793325 120.8493191807586
16.68784719965137 71.86803674664392 111.3906966149468
10.22444043117998 134.1553638445733 174.2551242640848
4.499203731922406 66.54038718183276 102.2623317154913
96.30430884142726 52.35004046160672 20.57967956459751
0.5246414671300931 192.2514127333789 194.9172309503046
174.8039832304395 161.9796922161204 150.3899073734828
12.32298459116534 146.9097907144917 66.27572755694042
175.4892605086269 188.0916287246633 176.2040081491443
65.68273274097982 84.44500858299162 160.3152092630876
152.6417591003651 42.75913807508364 121.1560767040157
70.46114442872437 177.1723487094652 53.02072264389791
11.76243700828932 16.10960489455388 6.964059667811303
164.8004366066764 47.4846846362604 78.20531609497588
78.80970987967837 199.9427288405654 20.44109081201865
61.59605427112336 38.30545076302301 175.1940471650816
39.80034368901006 164.9751038410087 117.6494043429456
188.2604316122893 90.48879762587475 90.05220785591882
153.2163194820527 156.6914307137985 102.9873506326052
79.04786300062787 132.4391320735618 36.38615837187779
147.214170685157 144.4083675046873 5.107910750715417
5.721981347059723 113.6078709621333 68.56546322836739
144.7926227224307 144.2876839370657 113.1122720138755
135.9147687636911 29.46280931305521 28.08800956626622
150.9303841322811 157.9577415763726 120.7265746722323
126.177355270177 40.97830265010554 84.8475822595295
21.32555092655953 23.12738124515463 97.49650052422021
195.844491631453 158.297389825356 82.89086265737751
189.1877112784784 180.5236027599701 167.3058604195465
189.4888045175337 11.93885213224954 80.37583745601808
28.48800503417189 54.80538463580245 86.19880203947089
132.0065136786548 87.34552772566047 103.2832657704951
176.5808256927301 99.10368542275339 83.00631682294602
78.60108883493744 163.7411703443074 86.25633027054042
160.7860341086779 111.570941882557 186.6301490647102
77.0587254370955 27.73220517458897 75.24487218997952
194.241248301724 63.57423194293104 27.84762372742691
41.39375355947647 38.06933669354286 149.4119770024629
3.459626612103664 199.8611964979663 52.96960859950775
92.49009348923379 120.5554268631412 177.1360839191073
186.5777852304586 178.466600813575 183.0928907711251
20.22591474194914 74.48519419491078 29.26262747227452
86.30522596310095 32.29491527868398 191.8843454690965
159.0616901828281 55.14529609639836 17.77694250021161
48.42974534618676 23.50934945393325 143.7110164951985
79.39255909184837 147.8261678809076 88.77821439737417
115.1071429429025 164.3595725765346 113.1049705164035
65.26282896636306 123.0127549261606 65.75797264262573
70.81685927231594 190.4267039319091 105.6570935294514
9.956383705349163 40.80507126625059 2.210068015579082
131.7845966471114 73.60898971129706 59.95813470666098
65.37470781120329 27.2936925951463 164.0255046105357
134.1313026144794 65.44601412765473 46.24198559908947
199.5564620618643 190.6587196916266 98.45183157011158
158.357757932654 85.93691581844142 167.3597382449108
122.3944242179431 192.1899276430558 51.63097697805971
46.26289850910947 86.55088934388941 126.9428750871297
87.34223706618603 90.64057962276958 169.6514050245774
160.5813049373856 177.0223307015707 12.78479789764196
3.917736594581293 131.9030382209919 60.63362345730378
93.54603654592867 132.2954517019118 70.90861150532371
167.926645370169 45.9133743066585 7.267944470104352
22.55605128644522 34.8343242752312 52.19668627427507
21.194976045383 51.0641698231484 53.0204956919077
127.9522268345469 15.83996882516172 173.4708944033425
145.7132183782386 25.38713909584478 99.64128072582304
60.56644322748849 10.00763246137404 39.32881060401904
79.58999972731543 146.8764108630547 49.6846209570164
189.3845364086532 22.96345136992865 17.34374732649544
146.6708462237533 9.688385688512279 89.25465511636406
142.7392762825132 142.1196811361733 97.15542140677455
112.8557591689656 154.5098344901575 30.19852290175308
121.9717292426525 143.4032362763265 190.8867206082128
67.7746405051893 52.92463205492832 4.048475450540089
41.8017599020669 189.3679338686277 52.40533215991604
111.8738460968628 75.92491578470822 19.98206338488172
181.9876670291234 163.4612399909267 32.9326709760129
33.64380470673559 82.57860257552289 23.18213911842896
71.65968556707485 50.36079153070337 159.7826783554285
88.51249212857405 177.9263010147923 69.39115274315516
44.93860541181173 145.6341009466603 92.64136627726242
21.40106763881943 182.8353563998243 164.8921502398637
124.0219787405906 57.44059167514682 149.8103372787562
191.1309005512178 97.13019787891935 109.8859419120574
158.0806513252245 15.09898939889361 101.5166285953788
32.91928743850752 193.2234255857893 182.436291256101
38.78760967585506 157.4372574277151 19.80002889870792
40.44463125264573 54.52985020890552 120.8498934573267
95.70195034200253 103.6225073527026 159.679515694287
196.5535032299992 187.1356093715414 45.85352346530882
107.6171532012638 143.9298116317009 41.1936786741749
143.8768394502374 101.3350398002575 139.158937010868
74.9687673452988 75.80973712962601 148.0393892083156
27.54941160298817 24.94173450920399 81.81359862669736
53.94911161485436 162.0987863593977 22.74503515245182
33.88702972054543 51.7440436445566 20.1054919430886
105.842685378819 0.3329079594882524 109.6223929110393
17.02168451101601 49.46452662860041 105.0823139256264
91.74241321765963 162.5700977854747 95.5411694664423
100.7350419631119 164.0672828846344 0.6757996724177452
24.29342295409045 94.08398287679124 86.34951745017081
133.2843246828485 14.89921156761526 21.63568156571976
85.26386392791117 60.41863253551779 168.4992118380174
72.59194905651756 22.53222969081798 150.2314341735553
192.4021573587444 4.051550806762777 155.7524882715173
129.3880873317417 6.635050516812305 92.42885137333107
133.2893066756681 176.4649605592923 3.142976363825601
14.74324825125563 180.1221045905196 40.9935995111687
81.1377317624145 164.1937552609535 25.56212433433463
113.6617103037326 2.81112984124096 43.19275966603639
135.9792646769131 124.4130734248737 130.4456608027648
155.8705963565846 104.6117897411058 149.4393131471958
117.2344953991874 172.5695285405559 4.557979142675264
24.08681377119369 62.90712431742334 140.3733707282655
14.15854396411621 116.1760227454763 132.1855882465027
150.7890455667379 77.03557488898504 192.4600798384705
107.8707269379456 151.8786185322302 192.7324978608766
115.5747139945486 80.61014165373837 4.994542106091698
126.7826921701028 148.6391562850302 24.554074521523
167.7720245476913 124.2739655841339 196.6824769996618
145.2327029355678 9.353451417014419 33.9825812075349
178.8398613356918 116.419492984983 69.96512138617713
108.2554421755253 149.9852116890875 126.189657225906
192.121281814643 160.5546801694168 100.2308060264926
50.58154139417906 118.4136661741648 60.90189321241363
26.18181054392998 65.61218030046943 17.17664216242166
133.0018802855366 8.603601983089126 159.9649926001106
7.739594970416385 90.74634975458564 151.9711034414217
76.58306116992661 103.5708728801227 87.07254807509923
13.34013401044045 163.9311530390816 198.9906731654957
140.0335805504451 56.21326516935225 151.3581787992366
12.62918627440775 58.47740088079816 90.89723823595968
92.2163741651412 137.4673348394124 170.6367951009224
105.9979198046001 194.4232565702847 184.022693524516
157.7864175734249 26.42898245799936 10.33254552221029
113.7692148369157 35.85930293088847 75.8213197614038
139.1557877622698 158.0961716265194 95.20265716878339
140.1863011308608 92.35156530537435 183.2333145381736
128.4511645529963 92.60926509500223 32.82006102267044
40.81703212256357 8.521060698358337 8.147770373058668
40.3462615607901 15.37909196238913 79.56181536746455
72.3552045709903 137.1522329718698 18.78454378360581
133.4301624023859 139.9097862607928 60.68274227643708
74.7885893262542 133.1768077671785 83.8311643327212
20.47423636459223 84.36627588423957 72.43554660820185
47.05983263811307 49.05350899538544 74.25700856637508
173.2226314029894 86.08164097734033 0.6491684017200475
148.9072923052368 155.6526824060186 143.0279064814077
83.51622516762245 59.46437607209884 94.43261570566017
85.31949943474486 55.3055989878938 37.39554545477419
107.8072399068832 83.99185264915207 77.47036871484254
139.2312994817226 182.7971951861221 166.1332510605589
151.4393627502492 107.2729984113027 119.2478733802536
142.4550639598222 128.202295477218 147.5221701871288
156.1322867432076 161.0947007841635 47.71686690129722
72.36255617373932 66.43896523725839 160.910687245769
115.6347517201061 27.01814987494937 90.53322034510748
187.8997981765379 78.40852066897615 27.91080831645768
192.4500691788352 77.00690973219257 124.8607522149476
198.2159888611532 174.3159594746274 106.7198685961326
191.2497115714878 114.5921193498986 40.68927316101673
121.1914987904711 7.594577908097433 56.63504451719227
197.6863813153741 162.8974946178302 16.1438212302101
84.67547068827352 114.8076354144969 41.41413856345553
197.2183760306732 107.7088997174596 183.2714781930452
104.5143813773635 107.4456879097969 45.08780982423765
8.425242729587044 131.221313574649 131.1651277222174
97.69450293794992 105.7549517003814 97.93716575629672
125.3168722770685 113.8673853004223 87.69616011420844
6.199528287530758 191.3534673919255 139.3025151347896
54.50862366097696 147.9106084791938 0.8403966022606411
31.81437007726061 102.8834803237924 52.39169798685995
137.3263569192546 72.05691683922205 152.7449446177492
193.5212977559589 105.4344551658377 93.21623459308306
95.33241192660654 131.2156128365702 123.3866599780547
189.5832510751704 107.0112986200128 77.65091100524421
43.51374873961987 9.856314376564486 150.7613876630091
41.97020435842615 36.86232449834078 52.20590584464215
77.64429130597644 114.5321771856797 26.89654260456495
4.921144946004397 103.3566681576108 44.7327769686642
100.6707949432724 32.25562121450756 87.54616574382504
148.7218939243881 19.57101217844921 21.99505368601575
56.84278692282615 189.1468304704354 1.380752178972033
78.04662970397221 52.4874268816702 22.32828619124631
109.7897544383261 30.97295127532195 105.0856754093587
186.3174861793021 182.2615527378021 124.7572074952766
28.72022448674139 169.3077280510305 24.13332840106217
139.7579310147776 195.0697739166193 154.3556093610708
3.750191204307274 146.6806137471861 51.99864125716724
74.58702215930924 122.2366800160195 13.05574983545736
51.4636499397887 81.50211853501033 194.8844405828318
102.4109927830695 99.53697627979106 31.18450304170186
196.682027238754 90.59419903510413 182.8257874955434
54.08583041579463 87.70966109945581 9.542679843744866
113.4824406020199 184.4293340290469 15.04815155161346
159.7970665296023 143.4310174978809 195.0585692776622
49.74345198287102 167.9848445554123 95.57620294956338
38.15194431359941 184.9468684348542 169.6147850355881
179.8780859906062 46.38099815023195 72.17616506518208
0.4131459505965027 2.328236184285011 87.34496976526115
101.9083929661978 179.5937282813302 4.902597650231456
115.7049920010287 96.23692961440328 42.02056019818826
150.7468445160739 63.23556929905943 97.04683842813989
194.9824984458755 163.047583128149 48.37729928910097
69.43263224191554 57.09206846710057 35.23004725366818
183.8387524199359 149.2919667486178 110.4356753357762
85.84123088835013 77.06627789346072 160.1528752046603
159.5363927995242 159.0270547724946 154.6858991248252
24.70437427828995 156.0628063731685 190.6709934067662
34.62102814193486 117.4377964499095 58.76097516865297
35.23440223902271 84.34471101475644 79.58820492415198
32.31241390976659 138.9852018900834 22.40235323846558
3.065283568157061 75.96940745905508 22.48384889126772
97.02132714745113 122.6187543682082 109.2478378143428
53.52365618427739 186.057488424864 41.78920029951885
151.2328979326232 118.3626104919452 157.1543834435275
116.9524521838692 136.7743295447257 159.8284022633195
114.2801675628336 198.2085443722366 67.78896862639037
93.62631005012931 112.7249143926775 28.15448552070597
126.9995837994209 185.3181017411557 155.9058417674928
74.47283492199475 62.52241184666589 51.38816202755513
0.9251859189470276 27.47471593269976 3.219068502418587
59.28864671342779 127.1191667163394 11.50838251098967
101.6964718840736 68.0940478749424 158.0737172930168
75.17117121738771 9.043600287588674 47.93825559499571
164.5101240671809 54.82392115368185 96.74687722520461
23.28535559157925 18.63525674755923 116.4254959496543
185.5438668639486 183.7403311454805 57.14658780176504
26.83795326640514 43.80279304033265 144.5237405909928
53.60413626854777 51.71819267577072 88.76026487784053
78.54135227894621 36.13142559924067 156.5512868773187
52.66143396114079 196.2400927570336 15.3531650360867
144.8071768106042 94.58959731667076 165.1589825857608
102.6316455770228 144.1875577785804 160.3104163210989
67.09361130335523 159.3635510131564 49.91891169817666
26.73276468954828 107.160743475357 37.68944564385485
138.4159284982126 156.4781890606572 130.7999473150683
85.09234388829142 7.352536859328554 85.15345810057491
128.3573132191385 190.6409110624735 14.39369421846405
51.42392988119729 172.4664679596405 146.3534474595115
76.29388925755119 19.81867236492009 189.7889760965583
122.2187378141027 187.5999982317936 199.4379678539994
119.8476431967396 108.0544392226254 73.67577782179595
186.0452622044917 111.926941855482 105.9532052027049
13.79478248211305 145.7880199109298 163.6623235766851
86.79860034802176 177.899724146802 38.00777661318507
1.470925147364466 77.70575531850906 41.69938093061439
68.27789328507237 148.3542226097331 34.0385517103574
51.77441684084264 173.2052478318227 56.16121053665581
100.6036481797325 48.66150530948394 167.3787894723668
173.0790622445337 135.2754733520001 75.6011623653427
109.2656267035624 49.56201620110973 88.73437218853613
75.80228706613572 130.4082084637036 178.0893024523486
37.20671223563676 199.7541794984839 68.08350890414103
88.09827646918529 198.4059693235217 102.1246059884036
42.01154930186205 181.2378789123927 107.3816578150402
60.3117042776754 26.56469877950111 87.85474250096452
197.9754917496659 73.30205514104578 85.10977319036314
83.58216195914599 191.0774686896797 56.06702444490968
25.07659378170268 87.62718071171129 160.0018431763704
84.75084692992793 164.4352116038502 56.02575689340692
7.963093361453352 32.44903301882407 107.9533703915674
196.3090037650298 81.30002705288605 165.8472033645675
31.38263256594766 71.34807938077404 123.9838460076472
5.065636669349735 113.2202562689159 27.19736339402301
157.5163122250102 111.4489261857186 78.0661902659531
177.0326480189238 164.4107970852789 120.9304280448994
180.6032886199547 95.7036654996065 173.3304962160731
117.0781268366328 162.0057076201914 63.68741704040006
117.4332900892484 58.77328241054449 183.1402582481224
82.320355092075 119.0647979374006 97.16295979916572
118.6647474623215 30.4439384985896 122.7134985351892
139.2975005944632 27.15932341672526 184.3313862796259
174.0833540052259 31.66012547323849 173.1472713222777
45.13496129305918 113.3546934361738 43.02633342835763
34.89992181857394 141.2834618665557 110.0706627569901
175.0245845758443 121.8062604978474 162.7778196140416
33.96552531103958 22.23219211437202 40.63582647793822
23.86981988770734 195.7652000330408 48.89613831978624
114.3190324348883 11.71491138548647 186.5824536368373
98.71733010161573 162.0957527811824 137.9009297850349
171.501586279188 48.14250789723563 188.3722990847848
53.64132939876797 68.65400053468825 126.7091923613569
136.2161645971113 29.10094740015373 162.0407619475819
121.4880843896431 172.1160869336657 168.9490012074743
52.73275164709449 35.21487063224805 107.2936191024529
54.94462952455837 165.4351042442007 170.1099809151104
11.25644614915601 71.70902722286669 151.893031341519
23.17888884943741 125.6048949756645 33.00142004516978
32.26253720144238 159.9040334326185 97.56250973605162
101.880608874656 9.408470201666098 57.06625039932515
52.20739274530633 49.38468562313616 30.90782478321678
25.61431000835672 5.437799137599528 195.5602815218944
36.94755098408521 189.2018347233708 6.502750807726288
33.93515069072343 164.7398399356826 136.0976509509382
184.2848367947751 131.5184094764887 6.199825575099338
194.2165831932686 8.331420140623889 4.427022693580516
171.3810604999326 93.34027479327041 152.1174404388157
77.42258657939101 167.2662610905321 129.3710102877186
111.5124494129041 143.1953961510001 74.88243977287927
117.7176111645025 39.8158642972374 154.7516633954053
196.4511650131927 41.47649690883273 16.11371761443759
47.10068054151984 180.1195708818305 24.51839675425764
95.4837520440478 158.3487908635953 114.2846932470341
176.4024061857 167.8420307798336 50.94399285747593
187.1966499900258 99.08318468384441 197.4120613853212
37.37165354033459 66.2909566478574 32.96019696573374
55.69702348265044 161.3375908396086 131.0994921761214
76.75536240483557 145.2569130700736 68.83126415587513
108.5788693175813 174.3682822552693 80.57126426195614
162.7401527888613 134.7963324498825 12.13413863615695
176.5344779388138 10.96440982439763 164.4403307800462
7.450825485125357 16.59681319054742 188.0969931930238
179.0134610103097 129.8694576347736 107.8008734686446
100.4863666301678 125.9438293364054 40.52356636115984
172.744191269965 109.5249807339011 43.27079477545767
141.3574584508044 2.139221811863821 176.1881323718604
142.5076299831225 165.1561364817496 173.4067753506952
8.389025570844012 61.54246867783751 10.72312735872312
124.6561316377768 63.48154326098095 4.522715750192099
116.2913828089423 2.327062296642224 24.01871420003839
179.8307861793351 59.88480718555373 86.04842035240848
184.8574669812446 147.21885042767 43.71584957547066
133.5763853564209 46.7640458024098 17.05471069215225
171.8944729587974 17.01269824967901 88.08871377684665
53.53568755202252 117.9037250209965 176.0815170109394
43.03125428570316 67.54707731190433 85.23115892374837
128.7545388239407 34.15639950997002 102.8502640384507
131.1941620549636 77.62248891712413 20.87574662034002
73.44601162134066 121.3219603343506 140.6942529351204
93.90435565377874 33.40784467387842 23.77768391807002
61.62836509404934 135.0001411195801 50.99697937780252
56.99151414304269 46.24480944572807 126.5378191334449
193.0631231573959 186.1796967743518 14.65244760897207
139.4712281907993 60.672536387554 187.7072766477517
128.2310719814353 43.97467452792485 65.83185054792924
124.5161713614826 172.0219963130897 96.40260171537662
79.43726776274262 55.54312614905656 113.5556603526414
16.68475443707922 184.1180100861184 104.667546219028
28.54305802388368 20.0131025942338 63.11825501279099
89.54690347408236 158.2972576830686 158.189098275718
183.2478410253258 15.54428631831517 186.0478497721226
57.72707508525752 8.189085420141319 74.97869296361374
55.5756183654518 57.63755585090227 107.0869578331071
9.042241492713755 33.94774977338989 66.03085802418974
191.8437088934837 162.9977137578523 159.5224353307638
12.94631594024315 145.5528521124898 106.8186376457878
100.2193820553566 106.1082182872885 118.8378320757786
166.5897709528626 151.5608354543501 136.2914170982975
129.7986915018047 55.86057072355889 96.68809878424719
28.74865261206613 127.003406643234 138.8707154169423
41.21269739030802 120.7839281672164 120.7209851406388
62.50475188112912 174.4276594135202 113.9986904779996
195.1363726762235 170.5038475994691 198.5246466376838
48.87524862212722 151.3252410684452 153.5507460555344
179.4700587027671 185.1555280051259 34.55136498029417
42.62143284644752 100.1287744490541 140.5970665955512
85.69687419772235 177.8369969711447 147.5350189733469
29.93384617610316 145.716085866484 79.7526544281843
13.75368989427182 117.7566079656828 183.9204559159072
65.06853195830315 7.701987327555659 4.299876124751688
67.51790865634705 36.65955232049225 193.5520750089257
110.0590535554401 135.4382480918717 177.8697544102563
114.9156275653937 97.5909261529457 89.27418727027656
82.90475779711915 128.533659717877 54.95129928871898
37.50072619414276 35.58413709412344 130.6114308469514
114.9564767696814 114.6909921722666 104.0294793367936
180.2742332714955 57.92544370480594 108.5642697820474
137.9861710993881 46.48439570644265 45.61614821731308
145.7583038114309 1.004662067001291 16.52360416070123
160.3932331422891 194.5841930730149 104.2505129135696
96.16701976816317 195.8520389093338 74.20429419472858
188.6630831667657 155.8958068662809 138.3190661449498
171.2958777856772 45.65464219402524 126.4566016463217
101.4656642746698 117.4014246616365 61.40905054125599
131.5910474555143 91.19750338123352 51.87104683332152
21.82100208039692 50.60386677518544 124.3912693663493
41.69059361626343 77.75894519582695 143.5738637930372
2.632335823177934 134.1654661751735 19.10326359208296
175.4094391092129 7.953944883002468 67.69962075914162
92.20100575551197 17.79301475421025 152.9477589285911
0.05635746538969508 128.4162315649042 99.72502402598766
90.82889257970922 149.2535485655241 33.15592888626466
145.6873424453391 104.9471793149019 196.8671890346138
8.786136895650882 99.66453754003568 169.9948403810353
2.167769199129025 118.0289662232922 3.306764580699501
166.9782932622316 106.4722976204048 4.249858553412043
113.0696736086745 71.03678303989219 141.4446533294638
9.145733262583926 19.05384918210516 83.01019692623545
30.0557149153404 54.57852534086325 178.931561215957
108.6523463636551 175.5149291815761 187.2199240960486
125.9258532851965 92.68997227602598 168.9904771429404
62.00137342690466 125.3225746341385 30.59257438373728
148.46800773595 10.17635156430974 196.062212862349
84.22166579788941 138.1313604546228 109.1207272446551
169.0367043959644 33.33299675261242 44.42511555797721
82.19937323377344 104.5812416667442 10.79049400181349
26.96263231962831 70.61331747443238 194.5345079504992
21.43368051205155 138.8395196529342 51.2204989458928
98.39972404550066 64.86279054346463 105.5741229686867
61.66324174671732 87.98889128715282 141.0090414458504
168.7874687857034 87.40147655973898 40.46990459239535
32.35720087324478 3.323176550370869 135.9072643172468
27.57543780497823 184.454202298707 124.4517616566869
75.87542890394651 16.9260595676132 29.38401309997469
51.84038831489416 143.1449434365878 19.41359055256987
104.4661475811687 113.8850636994865 12.15618667253151
36.29953777715711 91.52257544166498 2.03350230572496
152.0222455361798 194.2123725592074 139.4008188063028
104.7590302213533 181.1483044322297 59.36804116289363
21.34672394372307 145.2350282342092 127.7821531312844
192.3538564532442 197.7998924847821 175.4482831625912
134.4367925800087 129.3586359249792 165.1379137008751
104.4649965621018 163.70077614778 45.02808498936858
45.27668797588583 100.5368530599756 66.10496260683553
134.014943549352 23.31023237949027 83.74989665092576
101.8524350593695 24.74732449712262 0.6086134304635441
186.2903645345575 84.55927815057163 56.95436333080576
191.1677976875626 176.1363104674977 88.78103719945643
106.4835583107869 198.3067128902736 2.982527421457395
66.26887245629483 66.35892282178652 88.97471564033243
21.5082492204484 69.91530928985175 48.62388760495276
154.6215274008684 177.7522925672253 154.6469477594946
67.82657243509038 184.2667442991837 16.55752276736863
29.39849318623815 22.63138389457125 147.2462240435336
94.81506980021057 86.89620778204456 16.97271199003078
173.9313292935693 137.4408467236713 183.2630345876178
172.2154192431539 171.2109080196159 167.2088875225733
57.48401387599465 63.79009837385212 67.25986974912328
194.1977561531333 141.5954481242509 166.3441463757745
47.33786327574459 91.34567461084751 160.864004284668
176.357990166077 151.8753304578389 0.4644967469052348
27.75866986530914 38.58944519014127 163.1454152911479
136.1999814717088 159.1112687652496 11.21584066337198
67.59760331702003 71.09455948507417 197.3689571900642
170.3350884991836 12.83852740598878 4.380226416679257
155.6359195055966 65.76510780777609 157.6923352572858
171.2654006578086 172.7352321897309 193.4599559408427
156.2092805299075 126.2422469589497 174.8572824669666
155.0748713005288 31.47166335321245 83.82574106688766
73.34519870333399 190.3624962737888 125.7757800273866
2.262270195132875 54.97277788247172 51.9868168098256
70.49934744984076 45.18072628452499 95.58714340658449
156.9002398864708 31.11825095564139 136.0271564540282
28.13182414679707 109.4551219630291 102.9054740032324
5.156758886612134 177.3237255274291 177.7721855116899
129.5353258859749 130.8232456734094 37.08914827985041
64.99000564120068 57.315209131613 176.5739299969259
43.28577489572182 71.66673451448165 10.42453984622337
129.1645099012424 137.891932909799 7.994724863635051
23.6322680230117 105.2307635391485 70.53476424452434
159.1710432025026 168.0023564665283 65.54504207026733
60.97430056710434 131.7067549055674 121.2752506090861
95.48495773686072 28.25170007732938 69.32889462392933
178.2371317241404 57.63925718048561 18.71312713535443
162.7258850581039 73.18157383977578 24.00210150843281
131.7573097484531 127.6172148498095 111.825735329693
185.4283876203012 148.6886561696923 20.90243612179051
188.6689475099996 199.3126462701138 137.2716432302072
168.983848779309 8.612370139895026 143.2839688667644
94.95895130938499 21.1699386771986 112.7500684721942
31.28463869049106 44.48674594225077 37.86367058822035
133.3595838045776 21.93884725545207 61.21491033711699
64.22115140600317 59.69456958914934 144.5398606829008
106.0180204745464 19.74889309084264 37.09627147345766
150.3369513747917 85.83909643970088 148.799165456593
126.5065312623934 162.2234860810661 191.0542924868784
55.56512584925695 28.71004856386748 39.35866609809013
188.4103445204999 24.7017328576555 36.65980455836117
84.45665272640181 59.48784927754254 187.8195652510324
56.334270921327 134.8350905519903 78.22021469083518
192.0758283883797 20.04020343427664 97.76750371227864
76.11416481930455 173.1645408620537 168.6131622427643
153.5969512587446 14.94168181516788 68.50543746309113
66.47842621880021 43.83986482974768 73.40224417742722
193.4113102977448 37.7377761967234 133.4874694341232
119.2005536054603 76.52498147146355 39.98287666972229
197.970881822202 18.47291816719736 122.6149011945513
190.2179788631736 31.16166166501064 78.19719845196668
47.78661405957642 63.13248400375475 190.0029225096694
172.6497443321498 147.5356943253212 163.0990790303086
90.96250226859908 143.180953888575 189.0914887712904
32.4571741699779 182.4337990781324 86.95085543163026
92.90294670296977 1.51522444913219 123.9736777724689
159.9594571398171 176.9656630278439 89.31920561626674
2.225760078824541 130.5549077507609 41.39527699451195
155.1569679375667 19.72396335164786 170.0720756794551
146.7090660155157 66.61817774450212 8.259624126563546
73.81125982276775 10.89824112047461 116.3841296294164
142.2788732752657 161.3583893493685 34.19622115420863
110.5379088162734 91.81285845749271 132.955181945538
102.9893371462593 66.28687347100309 198.7944513466546
17.48989688515246 125.7337703432399 158.4095313347453
149.6356756630286 45.45175547395328 0.9416516102515864
170.5767654269831 98.86728516354962 64.60281375443842
113.1662615638507 18.6851287732769 161.3023265668677
20.49430972948942 164.6368594874846 116.2505635168711
192.1303565171367 101.8192686381202 154.8926986674626
78.97916556566483 15.48359961481404 171.1130765922988
187.8187269633215 59.82487272913975 132.4845679317295
81.57306208432639 117.547004456258 74.64023783884282
81.43292835836665 45.2047187465222 56.53105232746908
168.0607799495453 67.11028608260774 0.9099173098229827
101.5412192456079 180.695143230558 125.4020290833871
191.6837013609171 138.2927286344603 124.4936305095843
62.86513856681051 113.9572431525109 107.4363729308486
53.27169155791041 69.56714193042204 161.6505541044789
192.6592240492873 81.98445269804819 143.568358839453
7.192671424808655 9.941085230541026 144.6230415542078
7.293723904801387 19.23331423684313 25.54002042892429
154.1424945506932 126.6662925857595 114.6779903887834
149.0302336248138 172.4561776153927 133.4142987502817
68.36569582635276 6.665952938567621 94.87669640603131
68.60176292035742 169.8673451465202 70.85252451775422
153.2066636968332 42.35282821316879 155.2697572949048
73.51775111586862 192.0911221235025 76.26148586492367
6.502967358732084 87.7300530565723 116.9662165843406
47.58193503028108 197.9715629990403 93.27168060591798
127.9775537249441 15.50578385719928 40.24383615528909
142.3404638595344 146.7679664432061 186.5210287157166
146.9888642711439 14.80773879223196 148.1046989837919
9.105491423570022 182.6916146823129 59.90672698456838
75.48890685726249 38.7109772382892 35.73112130205662
189.74273482907 62.61577866118948 154.8149325214408
195.9772981563077 46.57661520549016 94.55244621595192
161.2429429622251 133.6777535570739 149.3886129117403
151.8995370153449 44.68939473698464 177.6966693489884
171.0175995923895 194.1093473444329 124.1761834518153
23.69907688056738 0.1410066126194595 156.5238904148378
63.08181729073215 129.8161750562463 159.4351786586127
19.64478591648302 125.8459063010906 116.3235441552187
195.5199077161068 131.7061023546194 186.6071280300548
118.533766738933 114.0164548240889 169.8117138882056
112.2415675391705 73.88572318198766 61.30753007717284
156.6079313937906 189.2262456739712 198.2910014351222
148.7814591385927 168.316958219181 194.8726902324867
173.5163932152817 75.48160672687045 121.1214315088318
152.7836462466454 99.6135420397239 50.71099850187691
182.457646639608 32.71286251979225 0.7021849487020453
148.6625322910822 127.324008224905 196.1178520745283
120.4356112738074 195.2788192842735 171.1535414821579
134.5051460725757 168.1848738139757 150.914649766509
119.9140639912743 37.77413821069667 35.23989024089561
158.6583428722979 157.7629452913854 13.19990240535847
95.54524931568486 189.223174076115 20.53182278954141
67.78249425590674 115.9760777374545 193.5013090876505
82.16995664523976 98.62559034454715 107.5080917801275
14.23842491260303 162.87133172857 50.37040096135793
119.4258018886288 1.383354703158273 148.2026931447599
87.92461108657419 165.3768508950876 186.2199458370058
52.88417847463642 14.38251368983371 22.10563269760783
141.9879396704857 76.69553596287717 171.9889491713889
183.3565484140094 94.79759545576412 127.4618361831099
94.11410326122329 157.5073506785001 76.49521568197605
70.67734566150861 193.6792328451413 36.89009052785543
42.32535764085177 1.11392603398424 37.02511675599133
99.56011840104878 43.52661076636478 43.1622073827403
95.47776328428667 137.0819792434215 89.56742602165504
41.32843484257528 135.4128972339705 61.34930787683381
16.51166854042036 91.18664629433232 54.34235555185549
6.950346520478226 154.8701496890666 179.4319447265853
97.99254475110691 26.64478056193859 176.0175389141651
22.1351183245451 75.34154028804168 90.71824328868479
133.7839096360991 108.6369694177146 153.9781280161947
150.108351727334 145.6225571679919 164.9923978650401
148.6248498963074 143.3139986105769 46.20728731135817
8.047935416716511 143.3937117463792 84.8271543526304
161.9564835208745 156.4434421729968 180.887887920296
5.213548887468186 142.3981266987072 146.6427822198636
114.4279209209993 90.52821784124781 110.7435979888506
8.971013516501857 51.09105917116896 142.9594592740424
70.47239450025286 99.65029738643332 172.688218262984
4.285248566154493 76.53148947387268 193.7448337622443
170.5621321625112 176.7968078607977 138.6744773968753
18.27928353890089 184.0418189306771 194.8836019619085
63.87130759498294 136.6703243234658 99.43250073832878
78.68991021241725 84.566456049134 84.04138197195303
182.2573923631668 128.7350924137801 30.99866253701137
33.40469867714258 113.4083209577933 196.3071202626317
174.3243033326879 39.22342497570612 147.894901720483
43.81302727379044 158.1358293018772 188.3566580021478
138.4024482498667 26.9403385105755 7.366465120688427
104.05534850499 97.89882169562848 176.193861462105
92.56611738190318 80.50984170152259 141.4791385189316
27.57674189390593 26.61249491465531 3.17064887275977
197.9740621480385 119.3776549665194 167.8421712924284
149.9240344419878 134.6452273554471 72.49655180981006
104.7055010672414 139.0447027762185 141.7619833637266
117.6804504230364 69.83396373542648 119.2606071842202
139.2182513989277 70.94290578459369 110.6138461622017
18.38546012334012 38.22826490454894 20.4114552705883
42.35963511209041 122.6479964657053 19.76741526310175
146.3842313682505 119.8352027213559 17.30421405486956
133.9640348093141 104.8717548654765 111.2703767688483
157.549900594097 199.3150039275889 160.6973875836999
101.6895952806483 124.8726713586481 159.392832267397
105.3271738057712 157.278413554922 174.3160606624674
111.9453601427182 136.1985486634551 23.98063814649035
65.17369093645391 142.3386263925701 140.7550379551386
193.07090767537 146.0759375455719 68.13492999525731
84.38792843353198 171.8056889544936 7.581048189371377
158.5600559458165 59.92808296954823 114.4482294168497
185.994776561306 144.227132470329 91.82421668967389
182.0419631557681 196.9489173594463 90.23586589589614
95.29154233064079 39.47794182728349 147.4393918497273
52.20336729925812 184.6455641647891 75.63094863493885
91.39058001046585 2.578951025346298 38.26592847621605
68.65842693620527 199.6658637698573 183.4991844668188
128.090061799633 125.5320157738835 72.49618031906834
13.31933817624668 15.65834746631154 47.01203708520297
15.52761760555404 73.13152179460924 174.4527650109195
14.83421922912912 2.842141980296504 68.34893208805519
167.0002709531315 51.36324931983251 58.60658449373273
109.6298941604702 184.7194651929772 37.60437581594572
21.3327147298542 86.15980158386085 137.7587353444649
115.9260334263732 81.16932681431457 185.646219748827
191.4978004552952 41.2886297508108 162.4186555160731
137.1180322669546 41.60711308959369 138.9908076861558
157.7245019329397 103.2452607419919 27.61480922527212
107.7758183341457 86.44772450022569 157.0847439497799
123.087194074461 126.2692757407631 144.7684524280059
164.7669031299002 3.181851544726035 182.078079202735
107.6061121743018 134.8072334457447 1.858928733975076
198.7653305970622 158.836214647258 118.3332039667852
91.17987012081032 150.4695069012374 10.60519862314287
9.632020529896975 98.44579133214141 194.8857202274357
110.5278457624608 44.39452537398811 10.13004860626815
41.90229554683044 55.33657194552552 140.672555309572
36.65373840014628 20.75077101259377 183.1596764004577
19.25731140733798 18.48118926096285 168.9348150162086
154.4486240928074 56.03637205229281 137.343428128576
187.7907010523031 21.09208149250945 147.6813557716566
43.36227824496385 16.07350097163335 120.8589097961858
121.2310783814522 133.1478462332584 92.62300553276432
163.7309641565603 11.27991874762036 48.65524539324597
42.76518035714013 135.3717489900902 38.58009414174364
155.4097272101456 87.46063508736572 8.104951503560386
62.15250757282647 24.5456182374316 130.0939422566157
7.012669767277687 91.63230958845999 94.72557761872643
55.82538329384768 93.53050847532261 47.40278504737949
126.9053019551295 149.3077761052729 107.3468967886712
193.5176839086519 194.7845140143905 70.90298402814707
44.87032249265148 124.479403901999 98.74144808658237
12.9848983136691 1.695103298781464 124.409487850887
148.8018107224545 44.43289146411108 101.2265845459138
80.68286887174385 96.72862479751359 129.9653207834691
161.3143870102385 92.21859238373177 186.6732840623453
132.9554242442355 192.1889239523701 35.40570011063823
163.3428795250921 169.5706995519888 31.87519581211947
174.5057400777141 75.41523999669943 165.4987981560384
42.57296213356184 164.3491747766372 77.964830465465
5.491631210760162 179.7600532842843 123.8143005778694
166.3572013234854 74.05559977160398 58.52865684495445
14.42469325012889 164.9857561446852 72.88152651675615
171.4934791088894 192.8755110828559 14.88128956529865
79.64414747684056 95.40751835416749 152.4889215950147
10.32515506476742 164.6765361902084 95.09041515842891
131.7605302839468 86.89182361004035 124.7612313276772
84.59153230552045 24.01723290250518 132.6132670932243
138.1529910479094 98.80240909630395 17.25365794765015
126.7723654991272 107.509467144732 132.5179477312375
174.8020137738435 38.91638232662945 92.7693754238053
59.11005114872582 19.96536670432916 180.8734359327516
27.57774370881182 87.67039679238378 108.8431204570253
192.8171235394724 177.7151585935713 142.4173036994284
41.29338178078783 78.66852113333121 62.09924038479851
5.123240584508279 74.07224306076158 63.6983150761385
39.15123331573399 38.83803258150014 88.67545484244722
117.6518417478793 55.68823417748099 49.07163980166403
62.19746464866039 102.9024572332583 27.86564324942077
138.2589505124871 109.9909265505563 36.87347440865079
87.1898370023814 24.37563877655347 48.68178855119418
47.60199389346051 30.28082824031849 69.5575251570818
61.30538118923621 9.178146939970199 158.5426645676774
64.84120201088153 186.4224814657827 146.3255798088191
57.75736998847014 187.7190238162423 167.7329020035216
53.8383428109735 170.4205183293469 5.265640150126853
30.93384627543915 1.031341071268613 109.4833470756455
194.1134253017855 125.8283081432997 78.08893159975469
167.4598995426278 148.3654678368162 58.07366587033208
140.2142825641524 170.3475282113456 80.25017751084417
104.639307302221 95.76681750189356 198.6715677126459
106.7692012944593 139.340223340351 109.6534099844484
27.78908150386776 171.1612170044252 178.95278526978
76.62299087756625 5.289488353098124 142.4062697962633
157.5593173247302 12.24018371779004 123.6448781595556
18.65273565338285 127.5745122881015 72.42080558166724
50.0166086264823 130.0831987220949 194.7741023677445
125.0294361184483 151.512319707924 44.95008925899578
163.8010485586854 122.5381871863853 59.42044422248012
27.92310692625059 97.0703223271677 181.7071781219977
34.46568057896061 156.71611100584 58.31430350162361
85.63300359991884 45.67527233701311 5.870343989202296
170.4772748158389 111.3151997716251 117.4448614809535
75.91513063231295 71.44702346146663 129.2015071792739
3.716143793374503 94.78075827891824 72.60416712505661
156.2092903193421 123.6935992626905 37.2721135504637
80.73903977750577 41.1920987193215 175.1080762294947
128.0046121475863 125.3818341490583 187.195110768237
39.48381622466243 57.51555558016064 54.39121681555926
111.7167754997822 107.3001271065697 149.3530747316943
70.23252598605838 80.42516707118659 58.84044813551666
78.52876435634538 194.7062256184798 162.2681625790355
175.4273999117035 181.5135538507538 73.50179419128686
189.2685959124356 95.87991060240155 36.13701474318916
148.0371455264746 84.41310772359736 66.72829722479075
20.92744169106052 180.5251580659151 145.6767126409306
39.33436035222391 131.4726786925577 158.5486865171058
126.5604420995481 86.53474039169032 73.39047731089245
164.5597299783068 53.92578580346646 36.29933176565794
37.63548447299565 77.53230789007813 175.8702675833747
97.29360066745011 85.66818134904544 96.85362303053004
183.6301908102328 135.7706936014828 147.2513266910994
196.7393193460821 20.18894913845717 168.5395129755936
153.4586098005675 117.7344974016878 135.4118188784787
9.902755705202457 55.15120538023796 189.1130729924027
177.947112424268 190.4616446629547 155.0716109860788
32.92563670773998 173.2770256555997 42.90626100128853
81.23140251596517 10.95640546906723 66.52822377612499
93.98584932568845 64.08988344117572 52.312787286999
132.2875561098856 50.63235028374666 168.1999760605621
126.3953478199683 64.09272329134293 75.9328311898915
49.3582786931056 182.9991124625827 130.2416331266542
196.9189863066692 37.39251201563467 183.9956783977398
43.52223542415344 142.3145710240391 130.9207973467219
100.1012033158298 167.257354414696 23.15474105425328
60.61397624839198 107.0267791538794 128.8147907587096
91.67712933335713 82.11468651356566 65.72595995255998
142.7004788225483 178.8928565007627 19.96602147268038
170.4455585884186 29.98504233936048 67.34348069153523
76.94457788319664 75.95727821726375 37.66994172379341
82.10233136089292 24.55367550753096 93.66371199249772
26.65783377876682 4.254781400098726 87.54114402033527
32.90165620294298 129.0991962679913 180.0688895811899
14.32507188725691 164.8938289755449 160.5832435230998
114.744087234421 157.4736021807204 153.1296496798089
10.5511375592812 53.04379005840403 165.4055436263468
47.54942477108958 2.584081428035721 190.9948857764188
70.8071517965526 137.5424821585175 199.4908817194239
181.1816893039611 67.82909986420282 42.66669610048309
17.01851428816896 152.8701871206926 14.44768512557414
69.88975460589261 178.645587694105 191.6702014693956
55.87764097467451 152.4665245532565 64.11136113096326
165.6415642812847 147.1017865543842 31.84688008390876
126.9750060637616 7.623273925162348 4.836793033496885
27.43493072337732 49.16969352301359 2.03514485072026
42.65102471292541 99.83300416583987 88.52694235543881
0.1338039174608216 120.4554859122558 144.9543862559509
13.14154054816025 56.72130134925771 32.27086284342985
61.25031956453835 155.1673256929195 86.73893239746194
9.523833918573091 68.94495067392411 129.1368835466338
106.7391297937434 118.5194566316405 83.34246165900765
184.941583322404 2.481090588472074 47.96857248647056
140.9118663625482 27.19048811230989 120.5649544780206
31.51597480181887 64.31796306741811 158.6055920093134
191.4230089004999 115.708677143723 124.6634033666651
113.2517697072133 30.53963442603147 55.57242631901471
10.4958080678091 8.005252560918786 102.8661013400897
135.3860650832773 168.4267171481378 115.8718996744896
50.96394220328114 123.4765869390486 140.9149800956733
121.8072645584075 70.23053755771831 164.1736615658167
155.5726971446364 183.315584990757 176.5165535554488
66.92617555844964 113.1386012077202 48.96193911063788
97.32528137298571 145.7304752952585 57.49179457777796
97.40436467631693 197.0600820056382 145.6536943384318
161.0560685100519 134.6449952998649 94.71102844487204
10.53920532176004 186.2298794678762 83.03636600038378
133.887723932072 65.08915478148258 135.0130374731858
126.0087529591625 22.36585975134929 143.0517214107968
105.7640554082007 16.50210317574484 134.9335952249394
88.00153568541826 187.4525490028562 181.4458925850569
116.670125127985 23.99758069559171 17.63820740072621
52.17013065791534 106.8061212702087 7.003192980129507
84.60378689188722 177.8215855429622 110.7390440488508
141.6878157009665 123.80779573593 90.52018838403259
99.80375965686827 177.1736622388746 165.1614561874906
40.11216581204421 18.59687555339183 98.65070033617067
172.8093862982994 161.1071492668924 98.98994621151736
125.3865880651214 192.1470821543984 106.643587952809
22.02211497719329 106.7009061922975 147.1248190205174
192.8346832221408 168.6209771657946 66.79246701167055
147.6040769909168 187.3211942873875 67.31113372327
35.15727892891021 144.3592180937813 4.022462603848719
114.0984574526957 154.4699914308462 10.87893152490928
167.4035434752455 73.83277610492466 99.00191091402965
192.7704787842075 197.8139463775023 115.1115880185241
63.19128279325711 64.82413377748992 18.61515397937688
97.18290297119643 68.95730800971468 30.49026473407902
111.2115049550715 179.1859869661489 145.772109251011
75.51796571447392 33.30709838513313 114.1334382549598
3.724506444451544 100.2249873738068 135.5751125197565
187.2038628794909 5.023020491833035 25.64034531250794
198.6141007831993 173.3645795260647 32.40340583531586
191.1528704504495 58.54533255299246 176.9865122640267
114.8351248195043 195.1282460845224 86.89731509678701
87.22935371159738 81.93828927515452 194.6967585754453
26.96366838346333 103.7221945224577 124.7207243408643
133.6520870241399 145.6578963449694 149.5222126902839
175.8011607303227 157.7281530695786 76.8593075871629
139.2229032953098 158.377174123562 61.12261734767925
175.1556248748783 35.49156433341936 21.89403000766221
176.2677729639632 117.4684401628706 89.12441304595497
74.58214618361332 77.76299129050265 176.4552808657109
1.143211797138087 52.92031615668564 115.6049488890088
75.12594663823928 158.2826474958707 104.5024726862354
12.70920683878283 175.038121494512 14.83465424316076
62.73575866694931 93.92578823544719 97.00294408008313
69.33009144741203 155.7792364583347 12.7336948824113
55.35039177388338 198.0255881920286 114.479779568261
78.39562572447468 76.47090279205676 105.1248274056389
42.06221075672777 3.901087980618337 169.1250490090005
144.3015859159534 50.96616807168014 80.07945886473775
186.126045788982 36.40716876998392 112.1499356545084
116.0894729617068 133.3978535759929 55.05339920013235
133.7675685826905 182.6482286960738 184.7104881315968
88.32703591356953 123.2881526413712 199.4579432949359
49.26659988234783 13.36312755852829 54.68617876418553
83.32678081585908 97.20979509108905 33.45862649133389
88.18681548819468 45.78490842307522 81.55424595174276
81.29230674521929 118.4014495774268 119.7171667745481
22.23646478558627 126.9949879830227 10.47784342558608
177.4775702498318 80.60424533884141 77.37072288252722
126.4962757163019 115.4709608961549 7.434588899508219
60.72298137896487 37.71518680231227 148.3875010423154
96.55543759653732 11.67061583858714 18.24595292412069
39.8929537733138 100.81257933395 24.98886462502847
113.6157175710086 49.04084564813257 110.8915183442595
84.86217570828092 145.9606181049458 130.2968004562896
51.37678560345332 141.1073678174625 175.1080310029881
184.5115447231449 157.3508169149333 180.1255292034215
161.3613808970816 96.82461818215431 132.1776210258122
160.798399445098 28.44520255221904 191.1280771633922
49.12207197487444 49.95173103665429 8.295533188613391
164.0572928014544 30.91178146004869 110.9521605558801
67.66388244002221 93.67897291591218 197.1009113710108
185.3069553689458 63.25733470539831 64.39726384312537
92.00758085057441 8.617484567063245 188.2376901295596
26.29157652711606 188.385479139526 27.48357093293903
160.0520211941441 65.64338773878298 179.8422820519591
130.9934629454164 185.5835196065192 136.9471996930456
45.97457762421811 100.0675228325271 113.0860554300294
96.63906931435682 62.44687975098364 128.5455871046476
95.72590912292944 118.6400034437868 138.1354458640946
113.1294388679461 123.7031575370472 124.6589234349977
171.0069495594583 130.555560076858 129.2627013338466
96.85688965283995 74.0763148260442 175.8384259977573
7.408369954208139 36.38037372559 40.24043962987389
4.199498181819943 188.8992757396176 158.401451602695
116.6500852508779 113.2450548074627 31.16348979431746
14.96278774964622 92.93128215527904 31.87700097536645
46.13646027950719 25.3044586539388 163.1727026121844
120.5129966247287 163.7108872280964 132.2023680937016
48.5356777384811 157.1099777411625 40.65033910715229
39.77190682322604 119.5056577670726 77.30780694915221
62.73213287629187 34.49864451262469 17.57471763161699
68.30168413271211 163.5949751421048 149.7048777907781
160.7495931762961 105.1531803165128 168.1661816292126
126.2995007716318 149.6303765174355 170.8804598655886
158.4814022881427 173.238653314553 111.5466810783797
124.4874490683711 101.6809773731053 189.6600023390947
65.17564341550033 171.7839680377896 35.19315754194825
127.7348884141569 42.97604902662533 195.5683891035695
29.30501295046347 43.50621519894571 68.89177367160418
30.8883538958767 149.9895207518804 171.7215553002119
9.1478354989242 30.84073154149649 152.9606145817287
167.3725372673408 189.647335106172 54.03152289359622
80.35053017342155 23.84870239503747 8.284768367235015
127.9244204447142 87.97272704276646 146.9929865575073
94.70764351134157 99.80871855684418 79.43266308980508
72.28322266184405 85.47610617516543 17.63158719659422
10.27684418036743 162.3920961775934 137.4375100269916
142.8422146992518 3.490565901374328 52.27755828108825
4.643148132182603 151.6164646374429 33.30014931349139
27.14286132729263 153.0703638696423 34.63662654730248
117.5139005094256 74.74178614626631 94.12044744769928
199.0321734443766 93.71728716644495 15.88533111630445
116.8827245383603 50.32542990401115 133.2815974807195
15.31142473217615 30.09060157925553 131.244613188465
122.3701033139908 170.6586431172987 25.35213173509055
66.15197494324963 177.5918913406373 91.93481264976936
42.96764531307452 189.8436012375228 150.7951781490707
109.2850276534767 96.24287175802191 62.55317779245209
27.84372969697046 10.40538263138286 22.39336857757682
59.303029118563 46.90594738393757 52.20675833910235
180.8723305366862 193.1576185530657 194.3363738700154
60.17683856642991 113.6400751954429 85.01300705754744
30.24117151927552 35.94183244468717 109.226761601322
101.8293928002804 13.60537456142256 92.60778597311084
152.9447261585107 38.23304214606628 24.94299574740617
88.32400036030364 180.3169666110567 88.60161600920634
86.43160781008388 60.1811126441141 149.1763200872956
61.2883033945083 194.4382635288967 57.41824493500107
16.32735281677178 138.6652667276585 192.0654548509516
178.1703963269472 169.2001675368725 14.84157931839976
80.95306348604502 116.1389961201004 161.3562327797101
149.6507135469006 37.50757307847499 62.74772258387959
148.7041288300398 78.13413921449562 45.042715887527
90.36251804756816 130.3407458940671 20.81797596925403
23.36068820795282 129.825603408513 94.39583475782914
144.6999426360517 141.3233031063253 24.0539833390544
133.0971429297668 147.6816958553916 80.04924905552686
14.87271836560213 197.869765043422 177.1896525909846
190.8360698046823 106.6401166883306 58.335450985706
47.01313469648621 180.5093717661636 186.245529779066
86.55279473456905 101.5425153771263 55.3893556170354
114.6542946797156 16.58342440553595 74.25597374521919
50.0150148105771 24.36794981099562 1.89733992654891
198.6273635236226 148.4764920987075 2.094685513826935
93.68694970171137 41.52365724059553 103.0420610575322
19.409273947084 35.31311341081082 183.9944589506454
144.2665554363817 61.72264399417207 30.17315077335619
48.35536754408405 47.73108223152888 164.6756785367663
31.46508149814884 167.3519581125977 4.871069614036638
30.72692560830513 178.367869885835 64.80111384326456
175.1621136669729 10.82564073526676 109.5637667714165
182.9621452795479 77.39754056669749 186.3481266705408
97.9639269461014 68.13888809330342 82.62655134407098
185.1575607216996 111.5223095493493 16.66541126327557
136.1688900774777 7.137729857217697 129.8225901320507
119.2809757122301 34.17053212610681 176.5649955300812
159.1600246091758 194.9985647435363 33.6832488103725
67.79411682250672 100.9463497314798 67.95483060097069
60.95449052872063 108.0009162540621 153.9850018821517
84.57027143135014 67.43902600246362 11.81540864462973
134.972752992444 50.08447967107565 118.1661656861998
16.58329167302467 39.69456870255718 88.37452780191235
141.7516670762639 123.5135641834346 54.62381042095708
116.8013159631628 58.43806484255741 26.66963090721805
126.963941827929 173.8999641090994 47.22740631327602
178.9481890598128 181.9725675956805 106.8573759556239
67.07687068585699 26.71452546122481 58.68825485694967
63.68818828312277 87.15492623122323 118.5292523137442
173.6426801567156 95.36257130404971 101.7723719664464
172.387019676641 52.93004557656518 165.7417422760783
155.7341834524336 109.1829692525769 100.4675696380481
18.06876862942906 82.31056099707089 11.68694621185105
177.0339921951936 112.7030207190045 141.9190864217714
78.35390344953116 45.68974681455356 133.8503076424503
141.0106105215352 8.473189285899952 107.8019266411031
99.1968096976896 2.091780461151882 167.5992073840492
35.49690480832503 110.1464967267523 164.9206978895452
147.9073773505776 139.5673491467792 132.1371667732146
70.78147374329771 149.5663301943869 167.2314690090169
175.0468377260048 91.47914006192646 19.15141809345831
3.276018380654496 54.06284231230259 74.5319022786699
144.1099062012575 189.040550672848 118.8878841771524
24.91426813670612 65.60075742989301 70.53093016747931
146.8812536955942 61.49320875235777 60.26370996671982
32.80056833057017 60.64243768335427 104.1466367478979
47.78544510370276 78.6555684796561 104.3135135083781
165.0902731582589 146.4184775144224 114.3129355349911
6.452018731371044 108.9459079886691 109.2190404408429
40.38951642203236 33.13665064762535 20.58910866831747
107.1218940523398 116.1153874234286 189.1895228908398
12.46526267096857 197.4566976484797 12.09912910672914
20.83830844677842 104.6539262910666 13.48697410594731
147.6373495022437 26.19557222632981 43.30237667955216
7.065761311671638 198.2771768289419 34.01495872410408
79.90364169648767 63.30511533607662 69.95394858689188
54.92918759960072 4.048396506910695 136.2440854417342
66.34697515768677 156.6060242926314 188.2293783200225
132.7825992067386 3.122956688391885 73.69554125361906
179.5449535243726 115.5762816798475 184.0119600833189
152.1204710577217 76.58906070359797 128.271358425332
105.4667138853012 182.0727146993617 103.2022881642247
133.8298537448956 83.47535386809102 199.2208997219936
56.79000899643885 83.80231475424105 77.70799180683179
140.0278593852684 110.1552877119484 175.6309137564904
83.68058539339363 137.0492472474184 153.2655769005221
172.0200247307487 71.76231040261051 143.3489890918705
119.1616372585979 14.15074820870643 107.0795308747495
122.4891882517248 111.8410737417591 52.9366266473341
140.0176734151591 77.14530991992723 88.9106706884495
154.7825451104376 153.4907716547647 83.95850877364593
82.73595401624674 193.7480851287802 2.488045490113768
158.4535693187611 68.53284426927502 78.95335105351469
166.9549265742252 14.98177543105997 26.60897720698523
185.3704507723496 128.4586852906262 56.28287442530537
98.43255619111912 40.19966253876805 125.0843319579414
16.25572143253713 116.902034534176 52.66006880268401
160.8066400800031 198.3085230313141 81.97745627670372
99.39685063154359 86.20918557772478 44.89867181550272
138.3002790845918 99.65129597506939 89.72785493135594
188.8423153883736 37.38258480450503 56.52822943448616
158.3739509566898 89.98429825641955 86.02199899937057
148.8747849796555 179.2916780888314 46.23877000320213
176.6727058706743 23.5351527232672 128.1734571827966
115.9504983597486 94.76590477172422 18.19558679197035
26.88433997871692 148.0456778351062 149.5782498547552
125.5571875967862 182.4749484069166 68.07512607225684
187.4211440102427 75.70731736233891 8.746594014752258
10.47294407704111 112.6839921445329 87.31025728569132
57.0698073515273 68.2346835986375 45.11924665776948
153.4274732447945 88.43272514220057 109.0839717769958
109.591105011511 155.2584281949187 93.8805339751008
196.6802310664841 15.42025688065254 62.28355553787139
125.7203829599291 142.0155786606482 128.6906141776343
36.28604796740964 169.5275728153534 158.0581906085576
188.0106008192647 47.28054750684583 36.24342642466815
52.50376522972267 82.33043848222464 28.07248884454897
34.93585961398139 86.83494026397204 42.02375978514286
86.04445213775919 103.6407359866707 188.5538706313872
50.47987341767878 96.53376887011288 182.7240482891557
115.7364302403612 198.2479016961204 126.1318113034073
46.34784814317969 40.81304599190387 186.8558536871956
189.498172302859 78.36275087474102 105.4237859349157
101.2051863143766 44.43462528176589 189.5577044956697
138.1805768826027 105.6288158487107 67.94739925207362
104.5701064319956 50.21482703334607 66.65129094384385
53.31238821911891 154.3027606869827 108.799587384572
94.89484907043864 82.90811406141616 119.141762372102
189.8371470633986 55.25130789275358 199.4810525778998
141.3167256208677 190.921891398595 90.67904956838127
