3 1024 8.061359642160431 0.6482749999999998 1.4 1 3 200 200 200
192.5246176525332 96.49584312520038 58.28739306238057
18.41647630954936 105.7933514952266 30.82264994739537
102.3007335284434 119.4060171474482 156.1525074530607
166.4048796832256 173.2545907735074 44.17986305206003
70.95982323000192 100.4906237336699 166.9328169179187
140.2233975329949 91.39800309894751 121.7339390010173
188.551509390476 9.306990550727697 157.9309301763391
113.2276426289869 192.3344124099037 76.23557695675451
183.6978559337085 110.2057754116294 57.89553873474075
121.8644987798891 174.9619590768486 25.29906929202193
42.5325133995964 31.33201139467625 168.815186287636
40.73647309657709 70.07175781271813 56.22477181297773
19.54525574542664 92.54229277455612 192.0228233973009
83.10867366066725 182.8964719525444 187.6939688841706
111.3505621911911 170.5405240361868 161.1538619491537
147.4877248442303 110.4893793206772 0.8310625103617059
88.9679316720962 109.3905525868752 143.5644145263915
103.3697616910744 82.72698685709479 187.2956120946488
128.5058151001087 162.5419192180436 122.2216909319778
140.2285683759615 27.13184115995645 84.04341217669413
189.8241121473138 167.4392619925455 134.9663769706785
125.524917871436 138.8729039076171 164.2336871666709
108.5893642234815 35.69998655822366 193.4697791402015
68.26140868414204 168.3450420439309 18.73440646775041
192.6406626980928 107.815909753226 44.69524155305829
194.2998012169011 124.1950384773642 159.3370106742263
41.384848388237 104.4392385893456 45.39441678859449
38.93673340697917 62.08758745642248 85.78517287347314
142.2621605788695 75.22150101937919 112.3093846991452
48.87505771446278 165.4104363999487 89.14725568530838
19.94101576195954 74.8030379172628 176.4302969917699
130.3655321419133 65.6385491406471 117.4647979013648
43.30978422672135 41.47801757212076 155.783989677446
135.0640213634672 163.6606903679887 59.64538802483604
183.0335745529783 29.48432795836549 196.5448324445656
54.11959392284994 49.6194914266968 52.55264739973336
150.9128618926664 79.70964439619715 125.1531767752446
43.1680236059878 36.27374853465084 1.326961140432906
77.47368423920857 140.4885706072704 12.85227219871948
64.33550712105408 114.0147482424219 161.1105178415206
108.2738876185687 73.65550353563461 111.9860912967416
170.2934490430343 61.10974505155917 135.7162694806157
174.8773240952667 161.5456075536531 133.4757574337496
0.8116499084913669 178.0815766780414 80.07682976967223
89.08867818682589 52.34023964403613 12.23735875369629
31.96919187114529 100.5564291685525 151.7105673651582
162.1862871679894 85.0014781684549 67.06712018320916
137.6649295055501 194.9191664473994 52.54484105919484
1.400996664397297 109.9020492886251 5.407321757967722
28.84685422437255 88.11167391452773 178.3032443411452
100.7354791813982 56.27818079491352 22.66722877603364
163.183189878851 184.7428478390346 95.15077626471077
199.5664477560497 190.7098579242041 112.5186997482696
54.26608089427764 101.6441503597299 36.10985096716467
113.1372785350211 68.95818531511367 164.0595030897998
94.74864022439209 2.361486454628917 146.510460618081
45.93457828114932 84.24840574297279 185.5477138258674
30.82753431463968 139.6481306358995 162.1599582141402
152.8947105244302 95.18578330905348 56.12876815468184
158.5519607506515 89.36618322961189 42.19789184619557
32.82664030195549 165.1836447115787 90.67485640600314
43.62557727174765 15.33932567056747 170.5415763750127
34.98679777966779 125.9364832505903 154.7686566360009
98.70001530567322 103.7256661163685 155.1028775480636
125.3251394558426 19.21419006520646 11.47609583736451
75.43190188179921 172.5963154602781 161.2589332565331
93.23153285265279 135.4886626662654 196.9848720675604
43.47459755326815 109.5856637313397 121.0264952496376
164.8586340282686 0.7749355569811426 94.83567192058605
125.4151230346707 197.8816716749308 157.1876619016653
163.6819488462301 106.3580075453679 33.86078510089462
112.3606971305428 189.2744471063645 43.50588548306884
1.353341190406606 177.7271582248948 59.99589524100224
170.4529422670433 166.8748205690979 29.93723560634846
59.00861145473247 187.1645301304834 186.9369375549291
108.3171582183402 113.2883125296895 109.9721772088004
115.5416251646071 83.67462648029584 60.83552941215354
177.1126921781192 176.7451928716708 138.4215081621484
33.17238841410597 126.6191844871478 11.44434596536659
105.6774827496521 142.1540346592338 149.9371567652706
191.0633512400148 39.86079381696489 187.1750321521062
138.7809002219126 175.4785157660905 130.6172539800748
26.65999003453728 114.8564679246472 20.34199363619509
8.719979649582568 73.08905954161767 42.88429118821836
0.4172297862992374 176.0569037904034 41.62741995664221
121.1605748342564 102.3555173379148 115.9685456579134
182.9964156247869 4.073506736094866 133.5475337313147
97.0626731606649 84.99517281000098 10.58879001498196
186.0506183650257 172.1624128427702 82.91775484563081
130.5876654337823 78.10130047106735 59.25559421764382
58.97487858280513 175.7982039728254 29.6041050411352
25.8976820641947 141.6282016992713 110.5269358616684
62.38910270916531 82.35975991971036 81.06278797531924
111.6573804082617 167.0431076111822 176.9748549086066
99.62104256957919 77.35188697177296 172.5648116960783
124.3461655165141 93.86864003608603 129.3014123034918
193.4551404473133 5.306870171803199 102.1641087166528
124.6258783019693 140.4918072844963 84.42113596706264
17.61836419483088 143.4865340835728 124.6814173149019
199.1574071739506 92.44485785964328 93.61338753725862
130.3380851282479 158.9364832474686 185.1006775759919
115.1230432892024 20.92528386266279 76.7199165855683
125.1684489778098 150.3846127332461 21.3323451947871
16.87466280121057 180.9035853758327 129.188310004915
83.18565307713951 167.2867456858551 191.7278845439536
178.2857954959111 46.73086710959961 176.022898664781
138.3651617756923 133.7127704186484 47.90318186997228
38.58700300321373 23.77575592395075 10.57906942210462
59.20777520889032 129.3987775490126 184.0514656588364
199.4650675446402 152.1378211415982 86.56519447867566
140.2824003838233 43.43321584077728 194.0847625862029
64.63231419862198 159.8635362146478 55.52029284601538
173.9413930921089 113.4703686537535 136.0602391326829
144.8915576582993 156.3059746355372 70.09847288612281
47.31639887878204 138.8370856458565 114.2453587803666
19.8679950609525 157.3063000498606 14.30507522038281
179.3848794758745 15.24511476513626 122.4980331781423
135.6473072213945 38.87123616490919 108.0399340299694
127.8089343064628 128.5076383753889 13.71495166489288
126.2361703840801 48.98816923161737 34.72678802639879
136.6631270912672 126.4674258957583 62.20520461490315
54.95990336391212 30.68511177146254 158.5641818954151
42.96669059240767 97.32813994797095 75.21130530280016
118.9460883079004 29.95525344571727 173.2313340118843
100.080856760493 129.9926934356502 37.02831021577746
71.31069872524122 107.7128913046387 146.9303268180028
193.4023400776133 91.23657010629697 74.46499908900307
166.4462517778766 18.24068728299521 185.4857537894576
12.36594746989277 60.57128325237337 176.3143326201657
32.96842688521873 186.8652365734981 172.3061468493763
8.409438699821154 140.6141013719168 79.69915120696
115.0507614661704 78.13895831695858 177.1741381999354
59.13763259109162 93.72294470090526 6.305107159698524
112.4229839307461 22.44321063393894 2.257472680268756
165.7468951776032 79.21130982663404 52.44734836673651
174.1469339915674 14.34168894900406 199.432941551118
74.86376732139296 6.880495038265964 110.9736842155692
29.98014347232532 40.62527360420942 164.813583487253
114.9940402138972 141.2213689414173 136.5774974279525
177.1334093830644 11.28551819835525 146.7214582872485
24.77242390637494 62.55927185001349 47.32068338390401
83.83409643045107 99.10766602731904 48.39812964369521
93.44100211617845 29.1921222248822 189.3431260857399
163.5696521253032 42.69726435195798 182.8539860113497
45.53077769341702 116.1548208916501 33.29572811136438
157.8700639005925 161.7932935836249 106.7405394653318
143.1975610152778 169.2294702918333 116.2313523422669
77.61963803762667 155.2319497424763 19.37540792977491
12.10691922604433 118.1824412763263 14.19349991496981
95.2475477788439 190.2844725496473 157.1798947049979
21.70516631380966 116.2180916939586 73.80221950464008
167.8722598464342 194.7722426512957 165.5898937819779
128.1464655854048 164.0689551034142 138.2678740888262
54.97931124070005 28.41559599662909 75.18347641276199
116.7522169394602 115.2051854964669 165.1018250692488
130.6004626026868 144.192592023975 178.5822210480646
158.5046778539436 154.7834556131871 173.3144637053195
159.8658196991852 147.7382066294889 64.50692936928358
1.879023600815162 37.19229166529249 66.35565548592622
18.01782845778327 192.3858072489298 169.8688688425637
106.0968104636513 183.7429531944355 168.771910243738
161.7454463418787 63.74154637463913 41.78573805948339
110.9010494367412 181.1402449269475 5.808333205939081
14.57945002701045 85.33690641245899 94.37862816028698
73.47100005322893 95.83940124487692 184.5693016757819
122.5974032312883 98.04600682736312 35.07494721624263
87.20921857803452 183.1961273421068 116.8667188437625
5.175782218366161 192.1477630829785 66.1824895399069
149.2125075596745 187.1895313872683 124.8963656000412
138.3739835976065 8.730757328184621 183.1604851499383
135.6719599484343 98.90825821722585 108.119302492933
40.29754514002264 55.81541884464393 162.5150167863461
86.58615564771294 78.2062032866171 182.0148458153344
147.1472334046891 33.54589151193741 97.13096309005103
99.55848631173365 102.6371052747862 47.92444954747543
197.2198213725539 59.10496156626272 91.38409424374851
23.00583335213935 148.7800794801989 27.62415563470359
105.4470157092129 47.81704871424774 35.67008685765672
94.6746305228658 181.8132056452273 24.23510759149571
29.47475961014216 114.1158290570279 104.5856201590832
96.09456986302827 187.713004869774 5.677953107134882
128.116830351907 82.01305505433109 166.0541734713969
122.3570634635923 30.71618600170729 138.6459027775602
30.13339233175049 113.7342703244871 38.54250211205271
19.08566944679775 51.41139384979695 111.0704043456884
193.6632986084508 90.98910722574088 14.99337221663248
3.861659335792076 173.4792185700933 140.5386931526798
38.19428251842689 60.38212410873843 38.65730538785091
81.26567677033478 120.7613282190201 135.1193114230159
74.14428574590139 154.9389586138052 124.6773249233845
135.0259709570583 31.95760954248157 173.5023607553235
96.61038832029442 198.040166621337 57.21088074627963
21.87921670610442 26.47910824772995 161.9192230775093
46.77574182519405 32.06263184404411 21.72419517914875
130.4289851060036 28.29409200970114 96.9282550639776
173.2615089516261 98.42812223783972 142.7557011038787
197.6586480434013 135.8806037509149 146.3862597413806
121.2480046530353 131.9244279983279 50.39668328973752
115.1142898172382 60.65507126055765 34.37756126017909
155.3251166186268 165.3397899349066 35.2972200264304
87.75563273266505 4.999534307576932 160.7961154751869
175.1638929398117 31.49662835801481 182.6178854456888
57.25624751276349 46.00952204317368 81.88118913317069
29.95539736565047 145.7868099926056 196.0334408483663
100.2314031365451 173.7108976491568 117.8523976771378
60.20209159640984 90.9706862010576 133.4921035456908
36.0740060237285 52.01799237038832 54.16379813066236
150.9818454409996 105.9811472108687 44.19408417630749
145.0193595553988 179.6539143703495 20.82676098590636
165.6145204493316 109.4790418700058 82.96856743621315
100.1865428854826 145.6869597425505 132.0236610353853
193.0610599561154 106.886277738019 70.60364243058066
39.25641132963005 154.4156144995254 186.0849920306742
26.57287580348289 17.95645664674945 116.677844222233
155.1982267038591 51.99543314636452 193.0228027909648
143.9229821952539 88.27763767196812 172.1972714985412
140.77851046956 35.4515999348727 25.5396498045747
53.58113248094017 13.40579435224373 81.41707321143227
4.652989769094623 97.66446515142137 41.14826082180931
132.0648164486687 49.68075416108898 120.3136960011429
58.65913397927419 85.64512693630797 42.78688396956195
50.87233317753508 123.6636103914702 118.3758975487634
121.1832286571273 106.9856092373647 179.4682008975067
95.56931303156725 168.0662803972846 52.46039708356835
76.55365391722131 18.92920729890276 173.9851030798765
93.08579138894788 152.5631939844559 149.3262407182187
148.2438784218528 137.480357000841 60.07519583943677
125.891633473794 3.190581244295999 19.10578260547612
143.9646871642249 52.05382873704558 52.25620948042751
0.9645266421037985 85.1221857365347 50.58364145677453
93.90857938585397 5.776560818078416 130.7760495475801
27.3479997197458 111.29096592507 4.63359175849954
147.5493671621952 120.1548584723533 51.11405036106353
107.0875403550658 7.134182737483798 74.44512738289242
122.6339973913203 118.5805644625914 61.24672112072754
163.2575266006148 153.1122177853312 140.810508711536
126.6260841986716 14.50358943371707 67.42572449947272
117.3585373797651 35.09362023931006 84.08191342185009
8.43728638495625 88.75470005520602 64.4003939804664
192.0317640287932 69.0377531979244 46.06043431829894
114.3417812819559 106.1224621819101 151.9996811608773
149.2533951845603 188.8694450742366 141.1469846178168
43.88018322567202 40.09135150768283 185.1364918837493
167.9481733091323 12.50802487279079 133.5275917283948
192.7586527358541 29.96644696703639 49.98372544947382
156.849643716996 102.3615332352681 70.01431821225069
63.13622401710164 136.2544850464551 32.15010798388767
142.414887321236 59.88200469575723 127.2966267251735
108.0307819728381 183.1443471626623 88.42069680934172
176.7451775521204 179.9083020348157 165.8244325359586
68.65202767097297 144.8548887516386 152.3721839311199
153.3016151918901 36.98771316422609 81.49690291135165
140.8022695345047 113.8358023120146 102.5502734561141
21.39271668648302 100.0150129446805 45.59895512808615
56.46669184501528 130.2775812501557 104.0366585027465
114.611470868484 48.07280908192125 22.40786220708216
113.521523573475 53.62530605990175 80.06084417596591
104.7514423243584 142.8614500606336 50.69926961808119
122.0977131068339 31.22484433798389 28.27345891234249
196.2000080080256 74.26157164105395 105.1655989739365
46.6315948167773 174.4920501112624 178.1829441006669
79.10203559270911 74.9415805225315 164.4750949606523
156.1728029546321 158.3785310651955 85.67901079018843
19.31821230860826 182.1110871317167 148.3422531365428
34.63906442390218 173.3246667645926 128.0472900980166
78.1250062757462 37.16560300461587 7.354397135537582
25.69587529742646 186.912884788588 89.56065064727483
3.976189252958459 191.4540929106847 93.69550716763057
187.2406578286439 52.41697886359919 159.6631456544444
111.9751543409066 117.601001246624 11.55785424884434
6.773395922711804 76.84975825423732 13.40624115710881
93.69563263161952 193.4446565279409 77.19564345863658
179.6821439434785 191.6023076741189 150.5969753039292
80.18724876310932 28.25925439918549 44.52564420556813
113.7676525172599 55.92444647269149 119.5749362705705
22.61878843318055 81.20279816551667 53.62218356782283
118.6281642671869 127.7526028161366 149.9827454945723
169.4104934512772 153.8812163351256 45.43771076062475
124.8382337909656 83.6099649192892 112.9052617977935
81.52045815459147 3.927757448170351 93.04949204159976
44.31222704277236 198.8863156845053 182.3619376098127
39.62667408297204 177.2375574534762 156.9021622567411
108.1772424451574 17.91125526830222 183.8751207583247
111.5786416120692 24.22634414266943 99.04598914119651
153.0775251762989 191.6344040645228 63.76873911547552
8.652039107114973 189.3959851196786 29.43059007531644
73.74438913544435 129.7801883335146 196.8130389105313
120.1408927074787 88.22524116741361 147.3231285745988
46.41904963127006 12.92662743229188 24.55303691897719
173.155055040943 43.25721021765994 75.73301602164365
118.025252870265 101.4315395359195 53.56681909150757
156.7636878189163 115.9276240758862 145.3078559002309
60.49560485853539 17.31234169511131 41.64396687853364
40.70755816769282 89.92711614723964 113.1330498608075
20.91951011339047 102.081586068175 167.5184627074279
63.92361066384914 42.85389023295104 190.7578457749038
137.2602765343269 163.7097241623895 28.56539345191749
101.8397672941178 188.513088264027 187.0322351602771
47.52052731711694 111.1561579272534 62.46933331675559
138.2576068010655 107.1865989003641 62.06641605519032
9.820016851006834 162.295668917839 51.96475262728362
128.1068593936027 124.932645025062 177.3987072408291
11.26642120844977 110.0753811976614 187.6363131201487
16.70728985520459 162.9351468242654 159.95852919418
176.410076691744 104.5008923391817 161.0327175057281
17.61115219874723 177.9633189738065 70.48116396740753
50.5451699130634 14.11337617010893 61.6500003324053
183.2996431598079 136.6373991964285 6.446445723540473
93.49883065854996 184.9737074379543 43.28611363603505
132.8536628135113 190.1324617844391 31.62011062350391
106.8805066253928 134.569554896513 117.6741268345888
143.3085076544854 86.99678235009746 70.80396594521179
159.7931981374965 63.4704635787553 119.5190386963174
119.1676066848927 45.44550970270713 100.3261034603835
185.2360668390728 27.17330112481637 108.4340009251922
93.00526011406288 40.62060173606652 153.6357479337218
130.055348722217 192.8654710787774 137.1956343374196
157.2229950143229 24.44356654587875 144.3363512929015
21.77515922434024 160.5667247112384 110.2475793736661
191.4138937705137 149.2348278919758 52.30054455883556
2.466005933893613 127.8871628415972 198.3497418448457
84.03630869240421 163.3724787170922 110.2597460364563
0.2972727190851686 158.5170469871947 174.8374469923139
173.1665389613914 168.2538522604394 96.81156097459306
197.3236655189354 176.0254785866905 15.20452768688678
23.15915613050321 199.236940098974 65.37122667246935
129.3820785891228 88.5481759410647 184.956722308774
162.3535267183044 17.49068519893828 113.5987185704828
133.2413360754708 157.7442587112059 85.9827202206633
161.88085857601 107.374039741823 13.37880579061615
176.8406392726788 177.2169599639847 5.797370705896227
69.85125207018041 74.63626805270235 143.8886229186498
37.0654642011583 5.35702063085757 95.88644395310398
71.62230246245544 20.3900832575589 81.19642065112095
138.9778613309463 10.58670954885606 147.9572305896085
112.401711503803 185.8699882435428 149.3977277052753
62.31905395933527 75.37273055701597 63.02168748230084
141.159891669935 169.4702962980017 197.1935046695639
161.1736720476641 45.07280840719943 46.83150705916552
92.82393441988135 171.5858370430767 152.8441190433382
167.0310554403598 139.4843979607583 182.4513837104835
143.0703546733065 56.62019819106121 105.9947514036892
106.0049053629506 3.073032676183833 93.48229079808571
163.8281892506903 85.05609108700791 16.13523508028525
39.93334733414662 96.59975903956153 4.928430505792128
60.16155834343211 93.00403729570222 152.7321571773909
145.1245121992216 11.88040565213942 72.4498108711491
149.1363992113804 70.29157631797783 56.78787789004699
18.0405608221278 155.4368375681188 71.83563900546754
199.3551335907374 150.8436574065906 16.10269871035521
72.11969926265245 123.0804111117111 19.3791569379177
22.13319382059748 82.87817257413718 76.73747059640979
167.2714192035971 143.5282225803618 160.2462476851056
184.0865917533725 159.3073094557649 116.6090873193345
49.57328388444987 116.4558821633324 173.3756176573015
188.9299262020268 111.6225042739686 190.4942744739166
131.4160731699049 61.37618745399664 197.8602981407501
4.901158225908424 69.90347403983051 61.86209805326128
54.9256014615526 108.5191151299534 18.03732040390896
38.53144929254571 79.70150062192575 37.68433046193704
73.64634887827853 162.0808786127182 145.1177325796644
153.8367711263398 38.43783664543204 114.6175674521327
108.2004853549292 113.2567859245258 74.24791611018448
110.0791779547867 157.1052335042696 119.9376637571772
1.627002781597292 76.13805648348816 83.33647393341394
70.98883156580864 114.5322798900005 180.2423102321611
88.44001515079587 78.06264629243519 130.3326027780199
143.131418734196 29.07203279198447 7.426929979485616
101.6311748710101 28.93976504501276 37.51328870986878
96.38415289763854 17.19917428722279 59.89245065615385
189.6857996214805 142.6692921767876 162.7594164205851
130.4825059954724 109.1866658619024 21.36272778296306
101.3602665818095 59.2985608951009 101.0136742279997
112.2484131064001 135.1506986930965 70.54366549069354
96.95308950081926 64.73803171278327 39.65046064036195
112.0549780600461 95.61295272737404 16.65592294774549
122.538332716751 38.29467112694525 6.838733220532339
43.44108413802177 183.3387761248993 198.7020340471389
47.77026813890309 111.8201257293365 151.3590533905169
13.89802624053678 196.8523023673426 8.259003254991384
108.1210226100082 15.62396184252433 19.8638238951974
80.90108909490795 110.449415764457 85.76263500868757
162.7330094077172 85.53094376177306 175.7965741513282
76.69443868372322 135.6622223585611 94.40181030969005
148.7517091466618 70.41283174050557 166.5539281195143
48.66614688433183 112.6279097503728 102.6388330180887
86.68957860179185 43.80369303111862 29.43283729175626
17.71171389820787 86.51117848099936 32.23953662376081
154.546436566444 93.93921909630421 108.9780109577161
13.50782991458527 85.9803334633793 113.6853856822092
88.51063926567937 107.6213707674506 18.02244686473395
30.35244629534883 75.30802929158112 192.729323761439
56.15360053668562 192.2612756744222 41.7288428092585
162.9055935048549 118.6099358978953 112.3356385360405
112.6850528156154 140.3236750696546 10.45423521543497
89.76452469220942 77.43265878370384 107.8086068989648
149.0671296987304 194.1418127016156 85.83915230471817
124.9494947432632 67.08401951294184 97.53147163088937
53.06643220718457 163.0376061595119 196.537085645449
39.34735495691583 20.97838073088158 152.5356305890379
111.154215305044 198.3351357429652 126.1361075937044
11.49751303496456 28.21467710003131 42.12569387330582
58.64133159462815 25.25899141615651 177.6434246509119
103.2920853335695 41.19089390238855 174.9691538994841
3.858735656830076 18.67708993849482 61.10373432587322
160.7352909848355 39.20257435265277 23.9374352943561
158.0640714341083 166.5341898147782 60.29127468615086
179.5259056007434 120.3242111154397 73.84899010435799
95.57579164821429 84.01086809827383 51.31788541790862
114.0934102172676 86.47454749621147 93.26304996492242
55.91594211500648 175.5366598516261 141.3704808711702
28.74137149148649 115.4327007669579 139.7693268004431
27.98319952249076 139.7403850641905 143.0232724951494
69.06470012840377 172.3900945336843 179.5270699198703
128.9075004035099 64.72021986199958 175.6791945999054
38.62525826320803 72.65553782940965 171.8919067614094
163.1386605714377 61.6064573109623 22.60729401103597
147.3540792918001 179.7484288550216 45.45385447178658
52.95304583928665 184.8573826454355 91.22830927043991
18.60259290992607 123.3519466879283 91.51648370053692
142.3425259531476 105.0788010986762 84.27925255928035
0.4997913263929682 20.85318389115495 93.05372798763617
131.5563168313743 101.3690942083741 164.1329801800908
13.6606377727095 167.7873444568281 90.23772008026937
86.65317995494492 59.58149625144382 143.1668623460704
135.1271203695959 132.1298906821418 98.50304840933697
24.92352295222124 4.72563086612714 26.31210696149792
174.5683438265811 157.3286595972935 72.6411531303113
80.6044334837265 18.78470748301757 125.1031600264463
33.48089539582545 106.5607429166558 185.7288742736442
142.196215654954 85.94587644747169 151.5472803359914
76.62678888155335 88.58980673460448 12.79283677753327
82.04132168862058 39.50582258411269 133.9376061947206
161.7422775168642 16.9265109010291 20.43902084037187
116.335326718864 47.69291336844746 51.66207452765446
76.65848236521387 1.605046514761712 40.41639882510319
40.33607921480215 199.6162744509393 159.7584268540093
43.27266409790334 197.8598421725389 75.5212731810087
24.58079212926645 59.79708326204577 136.3298606130621
160.0805000721088 180.1784205258556 155.5591224432571
63.85247051455904 167.7703203853856 101.1639069406869
19.49332959094827 42.3572373019452 60.24212070505009
190.8821190503891 160.8287918296945 197.3703078084938
41.5838325419448 80.3203646435295 150.8690322977359
26.77013442871679 30.96519087625881 181.2663059225168
145.4489019413716 153.4365951975318 46.91993468209297
130.2829422116535 137.282249605946 196.6503130196768
193.3542225974554 109.3729867789554 146.9387722327682
66.23030599915536 3.643984306483655 179.8242224919125
128.5936606630074 122.2671579081421 79.28009304710649
35.67075293212355 186.3849063149072 33.900913577206
16.6611896040834 0.2413673352576433 129.7544599782767
188.786150663329 162.2742535840754 34.06460584667452
166.3201552231783 115.468442688806 51.21460159367135
59.51790141552347 11.51295070002058 159.7619902153747
11.82810708933642 140.9309022618687 158.7408555045414
102.5375907519276 111.9147928925176 177.9321017208145
82.11090009036781 66.66601095796827 56.54561405963381
5.510556761433795 87.6574478370401 175.5166626812324
30.19440289174475 36.91988641940539 117.9376582834987
83.67694658154562 114.053146820471 161.5805485056714
179.1437743283261 55.6668941465441 38.21057906129454
92.95351553158754 128.751259762631 80.35331904300091
23.04392756455731 33.81026602252841 3.930525886583513
21.47991800802707 58.97985458855822 159.3226535589655
49.10155947190356 132.2999791039754 70.21037234961821
136.975559181806 46.09915218697179 86.47226680297365
180.1622913348007 73.66337462457015 167.7433395249762
85.50004149738696 141.4536505350704 115.4461112190211
112.2967893899911 127.538787760772 93.9802676177006
40.9061897260783 28.48910356488381 42.53818686658489
56.33083722154686 45.85870222612553 11.80046569509454
92.98555520041144 151.1405487710199 8.354270460989387
0.7373597290574833 92.46690812332484 197.0469123549311
197.2440836240955 7.968143687645489 120.9489591427305
35.78843058356398 150.3415184453943 124.6888624257083
178.890510690612 62.71799343593058 96.4133500352883
69.06807963058242 8.119420872439301 20.17319092230693
156.311086312184 73.55508448979165 99.11225117963814
97.749181808583 40.36331737218944 89.27070714305243
95.73462692991136 21.72616203865807 141.5927198332533
80.36448756451216 189.3864290728695 169.5087725841338
157.8361845443737 167.4290454830418 13.04361868118436
55.9071939737763 142.8612613789475 89.35150751174247
91.31763947842758 57.63757108025287 121.1680772670207
171.4435062489621 31.85270520777908 128.4505535767372
75.56904371950252 77.60331840738473 37.91589992211447
108.3435774772513 110.9310943879541 32.81337460359585
164.6063596456096 68.25151629156946 1.086054741931308
20.29648083326485 81.49629723336776 158.2812854705899
130.0145596585333 147.0544144938306 147.2861458702784
26.32875901129376 123.5516332806721 171.9053733860604
37.35863925566919 157.1952916799767 167.0332106076053
101.7998062796407 147.6183824526572 28.83304165486514
35.35998518292298 18.86674618238062 77.88467321136558
74.1111002920974 186.4196016912906 23.91238868954151
34.14367116122127 195.8762206401902 116.1608107650806
1.763497366332292 69.41599210782626 162.7623457576246
33.03279415785339 77.66843016099601 95.8039773923042
105.5322367062584 181.5774185541087 62.07820453131586
128.2524066888593 61.61513458649328 20.20780549658181
36.30089168699801 99.46904120935505 27.01998949957214
90.88281934265754 150.9708157691256 184.7382366979984
169.8237673474891 80.0052900823669 131.5872171861237
174.9174241616729 163.4048916790583 152.7332139872104
12.30882648671873 118.6944054461756 154.8957626889119
24.62588711699668 127.2891203462897 194.1000601926698
76.44517251118528 186.1736413864761 147.5132924804458
30.16172333714073 78.92579038579137 15.00832104645871
153.6662973551231 24.93470242133664 39.93557879158826
174.1738016260817 136.1147212198095 58.63420527563841
191.513208559451 117.9820783787428 110.80779852696
194.1150976099035 39.52888180568578 33.21958769775564
197.6161828872114 60.71394119623715 26.26161507334234
165.0603347742469 61.69166484604005 179.4936824090516
120.9385427678009 8.52276963167929 37.03205291036245
56.14065913434715 64.64841886119443 183.6639557637697
21.66333649563511 146.7898822271407 92.36830627136197
161.7327183711215 181.2979488069943 178.0423103858621
47.93365804380046 150.1347504932463 56.42557030878519
92.48599996847072 53.75173948114189 71.87722337731314
72.95788488902534 58.90197596457046 3.808223055298626
151.8958157717162 15.09549643750085 93.74004605504474
20.55091866335405 13.4579526686253 194.4944233006371
166.2131024878327 137.5858638219602 79.70411221860816
150.9643142889736 138.8787953074959 145.3493550786728
150.6576386961251 30.83492516692578 61.51383545020412
184.4070930260559 79.35819407256099 62.12381888107021
196.5965534898495 50.84886609225632 110.6143851368855
189.3562928279076 32.20681377328727 169.4883426478233
73.09923792805968 99.37531693615827 32.30448086825783
194.6390349028442 190.6718700466569 198.2411477771751
125.33466996603 158.2166205429234 166.3383751954507
102.157702435151 167.284018825762 195.5191692242506
185.4696665167717 15.16321627693859 183.7666283479116
11.06495610972547 41.34715712280018 168.8146305988657
184.3889166208519 184.2923163711055 31.75223571974056
54.92079952349693 86.70449575924106 23.83407990212628
148.0959276217891 96.51028741224607 27.57103380795267
21.89334042284677 145.3657172703683 178.4511305745211
45.56428626095077 53.6535235812777 122.024910058305
111.3036188761821 154.8429189869493 81.53380421010144
198.284762600997 145.4064893982743 127.3171125614598
93.89954241060448 45.31297628361024 50.99006682806427
79.06305282562299 169.1513926445129 64.45354540852894
26.99156233391756 134.8278173277527 73.98372424892806
78.1599655044302 41.85521549595592 111.826908146124
46.9731087991515 65.64825711346293 22.11824680873037
173.5758695390543 4.192859541971245 34.83682181250099
170.8460665144962 61.63707514826284 58.72852717820864
105.9511984330778 3.014064814234323 167.0643407587236
120.9732749886752 33.84450249588878 119.6036599335268
175.8878078437542 95.20688183290461 48.49628332465578
94.1973117546151 14.68661753026273 2.123245989825333
171.9516292354904 100.3288107644521 122.0012867219245
61.06806701476663 151.2861540561745 179.0054080054962
18.23952944473378 22.43485656524806 133.5541558537687
9.870848148163478 106.6143380005965 103.8891898580429
179.5035513734123 97.67837495194611 26.35389230373674
138.7164135041448 16.21523110192296 25.44612008386587
147.7569353731068 75.12529633102413 34.78297939905114
125.0205701556365 121.3084829696786 115.5383441586498
62.58435233477 43.32479448667705 144.7228173172597
117.0591172841489 23.81695378616696 53.17262432147675
110.3926544917669 57.29847044856255 5.933744388789462
59.34762361349012 180.8956103837563 65.31543041745702
188.27118208934 47.38105532391334 57.11877213674285
175.0007125954419 80.60081720865466 109.6253529702752
39.44985005282027 175.6148965906532 75.68117265581279
184.3239840137644 181.5917196615671 120.1892409140141
182.5272033303786 169.9440006766878 54.34957172275143
150.3021337808039 28.97788093509683 186.0248697611316
20.55163175994062 60.35567446808294 6.50776217386859
36.00794499828277 51.47227175557209 101.6925918311284
133.6555443231354 4.455578668395045 1.429872317965219
122.4244824731436 6.837669102087444 108.5057912990863
166.7404178439672 70.52416975625324 79.06643525743324
126.0719311217618 179.435826654071 52.9672743352443
88.11306111065555 129.2122821648204 179.4146470880473
162.0011686359782 184.2459836276689 28.87932316869828
67.21001087994448 32.75469969493351 26.61298267703553
97.44022774736003 144.4143895115929 95.97452033431443
137.6486135606449 176.0161640224988 150.1540653978694
50.72006555677238 70.39969830922686 107.7958703203545
92.69709468958723 123.1944945505088 104.2979095443419
193.6935991503283 57.86379051761745 180.5955638226658
38.90975162478698 116.4602645827811 82.64861054123479
140.0271473203165 20.48405236840606 112.1672970905414
157.6063599623713 134.753955379613 43.36557622673423
19.76377892619046 64.3113260483602 28.71564762415722
167.8566368019428 192.2241214947268 131.3810020626426
166.4514553376694 32.1954854360857 96.97175851242079
11.12013773889297 121.8766778902589 38.72178988795296
58.35632441674456 64.52488524622837 87.38420859184014
72.67441701502689 174.4871877652876 126.2862812675015
10.70033565442271 43.99317745521049 126.8489915214407
77.80628197801155 97.95605019463339 129.5407916089026
65.75170376308303 198.9571920516904 77.24231503069502
46.37800237317504 118.6476421008884 199.7662534361901
180.7187726827406 118.8225607399179 34.15873529823975
143.7081314766106 139.0745154393169 78.8154401227297
45.39045299462791 169.6945223194949 16.69265166969042
195.5205393311528 82.38361407473592 32.22137684147675
100.5506399136441 36.76286562890732 11.70456591323708
41.88462615585044 96.86128951804621 135.5136150548947
128.862542052419 67.78004234938781 152.8504127077745
111.1524577791545 185.8706252135746 107.318810330534
174.2252107584589 196.9563497817827 190.9441993124637
196.2594426739286 5.099104594702182 77.45534291444598
154.160175901945 121.5055271651562 69.24655417247695
144.0800132752287 105.4943612997915 182.4530364551815
79.71253478063466 157.3540699053114 88.93909987735009
71.57658875125745 108.0558211729565 2.543253950212587
58.73429236063765 8.140450691695522 121.5832561009431
178.2889049441681 30.3338624803777 149.9055666083064
86.65409923381804 22.26094695269403 22.00321493041781
147.0718210168998 149.6902427020813 188.0678991235929
95.76332516450357 171.0877410770374 79.51433438028211
72.28471734361717 49.35771434372334 45.89899238526255
133.3254818118011 77.08750471927496 132.7771302437353
62.9509404086353 100.9893566263325 75.87397385274032
164.9250584137504 22.2645866639695 76.76013805521909
152.6377701529743 68.88201151758767 141.0937916626364
28.93556105095267 67.73637110711958 115.6543452457386
144.0969505637362 167.6278756704406 174.6383077129404
108.0599600986983 61.38325284757553 183.8580579442734
127.8399111622186 10.48590040102365 86.89912164301944
78.37487527504116 70.0574926895916 78.54594396715063
44.44907252209028 21.28727759289279 110.0704847987078
110.1676535301748 170.1285553954072 39.93239224016342
38.01850303205081 132.4966579682206 98.50807353840692
25.8702004192184 63.04547307903511 66.63027693366976
156.3602500660804 3.212505507867586 178.6488904081908
105.2043042670129 120.4173943025077 53.05276267602792
32.74907620817189 164.011552909059 34.50783713025381
110.8673030617589 75.61854787246804 131.0579406154979
88.19216177448352 165.3394850813551 32.03926878071224
173.6889811626672 77.3190479786452 34.90714137568631
61.33997295426983 85.21106755662423 173.8831905251734
135.4060180291094 126.2517128303401 134.9593989312903
111.5272877826717 99.37377959886091 194.4059997868364
47.41171469957028 56.81886058502576 69.21016794258121
183.3280937683335 9.441396574399082 59.47204277253596
30.52901811973164 131.1245488100932 30.07306749513422
53.77174802324618 186.1211795485279 121.5502776749802
113.3968080909796 149.6057923689379 185.5852385729784
10.74453913019461 164.9319196953263 29.56691428954292
95.12629462984761 185.0731068235677 134.892534634978
122.247147064848 74.08936546104623 76.24540508999092
146.5987464213026 127.9392507592846 9.139343336893459
194.7942603362621 172.4581183907017 101.7142460899938
103.8306025835721 18.98209868962135 120.702329170398
25.09686547822088 10.17830625584466 172.6301593185566
98.64165374440657 6.709626685415183 40.03446078758198
184.3606602356925 74.74996206645584 192.3099877146949
143.8469768288439 155.1105355512462 131.3725247739626
36.27732043992223 193.2734775799308 138.4800193913588
68.19201218465228 58.92811106107835 25.87079747196235
84.2167646001969 99.3113531147057 107.9411490785765
103.987377439133 165.6461974406685 99.95202915108629
167.7897196690367 122.7989789652801 197.6338376932715
86.62822434257789 88.7464660540134 88.1413544035091
199.1280426348832 12.54458178538801 1.544986560098641
116.7209417702335 78.29231088636865 0.5769541246360587
53.68131607216431 163.5600912684768 120.8690481482771
39.61991073017101 186.8717374875137 56.11867192487589
5.156860160276198 20.60654286850679 21.74744367664665
157.2920026393895 93.4411205761005 196.2242032078911
110.4460113010922 93.87687257290648 166.9071285388048
94.57325953934338 89.05707359831587 29.34033206355977
59.35542508885277 110.718175006817 132.0187824152682
59.14334466130774 187.3458977120551 162.0808213486984
129.7686544767376 83.79073821827971 24.13535159681805
147.0107616877908 51.09050974978947 10.52882744869019
50.50201522808234 76.76938895898425 2.796266149385918
78.29365043710806 60.67543014508472 181.9480490558319
70.60116744786373 117.1924633578596 105.8567352894283
26.19247470513321 45.209535881844 38.8776137758941
136.7271998194095 94.41733070400575 5.477055476105946
176.5886208128587 0.3038638991767169 110.2142746602055
77.01282188617608 60.74896604084793 99.53109480937894
26.06834412813989 20.13481608655338 57.35353530457148
156.7916879256296 185.5661064263629 199.6489700001682
145.9618166516964 141.0261802244304 167.254797253264
114.8742908160316 112.5695273478265 133.7084481118499
131.8694914382959 193.6481381380432 71.22837975653965
183.1131110409704 177.3642778000188 184.1154628514736
88.62407808804072 94.96893684875602 172.5718102125013
143.5965517708289 174.8398965422964 75.49579152610086
64.53209771819968 27.08445787545698 101.5530326018007
193.8423724597804 29.16966027343237 129.204091666432
141.6801928362281 151.1361106538071 10.3487854302918
6.647617624053701 54.0842413339765 45.85642254965746
146.751657595477 174.8920128586072 97.8457863649197
146.9639209600297 74.87223163230654 188.6080009285979
191.9980062755566 110.0654665234701 89.67549995203181
24.89337854303655 104.2156753746538 120.5640653889124
29.6628210360081 45.86565491422419 80.76956500631894
75.29597753151749 41.76766253853576 87.43869001434669
10.76738272768843 127.9770406188256 134.3792890414223
121.4138460676843 177.6569727109451 189.9444624450099
119.077128555559 147.7158799747305 101.4897311834581
88.94837132051882 6.279182867042421 181.7734664967037
46.07429171902246 128.5514016993006 48.15896558673776
195.9962193543903 57.50772818505165 3.977639141436037
91.76408931229675 149.9510475877507 71.34816552577178
73.49947121400363 178.8787322107434 84.04650847510894
128.2065256379866 49.67414890566223 139.2722019864058
27.88664886377901 145.8400287888431 46.98327983977742
27.77115454255117 99.32539186441126 92.2301690135415
4.590731798879232 128.1502328505509 175.87986756128
88.45044914454689 109.8421091287105 63.86729446026857
16.68766020674093 97.09901811653324 12.33144202209948
94.17088423299725 22.26456629742466 166.7184316087321
145.1249591400115 52.78280427557601 32.95782867591766
50.78436587603177 130.7057631143426 18.33147390904161
159.3049294045305 148.9179681005888 25.87427874155194
3.532516978141619 195.4507277905817 157.4152804313594
74.18341642635669 28.77684460793131 157.501331907943
46.63468518388469 128.8071818272263 136.5389902173103
55.29300154235015 46.2986733319191 170.1880132339085
197.8485920496408 128.8665573224895 21.85509685273264
154.2097884210061 95.89234328007028 135.2310962014795
171.9491506935256 15.5025106729929 165.6955747864712
75.04227387384006 52.47510443902281 161.1714417768852
102.9998181765891 153.7458647154966 165.897952978211
189.874021656614 140.8082652944964 74.15687517300331
61.00439484211277 160.5221823328009 74.88912852396432
91.37780857410563 0.3159715947240874 19.64264188484594
0.8914469180296886 33.75989035303553 150.1492198481234
80.02215659356123 197.1629155226516 0.3925968414643176
160.0398955117608 91.11676348261889 85.43160361673738
27.59671797925493 100.6508161236663 63.94038082517994
94.15151423884959 19.21105874586825 82.26305221084711
101.175507907317 104.9680661361047 94.03228028660716
108.9911391092659 59.14802174919842 146.3774167183124
121.2604450221572 199.3753808201647 183.246287975938
4.13337219074445 180.7184536399634 176.6071812396673
98.90966396278414 127.686252087005 138.9987082147534
100.596507291209 39.3999859483657 111.641191823155
18.80680261620654 182.6998394598167 48.44439890960886
100.623049455317 72.00354329003613 82.37176140063141
15.30474333891894 5.018832978141567 107.7360010587365
45.71642815431142 58.31027946194617 144.1105667345142
58.9095771002395 151.6330813011564 15.98335245710982
123.4289372258948 108.0335080940804 96.23862628688904
76.94000558175951 9.8555014838731 145.5072099092261
68.4263012380431 81.62313048438493 99.42887459424944
23.58073810818616 178.2715793681244 16.653530033387
85.23709782839848 172.2497169068607 10.31457175741332
17.21518162104035 7.750261506565381 85.41227163478223
11.13564964245761 175.2908021503806 197.3674673486628
91.63069033934268 163.0318149594419 131.5125691520098
116.5459770170935 176.6356244832641 129.2226286139788
145.0705854982989 73.57229538901058 11.06225584163822
82.95768561586161 33.86214636277772 67.07232611278863
59.53982877197758 5.365200206142139 97.97476494667818
21.09845610622797 7.845481560967704 150.5383019869648
199.5059730758578 34.8387094292545 5.164575117178551
42.29367428640287 154.1117332322153 103.4068017746938
79.81322877158487 89.1720290964487 66.62739747254255
160.0562206522727 2.721498151778366 149.7776179347876
55.12655136425208 100.9556321019181 188.8150374673116
134.6187344472287 32.01370192188005 153.5549676720237
193.5868371719135 175.1883507598439 157.4324991998879
185.0528146051722 65.617757348238 123.1880216728313
38.24695757725065 6.15912592063968 44.47540632455035
74.19514081333746 20.06594917783949 193.1542494807451
193.5137079537823 13.56149655385856 39.75520907518045
39.14980330989543 14.35039158548727 130.9303360489304
72.84123658794985 152.2888427279439 198.2370240420293
38.20660318710827 176.1650780388432 105.9410086419937
187.7066455018345 26.01583780267665 75.05751712328667
151.0827853181011 1.227635560184418 38.97365635560988
105.7574731329344 35.78797731715336 68.61428117567053
181.1415256135944 124.2988433505715 173.520021337374
68.17141065056529 130.0021053900225 124.2814702559433
25.97112107099607 121.6083752288991 55.71739454563878
25.87318150874044 24.86854608411376 97.75813025952058
130.4644232120541 64.48179996060014 45.51488332153856
70.88041433412792 78.7691806879601 193.2987742278231
55.9623486508938 66.49311855880372 43.26829752192978
148.2313186572605 134.6542001333046 118.395142456886
121.0705324268978 174.6613625841645 76.91766935712396
162.7152259065219 38.68972999456119 163.9456618964145
3.524651619791655 122.8349596867452 73.83838559274028
50.92300783983767 46.68164031014 33.69917524299574
110.1376343248618 160.0523395932237 144.086424900989
118.1876595113137 131.0871482480671 30.30089440922812
130.4986485238697 116.7400862291112 42.63313233021684
65.19566449165733 180.5369524454194 4.028184177555191
5.133551163760786 16.83311384174914 164.4659174616393
92.79038000807603 48.02054655287142 193.7455016729313
4.25285537304799 55.51393518555309 145.155929800223
66.7505068479021 156.4282305270716 36.59869014450851
65.1973151517964 100.4253129012132 53.42171445266535
136.7339613250256 91.09793749801867 46.30860351392622
115.7750496608965 81.1783830019174 41.65166826624419
128.2583085245576 13.98478664204066 167.5278430931275
170.271058167404 0.37231576122206 75.49516898929048
173.994811366931 29.90343997407052 57.55462816500624
189.2993893544907 141.8139454412643 185.3115683508931
181.2431270000834 147.3713856377718 93.95378459087925
6.473988449902903 143.840078194213 36.37675238453311
129.5692119994241 183.9853318126371 10.01743460795591
45.78562028701761 89.3941431176991 56.73435885784627
132.1766034249187 187.6610968808527 115.3350419596599
7.637548796621427 108.4951332296526 56.89945795923659
23.8225007720937 191.7882640086145 188.628844171024
161.0488880073276 11.44580762943807 56.45900320284321
87.18486307094061 115.7129843655897 39.05224671536653
166.5974651083586 107.4272194198366 181.1482720894581
101.6774566431632 91.81134460930227 71.60066955382707
180.6859725941013 144.7354687623449 141.4349004347615
8.09633081375515 53.04779681041902 76.53017539655991
86.60310627692567 131.7842104898587 58.90668217226894
22.34346475345972 40.05817979913519 147.0465241515009
129.6090753413943 33.59828569071229 69.18217572040176
77.26041404808097 196.5664021713614 127.2653786041979
96.00976200401706 59.99266434592127 164.8232572503075
46.54504107576137 75.41282543819193 129.4037065257476
24.35384182130158 171.1293495072944 179.5506847172562
162.851711905832 179.1562001745997 113.6705818760193
150.265220157711 6.151418261772378 128.920918034878
58.33724461533404 48.7034977716945 103.4824435882864
153.3633985393266 51.89636214226949 69.16628505205914
1.932798137413887 150.8121696061322 105.708299020733
112.3020932992781 29.00183643864068 155.0857326726249
183.3697651948764 22.14527713294087 14.54435734580571
92.00365190098701 116.1856532681348 197.4328036312705
149.0162209104447 198.1307508550414 16.71120514187744
16.95155710708292 137.042660136915 13.04045108783656
46.72511664273674 146.2900435352784 34.21696036537165
183.6037274639318 74.2492454744698 14.86326704115152
13.58642084346642 5.210741745236572 45.82307401862333
90.9431091029233 183.8976560324746 97.46280198609013
78.74007926831401 191.3569448962087 60.41932383858098
183.8286242281859 92.92129534884387 178.9311757832151
3.466785051088255 107.5218451360058 126.8444183342589
81.10018762750163 37.64413237234635 177.0719793855655
175.6853631837964 26.66144134996982 35.28145823617299
31.69605389051947 125.7276664478283 119.9005592643758
58.10680572622312 197.9987152846402 141.7383555525373
113.1872510848589 8.217909963541247 146.3270411789226
191.8888613568957 95.43128760496961 111.7032905334312
0.1649351593044245 106.564584665442 24.45113952406741
155.0025739673172 11.55172199943508 199.5788865707979
94.69933011951039 111.7066940976991 123.6237300243573
123.3711306154483 44.82516901966669 184.790446409799
166.1147226539204 59.81818157645863 156.7682853541797
81.56097080153556 142.3033661943829 137.6551528592566
128.8096237162653 113.786538952378 197.0137472198628
158.5762452273668 171.9038808257877 134.6131610619435
51.02928404347123 170.0610494794234 46.28532372414866
59.356990134801 147.4279766804013 135.6003989514421
12.44963212363542 44.4040449291856 20.98999673455268
176.5136051571142 125.3654834792662 95.64276730039678
140.6587712943053 187.8622032271971 184.0311772419133
126.7549343606169 14.32604008233367 129.3541254055394
176.5365268272736 124.9284903162195 151.4319890682451
186.1509627404065 196.0356932786944 171.8024982850125
151.0952737044612 197.5877129713141 108.0537154792889
14.8827192568107 64.33395939762737 97.29892864682922
137.4131179818177 14.22868330314676 51.36711953210326
167.1419127643309 178.1017430858871 77.41574387036667
181.6611538953097 189.0207903074007 91.33449813966237
10.93509467438538 129.4352533483605 111.8556296380522
40.85327223023548 35.88430907521403 63.89860034493402
181.5852610783399 85.13664133126859 88.51717025594864
41.87632761414891 158.2274347625309 144.9426219645889
67.62001341724253 77.61096722562733 121.6258588980265
16.94399162024182 182.6126797294971 109.9171337974573
19.06318407770758 159.5067337799281 136.7614771953288
180.2184290891338 137.1683098682321 114.5218670982348
151.8143003769694 159.1781522960897 155.1827943421014
71.06074011659284 188.2894572882348 107.2024417497779
57.79246867564227 23.61644871343753 8.247919766172712
72.4585200051739 176.8648543871978 44.29503038152281
82.73302663198463 92.61318901096679 150.9102515709586
193.0742099941088 125.9373934732353 51.65750748680785
39.82094679682632 153.1036022963982 77.27827596316007
43.1000901983972 137.7733229730426 176.9985842975763
166.4191260314961 130.6008524846272 131.1329367246652
143.9070093465093 110.390961669347 121.3343834243502
199.4172538921235 155.8946399224677 147.2718728418329
100.9277720719606 95.30672694399036 137.8266429912389
197.0745390474904 191.0744008667793 136.2198491924597
154.4480067609541 122.5862343339967 91.79009329270973
145.1230426776197 51.98522154156873 154.0359154273901
52.4431212732004 190.9511831622905 19.50280365409355
69.51483001743648 51.96238370510574 68.14807755629602
11.84926340832988 152.4711586461761 197.3748196325238
61.03754805814702 121.1692736633182 85.80217177420771
5.0033398445282 77.86256077353922 142.0829106302386
186.7205109214433 186.1135841244391 69.52998714246245
87.36412396181778 22.81111631058096 103.9470479156803
189.2690037354728 41.46719803504113 91.4370403360749
137.7097560136377 85.43488163086376 94.38521394088806
139.2027680211586 139.2736069759202 29.39136064153523
57.8358598706772 164.5564237425413 161.0353321704749
128.343567331227 188.7542698177512 92.97928672852838
164.7273178968144 83.92419741924567 153.3084438160461
71.32031606486755 140.5325064731209 73.02701182810206
58.63919726367021 21.69085129180041 139.6347001339129
149.0397376045204 118.96064494778 29.70390572130568
121.8444593742259 159.8616398849119 3.831848019835433
69.13285436820016 133.3531994095756 167.9216492256076
82.3970691685963 137.1249940253645 33.75293313662181
181.3368695352499 141.1758569112654 31.09186793405391
64.32720768851225 146.9591724298642 109.8890469785084
127.4606593627127 142.8357154705785 121.870607057232
173.0190412813216 102.9508412011707 99.60800345789153
62.39061743329771 32.94120803427765 57.81899299386559
4.920643847688392 26.56433183610145 184.8307528760045
108.1982217894126 132.0830706821548 169.5250713189914
14.03913629270353 98.46217443948252 144.6115404510012
36.74349912128042 147.8480755633454 14.03284035187524
61.81991857343343 97.89706176064405 113.606103041592
93.35615640213592 70.44175506237097 198.3914007369698
175.7398749953947 98.27141541910174 70.87827344880658
125.348114786474 181.9280714562575 168.1326532474457
192.3358654623914 2.081691802238538 20.35649502885541
9.385113213784928 26.12391249131275 113.1220960366349
134.4739978220048 104.7309577327757 141.7011270304897
130.4604035798787 144.9624035298463 61.51481795005684
5.166798021466319 2.637622365601092 182.0150803068294
156.5796375826683 47.47578754989759 135.1180579292186
84.33788331419328 152.4783707399873 50.18353669936197
183.1628103388871 114.7820430511389 12.08654962197211
143.5998795256626 193.9525007182265 162.4968193425599
171.3279994049446 197.7737703159854 13.31421222945319
104.3784432381772 92.73367624081436 115.6691762422742
145.5211201804722 49.46045402860257 176.4625019181293
11.11592221663702 47.50701701515711 190.5291488120322
79.10856387989293 154.138734093796 165.7432340737983
140.3061939068845 32.23819641797296 131.5870529281117
143.0274528154746 67.36774898131353 81.94423665155838
100.4838310822844 78.87672176174925 153.2970973896463
58.91590430269226 35.4561656105798 121.7485322919075
184.4550741788997 48.0254636581404 137.3172444021087
58.04820014313378 2.304608224178264 0.8173936244669393
178.9485448656676 94.76443060802072 2.474493880799717
177.592082037512 157.7441854250988 174.4189882416733
45.56817078640483 33.83758136274334 91.34350591192
31.55581952673555 165.7411991250476 56.98154823559427
106.8235638922381 66.42782215600018 59.90912216548558
184.1831716177228 69.99495937197405 145.8376938750832
164.9733326403522 32.42728299150765 2.827845438385368
93.3330936626825 129.7162578343483 15.45051636690147
123.4066653387518 96.61428312455476 75.37635475289933
30.84969412144138 164.6637674470664 0.1776996716057065
64.86143069942833 118.8016518757365 40.3192851843127
44.1734858908014 78.04282351308207 76.17715058186859
66.74118707817243 126.5084815345769 146.5353375791479
50.17026401266927 140.2007796116831 155.7006422908615
162.2570168178845 144.4144080294784 3.954304938068709
180.523094391716 47.67589784845944 17.14573985778431
49.81196561887415 92.4288664209231 92.63102309856561
7.614184582396336 66.24070654828763 122.9100479306628
174.3398389502944 47.65902840392988 112.5996726774484
166.6805797440061 128.584313959397 19.42433133444199
36.32735568158854 3.129084347971185 6.899460104658329
189.0987520297735 91.54739511265387 133.7625693104341
87.02804229019615 69.91894852851659 20.05133856394733
25.08085671900681 82.06355022231925 132.6644800570718
172.533686855791 190.0915689848837 52.43057894532635
42.32049382582277 37.05657903193724 136.9748783789431
177.5715430756952 156.6734481498364 15.11949821933497
29.98501640201121 53.23549237277041 179.4864408945562
8.083411366236151 71.85987975288556 191.4319722184044
0.2932660140674485 12.40297704684517 142.8691733196261
93.34193415606725 0.9571418513703188 112.0472411972162
109.2375133610591 73.72096464675833 21.3754722624706
66.56749752646206 138.587650460337 51.04716104556709
134.8993058971915 36.06205708086478 46.22315548632512
26.45197664150648 27.22004727486348 25.24802838675942
197.9351089829935 132.181272350563 93.6091253104297
41.37880765003982 56.53627853820951 198.6894587778384
111.540235961375 191.2925474233903 24.28173283193025
131.3300606684279 55.92997218243988 66.38584562539492
89.23705739281579 135.5991745017611 157.7949338173649
148.5621846756566 127.2116383376229 186.6650219757358
188.4254422175286 125.6812942420508 132.1331354289781
15.07736405039115 28.89569409199007 77.81321135366245
114.6799181842341 161.0381482482152 60.09346785804364
42.54606155948679 19.11198584084633 192.2248114100879
51.41379221883261 140.5619798738665 197.7974274640102
195.096596101519 192.8536251228808 49.68317464942889
159.7244210589673 123.1521564366629 166.4862794460568
187.039162690551 61.04008365078808 75.0463532606129
9.861844448536253 101.721119382492 78.6887050264624
110.28842134922 128.0849734646312 191.6406577284731
104.9044988030445 40.83496826764368 133.830893420692
67.93814131193876 55.58345455986697 126.5419536220825
128.859353082884 23.76224408592796 190.765830208145
192.5609199923634 89.2321050415773 157.0962862140451
138.9202260971305 121.7572130878187 157.8418882703478
89.60561155034431 93.8638149035646 195.095049814765
125.8910855768051 169.0634465133668 104.1954185700036
73.20024412199109 13.23051583754467 59.84869073797988
10.29190558164669 138.5088839790406 59.07300670706149
154.0728437434277 101.6509926254898 162.5822596479761
121.5606491767149 48.42972693176716 161.8908122158815
149.87090806751 20.17443083144036 165.2456021372118
92.72041872932228 171.4443064356988 175.4148806945065
68.24294322603777 119.8821366653491 64.45014018798551
176.6251196904208 50.12471956700444 195.0483242884173
163.7485419153888 150.884742466269 121.5983691925106
159.3999682498832 52.75907938159114 90.89846042899227
123.4726986014233 150.7195605010076 40.83850694012734
164.4428655599733 163.6110582770508 191.8012518253932
42.62435131179728 95.89601896046935 167.1722556504254
105.8020221322379 167.0159464889322 18.00710652021363
57.66609267166173 66.88169982726265 161.2339531967413
179.2837323564033 13.27380748117935 91.67558778685861
11.37385292388773 42.07554021043378 95.98114495208426
115.5769752017183 1.795600281406253 57.90000974716558
160.3743438727571 142.3299850860619 100.9850600113177
111.5676600699038 0.3499642758895578 3.607131162253818
197.6316049301583 107.7949661388091 169.0452292121714
4.075501400057627 168.370652926142 121.8794139764986
34.6711852778058 47.04684296436898 18.03985171953765
196.511717550612 162.0148368555181 70.19358016255384
140.9512930304403 152.4119229066347 106.5154917898938
