3 1024 8.062084957299245 0.64845 1.4 1 3 200 200 200
192.5169497024276 96.46952802168128 58.31273460873172
18.42207450011903 105.7858332606677 30.78347053453186
102.2795235593033 119.3844808847499 156.1508262425556
166.4110259619731 173.2861506098135 44.18570532433111
70.94300965554801 100.4903632540925 166.908952711264
140.2255095146894 91.3981572084523 121.753615496627
188.5418049918416 9.277548413164972 157.8933215346707
113.22872655532 192.3596958649216 76.18489556816888
183.6918750260446 110.1897325211073 57.89588223423969
121.8641459998115 174.9504202274613 25.28525090334095
42.51053732267442 31.31796905856535 168.8749537244453
40.80364451621507 70.02790546455594 56.4517198799298
19.74025564000668 92.70329261665043 191.7342645596561
83.1032882183822 182.887754845202 187.7058122681961
111.3746147390054 170.5272989115641 161.1384973435291
147.4057678650609 110.3681473243228 0.8954327620692635
88.96366203955729 109.3761093162014 143.5460308754885
103.3428789108064 82.71118280171076 187.2820413346987
128.4883251530747 162.6123354826946 122.2507356332872
140.035957448187 27.03732358024738 84.15460504138365
189.8276545053275 167.349428336527 134.954341588611
125.5067284776163 138.8676726334248 164.2214459305092
108.5815230103517 35.56629361581142 193.6265984474554
68.24282583501507 168.358709732064 18.73594589358649
192.5996399657363 107.7929903281931 44.67310408878802
194.2675517159572 124.1854075970876 159.3389635414914
41.40094268004276 104.4455279391131 45.35852370168492
38.94155247182786 62.10647223805758 85.80030550609084
142.2773265560995 75.18804398236084 112.3361435151625
48.85181800906125 165.4138817686942 89.16445306429321
19.96366222593823 74.77339486330916 176.4084122777476
130.3760251547861 65.610643741781 117.4951386983098
43.29797311636057 41.49243624026473 155.7525540934307
134.9856258920771 163.5524854708912 59.62150975988038
183.0315528874831 29.45340364973636 196.5711623520372
54.10676378527138 49.62719412372023 52.55806042706045
150.9029705453006 79.73257897594891 125.1785932805981
43.03889269517456 36.33685326970668 1.153629683726655
77.45631602499648 140.4947633261041 12.8640769228203
64.32790117849468 114.0365139772286 161.1284907723063
108.2752146921262 73.64749085219555 112.0040070536044
170.2875617831201 61.11235860143391 135.6597975608389
174.806048242763 161.5804935297323 133.4321742590998
0.8081973919066887 178.0796505649525 80.04505782855777
89.06634622184229 52.33044432883219 12.25153057732861
32.0183110301334 100.6108625422969 151.7338576700264
162.1664902578418 85.03367270643606 67.06417211986881
137.6476174897855 194.9172904453696 52.60837122382903
1.572998501032249 109.9400670118819 5.414963451542627
28.7962658710139 88.12599847876857 178.3268225823431
100.7003952246112 56.18931438377288 22.72649585846889
163.1746269960792 184.7404445384366 95.13460731116876
199.5363151389201 190.7352706335631 112.494828430129
54.28255588972268 101.6544182042469 36.07109347278498
113.1535798876385 68.93785489241085 164.0275251024523
94.74547337826957 2.365474623291379 146.5020811628142
45.95941391922766 84.23206776624794 185.5678265373759
30.81685932341407 139.6765610669083 162.1499441259882
152.8775056385404 95.12621220010904 56.10302462662955
158.5689877477937 89.35133938356988 42.16594441481537
32.80320860931867 165.1640884076193 90.69065105402623
43.61776298787438 15.32116262470673 170.5659656696968
34.99514297930221 125.9516984016046 154.7911905034518
98.68638311395503 103.7020157018738 155.089448981639
125.353745608195 19.10403666729875 11.49066881767113
75.39267605318923 172.6038687992726 161.2592929574595
93.21845505202516 135.4824615415743 196.9822528298882
43.46538327692518 109.6372881971765 121.036363928029
164.8492294086892 0.7731752363294067 94.84892147160386
125.3958593355281 197.8727735933763 157.2161648975357
163.5598976633435 106.4234065736871 33.78782955242866
112.3786228452631 189.2374837341306 43.53471547124576
1.359196671975937 177.7270893207654 59.99681345103301
170.4388573654382 166.8719281722977 29.95141436165812
59.01621214117023 187.1700273231053 186.9274790883484
108.2944975059095 113.3073674890338 109.9898373795945
115.5595705388634 83.70888402815623 60.8593322440567
177.1738431322358 176.7550103161693 138.3430239321465
33.19305636831304 126.626815462838 11.433783066228
105.782478575955 142.1544854644912 150.1471416715854
191.0345821252606 39.83185598682213 187.178415632952
138.9387696929037 175.480094875537 130.8267797334289
26.6863644414493 114.8486415421557 20.31732697432658
8.680917268693792 73.09119452401544 42.86060146697896
0.1828413534858565 176.0051502243875 41.57522006567996
121.2045255722058 102.3366047044342 115.9613297604664
182.9686419204683 4.064134298348895 133.5520812509053
97.0383395870618 84.99679161169495 10.59893938088032
186.0796263589565 172.1763902210314 82.91014929113614
130.5886912656956 78.08869567794696 59.27123528504615
58.98193532109953 175.8273115313692 29.61848794780707
25.93035229689861 141.6614327178384 110.5242793798274
62.36838858456839 82.37009782136154 81.05076712640938
111.5180681041106 167.0629711225927 177.0729205853828
99.58670429449911 77.36409633014883 172.541710927235
124.3925303399286 93.87230214120085 129.3093894109696
193.4688127091753 5.301300617740067 102.1448894330921
124.6126190855671 140.477313186508 84.40975489510051
17.4571347224322 143.6477685297784 124.6814233247688
198.9742119763554 92.43320613164047 93.68703640929613
130.340309504538 158.9268798850539 185.1072176382872
115.1246255752744 20.91734289108077 76.71075269135187
125.1130846283921 150.2089624299036 21.50121138374053
16.8407070158149 180.9177118476563 129.2101953512477
83.1867710571448 167.276126104847 191.7379159590792
178.0030391082776 46.87176725234047 175.7791433201795
138.4358257677305 133.5717846344 47.89229071647433
38.57948145839146 23.78665317131615 10.55005003787886
59.19431814508874 129.4004956251923 184.029974998054
199.4663673763008 152.1514302826257 86.56066794048587
140.245507810172 43.4128315484058 194.1226149771292
64.62126012392768 159.8536751650543 55.51670505183617
173.9099943267611 113.4929416194089 136.0769903803803
144.8731056481991 156.3084329748465 70.09678455243412
47.28919276707185 138.8861666282829 114.2655338669798
19.86178674609481 157.2623247578181 14.29107832480722
179.3613435766675 15.25539865334998 122.5196314213009
135.6369188661668 38.8610727034006 108.0274464043091
127.8016725095228 128.5081374263148 13.71674836235367
126.2293465011773 48.97909169838859 34.74249236071893
136.6766758460495 126.4716060692631 62.26143775626582
54.93216124441357 30.70125658670491 158.6129458704494
42.92221390745839 97.33837120949805 75.20675110555166
118.9366838325173 29.96115039840257 173.2143436119426
100.074556714129 129.9867015147944 37.03209315381373
71.33579003266337 107.7081287891552 146.9114691342415
193.402249927546 91.24243907114216 74.45712097352029
166.4371120817953 18.27625745963467 185.4931389602939
12.35461253413798 60.5587917576404 176.308177975095
32.9482572325391 186.8646649616217 172.2974064400759
8.40302138332045 140.6179423860135 79.69821641844661
115.0176805331605 78.10865265528467 177.1579679309878
59.16160835458812 93.67942412078912 6.288754955129189
112.5499284207738 22.40690464167401 2.262379774336856
165.7324415210065 79.2137919229252 52.4562371729191
174.1376754047491 14.33335768876114 199.4323236630891
74.8866178234438 6.875961736400525 110.9768402697468
29.98371962773491 40.61766561046525 164.8046920817312
114.9734008459678 141.0950655515362 136.5462602101759
177.1074907326087 11.31168633658774 146.7087045755439
24.79237018585139 62.5676141465492 47.30334335930021
83.82192722262428 99.12016820306133 48.45063656641766
93.44820852491215 29.16510165023018 189.3449695487917
163.5786292268795 42.70716711690132 182.8958817610714
45.57678708094824 116.0515019801175 33.3346298458452
157.8727085729338 161.7679177910321 106.6911990477477
142.9973352328163 169.0513239086828 116.3196675274902
77.60778447069455 155.2483569559803 19.36688927866069
12.15547470278358 118.3083883754149 14.24508759384947
95.21260537902982 190.2830459747313 157.1683705446397
21.70797597063025 116.2232215278668 73.8028194439425
167.8659626134692 194.7844024570278 165.5587357864788
128.1507319729127 164.0759792519559 138.304652023754
54.89367663670478 28.1975048365012 75.05588031928646
116.741468738798 115.147263403755 165.121312890423
130.5798485266699 144.1819740744599 178.5743222434158
158.4841732929073 154.7450068607833 173.3010067067155
159.8530327016327 147.7553741219131 64.50658699099405
1.880194769953964 37.19040087572446 66.350881337001
18.00530961235507 192.4073412159513 169.858695341335
106.1243361640685 183.7065036970331 168.8013947673074
161.7150827287951 63.69760769433341 41.75771301970335
110.908470810202 181.1048203851711 5.825832577010493
14.55744872837687 85.37275265553728 94.3728766250575
73.4634202332615 95.84904542481598 184.5880694191952
122.5619824595392 98.04911772007691 35.06271458187206
87.19599594298012 183.1549085237123 116.7171861190072
5.137510284078266 192.137623308696 66.24448728415301
149.2088342948532 187.153952300889 124.8223268051001
138.4120101515223 8.785469744911325 183.1799417231907
135.6649881058256 98.89793163870637 108.1385409758031
40.30659683201962 55.81704569196849 162.5232013480575
86.56041443069216 78.19793757256674 182.0071846876258
147.1011044035315 33.53481413293211 97.17240843073483
99.54860340152142 102.6331592904141 47.90970136872201
197.191112536858 59.12711726229423 91.42566208511617
23.02610198003348 148.7759907120006 27.630578463671
105.4389696221209 47.80814415375316 35.66055529469511
94.63536386683398 181.8305296265638 24.25146324972752
29.4683221127901 114.1236016000668 104.594268444522
96.05992536626205 187.6328114590048 5.765474558461571
128.172119961641 82.23192385383685 165.6969446302424
122.3827321759931 30.7384028222898 138.6443469132125
30.1126566602742 113.7263209764942 38.54539834786294
19.08489736936518 51.4271078580103 111.0818568375713
193.6678538486009 90.97858205802343 14.96553566899159
3.850699883927438 173.4858781973527 140.5450230039132
38.19073502730628 60.36410067950603 38.60799973670255
81.28885472283712 120.776329032405 135.1140470555259
74.19135172120843 154.9804181074982 124.6985267722513
135.2969005913911 31.62882698598829 173.3406147792138
96.59732267163032 198.007444608027 57.26271275698659
21.87921898565135 26.64033813462851 161.9192166531403
46.77153824981249 32.0994181711528 21.67536227548236
130.4565372579677 28.00610147129407 97.09180484801723
173.1850880103305 98.09172847924356 142.7691995306181
197.59062970575 135.7103322828135 146.407586569598
121.104942425625 131.6302531322859 50.67103986455969
115.1092362017756 60.64741860789969 34.38526459226131
155.318243320682 165.341305017789 35.33452274114764
87.75016427607211 4.982316728807971 160.7921568743655
175.1837658570871 31.51730152926821 182.6380686756441
57.24165648366638 46.01761706870066 81.87426033815129
29.93668303372912 145.7774532346484 196.024080253586
100.3399866440078 173.7952892282915 117.9478698449577
60.18118641625539 90.98486590700824 133.4508314194157
36.06352485308967 52.15737425488779 54.13722891044879
150.8729473855074 105.9269080636724 44.22942863852671
145.0250341582105 179.6362103389231 20.81637432843774
165.5750714355538 109.4758028716815 82.98251131345313
100.2050917208633 145.6999965317866 131.99944261748
193.0574382734273 106.8944127771927 70.60083135486192
39.26875489090959 154.4009705142125 186.0993632707925
26.56038946986045 17.93298983746166 116.6812220808033
155.171663626104 52.04735187722089 192.9988864963744
143.9339563991502 88.28524723498907 172.2505914244342
140.7909418693995 35.42902255221253 25.56362261977513
53.55981436690698 13.39907629548095 81.42751012273092
4.628483665434504 97.66639251101842 41.11387286597483
132.0649581018692 49.66922355487482 120.328100215932
58.63016801057289 85.6497425720715 42.7696706542981
50.87153313911829 123.7055183781344 118.350826006315
121.1665845408711 106.9745767908831 179.4890791563606
95.58511126535419 168.0391707048429 52.45997846293672
76.57118550290583 18.92506461533983 173.9779464267001
93.08712700675409 152.5594386295554 149.3251850444233
148.276311089238 137.4516678811091 60.06185137484313
125.7989513490005 3.250226609161884 19.07579695094562
143.9558890548916 52.05781963340431 52.25697720665923
0.9718987146919937 85.13057630924672 50.57214126672558
93.89139473929222 5.791330860754684 130.7695453058043
27.37685144666351 111.268083414894 4.611280214555005
147.5352511090557 120.1491601489661 51.1142661326018
107.0480705606358 7.148832844851243 74.43699452259447
122.6243782736139 118.6345481626049 61.22347478416292
163.2458316378808 153.1016321643718 140.8111130981472
126.6339313660106 14.48708944458896 67.42805275727959
117.3756412472118 35.08893281046751 84.06414890574891
8.409338799419135 88.77055315968977 64.40710318519272
192.1929993039964 69.03775091837319 46.22167000800415
114.3150538787238 106.1763876623929 151.9445492805557
149.2108910024738 189.1679221692018 140.8220327833526
44.03740023119541 40.39436512111871 185.5330501840587
167.9063820595879 12.45984709715056 133.5175359740302
192.7920610890889 29.97163582621335 49.99220025876384
156.8329253996291 102.3203180293905 69.98043649849366
63.1319726303558 136.2490470819729 32.15381431865649
142.2364407476103 60.13292656581756 127.2776523496231
108.0284741813008 183.2437481366515 88.42590247662812
176.5596620783966 179.8445443069161 165.673902885223
68.68061409489533 144.8523991897542 152.348078319706
153.2959512170954 36.97747999214099 81.49219304747804
140.7841517758277 114.00808223562 102.500566671247
21.86101021695921 99.99552182899893 45.43904917077668
56.45903559726172 130.2829048696004 104.0525463922825
114.6151806713895 48.05004889114425 22.40498508229816
113.5111332001809 53.62082034730925 80.05545684086792
104.7281882589476 142.8615511555697 50.70513170980391
122.1060102489903 31.21110598064566 28.29130648797479
196.1717127389645 74.28638016917137 105.1765562214736
46.63230987037877 174.5181888168082 178.1865892504119
79.0994947642674 74.92145678843836 164.4584838630491
156.1589055946407 158.4059205115257 85.67266706547842
19.31319079434223 182.0964865458642 148.3622933008729
34.5989623484404 173.3331896836351 127.9878872774814
78.11384200314731 37.15652112671137 7.335678119538452
25.6982217287475 186.8551149747659 89.58728206153545
3.978782478275082 191.4381533419214 93.67670099219551
187.2481559300129 52.41096897987008 159.665761785321
111.9606501732978 117.6118141657203 11.54569842797878
6.781066741659233 76.83638412648206 13.40932449370825
93.67500367175367 193.4399756114185 77.19246688623385
179.6510051379039 191.5560576195022 150.5569287201095
80.18626806458161 28.28305098051599 44.52138350022146
113.7658734329359 55.9103142501551 119.5732612568167
22.57834812433354 81.20791916786031 53.60015307499835
118.6409697689659 127.6842193983516 150.0026185994686
169.4056056526422 153.8559884899443 45.46773291438198
124.8537577329838 83.58139085331639 112.9224713915645
81.470096642987 3.923783868100707 93.02469235204292
44.30218888005255 198.8734149329243 182.3571826274402
39.63637881550487 177.2469369902662 156.8994120457755
108.1922299801463 17.89845601033875 183.8642535707249
111.5701517464362 24.20841098824977 99.05336339471778
153.0993810051068 191.6115880508875 63.77434920125841
8.652714519317829 189.3922161070708 29.41398167645675
73.72187332857001 129.7647880138978 196.8048825894942
120.1434608910094 88.24355099697202 147.327015094803
46.41196083865947 12.96863444239783 24.55020208377397
173.145509682608 43.24822461439157 75.7300121608085
118.0096510078053 101.46831718328 53.5828884540138
156.8202197214462 115.9375156191848 145.3434724648016
60.48584979297027 17.3119433874483 41.65627385371794
40.68941224574897 89.94490202276278 113.11946461707
20.92384495104492 102.1072402293879 167.5139950439412
63.90352685954396 42.84516686749166 190.7452240327767
137.2608113530254 163.7061247055324 28.58061615954563
101.8277748281282 188.4920723750311 187.0501521099804
47.48907246017204 111.1543340855909 62.455426812029
138.198858200304 107.1842288495271 62.06068594474933
9.82878931415831 162.3007381794625 51.95521134066874
128.084404282166 124.9213373906395 177.3830669755329
11.27703718568486 110.1241442272954 187.611748398118
16.66941989012868 162.932762003437 159.9899095357061
176.3925786520741 104.4657658937433 161.0265508606031
17.62353267768734 177.9636424602324 70.47440093748202
50.50666843491958 14.15811768280598 61.65736828760269
183.2695386859719 136.6352314847755 6.443000904124448
93.50964414937178 184.9617709349157 43.31155750769375
132.865598516008 190.1646241559816 31.56737808297552
106.8595175394268 134.515465090749 117.6816481160521
143.2898099077788 87.01278247125853 70.8214168972262
159.7786007690705 63.48366135881642 119.5601286549337
119.1535526178655 45.43222104945603 100.3182117595659
185.2021231128221 27.1960693133218 108.4377957189427
92.97286748671922 40.61376876115211 153.643491187578
130.0487420561568 192.8837214661241 137.2303640461139
157.2725246287293 24.46385794377598 144.3437184261967
21.74911276454333 160.5587606690096 110.2441258304406
191.4099164832014 149.2542116819547 52.25936303173021
2.444144171365395 127.9221486391963 198.3250949991513
84.03676963356901 163.3804334434191 110.2387988017843
0.2204791452015799 158.5721131638505 174.8219735874613
173.1675210444362 168.2544309206522 96.776138406538
197.3129889614582 176.0021208018179 15.21315593887431
23.15326625022922 199.2463463407705 65.38489808831572
129.3348796912864 88.53347191953905 184.9460012497754
162.322387664463 17.48290085925381 113.6301489094685
133.2266773836096 157.7320728967031 85.96723287365721
161.8611882208486 107.3712840115903 13.40237739931536
176.8419565842427 177.1954720162234 5.78058067632827
69.84114056205316 74.62603489634013 143.8748357649632
37.03294003407183 5.334475080876531 95.87378617843605
71.59083555925122 20.41251217453532 81.19089091825381
138.9668141459251 10.61772539054948 147.9738529164369
112.3788251782958 185.8772072592283 149.404455296122
62.29585359215947 75.39006068238665 63.00686925860889
141.1560506440751 169.4596556619099 197.2081013497562
161.1512670789707 45.03667315704002 46.83670375862499
92.78512928174418 171.5811889686398 152.8442076179005
166.998710265629 139.5233875052021 182.4594929454189
143.0812780600577 56.60577419429807 106.0150707757599
106.0051616066351 3.055804616874299 93.47176119176885
163.8158150656228 85.0506169498608 16.14710016956466
39.97151186348334 96.58463939963566 4.94755882895707
60.15857820045195 93.01079592730986 152.6931947760685
145.1389184438383 11.90779847827459 72.45672163431801
149.1201660628969 70.3022414167033 56.81088544333087
18.03665226072864 155.4371478326443 71.83015449097624
199.3500020177977 150.8105689370009 16.11456469182508
72.09460655384049 123.0871154712756 19.38914668738507
22.11215801866349 82.88542487545479 76.73446465860376
167.2657000887927 143.4909029484694 160.2396475796703
184.0742835452004 159.3081749162765 116.6020822677558
49.54802325523901 116.4412823906907 173.3817889548876
188.9388549850871 111.6183070041552 190.4967485987472
131.4139321728384 61.36214099026736 197.8691378877136
4.868529995566275 69.9177578805118 61.87380131543782
54.927596943084 108.4993979900141 17.98488355104938
38.49692424704402 79.68490990234076 37.6682425141769
73.65646411739235 162.0911006819265 145.1116352404609
153.8241547663657 38.51437312973683 114.6190037418345
108.1731626167282 113.2529762127015 74.27601186028538
110.0784988568201 157.1360088284812 119.9125440680949
1.609873728351795 76.14424443846431 83.34730261203632
70.97558804627863 114.5324404123665 180.2192764351489
88.43213101296409 78.05731429583878 130.3232134363914
143.1403874297306 29.08285122165598 7.438083063724025
101.6419781747891 28.92955464873139 37.53917257813539
96.39145963083428 17.17294881851373 59.90537967695776
189.6787730649515 142.6649315640565 162.7633541462779
130.4597958188523 109.1691954401172 21.33911367145343
101.3544344221882 59.29715456570806 101.024698742635
112.2068272166321 135.1437657339593 70.55286084776554
96.95371498372506 64.72524299374257 39.68032428242713
112.030719069133 95.62545446793519 16.65213725110786
122.5728116974927 38.36475143642897 6.838416215649501
43.42627436734702 183.3413839359651 198.7143900256399
47.77423308536898 111.8354129187149 151.3561557432111
13.89011163639934 196.8426848184306 8.261168180087495
108.1349548419901 15.61573501852444 19.86445222141085
80.87484946035859 110.4462402996151 85.84761894297358
162.7562105995976 85.56032407991998 175.8114963128195
76.6721075435043 135.6807878664229 94.41930242227862
148.7837548456503 70.43827343868668 166.5639587296126
48.66017733722262 112.6319249083472 102.6404292172459
86.68583491774449 43.77126592254608 29.43999324348316
17.68272727649763 86.50543223897435 32.21153988070528
154.5221614605212 93.82435425849852 108.9098421094384
13.47236659372723 86.02955158064572 113.6797643741499
88.52729819277104 107.6594453670713 18.04361053001512
30.36395756626853 75.28545159812549 192.7152386357422
56.15423834287351 192.2740615927386 41.73626617053626
162.9022477506642 118.6157782433786 112.3321031408704
112.676078992802 140.3165894425104 10.44193285473818
89.77613563993891 77.45178152961014 107.7981607926015
149.0597339018763 194.1556743420888 85.83605071297447
124.9622008690676 67.06503407208244 97.53768560832337
53.07375216575957 163.0522062543029 196.5336827632032
39.3065928440228 21.01326613323055 152.5827531546012
111.1419179191505 198.3342100143151 126.1678389664979
11.45958527812182 28.08400727885816 42.07749018946384
58.65270829035843 25.23464689025701 177.6377589936664
103.2714015579146 41.17844695541115 174.9793134390204
3.858229957614407 18.66446337131111 61.1308536659262
160.7442005994601 39.206781631189 23.94761307961154
158.0231434359216 166.5434222827335 60.26443763906948
179.5270319862012 120.3426037346495 73.82901331176481
95.55957529017154 84.01101942773695 51.32498270548845
114.0799963035762 86.44899202376892 93.29569238669522
55.9206359128045 175.5390751742054 141.3625699539586
28.74059995257552 115.467858422577 139.7796469563444
27.97123864587644 139.7023424860864 143.0121320169542
69.06121055432098 172.3750949788213 179.540169289996
128.9379944424927 64.75219400265551 175.6901436381628
38.65710643770444 72.67052118156026 171.8822071129379
163.1057405357253 61.61370060543356 22.57215871470098
147.3369716784499 179.7846463139796 45.43344952558995
52.9636727449215 184.8677486246347 91.21989852098463
18.61386666372308 123.3691108073514 91.51500986024841
142.3249787166566 105.0866771038317 84.30908993753421
0.4769078070963183 20.88300401527861 93.06347979238404
131.5314045479494 101.3656606775616 164.1435213033362
13.63861207721676 167.7718534660038 90.21724321550455
86.65959501014885 59.58748853216899 143.1748201230773
135.0993891009989 132.1466700660579 98.48034739451148
24.92151489453816 4.729078124867494 26.30551271082059
174.5620419937133 157.3345232554312 72.64387204700512
80.58406579112126 18.79496090331724 125.112497313735
33.48040256058716 106.5144934104641 185.7443347714122
142.1971978219728 85.95700012379616 151.559365106056
76.6469812907053 88.58596251467398 12.82043563739343
82.01190347948609 39.51991569451705 133.9422272028267
161.7917561861031 16.93810719123674 20.40777560864134
116.3092739172456 47.72813882619219 51.6668054302643
76.66004931495384 1.617171551318553 40.42380848002693
40.29108705162045 199.6291998888108 159.7471118842622
43.28023581538785 197.8662249385439 75.50912159324163
24.58606189873786 59.83192708376406 136.3389688543693
160.0559691331854 180.190505667815 155.5408474521614
63.84327418037274 167.7706534351798 101.1622646077449
19.50074784106822 42.35232185162337 60.24766320367404
190.8787116925269 160.8567994430503 197.3959242052842
41.56660739252079 80.34292653727897 150.8557238750857
26.75262367209848 30.98983369819628 181.2736494895221
145.4481781758068 153.3861939605987 46.91109201425002
130.2758502532259 137.2633288846671 196.6402556094995
193.310634993417 109.3850076534243 146.9157157089611
66.21436569772673 3.658991196802099 179.8086857703957
128.5318537879096 122.2343041296213 79.29262509265999
35.67469158505712 186.3934990763472 33.9004068264841
16.64913450536907 0.2577805416940117 129.7557436677595
188.7876772147097 162.2589808504167 33.99620116356338
166.2987173968209 115.4279780884922 51.23167982902907
59.48704470431746 11.50382140962983 159.7423278621046
11.81514748828312 140.9258740189836 158.7225281547657
102.5229181941394 111.9079004244361 177.921260565364
82.08689259359086 66.67049693980805 56.54932418111184
5.550035852447468 87.64934065999175 175.5158041578369
30.166002046017 36.90241661250003 117.9154039821716
83.67143400351149 114.0461443957957 161.5615303303892
179.1196993843475 55.63293836988832 38.21145569832244
92.91532527707984 128.7360750379323 80.36648172599828
23.09149177126973 33.81797297204077 3.919778532630019
21.49402474340742 59.00701566108502 159.3251285856064
49.10646417637011 132.3024863952446 70.18236495343254
136.9837719787974 46.1027116403814 86.49227129410035
180.1556071299726 73.68843432506462 167.6969568088857
85.50074175660076 141.4620327171241 115.4307343599531
112.2617595854476 127.5416101803604 94.01082183702022
40.90474575502239 28.50223971746234 42.55033179521174
56.34004406138794 45.85764755457826 11.79739855316598
92.97441126329878 151.1347047777274 8.352209368203665
0.7135980618755884 92.53086763546379 197.0148541720915
197.222160827822 7.991180239752079 120.9340669989981
35.76360884954553 150.3841468796971 124.7208380973852
178.8518138612568 62.78231346018969 96.39185008085595
69.06501576990694 8.116243165871058 20.13505659741768
156.3088082572634 73.54516105187108 99.11550361540918
97.73322929584805 40.36915465146868 89.2707186391919
95.71847214196633 21.71771543095453 141.6035984491735
80.34628879110163 189.3820209924297 169.5188988906264
157.8331817502271 167.4097436030659 13.02395202726459
55.88394236285179 142.871528480667 89.37000886260982
91.31587638128143 57.62831080361698 121.1743381633547
171.4414276895484 31.89267956146774 128.4191581772321
75.53459370011439 77.58760475330398 37.908983687403
108.3222626014578 110.9522192229172 32.80432124801382
164.5768769978533 68.28059237525056 1.057011369154616
20.28249796677806 81.52236212508889 158.2781947680957
129.9668507282921 147.0148999187032 147.248135449974
26.26562807638195 123.5949748913438 171.8974424017842
37.33120846598393 157.2210676921683 167.0580188935679
101.7818986958593 147.5808687851854 28.82949276429336
35.34095155121433 18.8636223177703 77.8838043256616
74.11878623407333 186.4413680186347 23.90961338636791
34.1223877765841 195.8672069090081 116.1558124626706
1.762454839649782 69.41908155828378 162.7595691423976
33.02175612693468 77.67273235655379 95.79570838737462
105.5288651529928 181.5426168396673 62.11063789099379
128.252723880874 61.59932943813513 20.21801418814594
36.3224641500011 99.4724953662348 27.03270992816388
90.87583107279036 150.9614745320485 184.7330330315399
169.8258672773008 80.0211835352422 131.5886404667412
174.8965116101727 163.4233280674297 152.6917101507631
12.27315063317537 118.6878134596929 154.8785035630159
24.60947342894227 127.2771350871482 194.1053472573998
76.41913539128888 186.1887450095531 147.5200858182251
30.14649033269889 78.92183248420648 14.99177101254698
153.6834115618443 24.89506171189237 39.91221825983051
174.1728684610064 136.1467738368414 58.62892783686569
191.531297768276 118.0237822078883 110.7873591976995
194.1381979053584 39.53485493888169 33.22568460000989
197.5990505341591 60.7362321433094 26.29404806703655
165.0989532958244 61.68849394716289 179.4757297448884
120.9420858641049 8.528835765980215 37.04608070101504
56.1537005779583 64.6484921727269 183.6759707235985
21.66855277804496 146.785331715968 92.36101587842133
161.7348437829561 181.3149417695824 178.0226412145275
47.90700611432417 150.1481803070093 56.41511063521499
92.47554239777571 53.75055824852404 71.86820404355997
72.94866233946469 58.89022824720924 3.793302508802208
151.8960718768641 15.10397938622108 93.75318750466479
20.54239756955789 13.45998577033395 194.5086778610188
166.1998221195589 137.5905731652515 79.69731694552416
150.9382954758784 138.8800303337137 145.3544209185592
150.6938274337639 30.83776057148663 61.48542896572619
184.3644540059585 79.34954874216207 62.15864686664884
196.6006318777771 50.86880020831033 110.6069233611751
189.352507715426 32.19568550653651 169.4797793728734
73.12952594224716 99.38523250321597 32.32705705273707
194.634642599726 190.6466486277763 198.2451950701451
125.3691668149769 158.2061235160849 166.3051986647822
102.1631340587246 167.2669198047171 195.5129486607358
185.4544118534374 15.15848283658154 183.7603024015914
11.06539028354161 41.36716804453234 168.7924800031097
184.3887075799337 184.2857263769488 31.76214605314045
54.8854420180465 86.69289561332927 23.81667445593849
148.0643325909494 96.49248118976158 27.57116013858634
21.87175113211797 145.3471586010143 178.4413465075328
45.52787713703075 53.66025097948022 122.0414085274596
111.2880193195344 154.8582210597943 81.50270334794759
198.2720776089506 145.4140472540023 127.321820708986
93.8754290299369 45.32333928511558 50.97363159502592
79.04386295010995 169.1554656612942 64.45164265742909
26.99787132944666 134.8318119545024 73.97144958620567
78.15164536938808 41.85634036623074 111.8261979315777
46.93192922132936 65.63469933706789 22.14368037429186
173.6000378579013 4.199691270106093 34.82401160490976
170.826022016704 61.62377398600471 58.6997246929712
105.9389129384453 2.976728794280654 167.0767170753533
120.9659568774923 33.83754721740423 119.5990325256197
175.9007375115589 95.18752094310395 48.48407834468752
94.2032902614218 14.66203890591397 2.129622866808777
171.9559835559003 100.3488609978013 122.013443957316
61.04907987159088 151.2781839813899 179.0027738812675
18.25333604108661 22.45003965628255 133.5608850158209
9.889597789644254 106.6265379477109 103.8872199872345
179.5161046086069 97.65895416216217 26.34180449802813
138.7123342622941 16.19478553817853 25.43288941468611
147.7306568690426 75.11551307369959 34.80048123371635
125.0274445023381 121.2961297839443 115.5139713491139
62.55296844007071 43.32505247198331 144.731556330384
117.0773320948446 23.81854396325917 53.19614067233628
110.2990029620176 57.28929160239262 5.962965691011035
59.31779483617871 180.9050961884398 65.36343361193782
188.2608284022371 47.37647700552904 57.12782369338087
174.9770666421178 80.65822199966031 109.6206488456705
39.46517498407891 175.6193677507003 75.67166743939903
184.3060493642984 181.5955402814827 120.165650214439
182.5658971578211 169.933537108329 54.29202617065911
150.2949346630318 28.99464849105279 186.0296598452586
20.55384614968424 60.34058358372362 6.497637035099266
36.00254365276315 51.47186870763137 101.6934504223947
133.6395161812182 4.470167036903462 1.427053293439778
122.3946798728004 6.813763086466585 108.5312931370806
166.6742539926532 70.51094531954838 79.02836380335474
126.0818204087407 179.4125491256374 53.02470355896848
88.09998176367428 129.2059634860117 179.4117935958032
162.0038929499746 184.2502249593122 28.86548026521292
67.20601016629263 32.72490213865652 26.59593437733965
97.41867284100445 144.4379026282016 95.94640972450175
137.6935850400664 176.0290263306169 150.1530747471909
50.70029916044035 70.38660127294852 107.7924794556673
92.65189189942326 123.1725499384408 104.3006102207684
193.6873500076432 57.83704298043173 180.6094935720921
38.91548779253768 116.4805501195193 82.64605698812704
139.9965411807159 20.4712263042872 112.1662219809003
157.6253461197778 134.7170794357919 43.34632469009068
19.75773934404972 64.305733281641 28.70350419010985
167.8249124171892 192.2256841123016 131.3407390515856
166.4010025919774 32.1705310035989 96.98151660483339
11.08861615520126 121.8413063056058 38.70670888155159
58.33442960738327 64.53548349919562 87.37390780356448
72.67696489236495 174.4885380983947 126.273163387611
10.6889860691985 43.9940111430596 126.8486889944603
77.80236160330443 97.95077230416072 129.5339561440353
65.75586816541455 198.96124425797 77.28367376721992
46.37996221971743 118.6594981896576 199.7296751832878
180.6674572386015 118.803717701589 34.15428158405468
143.6932389068317 139.0641649881394 78.78991177985239
45.40143576919446 169.7155754503888 16.69062544673553
195.4831000537685 82.41506243150872 32.21920735378107
100.5931963597061 36.7984276754506 11.73710861580781
41.87008296559275 96.88876742785226 135.5033740646531
128.9293225591365 67.74283757413801 152.888522575377
111.1507483843282 185.8935090202837 107.3364424872329
174.2270663482778 196.9463493563207 190.9436000715017
196.2123880908537 5.113397655395897 77.4852834636085
154.1297621877123 121.4655918550303 69.2566964458769
144.0380842543746 105.4803723649409 182.4796912237952
79.69787273937817 157.3640490850991 88.91852791758701
71.57593525593346 108.0452391483707 2.565460303454481
58.73581394405608 8.15590332361195 121.5536132744612
178.353489774116 30.3621086964666 149.8536539070182
86.67885341351803 22.28534260153674 21.99950816315961
147.073822890738 149.6800362730757 188.0835302367403
95.7181878902138 171.0826024325013 79.54340075183579
72.26256947168768 49.37618997048129 45.87513411034931
133.321534728293 77.06675917651889 132.8052930535782
62.94300528860855 101.003862618287 75.8789742900239
164.9210139514728 22.25266378967 76.76039547288782
152.6517176830694 68.89556606457694 141.112324557059
28.97474718126227 67.74987532780433 115.661507660867
144.1073207807257 167.622688310753 174.6577288347633
108.0277359779277 61.36883402631973 183.8803448689137
127.9019050237272 10.63474256844658 86.97622131445146
78.36597135288575 70.05039450581158 78.55503752380842
44.42452606802102 21.27425698721829 110.0454918185669
110.1936979077883 170.1347431400586 39.9470695762769
38.03124961658361 132.5057184487817 98.51921106866689
25.84323058691713 63.05825920509951 66.61576311519354
156.3814429043528 3.235179573284624 178.6358049513791
105.176271156618 120.4155607380362 53.05507653473037
32.75971171730227 164.0199068265714 34.50347388178995
110.8608733540317 75.61964431453104 131.0776177470117
88.16687354011538 165.347765396004 32.05044271375775
173.6665488519398 77.28785482749959 34.91460704350456
61.35640966297967 85.20224435637924 173.8901711411226
135.3904767518352 126.2601130196065 134.9421906520862
111.4766524946198 99.33500606515064 194.3926500936418
47.379540600684 56.82082447829121 69.2099902728674
183.3347815226448 9.420945111953404 59.45476540993921
30.5356509482331 131.1118267106372 30.06714909151147
53.76188116061367 186.1383247441107 121.5514850307783
113.3894303583062 149.6133055994988 185.5982125361288
10.75726654761338 164.9100219766625 29.55435413222843
95.10172251112382 185.0748279367719 134.9000968232671
122.2370647307098 74.08900646156862 76.26000710462364
146.5820669686829 127.8697425634579 9.104887010794073
194.7879376613792 172.4564445805419 101.7128677247966
103.8542292188093 18.99018909640719 120.7248282129479
25.07448875324867 10.2019614585463 172.638036443505
98.6478091033924 6.696726872612468 40.04063538243577
184.3547249934687 74.74100046139277 192.3012979761349
143.8149020124717 155.0939126667578 131.35816051495
36.25847044111854 193.2545999001387 138.4729296782072
68.17584401235013 58.96454225650561 25.8542552737105
84.23786503037203 99.33350128746777 107.9423274976963
103.9813305456255 165.6659814200237 99.92207880015637
167.7608005476498 122.7994362532943 197.633641440797
86.61652649075074 88.73847669644717 88.1545191456057
199.111952306366 12.52497614210449 1.538185256915003
116.6876458634129 78.25631267748703 0.5648802129156699
53.66958801428318 163.5765527260187 120.8699581105115
39.61305544128599 186.890090758803 56.12000588959937
5.186519855495598 20.57727809287493 21.73249427332451
157.2806963655191 93.44541172835781 196.2395264550366
110.4238574773696 93.86002884159879 166.9084087736039
94.55422426440218 89.07396274296966 29.34956571766893
59.36016739032809 110.7206562246563 132.0160112321742
59.14207433468957 187.4150980701476 161.9974450306493
129.730066369667 83.7810158613197 24.13486060763704
147.0350750450885 51.10196624313974 10.52822009014075
50.50010043846567 76.73098932166089 2.81472081602548
78.3040791963589 60.65948660737322 181.9367423579676
70.59123581312288 117.1892613981571 105.8471829460381
26.17414609780503 45.20493912631358 38.87682463976285
136.7010992438305 94.38253457083799 5.465955012535304
176.5993345543401 0.3346330890341145 110.2152382663482
77.02064146002924 60.75983156006492 99.5424854394762
26.05966330692889 20.13844477092603 57.34946403577143
156.794722296925 185.5515728741404 199.6368438903811
145.9577963457062 141.0193720739147 167.2675113570505
114.8872981701839 112.549095535173 133.6834560573707
131.8807442011505 193.6470340321305 71.2024581347557
183.1114634559752 177.3578370529294 184.0977067367368
88.60049952476868 94.96458001635229 172.5690160558754
143.5960839461372 174.8392059794367 75.51378147945078
64.51411417677781 27.09585022593155 101.5564318051075
193.8354573060139 29.16265248867088 129.1974206072765
141.6425789264069 151.121492203987 10.36125412021106
6.641954455660976 54.08888848170637 45.87873491704381
146.7411375798708 174.9041631916595 97.86628994918757
146.938027873519 74.8867603124976 188.614982584915
191.9709265160806 110.0325620449871 89.68054423267508
24.8919547094186 104.235231121705 120.583171289501
29.66656665283312 45.89144245155473 80.76008886858169
75.2790373198951 41.78256177621403 87.44820755402924
10.74121265454166 127.9641968351248 134.3590801901795
121.4153609855163 177.6536909043867 189.9491209130565
119.0562779879905 147.7370649187874 101.4621474034491
88.96062215332483 6.270276198532603 181.7685277276661
46.03918204984499 128.5426955515987 48.13689928919894
196.0461317491385 57.48577629776913 4.010444753389892
91.74768623368331 149.9051915623907 71.3474863332636
73.51398686370965 178.8759761672118 84.05643535680967
128.2024199165626 49.60909539984387 139.2866129259856
27.86521139615651 145.8429435520741 46.96192190379028
27.77831703407941 99.3335388453613 92.21004071401694
4.51519073889736 128.1643135528061 175.849089546237
88.42703795796314 109.8439320591598 63.88355997223123
16.6907260619838 97.08743253312302 12.29684453672384
94.18679494534177 22.24467953813912 166.7028728110599
145.1176975109894 52.77444459203772 32.95772674220375
50.81760369851818 130.6930169291566 18.3043457107075
159.2985735118114 148.9290318780058 25.89435751073262
3.51508622027182 195.4410848075125 157.4018784290062
74.15107740792592 28.76328438450637 157.4951989551599
46.64983610972413 128.8181724163486 136.5273793722317
55.29734114175344 46.26437548105818 170.160824436792
197.8304412351623 128.8655392429091 21.84270540099012
154.2218167676131 95.91257979676155 135.2562533180743
171.9729590088902 15.56257548708076 165.6598027608708
75.06220050772497 52.43028076431985 161.1686291337062
103.0007679908321 153.7481056983006 165.89776091
189.8595886412305 140.8058173810613 74.17718890418804
61.00546190025145 160.5271124741341 74.92520830717051
91.38641941198877 0.337449438187622 19.63694954892669
0.8875849672064314 33.75232002740802 150.1407170776448
80.02921076068665 197.1697028696989 0.3916449912073496
160.0101465068095 91.1059925107883 85.42442971086176
27.56049121630576 100.6533511841852 63.92111477200021
94.11281929651129 19.21906175158984 82.26898157808951
101.1693778143965 104.9486838176341 94.06192922871671
108.9999064528213 59.12246000191875 146.3730602920904
121.2470302985308 199.3610119226437 183.2643863110579
4.142866178186494 180.7291021420304 176.6259480767065
98.92561093575721 127.7133375761149 139.0116574535992
100.5860861312962 39.39043071615133 111.640227012183
18.80208340233149 182.7133515188705 48.4380994477882
100.6094213476496 71.99614090472053 82.37753235166913
15.28347401443932 5.008617771945741 107.7307755973041
45.72066854792845 58.34989291184686 144.1214619298837
58.90355370044102 151.639739178606 15.9748685110567
123.4181963886223 108.0496992014654 96.28005483099277
76.92662667593284 9.839486786931365 145.5083523022707
68.39934341828675 81.61948033864552 99.41821264605308
23.58827829198775 178.2694418229898 16.6551695141249
85.22828923002847 172.2450960337309 10.32433544127816
17.18131770461014 7.769723902222717 85.41095925687124
11.13415443216654 175.2664006061136 197.3826017991523
91.627496522621 163.0349565304163 131.4934226416298
116.5648014975376 176.64069758762 129.2370740816033
145.051930431883 73.58098461289181 11.06962470436029
82.96970824501267 33.84895631783858 67.06619817776851
59.50224805693168 5.379021795051259 98.00271104060391
21.07986005878222 7.852520245445375 150.5458981966987
199.5283365972484 34.80438178521361 5.146437320456454
42.28624227533786 154.1219925147407 103.4386626082872
79.79981328447786 89.16927118578798 66.64000886863793
160.0384974804429 2.721560345007619 149.7451559537815
55.13939601686982 100.9489226128518 188.8163813990555
134.6120636950235 32.04129145497588 153.5810345738679
193.5637857566988 175.1799633954067 157.4727918613725
185.0763580802719 65.6772084040238 123.1530833301125
38.24759104752438 6.171854611772646 44.46774808872492
74.20605852537183 20.03826445299084 193.1486604215471
193.5355852200768 13.57177836858397 39.75158402554284
39.15038034494734 14.33138742118972 130.9253582670434
72.83309876474483 152.2750890293262 198.2281871781591
38.1606867943044 176.1792327849387 105.8795344646274
187.7005909783241 26.00925672918523 75.07258602793485
151.0936222964981 1.246526505987083 38.94685363592929
105.7393816419752 35.77804429214576 68.62104356810042
181.1568225543184 124.358404091683 173.5663112687052
68.18207043824054 129.9985300487962 124.2742173479504
25.93449423087423 121.6161953754931 55.70816677632291
25.85609314594043 24.85731186084021 97.71995792593491
130.4640230340122 64.48410477695586 45.51416514791455
70.8776340598268 78.78015736913062 193.3237501381603
55.94105609961048 66.4966410755782 43.26162639002657
148.2113214828491 134.6530545558737 118.3697729572311
121.0716949261454 174.6898394936527 76.97694240759797
162.8317620703156 38.65610776690588 163.9906299063255
3.527648887613822 122.8449155095264 73.8098232712764
50.94743064191343 46.6704763447212 33.70113658111725
110.1258191727338 160.0826965499881 144.0899053140097
118.1792352043919 131.1048547249842 30.30125283633553
130.49623669756 116.7372301201202 42.60608149934357
65.18691103576732 180.558807025945 4.032451754415153
5.102894160033095 16.82239564921465 164.4634732418628
92.76692396087034 47.99004010361463 193.7629988858156
4.266619734198652 55.50743732955271 145.1655166064407
66.74161005258343 156.4391010844843 36.58997611276891
65.17045760992227 100.4139258442904 53.42539182871497
136.6881344606787 91.09058445767873 46.30524854101061
115.7689855897987 81.18344667130413 41.67884172246634
128.2519508685463 13.97688874425833 167.5537678835744
170.28789088648 0.3673911511048812 75.49632543454646
173.999487162916 29.88592280658354 57.55696672520606
189.2689369662659 141.8547476445299 185.3178451817712
181.2456719667209 147.362974540847 93.98547655861914
6.490880965883938 143.8170707346769 36.36851723560956
129.5742017089137 183.9963982215483 10.0181332319099
45.74745881083517 89.39328133781395 56.71221216736251
132.1702475377713 187.6528864472536 115.376005409839
7.603764044000425 108.4962352762928 56.86866085516768
23.79555759830259 191.8072003023904 188.6121443888926
161.0550650611298 11.42596370559611 56.45751730202606
87.17089662289884 115.716753639013 39.08664170214234
166.6230807049571 107.4067929799763 181.1619697246201
101.6608752648816 91.80712039068548 71.61005533918924
180.6754502995016 144.7254656439385 141.4437852354931
8.106705535884689 53.05851858277439 76.52918670977007
86.57766653531966 131.7848642774723 58.91653008136472
22.33116657916824 40.08708475323523 147.0426929876967
129.6552021787932 33.59932707300036 69.18591296227129
77.24906199393419 196.5716068273813 127.2511761441726
96.01838964043831 59.98586095688418 164.8192923608911
46.53294977466315 75.43521445261462 129.392792898163
24.35862851779785 171.1250307574696 179.5649430553673
162.8360213200361 179.1274532638064 113.6464086519119
150.2084243848368 6.130809414500281 128.9237821361719
58.33501615490488 48.72160984131553 103.4794437594954
153.3552252304526 51.89351118157112 69.16795127698647
1.913074190650187 150.7887480481458 105.7040635828761
112.2943283903762 29.03260851385931 155.065619969488
183.3649784744938 22.14999578576114 14.53572503288372
91.99717335969363 116.177277900252 197.4289261882061
149.0054414041266 198.11494066773 16.69042001607941
16.94896846824051 137.0151604184752 13.03557584235478
46.72182057186942 146.2892554767182 34.20805608299352
183.593349647133 74.24709617695731 14.85602638360452
13.61310550786718 5.240873231437703 45.82927537077817
90.94259872252404 183.9269901481395 97.48012290262569
78.70419812714088 191.3623348923593 60.42800352017004
183.867010667711 92.91600893553438 178.9234330174241
3.458576909689456 107.551134949955 126.836895939836
81.08397101845938 37.59261075427246 177.0787673331771
175.7050006209882 26.67002975928264 35.28177093109283
31.69346183298942 125.7484452109247 119.9009637164826
58.0862423480033 198.005019179471 141.7047188058157
113.1836044200113 8.228356136706694 146.3538805478665
191.8820568686139 95.47157258278848 111.6832904203526
0.1691181760805122 106.5614757196596 24.41484624289302
154.9903773297016 11.55505680025216 199.570524052697
94.68368035521245 111.7296772965087 123.6500872518743
123.3762770805816 44.84178653297873 184.75486643526
166.1153342620684 59.79201563591745 156.7757754145235
81.56453849060149 142.3120892312723 137.6416118995072
128.759251589629 113.7316070504374 196.9755367742468
158.498490407068 171.9280918520109 134.5944622499907
51.02905181311017 170.0796657811379 46.29370160005872
59.37588135209007 147.4367516404753 135.5819805556989
12.45895004342263 44.39613435763199 20.96675206194881
176.5009822703589 125.3553984361782 95.62572556211174
140.6560244007775 187.8653385878952 184.0301256617055
126.7403549305774 14.32648684260325 129.3687586598743
176.6092961805334 124.910937863466 151.4624433459076
186.1387538381763 196.0340844529192 171.7919754278327
151.0799376499562 197.5697756217487 108.0571878357686
14.86061455377012 64.35661307947423 97.3218693671075
137.4276544768471 14.22395916721207 51.37185338379462
167.1052766608677 178.1031171192252 77.39137574600369
181.6596124051615 189.0165339296404 91.35079833356481
10.94342013843563 129.4956485427072 111.8409016596454
40.85946575540085 35.86871749496658 63.91281053175575
181.5679932908909 85.16074669322769 88.5051457156236
41.90907749791804 158.2146003856688 144.9780532335372
67.61180868451078 77.60464203925116 121.6134652417555
16.90463117776568 182.6024746801269 109.9365207963385
19.10770284877972 159.5422788920971 136.8976471684301
180.1782146293054 137.1775558203045 114.4959900281285
151.8295516691 159.1720448354531 155.203619715817
71.04196525360236 188.295218662539 107.1905514732143
57.78515810079051 23.6182921191489 8.216096613121193
72.45993557119431 176.8730651491197 44.28625754150152
82.73989084102223 92.59601424296349 150.8990669547667
193.0519705135963 125.9293054265007 51.64897709933071
39.81546216039656 153.1109936495689 77.27679096357026
43.08274829164918 137.7631969889999 176.9912262938132
166.3929904444467 130.6204212140496 131.1245953498669
143.9112649405062 110.3884412827546 121.3409238135321
199.3955432758435 155.9032833681043 147.2770819346049
100.9303899289578 95.2964621962451 137.807979454307
197.0612356435759 191.0736239668089 136.1972011720743
154.4282915889218 122.6053912540007 91.79670718876095
145.1001025827485 52.0170178042411 154.0575749174959
52.44795756518896 190.9747546154107 19.5079154240209
69.50666862356837 51.93714224202255 68.13205468956231
11.82009438046156 152.4354907993584 197.3681851461461
61.02061019359609 121.1853134896875 85.80016924530136
5.004075254552808 77.8533365439355 142.073853932714
186.7160459391212 186.1001600761671 69.4898418630808
87.38629320962636 22.76970828299954 103.9521284293315
189.2614924583202 41.47880210776521 91.43635179804109
137.7059929652168 85.42979634130074 94.3983329062136
139.2035773513545 139.2715438043464 29.41830480558341
57.81745455229961 164.5172653227263 161.0089012131083
128.3072128467325 188.8765152558728 92.97497084626251
164.7266160625726 84.02167075483477 153.230976061215
71.28802035444318 140.5215548222849 73.03889853179663
58.63968969636078 21.69006904389664 139.6183688447806
149.0121958602857 118.9427248850531 29.6940178538722
121.8321534562447 159.8680171539091 3.849769353751154
69.12866291531783 133.3587350832732 167.9049099883713
82.39214550398819 137.125004772482 33.75770063037854
181.3174142335417 141.1567531010634 31.1038244785699
64.31914184048195 146.9673573515404 109.9025185136107
127.4296426640781 142.8289743753375 121.8421120434971
172.9870938107138 102.9290473252747 99.6130695549414
62.3982800215804 32.9559298687394 57.81731842545287
4.908970420507639 26.55161579750375 184.8302248960197
108.1771351300698 132.0782020183979 169.5093772566224
13.90355997288539 98.48695322670302 144.7018633094677
36.74460812528763 147.8139312235845 14.01970197155083
61.80993726799343 97.89544355581361 113.6027593408581
93.31906927486538 70.44856886035515 198.3966558567167
175.7334010338509 98.28318205681087 70.90521892160383
125.3769903244662 181.899849464479 168.1360727317833
192.3233076097312 2.078566435929785 20.36117472175443
9.393231148903036 26.1202300808377 113.1265552817392
134.4842501940187 104.7518921420099 141.725995486678
130.4457830585318 144.8328963540213 61.44693852337426
5.125241201974322 2.66412026721573 182.0452954887254
156.5684354074849 47.47930788798481 135.152766222526
84.31432472964775 152.4775218663319 50.18966918615214
183.1420535060307 114.7777154947227 12.08133031194894
143.5958922403522 193.9774866544978 162.5022969830093
171.3211990089137 197.7446345699238 13.31414091856915
104.4048376003419 92.74423569253958 115.6504488455567
145.4611057292133 49.39158154748903 176.4751505441926
11.1307728925077 47.48791636352711 190.5181518067762
79.09246891848071 154.1505250606866 165.7458961582385
140.337544607699 32.20481586717392 131.583823365861
143.0239510255654 67.37126475111846 81.94268139985715
100.4932569402405 78.85922215061558 153.2727083440747
58.90557666174793 35.47996447933324 121.7506498617548
184.4814007293014 48.06088078890101 137.2546389042703
58.05193142341467 2.299184817841284 0.8059524916811327
178.9301975779545 94.78061822587404 2.492049679955456
177.5665232980187 157.7581184674004 174.3772178447196
45.55558286874328 33.83995003452422 91.33092989412452
31.56739220630181 165.7303431217452 56.97997697848032
106.8330582448094 66.4631647610417 59.95943057201281
184.1879512573109 69.95986127183193 145.8021048019502
164.9730675004709 32.47889052024757 2.82051007594882
93.3108877591882 129.7093345447034 15.44865951967781
123.3849842699719 96.61611084301516 75.41785132628912
30.85601666728622 164.6504977937241 0.1880988992623602
64.84369997221545 118.7973596842587 40.3310889123883
44.15198007551736 78.05289644367382 76.16304645448514
66.75291395230504 126.5013273730959 146.529474847743
50.20977913251244 140.1729477909827 155.7090974718026
162.2352314420754 144.4440266210982 3.967490257457956
180.5391903883143 47.65559823383099 17.14216585737651
49.79540983411795 92.44009956235155 92.61606403978506
7.64024879535343 66.26072068682203 122.8850707625197
174.3374760228414 47.70929351535062 112.5767625434436
166.6456362359079 128.5926022492422 19.42238876977187
36.33599966867597 3.143309250284503 6.901105091375302
189.1152433044602 91.54520882672259 133.739195960201
87.04747209466781 69.91235617155341 20.07299907350892
25.0664579955583 82.09530814069184 132.6441665121924
172.5269796330411 190.0609624126417 52.38653083261241
42.29159861250663 37.02594527699441 136.9541049865464
177.5731063766461 156.6695833732452 15.14122320552837
29.9913474639558 53.25382896005524 179.4563160528681
8.091108886742834 71.84726680766799 191.4331654122585
0.3074299215975466 12.39687097685907 142.8543984429886
93.30846524181855 1.026765767598302 112.0255917086781
109.253947013512 73.73252356613125 21.39224090201126
66.5404721870505 138.5882172700791 51.05549682780038
134.8646644053363 36.06182620427457 46.26892464972181
26.47101508536733 27.22199944779036 25.24183390745212
197.926893173779 132.1604308047445 93.59339355033013
41.37739685657927 56.50366317406313 198.6726222690675
111.5219496209519 191.273875380292 24.31275781447123
131.3235510345968 55.93685039907535 66.38854736409543
89.20590182564152 135.6026175524652 157.7942567733727
148.5503535701517 127.2033969430475 186.627880995479
188.3981298029514 125.6844917739305 132.0965741894317
15.0712230181107 28.92524632232854 77.8399461743734
114.8248742868218 161.071059721034 60.09302794617359
42.53173438382836 19.10967440379919 192.1981204888727
51.4190479273322 140.5751795928621 197.7792404983895
195.1363526656432 192.8558688624346 49.66537206072364
159.7418813138113 123.1587842321582 166.5302863823003
187.0370368512566 61.02587175672404 75.06563543810884
9.856469035059353 101.7352730612869 78.6964568255151
110.2745073661081 128.0839160865916 191.6236296966053
104.7218013655765 40.88207672746145 133.781757339492
67.96768247513641 55.5855367705457 126.5686100596602
128.8520758186468 23.79080123282928 190.7840830227005
192.5994706359906 89.25394092215858 157.0967245432823
138.9503641504407 121.7361014180303 157.8553874198236
89.58935734726379 93.85492467010529 195.0932017243501
125.8772134599803 169.0781725151955 104.2022613828458
73.21697877559357 13.24868664161476 59.84796193876152
10.25134249504151 138.5407008427761 59.04479247336774
154.0503717850127 101.6688872512322 162.6118459968293
121.5467565102519 48.43417654069422 161.9563532944232
149.8873513148379 20.20532250752778 165.2447160586047
92.70450004931483 171.4375020174482 175.4148431534223
68.21371294717814 119.8777266439469 64.44341730019275
176.6754756075274 50.14537160787959 195.0415383342453
163.7282936050346 150.9075888782502 121.593989184722
159.3930030740426 52.74712575924396 90.90063996515801
123.4339895947347 150.7184770345733 40.813153340272
164.4387151123661 163.6214848681087 191.7764394974893
42.61461316247914 95.86462458040073 167.2118978714508
105.7848690957924 166.9972792437613 18.03423301785608
57.70460023370317 66.86233204618956 161.2508362127344
179.2721707711154 13.27249872191233 91.69143311322527
11.38562332634127 42.09217846720689 95.98347085952923
115.5602020573952 1.794355656245471 57.90730933282818
160.3663605722029 142.3544001241596 100.9767733885721
111.5635911562815 0.315440324769285 3.630363130947742
197.6666785099636 107.7734238261899 169.0057786327381
4.059381229263417 168.3741500527811 121.8854115558575
34.68443499819404 47.06129192542656 18.05265509130881
196.5063223780364 162.0043891570481 70.17522724377645
140.9336069518231 152.4218074658575 106.5071520620914
