3 1024 8.068503487764128 0.6499999999999999 1.4 1 3 200 200 200
24.09543440107864 145.1447540979634 163.2249227167125
16.26332264007127 14.13965118875373 154.9140267163313
186.8953904599919 37.41282778766183 17.96826408700889
12.95340377422604 70.94361718264844 103.7846658021413
26.425845339883 165.0486134023451 32.434392764173
60.06171666807077 48.30755926951805 104.3065261848664
111.638815967462 24.71167963106708 160.2503927832542
55.63635830903242 75.19777387012644 92.49453074489486
107.7041512733432 53.00151864859807 43.63387308324803
192.7150966708022 42.19754687420741 3.206900967777407
127.6838593002068 101.8625822819755 198.7638554562554
160.9085674035806 163.6764543096768 167.9895401985602
103.6590420822782 182.882184106529 79.73317930121738
115.5839705147409 77.91759695415666 67.16014104367559
1.944435711111986 59.32220216318282 52.75048438487543
46.72214498184282 166.6053636944582 141.4963987799806
40.95234857718668 142.7968321733125 171.7183322287839
58.08169874890547 33.46357212471138 98.29686323692729
3.982003523013991 115.4475242517023 89.72226400576007
196.5638347733375 130.4627778329978 97.23724845893393
108.365542787608 145.1040443035194 159.39779920546
76.07524986646254 146.2639592349803 160.1507749821973
110.3519576394364 67.71235487059469 122.9191612551252
135.3690790758621 153.6610428301617 119.3684544601785
145.7698220228659 179.0397085935356 74.7652391987085
62.25755340133401 175.709134992632 182.2132416581295
136.8883118536491 21.78445230182155 1.111400210351885
94.88228905543049 43.56378541549412 89.35038633572715
64.22875519667532 188.4622539988588 19.00371807064732
91.6777301009875 171.4329402684068 69.89599630535386
30.28389995544479 139.6249018833605 107.5797354620524
47.18174318915777 10.83238936666405 174.1354118954769
28.86804224888334 45.56002918553453 44.68652426474778
156.5259021093607 180.2077375099403 93.80376368000685
163.4963072056945 58.78139217730882 103.3131654246395
190.2184068773313 22.73773123815803 12.13766317149243
101.3413143331793 145.0427452649923 99.61841901628765
194.8840328082332 21.5981958135033 131.2159929248672
121.4409589528332 97.38299915905391 184.5741347119956
62.88387264907389 25.16986413208956 50.23796369454328
121.8660257021456 63.1973819301808 133.2826212419457
0.7576386685168254 28.84411436816329 118.0481651816948
20.48666490960667 55.31781871487528 89.41449344029705
54.36084647485232 123.9644440168028 31.08148124938592
12.60355846168301 53.03679892724657 144.1139157677954
146.3627466192189 15.97423749656768 47.98577600296498
177.4686424795013 38.85200885400698 56.49644726551941
62.52519018066184 194.4740223792538 116.571278460959
105.3902302490495 99.95002857732807 47.91614565425566
89.38134475091471 176.6996664912621 48.4914793774353
199.3840857057683 162.9630581217046 159.8909640920141
5.677498299840418 80.35006157439652 170.447418938995
189.0741161952917 190.4129795288283 4.106926133978798
27.85878640050497 137.5751504341768 182.2572958733193
52.65100449488477 81.48612828864111 177.6029332728075
122.168330594769 45.0774599150668 78.28567725543815
70.51137942601487 55.10872972206589 165.150421032673
103.6077718544303 131.9837616425663 65.72014902317893
131.0936573227611 109.857123383893 69.9403064992031
92.96959368702075 178.7075232809507 167.1416409506374
89.70976717284988 52.01119436258512 76.61270603811454
146.4761998299832 68.5086702045168 13.61591863747812
129.8339567271437 108.0072376227015 110.8688117467642
101.575824939561 165.5475205853432 34.97549844054443
54.14593229592856 97.77515002153899 68.02519595679861
144.9464350749471 167.7765538385607 63.23939888128477
164.5536569298948 193.3546340793112 182.5294693983334
129.8210760877737 38.41816162289626 95.07719416710665
125.9427588231459 172.9989452373191 87.15688262366982
6.637838156278701 88.57245756521637 75.33393087681051
7.120729341060751 186.7886027580385 109.82868687224
65.58727175166811 102.5277562994768 144.2622601250545
107.1996360605616 51.07264966046888 77.66589323171254
117.4858554437462 65.80037386363225 77.64530985769642
37.26945714588378 36.25567891503957 159.7840772731776
126.3125118765723 191.5999004808671 184.416025468559
183.6037383264242 74.71428873722395 19.29135100856213
125.1302168865878 74.10353034167437 121.846770818862
20.80922266584799 74.80092518808424 171.2437698062621
157.8263872750549 119.4769798813182 126.5222829032201
86.60372247416073 122.6540928690186 24.06081711180867
88.94998211021591 180.0997379704994 131.4844023321536
104.1093589427119 189.4363913677145 157.1511569117729
151.465878518051 131.9992490439804 101.0198859597193
39.25630922068498 27.62966628746376 104.6041162687382
135.1012808607239 111.526028015562 34.80222126892943
105.1739369594367 117.3357476880172 97.20400738172413
120.6492001418321 117.659266822252 101.7657191790795
160.5187358831117 56.0950770747706 189.214739581534
183.2768829978926 117.172792135613 116.7461161328844
26.74702770580127 55.36365074820321 190.672380963067
135.2154518180949 180.6363270701218 62.66392741849389
178.9390161225727 2.86803222902406 5.697565765837057
40.58978597706069 93.88076066805201 93.57931067523377
83.29661354521123 174.4426694673962 83.38253453093439
185.7169221787658 133.8927306369844 111.5476557094436
104.4604990370036 54.11710122271145 183.686996977807
121.2459439129711 47.18447491131182 131.3904699520506
191.81602924986 96.49599085829196 36.79582228876222
85.89623121056857 8.272311809714486 135.2515836778311
88.87098935063241 140.4949180403817 108.8013122182781
135.8244451523481 101.1116500702349 133.9446807626325
183.3594930670143 24.56066067563437 87.67509778554597
152.4346286645658 3.980951403560335 176.8498777312695
74.75255394615716 115.6849960037397 178.7469122346133
134.6623286520866 98.91308784724714 81.24865279388909
65.37657353042995 86.98572524196072 41.17414169126468
39.71551757323839 176.9260761019474 13.80185595770606
56.20950847358419 38.24375791360637 82.99899424959733
69.53844449906052 142.9642160377115 174.5305088046538
17.50169597992599 33.43730584235091 19.54183434084601
147.1964452665541 172.522159645673 173.0056608260449
119.945132194057 87.7158685356614 199.3520433305594
164.8346764978268 59.08989012922134 17.96216467398577
145.6276332329619 70.97589125083621 156.002362726273
195.4821011589406 148.3450376766817 18.21951745746632
163.7893446639498 44.82487701948941 113.6590053737192
132.3252492241332 167.7649734949404 73.29262168467962
102.118457549489 16.5207722173842 135.4922405344182
21.06657024767816 3.326844363797505 5.031785149476206
140.5407195167997 197.8627989641043 28.53737248333936
82.81865172620165 106.9402806968685 189.6480779449498
61.81735798485389 41.28281240274293 50.36670316569376
77.23371268952235 91.06542454438019 31.01833187626778
183.7669339311927 160.3237243375926 162.9791448164531
194.6242870501295 104.5628650187298 182.9176184027465
70.70494866725541 23.42691164651593 98.84010414927592
38.963516260245 145.6660118711518 190.7200003756691
15.47438550333778 199.3515966214703 52.88191709772914
50.83336272594619 117.7790253855391 160.5398000330255
148.9621503271889 15.65228639003865 9.881987971533414
181.6617536469167 145.980566067569 26.20741954406531
178.0109990290138 133.9765396305653 97.36998135820542
20.77222896070547 132.610580991156 153.6202775997267
161.1433959423591 134.1861219417768 72.42574085694926
107.3153022871782 198.3882316919709 116.4863521442215
78.6146045675778 94.9198983514504 13.14567306092205
20.59171503666237 1.507456235340885 37.73055092140525
108.36110506963 35.14319190677891 75.36386490716951
110.9834876939314 132.1119556880232 100.086350151938
3.119375486051399 1.5888105064624 104.7957393088288
52.44344043478409 181.010871343307 27.12553189183209
38.16259579594412 140.3017358583542 156.0228290115184
48.25782659083089 113.0982698048373 41.33117125916278
7.915584023546246 27.55845221693824 52.36344357825102
132.7836614126101 17.96157910469456 119.4417353098124
196.6529017037407 135.4463651966645 185.0651755185494
151.209502071417 20.06674414403727 177.2320115148242
101.1519239081596 102.036693636187 156.8571058012372
9.096289237486817 7.834040821883968 141.8757407530256
186.1034774082462 64.35650788006171 123.7329977720517
70.80620281743251 44.73318169206928 1.774735032926173
11.06943355095175 155.3113090059078 7.540110072784878
41.64501781818397 169.1683043834349 29.00315787046913
19.56814330962815 47.19406997019098 57.77249350419441
18.36709472244315 71.00499568672566 118.9862659413645
88.48613570173335 5.621190626316611 150.9549988943866
62.17951011556945 57.92099912795586 198.1566907776138
5.854724780960148 163.2562804816304 57.59532803089046
36.53575594908915 5.00518354326439 0.4766880904807679
198.1144321290707 134.2167092551502 3.479281603901999
33.41354234657118 139.5073419882106 55.15328351884599
56.21923520866469 176.2782425595384 11.9963717900306
107.531806093562 90.8845418397644 189.5420358363658
146.1907367595531 12.3100903096343 128.9039938838417
80.24116868119364 44.32934599636506 15.00138941908835
105.8303850194444 94.46185595382467 173.8989408545468
55.75469773965181 64.74590636818901 18.05357738355145
195.5146674725606 0.4095737797016866 55.73362637051454
164.5563123755495 141.3352607601859 102.3890007807033
12.89442837268039 126.286724669148 4.921471356805577
166.2784903493122 192.1256905307309 98.62963412883514
115.9819671287234 172.0242014733757 38.27883713811506
195.5148594963521 96.95463324549262 168.715627505586
195.4717079001833 151.507296062084 36.46524524288441
109.7957698074083 73.05277645781035 138.135846348789
167.6429568514212 150.328154533872 19.50161920079425
34.52226286914333 54.98526880788968 56.50091876150074
14.5563164519148 60.07558891734016 66.09994460726759
73.0208332202522 99.64609845674913 179.103410552157
176.1025589608818 160.0198114702619 68.84953463403387
65.48314912407425 86.99099622389963 185.6912166113974
55.04330099193489 12.05822776615689 23.56020950631077
156.5252184049689 123.9481005376447 165.4943764211812
122.1365622291761 76.54924889177876 21.96319700480281
171.6990641868444 48.11126824886465 68.38664275374718
113.9546539877929 128.3539375173172 189.5855825166441
40.68702222736638 186.6018175330985 103.5218230874844
132.2681093255191 182.7885124950107 38.39184707299537
173.8025480862836 57.70246466246273 115.6827623970554
177.0898092672611 190.5600988648959 129.830051863829
148.5229935812769 191.0906817966036 64.39481613979427
3.219887058442466 4.789100067257579 156.5918864150279
174.9011554886354 71.66291106565822 138.1528805615255
42.17013444374783 62.55339070973307 165.7559976932269
118.0111646870019 4.199120282674742 190.534047473305
114.0862241630241 100.4562700645298 7.33622910325655
92.15442127355051 18.52220963722205 36.28594728783848
59.5089022386154 117.4701242759665 143.8704909181725
162.8584032071013 119.5012145071886 65.78298463839917
107.0459301747866 101.3124053098725 96.83976404210252
133.2998778365308 192.3792249241577 198.9403991138109
177.5062386046359 9.807461058089777 191.1998023376183
0.2747683942010191 140.572211929499 113.5110320176697
35.53952575926833 66.0495841974161 35.66527695832671
10.88641721381373 124.2642535377598 101.3406477291862
20.79593907000367 7.544866567658237 130.7678728788907
97.04859647307744 156.0231440881479 67.10567117862482
168.3036311088334 30.35179185675004 87.25089760077286
84.59167519410403 199.3299167213001 4.018597451508542
190.1941752072395 77.33262910622088 133.9898896042979
138.9056562045673 27.13141533809784 184.9200911702902
160.1765660181517 76.37326342981956 130.7055074802608
86.81155721159045 163.1485590830879 56.86736217604842
116.5741207403575 126.9485974245304 114.315154369926
195.2824029388703 82.24269508856948 30.07103991159286
104.8415057067744 198.9743753418475 79.9236088815783
182.0051492038569 140.4989855210268 189.8737758097133
171.3413074124906 12.37648630374129 110.1370227845191
182.1052922214923 156.8959716363345 14.33079624035336
171.3892610572954 121.1066279587095 159.8950543076999
79.8713706023063 56.33791315641054 195.1755110236633
112.4757221717414 100.2264155019243 68.58993332771753
81.45356817345827 65.644050787655 63.87821106063881
166.9174609372698 137.00917847481 194.4108442581461
64.44887798214673 127.6848622397929 175.5485105920336
43.83207186935987 55.18854805041447 23.24105344407809
12.43046775210199 130.3109612916305 116.2216053698169
91.84634432380727 174.518321180011 25.74173520399045
32.89352602057924 112.6933588309317 132.9909924218811
191.6875211464127 82.75294733354961 1.437912810190779
142.6536602629485 124.5831154083831 128.5473631958341
168.154950506237 61.51088052211023 2.357765666120681
193.604901240938 109.2202318534476 27.03462449922949
83.24938289357301 13.93487599041471 176.2288263819092
46.38839026080687 135.3645869188354 66.26976631191347
184.8884895875411 29.04166304675427 120.9663654822745
148.5724828980732 18.24766443762027 114.0902154852996
159.785922773318 164.7150082176868 34.14139766849362
9.94483213384227 140.0817575565498 12.7541946708601
95.70795059694125 3.263187163456605 32.40704749542637
118.24558427582 54.38816142106911 146.3080554857717
101.9492011387165 121.5894712306919 78.51129913044623
152.7303441954561 197.651733440748 143.2716717117778
21.66823963316665 159.07162032032 195.9689931465792
20.06954396303608 199.0682080472783 150.5854375919301
74.02499370629728 118.9845772240475 56.23216563164551
41.63853018220279 68.26395535468896 50.72019994032951
102.7144867376189 175.5372407693704 116.1675883544132
73.6846893451555 177.238515437143 44.79012128012116
152.8645117277744 131.2041337904974 179.4347853898104
90.19482021871971 118.886763016177 132.6581716669356
195.0719168481315 191.3958230317798 73.9269490136484
84.47179738972194 36.63199374644575 198.8780287141985
94.0473592656532 118.935474934478 37.89055650905014
197.3525392909818 124.9236918993003 118.2231884783553
82.59164225388608 191.5293111686683 24.32897007098499
60.36825672643403 116.0367171934265 69.63641248444681
107.7164751865293 7.709388799378997 151.8555156687711
62.98530961971092 160.5293510617365 160.4249088392621
38.05730189232204 103.9966360812893 166.5215432949925
43.84985521115737 173.2888684083841 176.3703795473528
15.12008192643128 22.97087002857275 81.74399900301825
138.756451300067 50.04735509297175 139.1452991601396
181.7188143292941 4.472518312331164 68.69837436222275
187.1267201768312 26.46931372654359 193.3901105104671
52.56152734311853 86.29334205497513 108.061786855362
127.8759165505553 152.2028545943435 83.92171784153774
175.4149990041164 66.17612496355257 79.3024002170641
156.8009564126835 60.46804794752294 67.8529792903491
87.48616103313246 46.97245362035531 106.9173118930482
18.63985645466271 165.0072042342397 159.9378325469042
172.0457108298181 129.7718143744656 177.1980316906982
68.82101332353282 8.184404075895246 57.39502100068983
141.186048998843 112.2772771915949 93.65060266211732
46.31699206821881 82.66265596405972 77.25165333984039
13.02788551035016 18.85431734744198 106.8858379151061
21.73909812473747 180.8155249975181 42.64651916970005
93.88265611219373 67.84105012407339 112.7359054743982
138.8094640148376 194.4559873587327 130.1968621991622
107.3022174267154 196.8049146940933 18.30702251016167
145.1195718823845 87.60244129993788 10.68925993727184
172.6422645909435 43.22171649632121 197.8514574944647
94.36738788158026 86.21975255834374 39.85592877959134
85.51717551432243 136.9657678674612 127.5435723929741
27.21982223093783 58.33899674884114 107.3170089312843
47.00460762844877 51.80728843804104 42.04216477479737
54.46830643958122 6.022106871806778 191.4314104561916
139.4915382931786 50.90928502500628 52.2299231511966
68.13958137707647 47.22127856258525 182.7569915622669
21.80912489120552 129.8512564157689 134.4827615817884
69.85532912908943 34.9682249409919 114.361415741257
50.45096954931153 184.0939559306712 195.0791926688849
51.8554489883155 24.08187155113323 150.9728039252661
81.50088995996441 113.3280727200357 7.878389445752913
190.6446651424059 83.87121028135567 182.1341752815357
119.5705086857756 189.0019513383498 145.5009683165717
19.95882354238604 35.24253697166582 186.358441226333
188.1761702740304 175.656682042306 150.4998510600565
8.717217271626414 116.5770396820397 188.6982776494063
93.63945358526809 68.90763000629516 189.9405984185735
82.49112560957342 129.701015919319 167.8587296222875
27.00251186851338 160.1384100243034 105.9991599814501
53.88428081408259 131.7865534666905 106.570444757497
41.52932883854842 171.1391684203256 48.31863301607355
90.89474899665994 103.884162990518 26.12303365809871
154.0041519983566 94.65943344465691 132.2713634444445
179.7982356592629 115.7310624569699 14.80745486794415
129.1987624378476 173.077041528684 189.2677506023817
185.2789398611834 194.1073465478593 105.6075985453499
101.9259581900818 35.02126267569167 39.35548954560657
177.7809639065921 34.1640723551556 103.6992798963529
174.9045331852855 107.365575008659 177.4336642957899
25.04884116108794 52.25228579090908 26.9216705498772
4.610424036297187 61.25681119980893 128.5094648573743
103.0421682974371 37.25228124940689 193.0951764916738
187.8985611693844 153.6854879454925 145.2644203104671
115.4600015602631 73.51348707024819 186.3371940811802
0.6456569993305323 134.9712842145169 59.08234864857315
90.94692135822717 197.9143867237756 168.5452320745212
65.14623495633644 138.0788862738347 70.88659334492382
87.9468614750794 54.40635186492715 173.5803511244584
59.22609488135268 96.82020017352136 89.21737244436231
98.72192911220952 187.4825181174948 61.58517506802743
120.7463465021576 23.45582420876977 190.5510607124164
82.85633680528692 161.6061627101525 37.97514241618309
174.7055016680461 87.56741012613466 166.5575943430767
71.51913236339192 62.43437002563625 110.948682814695
105.5632984940757 4.942384403303292 48.98800205888157
187.280618745112 121.1503410806852 194.1619322140801
134.8644066163161 58.68089991331927 72.92749976040206
18.09019175295501 73.74419231848631 26.85597080103203
169.0233040755627 131.1493719804679 27.67388018887284
24.19246304094352 113.8513187969922 150.2505530994302
169.7325744874354 112.0726567461102 139.8771850904212
196.2263066002643 129.3958698401158 22.13781928808423
148.48404539601 179.9199960613931 48.57858568872479
131.6614552003161 93.47481548366798 40.95100941258407
6.230019552405164 183.4221987820718 58.8623718920506
132.0433113646488 77.11909000983496 171.2998514769585
56.71942069746103 137.8087791884787 160.9632001635733
124.491131711945 26.0508039743466 81.03095035502147
90.13646339541302 25.54130577036194 100.2322965032337
102.4145391400432 18.15017262039659 178.4658510697492
0.7674859585002891 27.87739408776347 27.53977274713069
199.191305628023 63.70933712646683 34.09242443712746
86.52557777868303 186.3616235870496 149.6457654059093
125.1550493409338 128.0337497940312 27.92860029938114
56.97251609893461 50.87221850929638 123.918080979966
41.19816710190307 191.6170598110147 38.78834537437174
50.19142327203296 29.90959919084106 172.7336417677655
26.26514643080308 88.52219087684111 2.482601844990906
126.3124714205907 71.56337244557793 150.1680292775935
88.88953887299262 130.7625007659957 52.32903825163767
77.26642143801364 80.93927288608614 199.8156256228732
125.0370585497074 57.08789292254972 93.20163348590427
51.75589518212492 154.2763155404417 106.7415199558212
90.05275760384379 8.043402836595904 65.10801048494139
106.0566588549072 69.50007776136705 30.15044420417028
89.74583045124778 80.05217684771701 18.62213461173112
36.76974885284243 152.4322768531632 69.17439564476055
156.0401870906562 137.7680583661583 10.41329066091929
96.30328793469687 178.5796297957395 97.11828173328013
192.8563647939531 74.24251850348303 91.41447049567302
108.8088757552708 74.38580840266198 7.90989730351678
187.3151182972115 23.21763269215497 50.7022506628637
119.5968045001652 6.293777125430519 129.1993700694694
1.044157443639986 69.84587599993688 12.42971476640869
152.2706707428501 72.42578591588342 195.5595488272738
141.0286319314824 131.4524745096575 194.7579095457194
20.81594710942647 170.4337029437134 14.70088888411992
149.8453394595407 52.81960607751521 28.49542562984526
157.3264780579824 65.2755043174125 45.78857062639148
119.3124212758661 185.1625035111641 52.58661262834119
110.7873496048355 35.15697897927612 96.51048297052691
66.57507211202217 127.8837201199645 16.57569219833896
22.10075371662273 177.918637466366 180.3581182513106
130.7173927861678 72.02925276829949 2.928671746473136
140.9800473322026 74.56254052598032 132.9958950541608
144.7872331233215 152.5776870595592 136.2518252511857
132.6050853165583 58.90310771960211 184.6424158490562
104.2471186523445 24.92891472095853 59.43536407678431
160.0087579619961 1.181022261464342 121.1466707796369
132.2401125894493 56.42453711355987 118.4023227317677
150.6624239397466 9.565077237076439 158.394619498604
105.2239599174997 144.0001991317559 118.5598004254951
9.287446751474841 88.70432652673543 97.00226726685561
85.37864636627427 162.8026195523554 0.2093990916492072
62.10210674382044 168.8584032128262 57.84957316571563
98.72023665671379 88.34026693196917 61.92277832601953
18.05695150165678 88.89216670269079 158.2508494244387
148.5811596733741 43.4124684253144 180.7519345748225
84.39387470000875 196.0796126171473 46.38289875702019
56.3886352414938 109.5473073028512 178.5656788241001
10.38099071294155 67.71414960637483 156.5482037389676
126.9521227520692 39.0616941070434 175.4458547593236
176.3726159904245 50.83601113349863 133.6050694055255
195.8725037599914 61.3578513830935 71.02440555839802
50.19663061871135 21.47343827096747 7.348773171153081
199.5681105994701 22.61688679308778 149.9764220967818
13.06054552600816 71.45053860666556 81.69954177845909
147.2883138944912 163.5206825878016 86.24352515838245
56.91495463684731 18.38020277592591 86.2092970028079
64.3206970229616 198.8995269415614 77.49120137142116
127.3302111564549 148.7285946462113 157.9230443217611
198.6048520914697 41.41458982917928 137.4868015239279
27.6345989487848 21.21962957318068 8.450317509526789
15.09586495677553 55.89587758131539 175.2156660910902
5.148483654039793 191.2364886330641 31.40721394232472
166.9342798321744 188.3889024988483 1.09324067808453
8.049857963901845 23.88705382336224 170.879332466026
37.83869291589826 149.4091693800899 32.64121006996417
5.773578051799969 192.0600170123469 186.9713815633862
118.142349144369 162.4934617697027 119.7577439135701
28.94461688533026 73.94270424650023 145.2813834304771
193.8702884949828 99.71536220642085 84.70191010921803
139.125621287225 90.16648626190417 149.8510885772164
114.1828726967265 16.45848488462834 108.7241683067186
125.9466027367356 108.4980988482789 149.0849941331738
113.1636786658909 199.2231538041982 172.418090984903
72.72071782207534 16.48729525348746 146.8224086920259
122.3164773146331 199.055744107411 35.03281235779031
110.2895210216238 173.9592263306534 19.86741587368285
44.1147713689562 173.7429143970676 70.61032504980624
101.8673104225113 84.97858129129735 125.1019623835729
139.4309489068901 23.93146173230516 64.22073485136414
70.25785038478084 33.44782208370938 162.979240320285
32.32695320058337 73.48688536334082 186.7526436043281
11.56672260907361 132.6123133552733 173.0432974865769
21.28403846161333 24.89869288179709 36.50415269275666
6.309694979480019 164.8879152808145 98.2816326485445
178.5355148635209 24.69410434066726 29.93983512273202
155.213922164861 82.75452210769029 113.1099510677035
146.192771946059 187.439627656131 185.3628188133085
166.057129041082 44.78601582337227 42.0211864502565
103.599996600901 116.1630445670508 11.60997456389039
25.86587623908615 149.8736968037702 144.5305215863331
95.54693591562675 96.10636329137522 3.825871747182537
71.33621250789329 114.4829218136065 128.8317947590174
138.0377035894888 4.211419264446227 75.15171955053002
164.4568456086922 174.0118665117141 75.45000344996723
180.4434058685463 9.415897230731579 126.9703401246624
174.8351002802345 108.3119808905027 76.09503740020638
164.9035567994687 22.99792637547062 47.87144027259572
190.4350528093796 148.8200075191765 97.88187969848121
126.4375938767723 8.474816776837054 10.52297314480811
166.9167408174622 167.9277547289378 53.75029380583059
73.7153787737449 180.7488796608858 167.3867367506791
197.2309355864932 76.54350663093918 113.6021978930981
115.9772192463975 151.9001251743154 23.18075970021026
65.09890491783007 40.02857334271403 141.994378970799
194.0628293803053 6.8725332839561 87.4663427934253
137.4078771227036 156.1898034363031 176.7133607173792
7.981503252045445 5.20956756169888 69.74948652104786
183.335867606828 189.799562305043 185.6229825350475
50.66552354791135 157.8993901042228 16.09576027826017
89.86538906000708 22.57308737538923 160.2114770475168
130.6290398394499 1.041910292171231 110.1973761493854
187.8828222730383 44.27328999633271 36.22790520234919
9.464271991905491 73.18692462806234 188.6164051103363
53.31168417955213 47.98519049760647 159.547561158711
122.1949411664529 126.8977523473617 67.61800447347264
183.3310776386647 55.84811070387597 13.23574537586151
124.9076742493336 59.16303685894344 37.08214153294285
72.04545735942983 184.767739150922 1.677678086639909
47.35805230349499 94.66476426475825 12.17572486031333
54.48335894707748 153.7321954530719 180.2197037751342
143.6792403457796 106.4140095743964 55.63370483898645
185.9153859366472 26.8498626254493 167.4680595073499
57.66827563851943 129.2032907670117 51.47990341432691
12.95144347852615 9.891474742368741 21.34200869664042
49.16178845103651 128.5762833422893 84.7138558087469
149.6828846437675 157.5630305533883 19.25142132222169
128.7374447396417 174.4087543220936 166.528813248503
3.808674583018483 123.2438677591325 152.8246754376793
191.0873352509799 46.93195311441308 116.9139291562604
25.45857481432943 90.3324573017228 81.31113397404951
167.9807005221032 199.0076939266718 21.18847448074581
40.40091487568942 137.104318648453 123.8971463202895
22.51633009100739 181.2865170057339 99.45172541522722
111.344667705911 103.1669138171386 115.629206357959
39.13631832643903 74.66498958608761 18.70096234356171
111.0000122601964 128.8754861296702 48.09723410127586
146.5118384791287 39.10218166352271 120.9683014944007
166.0275867819524 103.123833177259 55.94847818723877
100.6003550468255 113.4652442968752 60.93089177101102
99.56115927993709 146.2927974955976 190.7924055103409
74.17063772084987 40.27234946317974 89.94528394297735
94.7675947272399 54.65778219805426 7.433414223848648
85.31466578680541 32.85150411677273 179.8070025756136
195.0424833979928 43.06940662952459 180.2701896473461
35.92634121757785 47.17022711193083 175.7211079680067
151.8120391639085 4.911848288607814 100.429050179093
131.0390678807744 78.63460149159303 82.79987649264079
194.5931030633091 95.6837066801928 125.3098545288554
100.5142091746592 195.3623487850357 134.3621274092809
148.1232340695132 196.3291461210383 10.7558687791942
116.4030987968298 90.18645896676672 158.2493525494181
84.89625482500631 103.5394467185465 143.2069274016191
157.1661721060526 17.88331147524284 27.27444572130073
28.18893162666364 53.85031811409005 155.5760373772427
168.369393691023 155.2362305778756 0.783728634871841
135.516403642293 73.14280570463058 52.59379655304267
147.081325252506 185.5908358210503 111.1367039640504
185.4281991399594 93.65734883705322 104.7602818585548
53.40658476593823 82.77691005126128 55.80149324947006
37.88916225103623 33.88095065693387 24.0987267957413
133.9871278212798 168.5393631820407 104.1960239891093
188.4976099268362 78.05789176524053 47.87882016089653
171.0658894651107 8.878883402905021 172.9614722315783
165.9178355728556 102.2597021448992 97.29692133146025
177.2875300267333 112.3030360967608 36.99367069975405
61.76471875599444 103.2273487642229 51.0797347910807
158.5414763148701 38.57235264934768 140.0825099752193
21.06874165460147 152.3108359313996 47.49604272859295
72.62032765517527 149.4781897165209 13.8464935074124
13.16884825076118 143.3892170036906 99.34116524764602
198.4462898416636 167.4679065623225 15.77615255376207
44.88514583377484 134.1153370385746 17.58646395436417
103.004849534437 132.428278290002 27.27546133554244
179.828160580484 45.02382287057719 155.5124028032491
26.7966918609504 57.30526437570131 130.1511186126863
197.0649476489435 175.19584386538 174.7206784699823
160.5652253248629 148.9365955139478 180.5413144219472
32.52914730849636 190.0958716608832 60.18904185957835
76.44310673352639 185.0311059670474 64.41187815976805
102.405001397725 36.9603984614867 148.1284996912598
47.52308493300445 38.93674671141498 193.2694512756269
124.4445077579445 37.33411707753657 153.0637097990354
25.33926186916965 29.36106808825628 62.63589007996119
158.2251600433331 61.04343327279919 142.3715519910538
151.6870659470308 51.55937923239647 5.8379488433328
152.3870768777979 87.25269364564626 47.44051556225774
22.47249705984339 92.767232018312 180.0633470755162
89.41999857679632 103.3906184981909 121.0737023840559
121.4362892001364 109.4953087678947 53.16036147659533
134.7158796795893 17.15315831008995 29.66766398476434
158.5176914822617 8.356210865984059 194.7035937523264
171.0550523129483 147.2703752804499 85.12839631432836
43.3702446883348 170.3149255387623 93.22234262120912
11.28235914398301 108.1639474284294 167.8933464418351
13.66881327911246 43.27323960838262 118.2729347698629
135.8074095916555 126.0637788318253 47.75212113871773
2.571048055552285 169.2838318168627 39.48873512882537
122.2730011001507 38.55250743168724 60.0542189505428
92.22438353445453 159.5657673993639 108.6118656168428
1.307623148234637 111.436634087249 9.409016585693752
29.99503251721059 150.0465584480879 11.46455860159764
38.51122800106563 81.51524891212918 164.3734100796176
171.8879224186245 9.323757494893187 91.02284719760472
183.8028706317208 106.5974107884277 156.682522194303
82.88321190050044 25.06309865587374 52.09615848455469
147.9194391115727 141.1806681899654 163.5059254552522
133.9150917641132 142.6145994628722 13.06475311321219
178.2583767696614 168.6637546824305 130.9420139550999
123.9350649744608 150.7279544227923 194.0039079948912
149.6801859154854 100.0186263466705 29.00154301916864
12.16242724296481 110.5269086596693 127.8571354782848
175.7920830497043 150.0324327443312 115.5449483100428
84.1476595572626 104.5011315082926 48.313700599182
82.18018454837944 139.8519385219642 31.91836952520262
28.64455793894351 119.7531500480553 115.4678378387131
0.3231388920931735 136.7937958052898 135.0888775553858
100.4902578685986 1.456846588769863 98.6281983834113
27.56770969907749 132.0006468013494 72.01820855149116
22.40968825692437 66.52464756096541 5.889465240459595
186.288154323911 42.99557872033495 80.04370655242263
172.4949532682818 90.2364036272695 37.59023138905582
171.2623340084953 20.33482174443302 9.00129950297886
72.71605598958131 81.57852781986016 99.01531112505081
57.74918717466645 95.82924659611471 127.8730138477337
2.919005784610148 107.7020953308664 107.4380981506205
135.5377757176379 20.57328681409442 99.96027396387086
135.9680895635304 0.4186382380842461 52.97934221881555
90.00012224169225 124.9162193109563 189.1625277066624
71.72456075653162 27.51072623642202 10.5790171079276
190.5133542163937 15.96833158469161 107.83813360658
143.6596004120919 30.57764889657033 162.8272563769016
7.028106249928724 91.04608333171812 17.44108958061089
151.7915538628125 64.81859939069447 174.2931049331914
177.2464794556606 5.119724900832495 41.67744224698004
148.0720667875935 139.6685147817641 32.94735685503148
32.31643396295623 19.42382819682103 120.7119556837377
138.8235447223739 89.36530379734398 189.0325239901636
154.9397211073263 138.1229804408494 122.1680685171043
42.5602538392699 44.89868578245398 96.49371534306425
160.6552704881887 121.8396546909847 87.33425836144472
4.369315760414085 53.99122769659706 100.0610027965398
192.4923278468244 120.5385726065745 172.1886674588749
30.59189280218358 48.56500624498329 74.3407034703869
176.3055614533936 80.82545199439916 120.9598914755563
191.2602584460986 116.1150256323101 134.355530430842
145.3525465904975 120.7538138956267 20.89659789135998
120.0592642987588 184.8910321491655 121.993773807839
62.51069772183767 135.2667246956119 128.156485316727
71.76228659075096 49.90737888833732 69.65832072468915
103.5266069733004 18.0286171564209 83.57967412833233
96.50469290679553 120.3880778489075 152.7853557455644
136.4937001514504 54.64827824367381 161.1464739369564
9.91824619837355 90.33053273118612 39.8354666712784
55.76757164725405 43.15799016177663 13.87147832334533
166.1155970327443 168.563076525453 149.9910687663757
89.33511987371611 89.9668264517463 182.9911713296335
17.21336967365485 2.741927755684667 91.57098799223481
48.45625620952241 62.24925417329549 67.8169202542728
137.8146762973764 171.5933951206578 126.2492444586546
139.5004401632223 75.07863941450992 30.44144448139176
50.16929324675704 81.67449606946131 145.0234147812554
84.95962345565083 16.820449042941 195.7168588012815
99.68976628252901 47.0369909648735 60.28035827213798
182.9454987632091 172.4823777011016 0.1259189849116329
40.09594067626542 117.7080983386605 59.810131131411
152.3021454798348 87.09289807104427 170.6080524499706
67.17794381054166 104.0841103960675 109.0765589715966
28.58526744727736 186.0951077298039 0.3941725417454813
82.50467737276955 118.1446649906753 73.62049384704879
26.3800272898997 95.11201088813543 137.8315568341499
100.9496995623685 76.30858015288062 169.2501344679586
125.2181508675603 94.66963480541261 97.61120812906294
79.08131462710294 14.86149610165517 83.63296447578857
21.68939103118704 199.0351216315833 113.3995951347871
187.5747400751073 158.8135872680029 53.01533113609102
74.21154285522796 62.5743845656723 12.61242762298007
67.87684313383438 27.67298981552347 68.77925961300777
36.71307180189041 39.1893907238457 140.6535053689276
77.35681859809183 6.109262178764818 104.3857117589081
72.40000923351067 120.1093955498304 36.97043143480166
65.85573446308182 195.6978192530678 152.3874329454213
155.2118364637728 0.1658459505044752 41.15079569344122
94.28966276160948 87.6414037958744 101.8701292894239
156.1955383158587 38.81416442336309 61.44871571327142
59.75195626934924 142.5176136417687 32.37595096239293
170.7300112931125 102.6591719077599 119.365254745004
107.1839599556367 128.0121498910828 134.3965072156128
145.6132670858597 108.4338305268916 1.96178879557719
30.84033785534121 112.8979539301101 185.9896592835259
80.81297376273974 62.34836055953337 90.35790995499022
182.5408961093879 99.256760934954 197.0863868887245
179.8171255417801 137.5278627482495 8.88317845550724
108.792192104016 177.4124314930986 179.7253208996457
188.2868406194218 99.27691459370403 55.62951316396327
3.245036799477451 168.9234687474809 75.92692642440777
55.993608090256 142.954198767755 0.01544377982018457
2.688355080653015 5.528668062648604 123.7485570321084
42.15982681414643 126.0613694718513 143.5265563157602
31.4218043418642 18.87243335615199 165.9947003922675
111.9917305202411 136.6214516465711 6.98480766945741
17.57238056602863 120.4734480401644 55.36293596293208
36.88128106715558 19.74924730433916 187.8956037106675
73.73676832812218 171.2665148098719 19.70590527032641
129.1012244426801 100.7324928677113 19.71052031586881
97.13453175474052 102.2524334087656 80.23117271500108
193.1991026839978 9.42629036762597 179.8623786794527
8.179549368396895 51.71674273554456 196.4827868548463
23.78005330045493 110.4509464092946 7.309635065202113
12.99643701557412 109.7231909947768 28.66294320652966
41.67908672304603 107.7615323841785 80.12134156296599
156.6632893306445 188.9461673757114 165.4047537601324
80.34936422513441 49.39831986900644 128.2136466318553
92.77662112358026 142.657510844111 148.1749683999393
152.7049212245013 103.777890381352 76.17386118390661
36.10944969909524 159.1093424019644 126.6441261612378
156.7148737940418 8.595485862849232 63.22352906876284
199.3219201905419 32.50929378092821 95.22393299192746
175.2573428907328 176.639170088111 169.0053686376554
125.4462184981316 35.39936941269237 113.6976367019843
21.14434592945587 37.81456971182666 97.66846221842731
184.1416743323519 115.6100002519297 97.46595866437305
117.6598768362724 110.9725370131449 83.84076261522117
51.86334032837088 27.52677022004143 128.6262575575237
154.2366823543144 61.2742078335345 120.1361386561442
137.5125733768607 133.1300050408682 145.1447473854589
189.3966917586876 63.76617399751754 192.9655197316899
45.82800892486458 103.8420968391618 145.3097566291624
28.36432587546392 93.7076941291881 24.36685124312865
161.4897489696151 104.4718344704386 159.4887722824114
186.2567054602447 168.5799490398124 108.0039508142413
167.9301083815785 182.1566456464095 36.23483808881163
89.16905542956954 32.79449487037983 74.30615595051543
107.7535122730836 165.6787235305741 199.0025127088883
128.5239470234302 115.4014606474975 184.9464511200925
181.9184594448988 55.68384929882497 98.21760689981058
184.7119933020185 177.1188052680332 65.94074077289021
50.4854854207538 150.6187608661835 51.31898252810183
114.6462906242053 187.1910405912358 199.2290418702931
12.76687449683382 142.048089710389 193.5341463360598
188.2658189264895 185.7481276701421 45.37090258343019
135.0575132738258 196.1819916191703 167.7582480753102
76.6977589600087 72.18853632257812 35.29981371071262
55.07361955664339 190.309347298647 58.75384321220735
59.13396838525766 56.96124085966799 87.00858919524437
35.87752741608677 95.62081020104968 61.97584561263129
183.1264914108536 129.0693295375689 79.35037789871619
37.09994356112186 65.18443566913034 88.18933815138092
18.87627116220902 185.1560245412729 77.49666621450167
175.3496362768864 141.9902026636284 61.83228882487296
113.8899757153924 147.9597345998239 61.97621982299687
193.6974754184763 152.6279069925904 199.4193698373854
165.6299163953198 27.07498548891885 121.3757407058498
36.07234639436461 76.98378123389068 124.0604991624674
157.6992018579935 194.8141313298046 81.09747526072726
31.64556200979381 17.35303574327747 143.4566700383882
4.47426446392478 48.24419823535677 18.49534653513486
171.09938077553 72.58489232614266 183.0770572992996
15.4695371714567 90.14868072312717 118.682741319684
126.0742294287882 136.3090815898386 176.7492381559963
67.21998301455051 5.378522096991106 10.06752650186653
138.264513218836 187.5809713423273 90.4377873740348
198.2373090208023 116.2197266114593 44.48422899145532
89.68603560221314 190.4709312770435 115.1485422622244
178.717187952164 91.36711552320082 140.7922145156156
164.1126998400312 99.79375359854836 11.62678374995318
14.30843384618928 150.0262092009789 68.92925185321995
93.65963990198372 65.39726176411173 48.5843359650619
32.40511403682981 125.8425396182554 167.5412828419395
180.501528925581 120.3646337718611 57.84883666722415
160.803390556765 77.27633605286523 23.24977339477499
101.9489709067077 33.58492737213616 117.9528643203801
76.36864839782177 159.7678547470025 72.81874977554301
104.4819671319077 130.9021110019945 172.8900504649231
80.1952592243405 47.25991871157247 48.86969983772237
172.9317465898088 66.13755806371461 159.6324120286314
6.447015822232792 154.6804483525358 175.9063195613244
28.62424052263052 126.1223308210279 93.7992161166183
56.16972840228553 197.277953286955 98.49735477691706
155.8352638928207 118.2978824288889 40.75773294454888
30.05270563000683 8.118614643051616 73.58172819316638
91.26615989259579 130.0291884625105 92.68725802477817
44.54490163075668 3.0704193181569 156.5924307605171
186.3399711349871 135.2064591153498 41.60200093039
126.4864359894393 119.2966250600821 7.106266396606616
102.5363847335735 52.1740452434808 131.4303697805357
57.66158292291164 93.39894265271012 162.81999093329
62.92740983553487 164.3833311817098 198.2640235728649
121.8522133264223 187.4364386027989 74.91760568420452
65.48622273188032 63.88476945448598 53.06500459889412
188.3863008060909 82.66802017976183 70.93541117448585
58.69010080470478 29.79560011162627 31.90794036713029
148.9352452452027 81.60789390040709 69.08685548700106
6.955942755060837 29.09387112581719 3.892502106926043
73.30109221292108 97.61622494277893 71.56502185167709
51.95711687540844 11.09749866980777 42.65154291016723
147.0317756849529 90.45565559821175 93.51358083144177
183.06238692894 166.3966283126792 85.75413509964284
128.555200700112 186.9431169261575 17.02070219938814
5.748483716182563 94.488949991392 195.1513964185231
74.40739746743496 198.52034709899 183.9177213471693
144.4594853379731 123.8685163335102 69.95210885943348
124.6901731753196 36.63879549262283 35.35307040216917
19.17510809925689 33.23576763423726 153.5836105902916
3.381338092720946 101.5254362318417 146.6228938244201
153.1387775986208 69.3160300656393 88.31586661087151
137.1023234681423 72.96907427665724 103.8099017907224
67.92403276465217 117.6018081413975 90.86792095415382
87.11042743753535 179.9107721111985 185.5585301738708
94.39715696821291 157.2098202691664 86.24987443915313
49.22709906528242 39.84850835442274 65.00998481157167
6.457234469046612 145.5478532438523 155.2430264404924
111.3409190495183 52.77875862033652 110.6361394185335
77.80564735465919 84.01513631158743 120.8880754181921
161.5097070213876 170.8464154372398 185.9667214263535
89.81573824023241 158.8602221913983 131.0630300832301
65.30967123279882 25.68911890714501 188.9787463338665
111.439741789009 151.441301514177 138.96425619702
192.6871157336914 64.31082325008444 170.5895636062984
7.641583134293517 188.2482864552867 9.157019435151554
126.2388710276145 167.3394872433284 145.1717553187111
83.37995433309878 48.4052653355345 152.2864298053642
180.9853705695973 57.77959910577047 54.41399823727859
13.56914127876222 98.83014029061459 60.44510091877809
65.53654399414344 11.95358390842881 168.070206640558
69.47251252527502 112.5125561488166 160.3902771744312
139.1673882832798 26.97776647543014 139.4140889216375
23.67029367454219 169.3972681329847 62.04160096457775
199.4948723463133 114.5122734286022 68.58773098095357
180.7018259693726 159.0554567087045 182.0975453822507
179.1401076917411 188.6113529690755 84.57503261245378
6.30703351865218 170.8084081923598 194.8614544114536
151.140438451314 110.4418991922559 178.6624913028709
73.10211512243157 69.95739264295486 180.5176421942777
72.65540022615242 84.55461357199144 142.8761721385712
168.4785245514599 149.0367276185536 41.46111896313747
75.02822680720323 128.8795433391748 145.8453995272648
94.07867093757078 12.41660845881628 118.2003393092552
40.38076170381838 163.9567410236862 196.9153921588413
37.07503918010397 28.29166616815229 81.91057564359056
49.43720243443263 116.4027556171914 123.6372247538283
157.2534575398651 153.7719175187971 68.46664983262194
172.3915888664932 25.04249829517271 69.08543178063279
15.27297237357396 13.36964325131615 189.5220729886617
51.77620661277103 62.78910210702549 182.5652855087477
56.10844500102316 177.2258812487871 110.5466152075694
157.9009684831266 162.7372138851898 120.9166852252948
135.5779268542873 126.4975216115693 110.6243929075142
121.2934314372571 88.49612860487674 136.0817723646646
126.7889080931508 17.21446272300386 169.6968345355074
1.116838984951133 185.7837842925616 91.44629977823058
109.6576027405448 17.07187518157479 28.02098341056281
174.3022942532747 51.2023626839024 176.5268047671978
39.53854947427063 190.8511405083579 84.63027920101253
196.3739648524462 42.00362356071953 59.38380671734632
147.5160159558785 112.9190664061694 143.8817881763768
96.50918595494031 85.01326697547287 148.8827479691122
89.44304389580182 134.9668629228991 9.387538283334413
114.078414315642 111.0088670739588 168.1429181319778
74.56990848747986 184.2203452786171 99.56613376253328
37.32944956667981 41.30558486646648 118.1742047653964
80.96469802079885 33.45388721870968 31.00646929245325
195.7604829409186 156.0605199380452 124.2213394440521
89.27866640792003 54.39396015118475 29.34640227818714
111.1136906548258 111.1206247867213 33.13246102393479
86.97308577711433 108.8583494817816 99.29372050376922
197.2943090218476 7.820232070338647 2.02096873825443
63.86527114090074 176.6176632869951 81.18645255874183
35.97371583174468 10.81938852385399 26.68903377781208
53.81945430931663 72.43856329327862 35.71873483926815
100.1787108588019 148.1122690501404 43.28317395978743
106.6845845460041 105.6586248221814 137.6263271721759
93.91046163032438 182.6078371802305 6.932620504791397
193.8051816950429 83.01687835247805 155.3838518580733
96.0144734807208 33.12816547472777 14.16333117113922
110.0969337399986 48.50871007069811 22.84620010041144
149.2403811733519 107.2942869245196 114.1599862578539
40.89797785826298 30.46523485060414 46.22689427472439
7.649937670262251 77.03866152369292 59.81239377270822
166.1271049890125 122.4162535583313 109.2765602291928
19.52966113057719 111.9769845977107 78.71318706127879
158.0371365446004 47.87569717533971 160.7256864448391
162.2680705201329 14.08584055060541 139.5489867846203
23.33041313060125 128.3360874730787 21.10352241251257
130.113212464653 8.66277576190066 149.0529952187837
49.0943319595057 63.98350599383792 107.2937036678433
48.33928279674679 94.73648882705324 34.90659593562582
125.2449879590064 116.1340193964634 127.8353762773608
143.0165121069689 39.19017053744892 80.92616374010535
13.35929954955755 188.2470642999581 133.6386394950665
147.7365048901955 150.6240035969652 104.78474529544
8.247702300403558 184.6158867711534 155.7146579490777
25.35396374066441 104.4311825502554 99.19518831304575
77.22347355654533 143.2790380352428 192.3015290041467
169.2422629946999 78.51384315410569 59.68398727381285
13.8115581881348 25.5428717220446 132.2698221512902
40.47588766226583 159.3018638548455 158.9539130948703
72.69273702855858 146.4776574174272 51.32097106027236
145.3430190300897 162.5137352903776 156.5308835098095
147.9575801588431 179.6566080611631 25.99710934579051
121.234098797057 5.65409125387151 90.17920357483287
146.125165114494 153.3073787203213 197.3528780417036
160.2609446095445 82.19357515836161 150.041162902715
74.22506368331932 162.0626319436863 95.18972070496577
55.17687385485618 17.40069957490933 108.7113252066017
87.14738310332478 12.67528328090576 17.81377911523159
175.9765477387109 63.55569387669009 33.15692185339196
167.5717303350235 29.96532047030372 180.2769302755707
129.1645758564016 91.41057640158903 64.26544833751105
128.2307183591973 130.2234199517539 89.13127676256427
185.5063766190305 184.797815760747 22.29199744824229
123.4036987400243 18.79865307280867 49.15125792648755
164.9638937540533 117.7522550396124 194.9668615061586
114.6283216901428 80.40742025091352 47.98083029777901
189.3421626130631 193.625749711723 164.1849976236293
192.4930399801176 149.0938674520581 74.71492459827395
167.0921056173413 171.6453240998956 16.25688681676604
124.7705508623799 145.6091522862607 105.3048875636388
28.87006899778099 156.4771113655413 178.1832417623443
194.7243060834597 23.36514367798643 72.04236926119952
76.61250431043865 172.3968511796178 118.7042986474263
168.4054573521795 190.1804725337801 57.3473232119974
171.78260246647 75.83857386947066 99.39757255405489
168.9889429780778 148.266561199794 159.4838028192873
193.8781584978823 195.8642570755021 142.1681691427749
23.76521639334812 163.9732967089926 83.97187946139655
34.28298452364985 195.618462045419 137.8964874396796
106.532054880703 173.2739884859492 135.860653479621
146.6253158048169 33.49317727270034 39.74245376266595
19.94665001570051 63.25880449554239 46.80208862338253
105.4712838257485 167.3571657045781 53.85704216888438
4.355962360332704 11.06719722215926 42.19998081211131
167.2068410007578 149.9219810262959 137.023671904218
112.9584792497112 163.3345449842131 97.78595244091055
58.3124723775213 73.35527574231131 125.6651560518271
80.24042983873851 92.76544861927535 162.5061698898612
154.8213931952901 136.3815487850505 54.25533759300757
47.21885094044066 129.4020000652317 184.2172399464363
101.3228631268704 62.11413715266235 151.6803290684212
125.5787704245311 138.6986868038327 126.796084926171
48.37598513600108 17.2921831933295 64.0785569719432
133.5827099168916 40.57246103805892 197.8035092055894
180.4761323242737 10.81437345831798 152.5150366154251
68.51590620074295 62.35107950055627 142.5499453228298
153.1565115539665 19.10038133988607 82.9018824883736
179.0753465160678 29.17784953286323 139.434243004729
132.8350344595986 164.2839781092709 32.71645475724435
99.64870387250799 67.37033312760714 70.27580840938673
127.8753380617654 164.3704862867461 54.75610301881196
16.8370714956542 148.1777050071304 122.2454613106143
38.02953505114838 10.45754762452837 95.74556056000296
86.69901118882379 82.24495910219574 81.28759388436478
75.55068540361343 126.5073693235941 110.1766469668856
145.6259508915296 51.75934174649151 100.8135704836883
8.646889472670368 81.13265748531455 138.4561291610185
8.782996103869703 44.40635481091553 78.51113607252623
6.595033318373755 166.7638118304853 140.9070206949327
52.86384526715301 184.3512512536621 131.7340639445021
167.6186487395027 87.347912302935 80.41226190112759
63.75857073087054 192.3944370493471 37.95832791427905
64.79682319839996 105.8406781317934 21.19326312336282
31.03418958567986 10.749801321524 51.16551285738425
10.64630694457376 134.2332054507105 38.84081800512543
69.87147940191645 140.0159732597501 92.89338699406041
87.11471774382959 164.0127767884248 152.8920627059472
156.7833534386004 181.2563714522639 133.8026483278364
113.8324120800528 77.27108783390814 106.4426868732186
32.53148285905536 180.5830643480192 120.6253299742723
43.92436290698729 199.8046153887445 117.3131908528959
49.33243650330594 147.4224907074478 141.9006345887393
160.3568469265793 131.141214901317 147.5431813280256
59.25123589271517 164.8409000695589 35.80433680824448
134.5262962775703 90.53727824336246 117.7764058999446
73.40233590424162 12.70040716570209 35.73868595940298
91.88169166047655 109.5887346058595 172.0885018140449
97.93171242414284 199.2411188549143 189.98410706708
43.27125116013042 94.23849824884267 188.7552717800573
147.4947251292032 141.0098432314643 84.34657307559958
28.8584467439332 174.064775429357 141.942026330376
107.1438867822878 110.2351621800334 190.1000894602665
93.86334531910822 154.6770638107312 19.5046465896774
105.5238570920099 14.86935665517342 4.860677916981133
190.8822729839381 62.49270781896342 146.4082615379502
86.47831109122977 193.533457039048 82.77839296436707
103.3048025999307 63.18175641981662 92.26496540063319
47.02723722960058 114.6448037717081 1.650494217751843
148.1960861010228 156.9089867499721 47.54650582966723
30.82269557456269 82.86465215747839 44.03049115175887
2.046897015976573 46.87725002060863 159.1336943391705
168.9810468114803 181.4474443881656 114.7911429516404
58.54678427848815 161.663190802424 126.9806824071581
54.90074695278006 77.86478481341307 199.0950063170419
133.5173322982297 99.59396730167097 169.600651857281
35.356017148206 197.8896051862791 182.3562968921312
162.7073072093834 48.86531908038302 86.31550454785378
66.87882977435595 52.23865496915184 31.3149576931221
56.60332927387943 155.2701236113807 82.7920213499473
102.4014788039485 185.7984151679932 37.4173111927896
183.281649268994 131.9060381301531 149.0879618374383
25.82720457248445 191.1307933903757 22.24289034456533
172.6984053346926 80.23540929544518 4.27303629535948
108.0805316387846 170.5149864265327 158.2267124808032
50.94717944685617 179.055484445831 155.7125026563789
9.875960291813399 43.78307960154676 41.35896115992058
77.89167941461348 82.63267923516513 55.29486474586367
148.4142396018835 174.7913718889098 3.945057232972125
88.40604176362375 69.51474938814306 134.5887350046885
31.12390653813141 130.6001736192542 0.02228445525872184
137.391819636723 121.2111812000608 164.3313779009085
154.0418871988561 30.36060992681558 198.3598259634859
43.474259781261 58.81869910052026 3.19724650699862
188.7141566404373 142.5644326229604 168.9011543195527
71.66070207484368 150.8606429337514 141.8670033430116
65.06311545858998 82.28785210909507 18.77965812897289
136.8370901915302 7.871718980658013 187.64425998146
59.36811242374448 70.87326200405823 162.603925704779
109.1316590191672 90.83419621760957 23.3922279548044
141.0781768357353 183.6909526228655 149.9243781257571
54.06328546060184 6.425806713206646 136.3832601246399
131.0167843872254 53.64442668587596 16.04705841580886
175.6417136067235 131.0826071362033 127.8439498077655
36.0493759901772 128.0471465124619 39.77113216959317
29.65345632729342 80.78366716476113 102.7357987854982
92.59776325805318 149.8302137258139 169.5968003660428
128.9739890103432 165.3253485784477 10.48556404882616
71.26819919987759 14.75507530758904 124.346140890813
171.3573268555112 190.5782561735633 148.3258907123976
136.3898185759905 145.536044888105 63.88573744856502
12.23105159874672 170.7482075037623 119.3962926454246
104.8711401864016 39.54597187003233 170.6947209038593
36.533128533584 98.73716980949322 117.9821724518277
55.36480479512 192.489606297175 173.3645672840687
190.6956524469836 6.74459603867806 23.59909915773334
142.7566092499296 34.40082220719867 17.50419504509308
117.4371266841482 128.7084477675568 154.5135752209658
165.7015582308587 39.77721024115446 19.07214430116685
117.6523918003445 60.6064206371153 58.42607504696389
12.14867898281408 153.263144351984 26.76414961010193
46.84906894844445 110.8338981245054 101.8971519606456
184.6900765234011 94.0447644237978 18.95985086767526
181.7346635410577 164.7610827758429 32.020935642973
115.9131215355185 54.75266778803054 199.2870943615844
64.77849863713985 100.896320118969 199.14926353724
81.66804488222635 70.49246320473725 159.0146737613331
97.57231235561289 123.2380540026028 114.007091113954
112.2256474983578 166.072489336189 75.37453231470428
29.48410066991096 74.14111485574369 64.82677458616629
125.3688394710874 145.4418299943399 42.6838605781077
117.7017863899631 185.3995081597142 99.53487177531846
193.8333288565929 183.2140876673722 123.4537707348849
66.49726272906413 123.5144172937377 194.4121184727536
155.4455360904103 31.43442793709463 101.6880767753378
117.3852909048462 28.33814406434997 133.5847869708629
108.9143754857693 140.0032978582891 82.52557831835136
86.88331147241725 28.56672543606093 134.0215415800792
115.7552999315682 59.25209929225186 168.8211472894446
16.88621731477977 2.057686770120871 170.0339540853149
74.52082809652299 193.0102064593526 131.6996565826456
72.64318470772264 149.6806877941253 114.0179502917798
113.786802967851 155.9330859628786 174.5072631683531
69.1662268436246 173.5211823907374 143.0090645058009
87.55753492654763 140.1475622144728 72.83490201294856
30.16349233689058 106.4005433881557 42.9645429639255
165.3899325368306 26.69044638858806 158.0334331045114
6.523102189065081 132.415802262715 80.74559694881317
75.73005186169647 161.5115652556569 179.0521465702197
37.36225009466901 146.7694716254927 91.03204088197157
116.9750270237649 8.436528972555259 68.16838998744051
26.96801135868047 43.67707821429513 6.109485786146757
30.16663719457854 186.2003879954268 160.9506872815984
120.3066905184029 30.43524544385444 13.23808017264214
40.37249074021251 112.8275043852181 23.64735821374246
46.10113026748635 59.71196162252256 141.6365308872509
46.63850100803801 195.1342462092907 14.41688417218619
109.2076541021497 83.85507584356341 85.33238849696663
165.4683430697214 163.6479569611531 99.65236664265754
161.7917803508442 93.88257440524167 189.9490246447689
66.90979738865366 73.86108971637056 74.12903633384796
