3 1024 8.462700281341041 0.75 1.4 1 3 200 200 200
181.8192810958892 29.48325398435463 105.9302097091952
53.57109928901829 0.8171460321177384 34.44842845861703
154.5888880799412 195.113758568552 190.8219515581475
98.20873398687927 91.4885250673323 158.0729578926765
60.06736378948613 65.54609204647967 94.08791153153032
152.7153578051789 180.0831154502671 47.83475117599804
68.2469237710804 65.75712254092143 57.30792776496346
117.8892747900634 126.926317394962 91.11085619281712
25.34342077771124 119.3017368370477 151.0030646373824
192.6532906276954 38.56408265918769 90.52665342923699
29.13848575816001 188.9532834214375 3.00416896010037
112.3424980707789 148.2439457300342 150.352217755947
12.19171079061154 153.6799055563598 40.20619407882149
59.04750167578523 174.0730338119941 77.24851786051869
108.9205908763981 65.88016082262006 132.3324157133923
182.758163867119 183.2732475753777 148.7743956819209
165.0441093267894 135.7866678098367 55.22027113241647
175.636773710371 49.31250151265883 169.1066339014907
187.2864291743008 118.0980189065531 120.1276530145972
122.60769071597 23.31306743583325 91.43600430790481
34.65366772200214 120.2090512364182 69.21257479547963
79.93792434972571 85.44119241774921 172.725004845025
108.967973872391 2.739034560375553 34.78865857313319
56.66940582609163 71.69966539491736 170.3056726639774
141.6087090365937 114.6673319189671 43.47276516678671
72.84218623591235 62.2060335685616 126.3396914128762
183.2803942726877 189.4394894890694 85.01699871210749
165.628204592745 6.652435668844716 19.3754333258344
8.050652342297209 133.8238727662799 125.0439460156139
148.1233519742883 194.6506122131118 54.73488013529315
138.2537953698258 79.67438802897259 29.00421472994435
111.9225138530494 64.22078641160836 159.523346865825
181.7355587182876 95.52703119632751 98.72736092997627
5.853406297167536 108.8670840785108 74.5371044990371
66.27845005627803 80.07960217048652 181.1211196118036
162.9461204477896 40.36540290872617 175.3625795424581
34.01925123797808 184.400668228666 46.90690112780516
83.41175223974417 188.8771956481457 133.451360964754
153.9669141432242 12.01978989200516 167.2893960263247
122.5405543605015 32.87254791685467 46.72028105626842
12.29672079052924 14.82984013117455 85.5909085383808
193.7751133522919 105.8050875096478 103.8111670157513
197.0698287327156 162.7387093659896 193.8764040923227
184.1736718252422 150.2543573112514 192.416945867352
92.63913762207387 29.07875673127765 101.5218458860939
29.27302873022174 140.8068928551599 190.8491462869949
105.0581862831845 119.6420919990731 59.1724725996032
107.633210949615 178.2337259508487 13.69062968014333
1.106670980280919 62.59834940081411 185.914183739668
114.9686829052214 46.46312161506818 52.73533738348905
143.9416383732605 189.2875286291726 1.953831795642163
22.35787684183239 145.9871128601547 156.2076897891452
28.09794910242064 9.717936149959796 88.45493078598176
186.6534591995485 173.9677594760408 25.88626830702702
110.9484570745248 199.2643153761458 152.2590556180454
152.5260628870744 161.340973786381 33.80141808429982
30.87367950149985 27.73507597458106 168.8944770110112
198.3242937356486 24.22280476690032 84.64089894957937
173.6138143415727 120.2358559706075 80.93374051002917
69.23267421132655 27.80924380758078 174.134523733171
174.1905994311356 39.56826096293714 140.9508341266041
178.7214671335855 185.325821741527 122.4644317289059
123.4800054218167 25.92437588891253 160.5815427682731
82.71277184374122 156.583104355979 29.1516470278014
83.49120555120085 110.0365732023392 103.8092011649028
6.581932889080982 75.37476688380046 177.0687190118409
22.26076152329467 121.0309291963345 80.57911967579621
154.0781009192266 35.60714640199506 57.72571035965741
31.56709208024227 46.10634773288869 83.68289272597569
188.9691027020781 27.94793375995141 23.17764998514327
3.662094273394677 46.83317326500611 128.1326869117569
149.5188831357017 57.85276544949075 150.2591379947132
25.48017112821839 121.5986064865696 100.6722376934992
117.6420353355836 19.86624672498351 129.7112368716104
26.01162409669681 39.04491919877506 179.8975624564455
55.98859008331394 197.9657198019929 132.0148153620768
92.21772410615706 75.80351921371229 166.5919742678113
21.16135178165913 44.792637085981 32.64768033708107
79.99104327736687 87.05934150340858 123.7304928048931
71.27560243464589 180.8409086671215 68.5223954624602
107.6294216463787 114.8246616574318 28.83832997450634
141.6122534650919 140.0314434437916 76.96057899519788
20.67115587317216 22.06626867270944 151.6173256015187
138.3987963427807 19.98961699013808 96.02183196882558
88.323930397395 168.7609622529583 38.4684056890951
156.0375452983358 16.77878635176707 124.2412768191977
154.2073971564553 47.74941646729868 46.2005177548249
40.40940319509826 125.4401808126233 148.4249199452154
139.7827214466432 28.72948443136383 149.3255047215177
112.417005278459 150.2950337355974 57.96284761521071
26.91429317037801 94.03407405531649 168.2808177581094
35.10532317933075 125.1599757708855 184.8153313454185
6.203954165120543 146.8819933525276 74.7268291183056
198.9909273595987 69.40380731812695 43.76219201577803
197.9211803413857 186.4589706903674 25.95721441545845
199.672686099987 80.66908210055209 126.4945691928275
126.7961156115185 165.031829401483 83.42880464956509
86.37136011239008 154.4725066250071 186.6821864321191
183.2918548207795 117.2712723178852 26.66656238860182
8.768035612166157 174.8933430870229 194.461325173784
12.28241542205316 145.9819435153917 169.3679443039832
24.78485240415182 112.3376838781549 185.7574438752159
163.7938736429059 22.85144977362938 175.78671829409
88.34777531437862 69.08686954072446 77.72956738350257
82.98465807727167 84.601856675402 156.2909899327508
58.23117352371379 20.75915630142335 184.8434982945115
120.8886369948318 133.4676378047808 122.4982695950255
157.1556263330014 39.45001836634452 124.7955545604381
191.8350394923816 8.853912912988763 47.46766316489294
99.83994206500515 171.0323278129075 50.19306632651006
116.9745510320438 143.2386462048734 94.50655999310071
192.1788813020054 34.76729334187931 118.0787816905782
5.787247833725549 96.0781899424303 63.51273697102224
93.47146446675848 151.8269179287172 98.58329753500848
28.67462261542893 25.66186098405863 134.0707785703857
89.18566797899767 167.9785543929464 99.65315126396204
134.9870949219995 54.56460354099641 74.60450604034291
138.0435226579082 14.65674182662549 18.68526352726777
124.215045849257 1.123795458400994 41.84105893104341
120.2571692351943 92.16272183449173 21.98082901067767
63.39189421562681 198.0120552940493 21.28221562688163
48.52358236907391 157.9664802865853 16.99832806452991
59.72416237766949 103.8186196512203 165.0764118346538
174.8482115155416 32.3240320217587 31.38218594208924
123.0080860882827 17.15287119619186 183.2186679032676
34.73612175934059 160.8412515900774 25.4177331155873
115.7893529518478 163.7727631728017 13.36516275005178
108.5823407856608 18.97323226517002 99.73926817023022
6.379839120341146 26.26690727092897 117.2397232625287
77.17204094241661 138.3558784094439 62.18233462240756
18.64448303943709 54.74402710321736 89.65935795547962
189.97810499919 32.97148348245413 135.7798265869985
120.4818527010141 53.71956461559444 133.7788754163693
63.1025304049223 31.92407420259891 9.173524318024421
97.2521260450286 195.8032574751165 127.810628072303
161.8029588636572 5.558291472109598 180.2680979556021
6.601339808130517 160.5809853168298 84.45571259880217
160.6047764564052 32.51643939854206 42.73998208534204
165.3979605531458 24.39918702453593 159.2360394204809
162.1998347788682 62.51968649868493 47.03632861712509
62.42194275553005 57.23484383228239 143.3020447651483
125.3916870666294 138.7140692163261 81.03279960579543
152.0989055857289 173.0527900379259 62.96316774974692
65.59260597850286 194.4035507895568 174.9298310150792
14.87394963739993 45.72248251034736 17.10520299342207
51.10649173469375 17.46242985668222 103.3206013611865
0.000366866472890809 122.3466856335032 172.8423219270276
84.59017549551088 124.3205030525852 67.28991727312122
132.4635201295368 40.10517968833459 159.1685677790123
144.5380350707862 9.060668860529157 47.27439130125786
102.4774115181336 32.56899357070839 140.3741091817674
9.586706003110395 114.4322539564913 192.1072613421512
197.3014327233543 29.85277052302642 53.30277198437661
178.2420611390096 156.6295389829897 23.57362816722451
101.0838431242971 138.1694358051282 93.19349028378144
190.883962833994 176.6342448112861 115.026786774418
42.85953845494161 175.0754459084061 136.7369930545852
153.9802417048125 26.76891724141246 0.09696948819560246
185.4592633366522 199.9338690473491 136.5958510444483
192.8791668541404 22.99097622987293 38.74377184786223
52.51427746786444 87.7524681472072 110.7091990373819
172.1555797257625 163.0115002149414 90.66337257450787
180.6369071314124 176.6156586757799 75.73222313209094
91.77219465201495 147.256445772613 172.631530049159
67.40437453706983 136.7437537932794 75.28779777818818
184.9526835218213 0.4241292078380638 190.7140600747298
102.2016238154026 114.0514028573862 44.19530772641564
180.7888439028627 165.1940246193687 38.72939360246151
45.18482406167224 169.0090353747785 176.1175238080162
177.3871754921751 1.800642388019801 52.52389407970011
115.0809425520031 131.7574323453205 106.7846385401876
166.1771463056391 77.35436545501528 178.6149375109289
102.7738804928359 109.5329812808156 172.8974087394365
100.8769243982608 109.2907120640768 156.2415410488303
121.4151273627005 55.09909395674803 64.88582548598893
23.21492710855926 38.45305614734932 68.21212011956393
65.30900259516697 85.17360594267781 165.3397186283629
183.8524787407147 130.6915521962208 130.2881065811841
41.88059588474549 134.057729046572 199.3083514294485
34.3155283226774 107.6416111617626 48.10436201447761
25.01075328944028 21.14814828233522 76.70304814579632
163.0550859168422 9.276085591148584 137.4562324369055
199.9850139240838 105.6171834932413 170.4972736955164
92.31217482270389 63.74364314624683 133.1627289546087
159.259119964964 74.00629724707721 94.13488667177459
129.20803945104 91.18700972033359 71.37238483266454
183.2579186385819 131.7251464791941 146.6356345049671
38.69560561835306 175.0699583666938 33.59553090389102
28.78593913384513 172.8441016103907 175.2723786969207
158.7171667971573 77.16856939807231 40.65393202564745
111.3309850299897 25.68304326161078 172.1762885199736
10.47153703159758 132.8825248184736 83.21086274265677
44.2894436974955 17.57513860262391 45.0293876391232
25.5937458382983 40.96045674070854 101.5810096744083
10.56996436554615 123.6018010197988 69.21669888945
96.531797571711 97.5970346843163 198.9723331920583
114.9031181066704 56.15522979887353 89.08647446092466
52.05481063732866 186.5957305646807 24.648342275659
39.40545106809306 171.9864157239031 57.00531627483938
192.2340187984765 117.354111459905 136.2258505752592
10.60606861868763 169.4489541972485 141.6611509684553
148.1534169802935 177.424289446887 32.06086735505522
112.7955101887009 147.9166436816582 8.746334902612787
25.32802221572675 81.26348379920084 157.3625349540624
182.9566704735318 29.77705162648362 3.334852686059968
21.644827904546 148.1963338794392 52.98448642609254
34.63059721072385 69.33906580888429 122.4804653147856
69.87552825907478 125.736336991599 132.4118179701826
114.707344738214 188.473178067376 2.930044886603449
96.05850859570366 81.05992432872181 86.79256752446365
113.6181216074556 189.331782701456 124.7139337270473
110.5538390123831 41.28764052965668 129.1536057449855
64.90893694581978 127.4240919468593 61.44586348860662
62.34020990741863 103.1222283246282 14.6942676834488
53.49187719607284 170.0295454414196 27.5926897780824
55.71258048060152 94.12214717629162 184.1218111060571
173.4323827702776 180.4573036918224 42.75480293341408
106.7689972251395 106.0119791804009 188.9223763496354
187.5295666559373 183.9395273311073 100.1804963954554
190.315649294109 96.93332738961517 160.3721104015511
161.6734836484603 153.4534943211082 22.53274848326415
18.50313620845224 149.0251166292966 85.91140995809211
111.2040367789329 109.4342605327522 87.73300974554463
110.8237552833842 1.735785035014368 135.7352548973338
68.04769959915383 48.15509429076299 91.69246805385539
67.15746472659897 87.23238946803981 11.72717330195732
93.29508620205704 106.1306831557698 27.53312339940647
118.2343341467247 10.3754581340375 22.97724945979853
101.2276421101107 147.2391945251518 186.5079097403962
149.4419164000046 131.230352649713 24.16716370522036
108.3013907316084 80.0477319210684 164.263190820099
66.53264528522708 24.3228802084848 134.173110419379
180.0489210661873 77.40883387612865 69.32736664370671
25.59578916674709 60.51144296374185 34.76698894865643
60.17705587344728 13.13926863852701 46.09633820825361
70.06005344955031 98.33838521083403 177.2685413228063
108.8492275870574 92.40783241923134 144.8137675860647
98.47467522475036 43.5929647137167 107.6290439676608
143.2810101028697 164.9712166900571 195.4731805343963
191.0610334367393 39.1562625952705 35.35824420157428
138.195303567785 183.3299590368994 20.07007439902898
145.9577936009316 25.8480557929876 47.31645878588306
71.18491210111461 81.67877528264906 93.48993722686519
107.7070029185615 103.2834382585669 55.99085321515522
25.58069794982859 134.5317343368217 90.01242457220955
198.103032460011 18.22938161719395 150.1574762131704
48.49416447823457 73.79812658144016 8.632120125248754
94.36813311214155 19.08736006947191 48.61411280960711
132.5754968862899 100.9029435020153 189.1975654739549
24.18473364194405 179.5420965507295 189.9379424678116
198.0354121958715 132.988140786988 138.8048720731345
92.62138137384866 12.32474595387222 167.4808269197601
1.030503228939835 148.5988319900313 125.1800476885122
98.1869621013853 158.1710073972659 61.96147401122956
49.07724380623586 1.405265243733493 50.49766954627893
18.11839537480692 25.97938562347232 198.2186459857993
20.82631232752451 39.17991654406762 121.3593496533408
139.0190918103726 101.5700549610861 57.87846820933697
118.4376745028177 166.9917641812079 147.8424430177787
59.93147575393289 33.30108695368526 111.2278760044027
183.8539542581758 49.98596713904083 127.8221912093804
38.38234045881885 189.994399764039 86.27911393969825
193.1999537322148 123.8195443062089 78.57522022529338
8.799757079159225 26.52620450867724 136.6101502277708
76.57574157368458 16.53373235916626 56.58062053261005
161.1936797524644 58.55353740341295 184.5537297993895
179.6664360627341 176.1196872047077 7.635284423953431
91.56722801439288 161.0716340909036 80.8805639099985
51.45665907296458 16.06171301216185 63.59429958352972
175.2030005995669 103.1102549818548 172.10138229885
144.6116505020263 74.34728587282264 108.0608951066774
140.1884004330831 148.1853380669162 27.05777046522083
131.6362448080554 153.5597255065674 6.441235194339293
113.9789176484775 186.2522152458825 183.8349245879471
194.0252821044396 196.108534835736 114.9049947719521
82.51261094543491 88.03587016672873 74.71766021510523
74.33219444339748 67.62035512315965 162.1054863330118
188.0819312790685 182.2060340485039 167.4660402809805
178.76890004903 108.1853779280067 44.37023322308071
170.4649359566757 130.0676204181129 115.9844569894235
13.30935884853868 96.02414215104433 183.0280386124244
189.5284273947405 83.47977350679497 143.7220075780389
155.3247825896566 97.5260247993798 42.04345406074731
147.5657658051865 60.68948855177909 60.02011815132946
69.78314426926747 97.58737288501028 110.104574095139
165.4041683282734 64.86599313804797 22.57549222872513
31.11041893182086 197.5318682563582 183.797755361447
38.94135697393435 127.6608029763098 19.03874229437958
151.1495984925584 7.842587240101821 5.777339306314674
161.9169614862997 43.75184516406659 155.787506841929
33.32519008701681 40.85970250309862 198.0725684683349
45.37151341275941 114.8030043216564 0.905302732964716
52.64133643298526 54.44916488500249 8.297691710077864
156.6442447631218 55.20381504363485 93.72128317239789
111.1730336010429 169.7118361547689 71.81531952675222
141.410508089224 163.2494385461158 49.44558509612065
32.05184200450849 85.82993456553548 101.5591646864763
128.452506400729 145.1224656591412 47.02833847220485
111.418766032423 6.598684479704876 195.7398522827975
120.0074493631417 86.30525536956591 182.4932514192701
11.57822185866351 194.7487276698387 194.0106528426234
75.79464788612378 175.5931239966038 86.8282597159623
57.54974271721099 137.281338211293 92.5128375184912
51.84235008529722 143.0145756987751 29.78143295027316
146.3650037941841 188.2813425738114 149.706067302787
35.37578491702251 164.3097215071168 101.5371675458678
198.2375469636005 113.3331319195766 56.80466394159942
140.4077665245371 158.0664924459033 119.8956101927498
177.1704232768702 82.89573828201372 13.78138813572379
7.604160019008217 115.852604932003 93.22980867603187
55.73192012839964 163.4052462067218 199.1915957175644
84.72906444964451 122.6650212303098 119.0079493953279
144.1145207352836 114.9832797821149 180.6652407422403
94.95484152693703 59.15791457695149 199.0742008204856
1.859730216922841 170.6011582787553 37.60033811272148
108.488339401506 147.4276543209282 77.03259199400219
51.84305174859016 83.00613341685251 88.7090269310889
38.46283603431862 148.5177594954186 85.00493434141602
16.73404167458656 132.4476865254837 19.58935027795622
169.8120687504893 145.5692705440224 38.15482072270016
12.84286988896671 191.1736042793167 39.36968338484252
80.39683923247112 23.90669424862499 15.56358894980779
80.08877850606018 32.70854211285631 86.78388559056692
137.472676860016 95.53635056473772 170.593817600422
100.0806759303882 119.9699511301042 100.7466714784145
87.91752954085787 110.9845772921464 187.0591636127054
47.49080969692126 76.15555472295819 187.1223095828254
34.74020206650121 7.040124787494363 106.7572890902341
46.91007814135633 140.0749361894457 180.9323003791132
8.857256877755145 134.5742267776282 40.78197259913939
121.1320842828519 112.7052440003514 104.728323578604
108.2782560256541 69.71932332182713 76.51319301971732
140.2174162673251 113.0619100919084 2.598091229302265
81.65809091945685 100.9543791542788 11.90756660495519
199.024432457209 95.703864905213 0.8857573139677601
0.6216476985958567 44.63470450797881 147.9625363663918
113.0918495182306 42.79956742383073 162.0179907527944
92.2107349088609 187.7494675318846 33.95152532248077
137.9583800669098 40.81777669865829 36.44824322526495
71.89063156036607 171.0511639849878 108.988050527374
10.37758039490026 91.70137284888938 82.29354550708435
141.8576707736595 134.9242435225549 191.2253191395576
134.0947905933749 11.13531191434892 167.5965015342122
74.66294657205646 27.40336577135148 193.5498219654357
197.959621806132 21.83837013665319 169.2437137957531
131.1006123893429 127.8823003192152 33.17863620547835
5.212892814899177 3.14293284618502 138.8167152800286
25.93547800378558 136.0483676832885 140.0682204719659
148.3920902070051 193.4336543291571 171.9954977266324
61.27091999469038 34.50110215862964 150.2848617824241
140.578386334421 199.1927751030484 30.54024946892773
107.2929935690026 134.5618852103159 137.1997049794053
129.4229828499391 101.1383329083701 87.39176502648488
66.31604511917401 198.0071837047477 60.39666885322325
70.59545723626944 180.4875882937737 28.3242973372403
152.6369610442322 152.4482137766199 164.7193084919907
94.89252279218611 38.42653087076509 25.1512133289867
148.3192517035672 166.5303852303863 14.93625815904477
189.830368812365 1.288306197029513 155.7559832555442
109.633770436142 132.3196633809461 41.44926130405702
158.162440613529 132.0869040350652 175.4388229728242
158.1404737119801 27.90260852438104 140.8140013849431
83.65376059737932 102.8987876191487 163.7883125924287
165.0651075188847 39.70978064458325 106.4042197457502
42.9117441767613 152.9314371682871 125.8443994829022
152.8295294275645 165.6314470944719 102.5705330942182
24.43804543310773 124.3564053597282 1.432162712967399
138.2020943678535 171.0444145991307 137.7683873079606
149.3916996261147 198.2670353340946 129.5005915606012
64.2254301762395 180.5331148799308 137.8369161525561
16.93167889977456 56.2656198531695 175.6726415119681
157.0819471146465 173.6250562201428 124.8775187797641
175.0061676994157 146.1947002530891 100.6677217716279
175.4755414622199 86.59775715903234 36.93292696347742
92.39161480702381 32.99062484980491 163.944864417694
13.15041425318193 158.3474131591849 102.7512062380829
65.28792793372048 156.2029698058845 127.2884920276292
36.9768856007546 158.7718867916048 191.004219837385
11.57832035845327 153.7668688652494 21.1013289878182
57.57636662945227 31.54947492232679 88.1439329167532
75.78069398970116 17.52656860082178 157.8658696156278
58.39305703210846 168.3792878401262 59.10346027154601
79.56272020487323 64.11738749348851 94.71519301868068
193.6345628331862 17.87067690016082 191.3747066328262
54.99196568202432 38.70486275511533 192.1664440785244
15.57199461272201 69.49458839726734 76.48496022678523
137.5607408001919 183.3758975450008 118.0463596612687
20.43659714115856 149.2538787409268 122.556896100901
149.2443476490886 90.4003230332298 92.63676485902248
146.242203550128 29.60710229275942 111.4357634226531
98.15742351822901 91.08400359185289 178.2891599393362
173.9807307618212 29.02960562889056 124.2494684709368
100.8882247561966 163.2147166326075 114.9337753824521
138.8648784127979 170.1507008939018 160.8318040548375
103.5070162043666 197.7709258179425 15.96699314377346
31.66966143328997 130.8799388711152 165.8314717964493
185.9706998573542 129.7052845900265 42.20427815952085
75.39882293208764 87.79702825932367 30.24912326223324
24.64648036937976 59.51684245329066 107.9539922525466
182.450792798661 65.3850825651773 178.6155251308521
76.45021564205393 10.28115321208147 179.4007702046721
14.79286671540892 61.26329403468139 51.85599852584158
105.8043981606574 18.78381073802699 153.9260885436243
35.97797557061072 96.3303098572113 186.1892552938298
118.7350087290036 120.5132293732458 198.9304231929987
131.9099210500413 93.47438530475483 107.7900453732861
110.1215140005981 162.2411046061694 94.14895559860112
119.1792756027792 166.3423573574898 50.0147666820104
96.41290143152311 14.85363134588101 133.4751218946392
156.3572102277412 94.54241547451525 182.479802496312
125.0579540056415 11.49550739043285 146.3926454490756
193.6184297408878 194.0149637767695 7.804453064627762
120.5580893633488 88.32543347448711 54.07886657790113
14.17092146214854 38.86066187511856 50.38292768073348
158.7272814047218 116.5835115175095 53.33209956781601
43.92972426484588 181.1920233873431 192.037351623254
190.7614607106386 99.25616003538956 22.15545343058957
132.7725662424145 97.35836311115844 36.36343614253592
193.5887747256187 99.30206798462216 122.7518843431359
177.199262751785 169.6021067485489 134.8956062385329
12.02196008322793 74.68454173777975 97.47788489240017
167.2465989829925 60.71598369589495 113.3843219207431
180.7599470170499 32.60027816574557 179.4382530640378
24.39295658485251 137.923803624962 70.137336511661
7.058362208056829 35.6035592707665 185.3074562265967
162.7586992019559 15.1170549217117 52.06073027413628
124.4214776915007 149.9704331502739 134.2891342100795
40.91169257166024 70.85304586742014 26.95104682229564
21.13896940601448 173.9855203669015 87.23335728436042
146.4838204254398 74.49878602656895 175.155813183896
53.57419084816271 67.33684549374337 128.8004147591333
120.9613065000684 41.25187284792246 78.45987138787373
46.92818874305866 21.38482307798991 5.336630768252639
129.2385021009561 57.88126011181493 151.1390327991296
129.0829136986802 72.24755373936581 67.2730691504305
5.954197707985065 41.8578410964281 105.1862145965052
89.72502301765428 94.7206015647659 140.5936268584749
24.80526863547648 116.4932211911019 32.78588196120668
176.9191109794605 139.858641048693 78.456467306351
75.32361173440496 191.8352535283821 192.235014866824
173.3487742818997 91.77160140206119 128.7354047032558
142.49313586169 44.46285262170163 137.5158601295152
95.40568613539163 23.26737710887377 183.7773559875813
1.023464585989092 35.64619350103755 7.652029254566195
192.3958994847229 15.89997751874536 125.3825929424494
54.4049546979515 161.209198999878 144.4908546464883
55.56382398527207 114.0480747856181 143.3245739410403
127.9057393091976 3.044921108708081 125.5592048959716
5.467096707586124 178.6786939611887 58.45105861962432
18.34340710130593 22.57162238446894 102.82205858229
50.34167452779382 33.06218766613978 170.6737209826559
105.242629521573 68.67788248093068 179.4170859615308
129.0521342389037 197.4134612524405 63.30993356915881
195.7281881231322 143.0702415785399 91.32866124953364
180.2127474980874 125.6818273266901 174.4951861376131
21.22200528488183 101.9801401808333 2.642107257336843
38.3534583259116 68.06238263147031 163.1864380294187
175.653229659352 50.97274252066957 38.53947934707369
83.76206961249187 178.7544851037608 150.3159822010084
63.62851777341913 69.88621880097722 21.25491789635002
121.7277034873217 112.5068458406997 178.3676240595353
40.47459685535314 169.2637781980942 77.00400916901458
88.82570316342279 171.8962792381286 17.78886033461469
9.616133145547217 130.5145665420436 156.9363019382318
195.2205814756045 4.762371997435167 83.75119409870948
68.53092502030464 43.61752164567027 129.9153097130723
135.1859184832688 177.6818106652544 182.7780317582157
61.21914785313294 192.8407871340412 82.12810025150229
129.2000747482564 199.4120723657207 10.18469475303439
60.37197458250824 122.3173269039416 16.95842183064561
28.06506859709625 159.3247297793835 142.2356690194244
40.75018507970784 122.5202902382327 87.95408373918912
50.10104965257882 92.48779536463044 3.214987631506675
91.17235264278446 0.7322379682810952 151.3540593450205
166.9335281076212 172.1972832496487 26.56806660365618
31.60496989670453 56.30437452152215 66.80025918137028
147.2910129385313 132.3510910438618 155.9882525670183
199.7548488880403 179.0088863242678 81.00839926756296
104.023550141418 51.97109693466454 144.6203321710231
51.77967076111761 173.7983579668924 119.0912621132581
15.86950414312136 195.2820114239565 82.49704058322864
89.89531657985448 12.00872570783962 91.79776320531714
189.4504590283557 36.17540505675303 70.84152315990917
169.2895905920703 145.0814216837916 152.3449960236355
60.74063533172068 98.16055966033612 45.566841352725
48.95165810880363 103.4488738116367 99.10441901126508
166.5213656275648 26.18720590898445 14.69364891520757
90.35060736006747 197.6266775764516 54.27353134577699
17.68625219531685 65.394794105702 17.12811086904759
160.070348143894 121.8470976935568 10.0505557377765
169.9559876568542 157.0504356278149 5.065072494168878
193.1211577949664 81.97267542149049 107.4908516720903
154.4716819552688 94.84882540769658 139.161118882407
62.32376495086195 128.3400023106357 192.4485572995342
156.6556914952383 85.61679492673518 23.26562146593597
122.2174622772409 34.5661726446284 142.7288609883334
196.5222192097001 58.57116412571605 11.29329262041666
186.512620610995 15.09622379534016 64.85822490906976
73.56517296699229 139.5014208610947 23.72349409613054
6.37672980066961 116.5416959765037 115.3492749939253
149.4209680485784 136.0426632041878 43.80219101076159
96.50228342424634 147.1788001907639 20.36028168504949
147.5573910552551 30.24582757986376 166.9205409471338
15.60619086272082 77.60987030670735 35.9506124899685
46.26489342206052 88.80462521938931 167.2981204521616
61.87597841269598 54.89101818133079 111.1417958854177
55.65651581150376 12.49447020905271 145.6635881077364
95.85477974826019 183.7112684253598 198.9730785060117
108.2942764391429 0.6464835354339535 92.00913913439535
133.6695854746226 131.916721156544 11.86674295194007
116.1338576594487 39.5372308266149 100.6226667861068
113.4027910600937 29.43302765545993 195.9931792990708
169.4832121691349 104.1139339574581 69.4009053059176
64.92863885740469 135.9964640286193 116.2519123585079
119.7222718121139 170.395534229909 124.6830721759123
77.41467670998334 157.1469863547807 147.6032122842815
196.7611005589513 140.7868246016044 180.6079330555648
73.83448396246335 106.866412673126 130.5794361243918
192.9007269441443 78.86884580989154 84.4463864443529
69.60880300799315 42.45898124245824 24.32012924789631
149.1727389770198 107.1776013823038 76.93760791204525
56.16225083021333 155.0875975806469 166.573412199328
110.417302130462 47.34283031716803 11.30008367848706
69.42989267132766 190.8291564044297 119.392507445019
78.31150809126392 158.2532653278021 62.32474220565116
35.47175519729153 65.36985879439828 87.72288517578308
46.95802072954505 131.2223132304747 130.616640193534
100.265212740658 152.998771596626 42.60708388726096
56.51123322210474 10.81225198438046 167.9766459102676
134.4521797548974 131.0551458637394 104.3076353414296
165.5025576273015 123.8585361763015 32.93541727563454
129.4716637359652 176.193580024268 5.167248502964357
139.0998603326199 83.69358399783695 194.4106869767085
171.3153551904553 188.7904850114898 181.7254054714346
76.98406079154728 75.52238435743294 139.9406390166653
32.2830877990656 4.377477250485802 69.55212788116074
90.88694107272742 123.8328817496796 165.8071072474864
180.4601650392516 68.84742957621866 51.41347746256766
10.3263613790874 16.52975335920388 45.98341043803747
1.319436792294898 80.24523864676183 17.39794382492062
117.5625255570557 164.349866099907 191.2425813881287
83.38014841362001 169.6804016961716 129.1743792513571
186.4663139028527 68.31321205466905 29.03842763759272
132.226186704245 114.925401816303 159.4151048355208
179.4515782395689 17.97600177919754 143.330590010294
167.4933757683525 189.7268235822517 138.3872034737281
123.4269642248564 79.47274662106958 91.27260966780145
193.5590165339692 49.69610572108824 52.25074436233743
189.5850699570088 48.19897583337911 192.5628447287393
132.3267268899256 199.8503856672891 187.7186985414574
168.7319477884074 104.0270597423722 23.89639857221346
81.71319659141025 151.9317046110209 114.4936853788869
189.5911691301253 158.6871917890269 75.3103981873339
25.3980583395295 182.2680016637315 142.0927726385559
130.8380021280328 149.1761998071623 156.730537465577
78.10221715018527 51.93064361422041 74.545054690029
170.3034689538265 17.25452857002394 193.8774921517142
117.2271017472899 13.1987904587364 75.57374347078894
96.01109996400565 50.32211839537099 89.42104569905449
57.2622829135528 142.9955788833583 7.723536367675459
151.776940242534 44.08075914387626 75.26819749106761
83.26871850249138 195.4324980793511 76.51216101567262
66.22704810833021 118.4011666819647 101.7093338398108
18.20862713609315 62.11949956704088 153.5823665941359
88.0492790987965 100.3519851381797 45.76729452971243
8.144225275482555 88.9298048461723 162.4551695431381
170.298506168114 82.54928765945338 107.7705901573323
82.59848993878096 134.7752226512845 100.8074180551347
122.483097995561 29.67894265907619 18.3740247583143
68.75628644927964 195.9649215863391 155.1248231681668
47.98357095557014 113.8672576542179 35.10137647928715
44.35213288692877 47.28094874873945 99.03118213635611
40.84156433408443 50.62029905078224 120.6275340500645
118.9492682907215 132.7194991122597 63.16761329049719
12.62714554428317 135.9894331588872 104.5631278093089
39.26363475448442 152.5954318857903 61.91372143086051
195.1058276372717 162.1284999811381 173.7661266467315
139.7205008103552 61.31116086378038 191.6906543946242
144.2748218513252 32.71955719224528 15.78576963091335
23.43126293234193 99.35686175869321 149.2878151931709
38.34014035112521 191.186685296605 125.5190695094267
40.10724415884551 109.801924297985 160.484179298218
128.6911149385779 129.9554848330705 143.1802565221445
6.612049588558541 180.1678602367137 103.3949969388634
91.27937535002729 125.8684205092391 26.48915575905018
23.82422939276159 103.9697857926228 67.53743868792581
110.4495589374694 55.53263954313828 116.3564717984731
170.4792172761352 135.9379651630739 194.7727320565369
36.92796844527333 104.3944221374811 18.29325037838879
110.7694486113355 8.841520184178751 53.67477232805663
127.538351775017 77.56516263250526 162.4780554754822
25.48091606600831 182.8769218700635 65.79982395737972
193.4137317514806 166.3375459981204 150.7918950229119
39.41928565477925 27.30966792050873 151.0717973829633
41.14781618076984 91.62534420420468 57.36687956546591
179.3237520688342 10.27219140549024 174.134949867965
61.65231656170849 12.17242411655101 119.4393294181871
73.7154655183693 154.026581210285 93.18724955638189
4.15509704905604 53.88523646988619 32.27573286895151
14.85414647316577 189.1778790245031 123.1448273271571
110.6177775480767 29.46516718838384 62.18742709448935
76.31760601023188 65.86770869908813 38.83741475082437
17.99741968833697 111.983840623915 167.4450730914695
185.5264661580507 58.88958276140044 72.15271980036316
172.7365755109332 114.4597958896505 133.5795026194818
107.1563453341745 170.5302588893124 31.37386678051958
124.1253988328885 188.3178042638638 141.9430312604366
95.37590070242653 79.83885411086445 37.10460821619223
168.5632258114135 122.4105809617691 155.1139360245514
68.2291322249753 75.30886131178565 112.0928624267605
104.3342818976073 68.19886538431612 18.59999802458762
50.04377614351621 113.0837867902246 179.7395597430293
28.82755555100193 144.5415301895184 34.36536643095783
141.174049033693 79.87819161495214 48.9202622367574
78.10093053091006 169.1014261629516 197.3662557824685
105.6319007250674 127.6235176694315 181.1898711826786
166.9143373084687 186.4398406746241 60.41796261909605
153.5425639462921 51.77225132065511 6.8765743375744
67.93833253894167 95.38917508943415 149.0995241712764
26.96984920657195 28.83302670872273 15.36153255894918
2.166303531487767 62.15497947480549 114.9805654146791
160.8962998604937 77.79723618323432 197.7370153674428
29.786169372671 3.905437670912598 46.95426210145104
93.87456869663849 141.8257478656409 153.7692846976117
48.77559848334639 33.03301696369027 131.6661292941222
26.21570067482628 188.786857005454 163.3219637472887
78.37465572729374 161.9402855795201 170.0067706858149
126.585603521217 197.9139310787135 103.9771170772404
33.05364964715822 64.34260911199661 0.1975752734931678
15.4123808371833 101.3719762997849 46.74510215720278
140.4767399081408 135.4437524486982 125.1360018670994
19.64452758620209 160.648042454077 69.38854049466815
128.1488088754497 59.8468505420116 102.6818273353713
104.9196044660893 69.53133211908667 99.73744878012795
178.6032467794173 81.65973911689549 163.6524960919817
47.60408731867619 188.9036947817648 170.4578233293912
182.8421103020899 34.34772822787146 157.6025236909466
38.16235566378845 19.66639370401382 185.1420871353182
31.02698272908149 106.6415040911814 112.3072277956677
32.97041632896825 153.9786091826508 170.018056457765
61.14411549545056 118.5576116125067 78.86587195556558
98.50062377333848 163.1336803179367 158.6875687311851
143.8894835392898 75.74087076896538 146.4078266582111
13.43959316208274 77.36984019650154 197.6311811932252
55.25060715325302 154.7189418655031 106.5278460472539
158.8287770103163 43.80327081401848 27.1371025386634
117.9580793951552 61.61742078126291 196.0889586272622
67.08770076272718 149.7260471064413 185.572435794853
110.2847651910897 67.47582569638051 53.82919556063958
159.0153670642866 176.9120698719857 197.8422783231852
115.6606437593612 111.147241559574 143.0784855057304
29.63020055825568 28.00716057762769 37.05323898303165
80.18036612661467 146.6236281125307 3.844640147987791
124.5116764995689 58.44499326172778 174.2859253751885
19.59279092934625 10.46779104636353 26.91722770027031
55.05229996694204 54.00435637607984 161.4532049041093
88.51532457973181 63.39138366997036 114.3584501315897
84.75047096878939 45.4025127260584 183.0939071898475
165.4556332072558 17.6134524101271 106.7030105756556
27.51587872752451 9.053967480294926 3.268863232340696
145.1273149723687 111.3309237580999 100.5358994393116
79.86473971274832 43.74132603452843 106.4106413718164
175.8838910687192 166.8372960359504 185.7589486940731
22.3182217464654 122.4145551837226 53.88737974485026
141.9715478508841 68.997444301212 85.77511432256409
173.9777540665129 43.83492897031418 85.49092958478148
27.62607234652189 5.047617203721918 143.3960881557919
127.9915565049291 40.95551743259648 120.2855279682135
74.31969584117846 120.8758656965009 151.511132477805
130.4000891798921 43.04927198044827 1.11601880092617
157.6138615152645 128.674379728241 72.64955112511669
137.9034470336284 22.48144532794759 130.7175352048369
146.872109415982 62.40470006841225 34.32286244159378
170.6982752467134 196.3349360986765 2.958915211348404
32.4223417468425 147.4145726324866 10.79250913685441
120.2662186365935 188.2455613700944 27.08836670269872
130.3548411334533 168.1702564918078 29.50558207091643
97.48782088593013 169.994662686273 180.5918768558839
90.78261416250204 177.4620969023024 66.0010270900508
64.23668565778979 56.84026892755858 181.8546332505232
26.07626719052529 77.09106316606203 178.9955766532979
101.4194200449939 91.12287055257931 17.52100082720712
85.7968929725792 6.113653521523146 114.7612592877567
93.08309570221694 117.1746326010975 139.7649509120122
21.85250840193023 166.2906209350868 4.932981673862072
147.0318560093948 111.509394226611 25.06890158324648
163.4747424948964 67.12122943312684 74.6751135018356
118.2098699330614 97.56402546367659 2.647678834381449
185.5431152350673 148.8991961589379 137.4634842943022
60.06325313280364 145.8672312508639 54.75917996423152
82.43872604655481 118.3043020870952 85.50731008563774
20.56245251941315 173.9334672601864 26.084072308761
41.58162223549228 54.47091087436429 181.6459829278517
157.4472014484307 148.2521379469761 85.85882133276176
133.1300767002828 96.1693001831154 147.7491467877873
12.88278455498616 81.02687445472236 141.3634913905368
123.5485323105735 76.59047399367533 10.90326513317002
107.8913797220828 118.2989120932647 122.1389539957527
76.20784874703618 179.8929124520398 49.56650365935784
199.132145889226 57.56957477330874 90.09452553567034
129.977859400418 56.01253039684241 20.15914145892842
45.03780555881789 103.065311238663 76.92733064324914
63.38371654057516 139.8714559519137 144.245456005994
84.19856458627329 139.8407756590368 133.6190209340156
173.1392141659515 106.9154079319855 112.5761962615896
183.5886281992096 12.49675493830405 12.40100107010534
34.39515562160151 112.0446744665752 134.6946528984722
121.2000716852753 77.51421237792778 140.9291714840646
81.45946239508787 193.9721076776115 14.4321721789454
154.3964397157013 108.4735634017968 162.2915566337003
195.9604806547253 16.53802862608043 103.0696508870223
12.2286781909567 6.648453642295795 160.2905114620487
198.863697689349 63.94170180425996 137.8353639815607
63.9972154232955 127.8876519042271 41.63293558509604
44.70970262640404 159.5072377759764 42.46983457153824
91.58747465515692 44.90076041713741 126.5049591341788
1.684218487404081 156.7340685571852 56.07635346599956
14.45246722433106 35.73425746671671 85.47133275455424
73.94187725467414 110.7147762833877 30.97747003256478
86.28380980448866 140.0953840776853 79.56259520554485
153.5436592697988 95.23639499543062 115.1234670595284
34.74903332592165 73.8421292697136 141.4772047392026
108.9876453158975 23.08629453732046 35.74635603394652
171.0507374370912 86.37395204897474 84.29548387943528
162.7125418845531 55.18133575159708 135.4607132588949
42.03095671656988 132.7269788293962 48.04964287922119
130.9965657358192 18.8052632651689 58.0644038544737
156.3362305392481 152.4203456807559 187.3590294087171
48.063381397383 10.45069043412984 85.36795786759401
103.0896308541896 19.92003890417335 13.67443657418241
174.4872630636487 164.4906011147561 162.7806021983518
81.51126974750301 53.65468381883829 145.6724254105112
41.29663298306852 13.19312565027788 25.60003531512963
19.66735347566593 59.76980684508115 130.6606886881553
109.2920530755845 92.38948504692044 104.1803631096508
97.41866751026885 58.0278589395548 37.82231633461686
144.895741345634 7.718380750758916 110.1728169582719
102.7577040479095 29.4005066898508 84.05373918892772
198.8629708076894 0.0604382286610206 176.8603448879411
186.5313760948735 93.6790813698933 60.25239636083656
176.7566707587925 94.26776357571649 193.812198573527
197.3057005879733 68.91635460413231 160.5226383810179
163.5535900056865 64.78029161622592 163.1606029260658
48.22833460056658 134.2629154999993 70.18897011139997
195.3363127682772 182.9372103783068 133.6987909638725
135.8424066926816 64.50668044646292 128.314776172321
63.19803930203408 175.4262566957956 181.6424756091082
69.73280746372396 14.01183742363563 77.88718234177632
39.56659453273876 171.6679849910642 157.3925986851424
197.3482608512938 89.1108281640891 41.25619366999756
83.77189992504913 133.8810304075812 185.2371378906956
80.53238946666711 143.9574149597835 44.14553735271165
13.91043983559491 36.12525297893771 163.8894253495041
173.7983567491452 99.84673148842394 150.1651257913566
94.17423626022928 55.99774839026028 164.8295266633283
100.9905814856983 112.9593796959866 10.10914793622045
95.03197636953062 198.1609930810411 181.451008705136
23.09247506590635 41.86521583827641 143.7491681967189
90.6371375609917 183.9007739468847 113.0367008384773
165.2250180788147 181.6076636610493 87.85222414508162
115.3550212154517 96.55774695928439 126.0327973487084
155.9839160244891 26.96770888662639 89.41721446162083
65.27673320185527 34.17090180057105 66.99671600097273
153.2989421006679 116.8856723760357 120.5760597770011
17.78967955977786 78.85667031482947 118.7001064539624
122.6251043658961 184.2025240131072 85.69035301409059
192.1453246456154 136.0510358377276 113.1015227244595
56.25333473984124 74.97341835784238 150.4529354625477
76.69956006707798 194.4367881818303 98.29083437151742
14.51176321498378 164.0575851251205 160.5630924025947
192.8689564193344 150.2511364372725 35.4531571699989
190.9790062195354 111.2914259747285 186.9820308144239
156.3931217818196 75.53442889365554 126.5220833059864
191.250779141179 164.6530882669899 96.87749134856224
22.97140245207109 167.782642528637 47.78040539597819
112.6929474916468 130.7019795787498 18.95934635046766
87.64877255918258 83.95206386429375 104.6977266416842
14.21114513058683 192.2310464600189 15.84072247811039
152.7850261851092 143.5100502179868 8.485381826488556
178.7393934067233 31.44933688115403 50.40142808299823
147.0456803073027 150.1483367400555 140.9595674221
158.2482682718535 168.0891769048481 147.6240247356885
165.1564536220364 151.9956359658571 125.9684612897809
185.8471052001217 157.5749031769554 117.238759667969
180.7318702825706 56.37620945983173 150.2415331118168
132.379799755874 19.77361154597365 0.5272100374280887
132.2385650956373 175.6195218117236 66.48444869890362
127.569108413797 35.74577806196748 178.3256142572728
138.7723087780288 124.5119753753409 60.56089135191014
171.4708217322797 2.799068375780637 75.73189688481401
174.0558131847523 138.2063772677844 17.11044117019836
68.09073162536932 71.34685074609978 76.57764204031379
129.6149740537082 153.1116272662714 68.03540700698319
35.47182367206294 70.44725043522246 48.81075997853821
76.30957331905233 83.34721160680346 53.2010315831103
172.921756167766 172.9060707886483 107.9548083459522
33.34969092476035 91.13393733237585 36.39201635394493
177.3011695907299 65.72789694879681 93.11713332818707
1.600903120428289 114.2535054649102 34.34161191118552
54.1158684470474 54.23371054476915 35.16199903286644
166.1115720499976 106.1060500385308 92.14657111995535
70.75757029734257 118.2004512232989 174.1718472948785
19.19544132356969 11.85042413814968 122.9176032913246
43.03465649011797 52.4500132324387 142.8427866399461
35.3255373054739 47.33313902833239 46.29208519316273
198.0627587627032 135.8213342310864 60.58840374637814
131.1024608294688 18.7998578156775 36.05546738963346
68.21539650122169 161.178558004159 16.94633260537659
85.05407143915943 122.4589490274845 47.90570062858644
7.98492771101959 30.79919487496673 28.60510392579318
120.165207317932 111.1275379242112 69.74027127519827
60.95494956825886 90.84621683691277 67.83177906964215
103.2368785513719 185.1616922915493 163.4445417245729
148.0941149086709 84.71505567091903 70.75885829469502
103.266820373948 124.9925095644218 78.17078929255811
30.34172928838444 83.77522772137647 12.08370814202616
84.33335418817921 57.6925282081946 19.36697027800097
167.5548766589947 27.87701538606419 69.92586826729034
29.68403405885152 23.27962828069333 57.87522063334364
125.1865912804502 20.32374082798784 110.9066010526835
83.14301867315693 31.22808191860311 142.7255296485048
8.22029556409308 22.69089221703739 67.59057631774078
53.29790811971261 1.9256744286931 188.5461424507554
53.79818682925278 183.3132996482679 43.68462868332141
190.722845188157 75.47992523835566 197.007246108579
130.2236982058354 133.0510660665098 172.3539551807637
119.8238079524914 76.03829830197962 116.6519277512851
73.3034772219596 49.11372035037088 2.015256597710163
134.7762987334161 154.8326721921583 179.1231699081155
184.1285952549587 171.5142059805498 57.03952048874092
164.0459418604046 164.134807506612 49.40609717115197
88.19835778064818 64.87481052938618 58.32068711031886
62.8263763277242 17.21267444059644 26.94881331232682
33.46596652698476 46.39097103833689 162.7146945075879
37.93075610859074 29.07949119748829 112.4798062894422
166.3764601365817 184.5643294029942 160.355982818062
93.25835681938588 101.4418901172419 118.6448685652938
13.69420031696432 52.86697416701124 198.1659978979057
70.61563687847276 16.68349801645399 100.3001272630591
167.4762326813971 4.906224447705157 155.9738943267066
81.55596184347895 184.2704959731694 171.2614634982478
135.4162549936618 122.6320344471419 83.20988365487119
6.428385317575122 167.2328577571331 122.5666014736592
121.9866308641558 114.0338391293816 47.74940925780867
109.5205084416656 97.36359005157964 37.29045430825499
1.31092514646084 101.3292133186944 144.3481300592728
42.52568788385314 144.6231797133418 151.6950788359612
197.7566163195581 5.93963737356277 28.98640948330578
192.4841118460477 89.2119146791635 179.0590965968065
136.5875078840754 87.33078369383179 127.742786895123
160.9286389573817 127.4973961306747 95.01955851228118
6.408227940000455 13.41781783390659 8.966453722587403
98.56033950481046 85.64910807157379 59.32663751952975
190.6089356665189 189.5595547896398 43.92988587674662
45.11221596117633 93.99761590226585 144.9387370368812
53.86412518274048 53.50522976086374 79.68886983109925
33.93199271687154 50.64107043342988 19.23628103583845
98.85288636179358 80.65283666624609 124.947234201041
112.3972295644725 5.768907552187822 171.1161603192549
181.9876662537586 72.01625370001544 125.0829621623879
146.2589878232515 114.92826523777 141.7829045004804
112.1846553631789 127.0861938148784 158.8973247805775
143.5511612371393 185.413721761764 95.51433350511348
110.6302656012562 187.3336884926764 47.89725728033647
147.6089695934317 40.06879017361948 187.5733963842891
144.9820212082671 70.90238680640913 12.45232079327218
102.371964453495 50.08889057730983 67.55872439008205
128.9713431264071 59.35746661297489 46.61576208042987
98.0387530588646 181.4002493058484 87.88146230722862
168.449611953433 49.35009652086691 60.50079754681664
72.81843074109084 109.0231806130425 61.5451383774609
9.94367151119561 180.2472957660737 175.7372764145568
176.595367187734 12.86913023176038 34.69693529247123
73.8404061085545 139.8856590750164 165.2178158596128
60.68500416201508 88.02892941279637 129.2173658960397
136.7191294808634 26.34915248082515 77.5595384577083
173.467758983532 4.477275617912614 121.8781579188703
146.8769628349728 10.43591881580755 148.8154990176378
41.6584733542515 12.45914771877237 127.8346453941646
179.6923062344028 148.9091463167338 57.54180337182564
190.7684339533577 116.5379722285705 156.3727613813118
130.6341939700531 114.1752423701656 125.3607582126398
111.4659755271144 182.0613806045087 106.2872918681697
110.2396221601668 92.24604864108865 77.53683703366944
45.98348506925342 69.41815731141359 107.0658170882354
15.86746597151891 130.1106758071881 181.4433615464327
46.14382586463011 124.3435295573394 109.1448416768819
62.74679110662505 175.3552618715417 159.6343757958459
180.8908782062464 113.0977346643645 7.073427416639163
120.1709544795225 150.5775457418944 112.0342880560468
178.9458108490431 21.23142583461699 88.01253959623702
174.7045908809833 61.3349280558096 2.812791248254281
146.6241793144322 51.97577590577788 113.6783370529035
99.83063317502486 134.5570989191815 1.534761773810992
188.901988043022 192.2850084669525 65.9661744274745
100.6084068513956 156.4637245272988 136.6236656600026
157.163288726775 87.05718953615589 160.5829580038783
4.5040468887707 114.8791408107516 11.40774138094101
175.0649569054819 146.9419043490535 175.0376380043354
58.62002027662925 154.2946815311703 76.47179608926071
46.06840509001794 191.5964887105002 147.8329235412576
126.7744634599175 189.4497475128555 164.441099626761
6.085067852629112 185.1370040441197 153.60949945255
53.13061512198303 89.95126730972699 25.82450333174181
80.43671694786532 26.15156500658341 120.2281090896874
34.86185081919221 142.7996318595111 106.2313791371734
135.9736882095471 150.301665395943 93.22275000031799
66.31092714947803 9.137277758968324 5.272969943070485
48.16556082484666 34.71489197293909 24.0359614979816
178.3542710910122 123.5599390772869 62.0883450413056
138.0626785071497 93.47930436734799 14.30336429108037
75.49806991203175 6.639155758467322 135.9109296354188
102.5927660948151 179.750644205818 137.9558315623519
156.1398132952524 172.0009285259925 175.7210792145659
191.8595327269597 181.8359323063912 189.4292412246084
7.264240583932482 49.98904216962718 69.94888291238409
66.47088817707929 106.8297415099116 195.3400096265818
34.80945729347021 9.254420065949242 164.5079854580044
188.9690863609404 101.6038568349306 81.82090524010827
165.7727091749552 114.5428809039304 189.1194769164369
148.7816565745099 189.4019720873625 73.84832012235984
68.61778525239041 99.90128493199509 87.65002830355067
56.5175753292324 75.67897360717433 44.05794187223143
53.98566181624211 52.42856269625842 57.64406238813808
133.5856783022139 184.1270070504664 45.47537100465529
104.0872718298682 79.88100270358842 198.2840263201828
83.00974975154377 68.82310914020866 183.0654377830044
73.92421705057328 44.5515519528179 164.7871001877047
192.499646105363 130.8790430859068 199.6088805357335
57.33954726288901 33.02155790755889 45.15745302249424
1.531267813343643 172.6313277559792 12.6366992071013
195.0388625937584 132.5330967877984 21.90823831640567
178.0917856087385 1.181486140917467 99.32307028338498
14.51946319410755 97.67364385507361 23.98120315163937
152.1801777898462 148.8842632608978 62.91480543008309
104.2487265398888 27.65692706195786 117.0976562773937
87.89518874622688 33.37455242393459 66.12552167496801
29.03229478427173 185.3814208100534 105.6047027218842
37.88947056923988 88.84781056753282 124.121182050869
119.8614382339255 141.7542653812112 191.2025056492906
16.42836275967067 99.11185519921695 127.4227135551087
62.10674892669413 182.7249281821317 7.722581946571681
91.00476208599538 10.29039289247876 30.68328338307825
66.96802135658358 161.2669991057084 39.58667682598858
144.9709381892317 52.63035305046299 168.6924243017083
161.3717290643183 195.985230930809 39.59573124690354
33.51080965775788 192.5203373130392 28.03412022741434
195.6049633997761 48.46889959536297 170.2991535168248
54.21413974459478 197.0027765080409 103.6021884091062
54.43349713333326 128.0128481389056 162.2390347362129
118.1387635612397 168.6764140195461 169.7512891760111
134.9567966039938 41.24987292208196 59.64182049177884
147.1682634179339 16.97962124031404 185.012085378505
28.94954394754444 170.5983491243443 122.5722150701551
12.05173824373708 118.9721423124622 137.0644793960628
199.0237718096969 75.02200899545633 62.61260939373228
15.30409644272477 159.3511966138383 183.7331612702668
191.9477761272365 151.887401043343 10.11301992808354
50.38553154839132 114.1838172462213 58.21671739019128
165.5501889056999 84.48460961322589 57.79495643071995
46.04061515377423 198.0776480181836 9.461574567133367
27.10964505367397 104.5473100428442 90.29771401216226
47.52796497583603 72.30227526561823 68.05529567240157
73.04885473050776 0.2423838119487902 38.8424396578668
160.0693840184287 132.4120411636098 136.3052295930147
47.33468747377043 187.9182480927124 65.13530738073356
160.0219243602436 190.8693738576619 110.0350370578052
15.92740027344883 14.59982780945767 181.9918133556374
99.08451700762582 74.5440076686138 147.7700384646878
107.9710792598057 5.365144634557202 114.4979899162968
7.66915413097361 149.6865044286058 143.5176622084238
88.5706164875793 9.371668011614611 199.8372936004291
96.85346347114864 138.0808761198638 59.63440243638938
19.79682174046474 82.91087177961701 58.47156102342002
111.6874782423638 147.127276812603 169.9949404968269
129.7161019574102 169.369485334794 102.7429805806018
79.32043973890394 28.13538393470978 38.42773747581982
93.81781462578573 106.5681279361835 68.77129793936543
146.5609312979564 167.3541475835416 81.14686875304173
153.7703788152636 17.67771274618471 31.044358093272
53.93902601727802 175.4625159868188 95.85809856525456
116.013217371897 98.1131890874022 162.6002414255205
119.2380533434871 76.25818256617406 34.1243696198666
42.87842874868988 36.31368960538695 70.26237865682121
97.35042468849154 38.95282989508929 47.38204448171675
117.5692925696976 150.1409889947008 28.01023585942857
153.239916811362 143.637133903559 108.1647373145714
167.3364350023021 163.3265995392096 71.5817471502906
156.3327957327196 189.0355818884919 17.77538734909581
124.5587687345645 111.304292398384 19.54653426056849
183.0893889378388 121.6099946992629 98.34219160601391
179.9598614311835 44.4852380048141 16.72169009975684
11.61344794809886 143.9083960386717 0.04103512107544769
31.70012480578418 85.28686313278625 78.07824292675363
66.26245449315604 71.45831801085465 199.1315408323303
35.90097723039245 28.10115274699492 90.44646078867953
100.0666033290209 139.69812167219 116.0543521237888
52.437640546187 107.2961842427673 121.6522076020322
26.25219019207523 127.0282939525691 120.067372902479
156.4125387751581 3.68774845759538 91.06783929851355
92.96003124435296 36.92391604078008 2.26883722392573
12.7494849064827 1.414767774761861 103.4327205757822
134.9173721684603 4.101142374627369 84.55752830582804
185.1820628627406 49.0698189738725 105.6613729936861
84.61493707533617 77.86648542612551 11.12469294195372
157.8341470894375 99.36943067671385 4.802255875178526
115.3423651600604 45.45663696692107 33.42716295277752
168.6447999170054 75.5042491827533 144.2736831643306
93.58797313500791 100.239620474441 90.53009980664439
75.63839889699835 46.80770536845192 51.16077616875332
79.89521603533606 89.32011308670762 192.2099986145561
168.4361900412346 40.12747068559612 196.2247624749118
40.35435433276108 175.721090425892 13.47909859997346
10.52454827705381 0.4409437191530799 61.16080921508677
178.5308239138747 192.2297984837071 24.62179047140318
138.2339159187952 41.66913107822998 94.07469000695994
107.2893856525437 192.8683196726297 70.13081147629985
95.38102800446356 13.06768907629059 69.79978219383092
150.7557960908003 11.42251995597193 69.66741396259008
98.7583389448933 160.07478254573 1.591968414425535
106.9218425823864 46.17024875663923 183.3451470405588
80.41323952929952 123.1772049064059 5.842496406707913
191.5409629927141 144.59259882625 159.1202736113193
11.25759839619244 96.33797138526158 105.099134308824
