3 1024 8.066434110015566 0.6494999999999999 1.4 1 3 200 200 200
181.6181373608102 31.84781884656171 104.1497739697178
51.75514410625786 0.9493271068129664 34.75199519019712
153.0829137222766 195.5206921738827 192.6986543650903
98.10082742291081 88.36300494739679 158.9458031042162
58.70315293147237 67.91203115186555 91.62013786751899
153.9529751417315 180.065881822671 46.91109214183822
67.52222218184708 66.69891086712725 55.77099892709827
115.7960749546419 127.8095810618596 92.57161793872335
27.30763038382818 120.3970935207957 150.600269947803
192.8867073583309 41.73116388683392 89.45629027015808
28.85773333442746 185.882332770181 2.61642419660527
113.2077080788629 148.1027280502734 150.8575967082139
17.07253942709239 154.2734429154446 41.04252269391796
58.23221528304114 174.5370131128352 76.73154277429933
108.647368003481 64.06573497511516 132.4009334673462
183.288298620761 181.1274918026704 149.3675208601736
165.5327249186832 136.8388186013817 53.94431391110597
176.4183858023437 48.86555609809441 172.497729698139
187.3836689237823 118.1736222251327 117.2903782494916
121.7432037042016 22.11385879442332 91.82159549383672
34.51328987384105 119.6138203673374 69.47091901277896
76.88317275524706 83.26767795949091 171.5064512703776
106.8439882555789 0.6569785389622447 36.78053423437923
54.4928972881275 70.48846380732036 171.6135439939145
140.9650144658381 113.5875899758244 44.30026206465836
70.67108286442773 62.41135560089251 125.6917600593702
184.915726043985 191.0200857747843 84.13488162340133
166.2150630375458 6.183876358703425 20.11113975089697
8.435449397656953 134.1830758937544 125.5564764032788
148.9949071016544 194.2013493070599 52.88977716375375
138.7490974541616 80.27053014068159 28.94942911970528
111.6837785080444 61.22846658253989 158.4207908166985
181.2359282917121 98.56996395043458 100.4098340222751
6.239756331831983 110.9127272620984 72.19011268366437
63.73310098460916 80.37965415452652 180.3911634844478
164.368033925069 38.89947536430395 176.5354727463681
36.69902081305609 185.8214565079615 47.69063307423932
84.82396890265407 186.3839114047358 134.1622101071515
154.8648422857274 10.63136199001005 168.8532657521394
119.6281481423478 31.24654481356128 44.94738877301324
12.59230460497425 13.57111005758073 88.3350843469532
193.0374729265939 107.9267691922757 106.1868593665527
198.2643979379154 162.8232369087808 192.8920894187948
181.2588462384165 146.9881678761562 193.953740531381
91.22661621725011 28.00385364117967 103.1071963470927
30.76708203842516 143.7171229525124 186.3522844007913
101.9915265461991 120.6830780014575 58.80716084328125
108.6703930426233 177.0628058343828 13.22104006554102
1.085860346821575 65.06826790315174 185.8715950036593
111.4554309148942 47.14539536468543 51.76280095038574
144.7745533171081 188.6750799159317 4.722921812548967
20.29584642485218 143.7015519870477 158.2355396885212
27.65031720969735 7.350215107601884 88.33794058003885
188.3249334609149 175.0483180870631 25.54305866540512
112.1603354947116 198.9188124416379 154.4584506495883
153.6316472111371 163.3075282347709 34.71784536118375
29.37086983804618 27.59778495136305 166.9235296867176
197.1578568071321 26.32064069575326 87.32686840696654
174.8365076569092 118.7070395169269 80.17043958230276
68.4312376419398 27.31841706519662 173.2329876045126
174.7254504803665 41.23551168057197 140.6114985670358
176.7128004251387 184.3294764550605 122.1904141714887
124.4140681315723 24.4544285519896 160.5737524704968
83.91960736851031 158.4955096753716 31.39760412293231
84.46928338902619 109.1230284697845 103.7482345033849
7.527862389850868 73.76713523919652 173.9101364971538
22.01821836198289 121.1661261253102 79.70331569187012
150.0256065508796 28.53662985583284 61.49991784367076
30.36118388963638 46.30506456633075 83.69254407084968
191.0879303866547 27.27879403919111 23.42310852524614
3.866617957322638 49.43532904664594 125.7639047690663
152.9359399313241 56.83366348121161 150.1378533879778
27.2211682662446 122.3365222638012 101.1076602784815
115.5942127503256 17.67002592159446 131.4566835250245
24.52832183305138 38.18406297885279 178.0916301745515
55.44565445938133 196.0002421250112 130.9915491769451
91.34444349484025 76.02634789083089 166.8405596163813
21.96686056242139 44.13690159118764 32.93571724291414
80.10302445551889 86.54477721110929 123.5916014743125
70.65204474434238 180.1654744070646 68.11558341474539
107.4464175458912 113.222660828278 28.77281376621855
142.0693599147799 138.7566745882981 78.32341922927995
20.58613424645473 22.85040929357637 151.180221425652
140.2181959877827 19.56535614912294 97.21852045761511
91.12963896778669 169.6704768491625 40.52843715877156
157.1002737970618 17.38253262201624 124.7978500998821
148.2313445458391 41.27694319307577 49.89901902545752
42.24520749081063 126.1666652530086 148.6831363068821
140.7764630610527 31.09681875912028 148.6773811013787
112.5216537361414 150.069007527754 58.90134603681333
27.50937268574943 98.95545662321037 168.5809025687918
38.71303619938983 124.128650653669 182.9210328039709
6.255459015628915 144.8374209883265 72.63301030429479
199.2861446215557 68.42837570468174 43.42820400072142
0.4888041626806641 185.5940252531184 26.56349832101317
198.7296971297985 82.03014568949233 125.3391252182823
126.6187170648459 162.0863402285348 82.37977183978637
87.86038416919105 152.4042090791644 186.7479236344498
183.3714571516609 117.7399723895794 24.28612831726451
10.5540037532312 173.2239521565733 193.9201949222071
6.16160021955985 146.7461642866225 167.6565400876879
25.32568181547514 114.7616021336275 183.9655515697685
164.5178404834227 21.30790454791092 176.1384517116522
91.86296727391733 66.15537517393697 80.65739122724013
81.43027202554174 82.75290051069311 156.0376689830484
57.10998315933966 22.04059664553639 183.4410812820452
121.2513622141492 133.1602401044759 123.4975930255129
156.839717352909 41.21699532684129 123.7877788257869
193.1256467422163 6.403282799240712 46.82057556235787
100.9037930142934 169.9620198048492 53.65935944602951
116.3272637216957 143.6576397522397 95.53084626146006
191.6873235859564 36.79868734380038 115.7405186914987
5.793272105331929 97.41243278143274 63.37059344590455
97.20084033960387 151.1611606665164 100.664608004445
27.88775866114309 25.85516767039616 132.1473560238943
90.47549984448564 168.091843425768 101.5849171542861
134.6521190568348 54.253920405618 74.66130814759209
138.6123004601521 12.22176852752712 20.08549943012236
127.3999078936697 0.263688944740149 45.67557643558777
119.6519816808845 92.61397201102606 21.86234251575354
63.81468992922242 197.1416706224122 23.31114105188663
51.95905079675481 156.8640516094529 18.23245002087587
60.35028228307988 109.5090223472222 161.2737419578725
177.3110874037291 31.41338528713256 30.72568564690435
124.0746499264797 16.43647608207074 184.901150377365
36.92120790261139 159.4679758774983 23.43064612030745
117.0453000113046 163.3560478010943 11.72063903818974
108.1098051141463 18.27869111805811 99.70592995359034
4.040204177504483 26.54610390697619 117.3037685435355
77.03797812402951 136.3701339083906 61.67936284697261
16.23656633012788 53.55569771468057 88.14716607201836
191.5259295386733 33.81374677429085 133.0640138625675
120.1566848457061 51.17962975690332 136.5111077185847
61.02550462258831 38.08781034303955 7.86680443899171
97.59048514657535 195.770007519512 129.1855359274142
162.1369183300023 4.13831053113709 182.4991949458901
7.706785463521916 158.8063962193548 85.44797437641265
159.7576482125696 30.90457203811171 45.46445760379567
171.4457917394806 25.66079367203897 162.2368160569042
162.5556263723696 61.19553507283423 42.91747969281442
61.81801435470942 56.80026204095587 139.8151502371526
127.1102671362296 141.7306984431699 83.69007065494337
150.7188130110877 172.7548509716673 62.29432296218786
66.09239782104981 194.5142544148398 175.976305557455
16.10637695980884 45.59981892782599 17.97695595538264
49.70407732355805 19.2421210964663 100.7030860413127
0.8300486919053711 123.3051836787537 172.8244849260896
86.20291514961562 124.3721517933751 67.36271810712122
133.9704102208115 39.14268785424844 160.8863357317467
146.8104143497809 9.554890287493684 48.46731941567938
103.4426319795961 31.06004442595993 140.1840556090435
10.89504150741255 119.8074614408323 190.7678856141852
197.2476004450335 30.15964394695629 54.69467608302393
179.2693174969689 154.8685521603504 23.20167410312033
101.6478635674207 137.4786964287701 92.97500579785203
190.0134669117098 176.4786962009266 117.5334666296748
42.35880018177234 174.8365325017641 135.1356977255328
153.7758538680493 27.93792865867302 0.8925081261258995
184.6027336248357 0.7941175330837221 137.607554376046
192.4936492690023 23.94696968685018 39.14527041643976
53.0606171328105 89.77134817289122 110.7627382405111
168.3605443565772 162.0366829122207 92.13368109970767
179.9614596379538 178.0039808662693 75.99693631591502
93.77135902467577 146.6811707250782 172.7913043875293
66.1357493390436 136.5139928108586 73.92683155546639
186.3889644385615 199.2940582430047 191.6371844389017
102.3887777643897 113.6855489462815 44.08267703727648
183.7616681425488 167.8229749808193 39.22317315001009
49.00409075408812 167.3734865872963 177.0130070460576
178.7614370452553 0.394900982846748 51.01761609640641
118.8165251716241 132.9798395114572 107.5511263145497
167.2802666923125 77.72549605563364 179.8880447351725
103.427713027621 108.8705506907241 174.5815971375669
99.85371949181103 103.8005531255843 154.6212529800391
119.8581597398009 53.33223224006255 64.06370388234386
22.63042601289379 40.186226145554 67.92695228785122
62.37531682653312 82.62124268256021 164.480353704694
185.2949427102084 129.2397504340073 128.8400992583066
45.49912221624189 133.5426457158665 197.4603601306607
34.09848026037024 108.5637921133942 47.52345559907953
23.53902237410622 18.72514538323682 77.66559076435119
165.3437825233803 11.72581368591968 138.1776797390669
0.265570957398164 106.8312131389837 169.9920939717418
92.65740598480298 61.96219905074837 132.4677736077961
159.6722491746441 74.58499161102208 94.94962455852892
128.9943473229161 87.92852922498996 72.93747527665424
183.9239872131855 130.0363162867824 144.8909313532666
38.51462323772652 173.9488385616681 32.20703142875081
28.22631758511119 171.1833219501272 174.5044177474565
158.3569604325274 76.73123967353997 41.79478028018098
110.9724605073254 26.24066140069701 171.5737931300366
10.62357964692387 131.4414468881554 84.7155553868925
44.93614688050464 15.04552519102205 42.30485357228799
25.12156669812312 41.03718348957371 99.49628500886118
10.60098355936458 126.2018304367467 69.45912911206403
95.2860293822596 96.55042993612334 198.2304049237247
112.069367890553 54.21927052847084 92.42153794590317
52.17434525764894 186.0755912084785 24.77637748943249
40.52018268737889 172.1947105386715 55.52091922877826
192.1512790217136 117.7342297434688 137.8662507969279
10.72958036711004 169.7212512903436 142.3924327440618
147.628335909715 178.068785323038 32.20727822832053
115.3010324614348 145.1940043982582 8.574068063951639
25.47343226713414 83.07055000171471 156.8036516218056
185.7156757168457 30.42228397506634 0.06150573326570365
25.59989748432771 142.9860872898973 51.08615513453098
33.93167094220595 70.37376176540059 120.8703208846759
66.71311204866956 124.0566497062603 131.045150064693
114.5684602544876 188.0217968691017 2.95567169725093
96.28539466781707 80.668954179648 86.13056233585942
113.1791168992963 190.2294853888045 125.6594039262177
110.3742644320478 40.63283287520999 129.2123332795489
64.11079797849003 126.7332741910829 61.26089253712705
62.63798204258608 101.6645757139437 15.48022968298043
53.38731650908232 170.1789535999519 27.22531354703553
56.7911587805207 93.84064151542503 185.9405356642893
173.4379478697475 179.2905427253912 43.91526505312717
107.4749520936309 107.0260315996307 190.1119133170338
188.6295829385044 185.5149489369323 98.82893650513142
190.6091763526092 97.48470767691042 161.0676987479756
160.0399141986077 154.8726267075118 22.55252645965992
21.21091628199996 150.5276299517577 88.49556802221043
111.355045927657 108.9618646113419 87.91238777363044
110.932156761974 3.086735370842878 138.0285122576357
63.84615215721075 49.94323005234622 92.91986454986618
67.12010625386527 86.97338738716299 10.5491403997203
93.93977387909155 103.8369774600555 25.72850443200333
118.8699522286871 8.03468398492732 24.00693747753751
103.8025968938695 149.9628591549765 187.0809885941405
148.2818169690563 130.0759131446158 22.7246813618907
109.8840717322586 77.56090298630002 161.0929843171647
69.57943367997706 21.76299272686193 134.5411139365102
179.3457239586816 75.3208789473909 68.06775842484438
25.73631071070608 59.80445462482836 35.2833543681725
59.53779227324767 9.868885094472441 46.79560225340078
68.08257504517228 99.79445472968314 176.0302352214878
108.6843237716114 90.03907663031981 145.9981946362595
98.71444679722899 41.89743355311432 106.4469342627276
144.4371865786143 167.1596688828705 196.4593917436091
193.6889512039823 39.46039259865752 34.8702399444829
138.5868852420786 184.4418415720883 20.46724961280414
144.3498594878856 25.9656533821374 46.61949135735988
69.18656097404028 81.33869619904802 93.79630000040196
107.0260580811443 103.2716213620947 55.49528205151316
25.712983028758 135.0502158573965 89.13091418146469
197.8176555767863 18.19412879575945 149.8850792000385
46.19695444607684 74.37899128166387 9.176248411825835
95.07755045674332 16.76998577122446 48.87172044519017
133.5576446614193 100.4619665268458 189.9198164711227
25.62202534342542 178.6531787465188 188.5627904436552
198.2524476658107 132.6884212230881 137.9761529197475
94.0578114244648 10.49453630283192 167.2554344855698
0.6941917042882633 148.2884800518366 124.492519516057
97.32055800565479 158.0843816506 63.97194714486962
48.08371333200115 199.8874898587315 52.21563626309413
17.41408088687707 28.49619789648903 198.753655342973
19.33243943293943 38.93573062129255 120.7278718565423
138.1606460257624 100.8319247370403 58.57763177445403
118.2309066838385 166.6818269553956 147.4529920736524
60.63743183273075 32.1379287547301 110.1159245654507
184.5991059250397 50.84377816129182 127.0180007297
39.9329776607911 191.0198440451392 87.40916279600636
193.2673422402568 124.1323378388012 77.82062504353851
8.922079441768812 25.871834677768 136.0211990280796
76.34518599487272 16.51808247973798 53.71673980536565
161.5464360748051 58.07501415845397 186.2693239647099
180.5120325961746 176.8709271522887 7.930369123806417
92.56775086001835 160.0901521693862 83.99534147404462
48.30304468962198 16.99595179914958 61.26122560966596
175.8490279243166 102.0769222195688 172.7150596416942
144.2652842822949 75.01297000784669 106.7498374288653
139.0402657709317 148.4504161270037 26.61407189440193
132.9070167394809 153.9942992113469 4.720053465254068
114.5541319348872 187.3380284158592 183.6137044087216
192.3332232959021 195.5237726018032 114.9804463493287
82.02916677148404 88.23554309270435 75.4549875647005
73.01367928377701 66.57125273654358 162.5238418320025
189.0151427173905 181.99683150144 167.834953273812
176.4664504608778 107.8257305026572 45.71705247219246
170.4459703307916 131.3485544006726 116.6007759609005
13.49521078975753 99.55161818632106 182.1021475359585
188.1808020497142 83.82957114910501 142.513560206342
154.1753122390752 97.41134643063927 43.02775663271804
147.1229772630779 59.3574312899107 56.71166638761028
70.45761687313284 98.41120589637724 111.7210088655523
165.1247182041019 63.98012190925578 23.93399148498192
31.96288664761785 199.0610839906198 183.3377468205108
38.61633798062257 126.5706892053778 17.82643318964019
152.3089740900693 8.674263557492749 6.877746085786518
164.5671507797738 42.97756889961818 156.9948016342249
31.63767485570842 41.29755510316024 195.8254161443353
44.34152192195828 114.3590830860841 199.7131751395188
52.17956872317658 55.33611958855427 6.498229310377312
155.94824944802 55.89563158043765 91.5692823081036
110.5247116823088 169.0567785180749 72.91825747647778
141.6007301161006 161.0465516013968 49.71205861190062
30.35394830203696 87.26130473043625 102.8534078912137
126.2360546565359 144.8558605608952 46.27379418098948
112.8395126752618 6.368543107717428 197.0311440107365
120.4221418462912 84.79341747334581 182.0709223066322
13.00528895345991 192.4224041901998 193.6554571311237
74.85001783113533 173.8072467608036 86.59963411150216
58.54495340603533 136.4878067891592 91.73512584655931
52.06641044542481 140.8148910630096 29.05490232859102
145.0839018074953 190.4319744368528 151.8691679022543
35.37837491025925 166.0210598298168 102.2321153854714
196.2516383735945 112.5406893087436 55.5331974043957
141.22897522671 160.2704518428113 120.9877351453521
177.183118906291 83.63385423161236 14.39736689619781
6.186654957568248 114.9607600805252 93.84928890879736
55.56140864645074 163.3664597375904 0.3599637382215677
85.53534846448976 121.9930018525151 120.2853924395113
144.5159775414925 113.9234922626159 181.3566281833403
95.69000271501136 58.86902281199245 199.1716371485412
2.918049473480593 169.4272602873353 36.95100099541611
109.3521095589772 146.4280786565743 77.63574707821981
51.00766298983437 85.40615421350097 88.53608292103802
39.98915360562501 147.4380103373021 84.96058473811316
16.55365981734884 131.3525485018013 17.46276437190637
168.977999851641 146.6298272800831 37.6038983218133
13.2068138697036 190.8744187063472 40.16439518262599
76.00419821665865 27.59685128043979 14.21630357468209
80.24605868631764 30.8366507881091 87.41957000371968
136.7573651225427 95.58484916660493 170.7699530735228
101.1754180443881 118.5795416862445 101.2772287358344
88.78041091123937 111.2187894792141 187.4020542962034
45.43092731281679 78.19892427327036 186.8812089487949
34.80480584320489 8.23189924473513 106.2979296505732
48.62510873480505 140.4323035013497 179.6499436107664
10.05383670735445 136.2758779281967 39.83085678100721
123.1349936431863 114.3709272183199 104.4135677573771
111.0035308330496 67.84189839495339 78.29466920573938
139.9173363824223 112.7869470871461 3.425135939387895
81.48884988760759 99.91648483944188 11.43425271175188
0.8776216332284409 95.94922001395709 0.4623636540061142
1.596053772551942 45.23507813637084 145.0160131311615
114.8719254912105 42.20474508126204 161.2883097697186
92.64260617990453 187.8181238676707 33.96798098398082
134.8226551347227 39.30644827412027 36.07866883520342
72.33000253113161 170.1020850361512 108.7356939280696
9.107706393499559 94.61557318409203 82.23579370663995
142.1487486345844 134.0790532932233 191.2268518303233
135.2564980259358 10.25096363750097 168.6870980991277
73.31121399570894 29.27046314517732 191.8580696425247
197.923296295317 20.7564586825454 169.0685432772749
132.493321755873 127.2822205890682 33.5700362304373
5.880901883482588 3.709151407308216 139.0551237710719
26.75234921301132 137.2752849624406 141.1381427422513
148.8046109419197 192.9790479078674 173.9928938829068
61.67989640193723 31.34541575996805 149.3771529886913
142.2637871774683 198.5026322859062 33.23999396850235
106.990174401332 133.2545729074818 136.5892021288129
128.9996378423669 101.0339580619584 87.15666794931728
66.32627860856884 197.6266259619168 60.96898896926641
71.28059719580594 179.8864384682026 27.90904377658873
152.486398131805 152.5472065700835 166.2836844415625
93.37444253979655 38.36944105782896 23.81746125705751
148.4871951759492 168.6192291195011 15.3337042910777
191.1438646410708 1.065655340057531 155.939226362081
108.1468625857824 132.0416977614493 41.96447630052261
156.4792910953705 131.5724347449663 173.9725337898104
159.0267989706927 29.97528813658665 139.3897529885293
83.68395168886407 99.99440757543179 164.5452532818791
164.6429736349816 40.94377937539444 106.083999097738
42.18335744243073 153.3797972226162 124.875439237797
153.4077902818218 167.2025331573523 103.2913989169206
26.82626422048831 128.4471942696183 197.5733538194121
138.7159111034743 172.3979604445449 139.8618309243918
150.6577084079975 0.5075755918209394 132.44862817137
66.68713873178747 182.7640597654862 139.8754352359754
20.24267820804301 59.24938803694816 175.6839028778986
159.0193875374771 173.5838995861798 125.0191607966605
175.5716172185516 145.8685901262982 99.96676162046784
175.6447020024853 87.08578650815281 36.82788586882347
94.31551386360456 33.33482049359969 164.1007066458596
13.13187153566893 158.7890126941451 104.0264705441619
64.48115612732974 156.8520038538595 125.2475038659845
35.58563036767283 162.1130556627377 189.9372658386493
8.930812210169385 151.9674922719056 23.6312578729144
57.75752060400288 32.706733486427 86.54887899495026
77.93642106258513 18.75143596241925 158.7155579729417
59.07028415051679 167.6668199603301 58.66260539685742
77.54379682789249 63.88600324471743 93.48565817486619
195.5646519712669 16.32972216871606 191.0765926704844
53.43928991420867 39.82557857033396 190.1432420616772
15.07036816989787 69.85429409857083 76.09477718730972
139.7237733318971 184.5397550415516 120.8513003281357
19.97682847602717 149.5795216124154 123.467479652762
149.1191551410326 90.28349325798847 90.85190532376237
145.5197441518523 30.63756430202568 112.1849721797948
98.89155177944876 90.37590470601037 178.1837354454651
175.0114694553267 30.71233574131119 123.4608176757766
103.0986128623803 163.3223464400731 115.8251786458497
140.1434989532939 171.0455841211597 162.3481547846934
104.70093735121 196.7885828810394 17.11193573507249
33.84775363105914 130.9290908341052 165.4630824299666
184.5515273027227 128.7617686682323 40.81163471953413
73.88342379364231 87.47555701987459 28.68064537959279
22.50656979188394 59.69465321925704 107.1823019488962
182.9723830067778 66.002734548574 179.1115315909443
76.35036001157627 10.51318740182129 179.6615149054452
14.69014363956499 61.45263667365663 53.06465736065178
106.0927938493555 17.27293846478979 153.5023479765324
35.69753122489485 98.55834420054676 186.1146992852086
118.822233468409 120.0725947427901 198.8183080882349
132.436149904672 94.18158203003863 108.3596305922458
112.0474468973129 162.5303546082683 95.10971580274959
119.5925940260113 166.0122005625934 50.52593491052634
95.71568766002643 14.55804042804622 133.6470028708738
155.1776079775626 93.01076776060366 183.5696115771351
126.5508411490882 9.850896561058745 147.5247881018239
194.9845395720024 194.4239327978158 8.28268458342302
119.4527687072425 88.44707392811534 56.11300711773
13.62313509189987 39.16331146980233 49.67989522700294
157.4577632131645 116.954472345338 53.85345840426857
45.43033756870847 182.4174814133873 190.4902628851496
189.8702838319436 99.5032950911562 24.43734338955853
131.7753840292634 97.20951053497562 36.23516449459445
193.602572535124 100.651687845959 124.1131290190884
178.7744451019906 168.8869620567066 134.8874810766394
11.25207380620869 76.59411425116053 97.29586554859101
166.6261847446148 63.06215845102658 110.1272739565848
182.0286830399453 31.38938554610243 181.0822410229224
25.6313373873064 138.384919360206 70.0641060275817
6.434120224034246 35.1401329321668 184.2602813795509
165.0901255913449 13.93178113216944 53.08204432566227
123.4386267676171 148.9706244386659 134.4532713714403
36.98928354565547 72.69608281117033 26.1221137497857
19.32735599925861 173.9844183303785 88.50981999033915
147.2478872985566 72.77472825165719 176.2471269622231
51.95968566169846 68.04800608354188 127.5307530400967
120.4629998828785 42.1510929045811 79.84565839189754
46.97948608930336 22.95321845330683 3.656824710005167
130.2462701711778 56.0803555673771 152.2867947476418
129.2371883792248 70.22116640741032 65.15235383272969
6.389298629533825 44.4211162120726 103.0615773736598
89.97743093521481 92.9607961361862 141.9853652296395
24.72788444358845 116.9437859656802 32.80182472488536
177.582459110401 140.3568789059574 77.70422889566706
76.12582518559496 192.413789895298 193.1474275497592
172.8425296523375 93.11949116778362 128.786091174998
143.5564434543431 46.22904190088333 136.9391990798906
95.77337778194787 22.12585822496014 183.6339609434997
2.359679967907421 37.23985684445733 7.21880697067433
191.2156690251244 15.09312410299696 126.1928013151461
55.22284858251753 163.8895887646816 144.5851650941931
55.77570155951869 113.3042348001416 142.8553690533458
127.8104540613565 2.99805784697639 126.049035297574
5.453623326203511 178.5561378387713 58.13947513844401
17.82553473306442 23.59382495369628 104.0466204846687
50.41728258830454 32.89458965765142 168.8752092086976
105.5338377169037 68.41821777005623 177.5884550906857
126.7634147984855 195.2585799954736 64.3657026238121
195.8987165225154 142.470338631859 90.7338790780139
177.8638195685651 124.5908630586436 175.919921197818
20.31987495704385 107.3166270337234 2.166220295472123
36.98828246026694 68.34063878824333 161.7416769867109
177.4498924927385 49.87743975817321 36.54273776286762
85.3866048524782 177.9281483997344 151.5664255680568
61.51080715747288 70.50950043187711 20.36803882633912
122.2974584762362 111.1688974939349 178.3781136521275
39.90788770772663 169.5573274149776 80.40079481104574
90.05932805123729 171.5673217137337 18.51540367722587
5.512467694474113 131.4032614876525 155.8749466909226
194.9416506288193 7.547929427679517 83.14995588023565
69.66199434424463 43.27073733922493 128.4049563435572
134.986998941227 177.7317818322713 183.2875694921656
61.92574118367622 192.6262288903835 82.53956483395059
129.0382764922208 198.2139213937619 10.78103540517894
60.18617064014138 120.8375846337444 14.42453659885873
30.02448205861615 159.5547255295631 142.8798356674381
40.86915523394647 123.1395659379302 87.41107968265051
49.40998101425285 92.71637383705539 3.86907219616536
93.36459492940173 198.9826344426062 149.8292118684404
169.3648321617632 171.3021275835539 26.76155453182377
31.67324887198914 57.28752561820619 67.35965862244589
145.6740758783007 133.3710695166902 154.2413825609477
198.9068884282262 178.3162029443234 79.94853192867542
102.4122289191316 50.00625770131001 144.1548338424218
52.52785845111644 174.8481264114148 118.6655680036903
13.7736076625032 195.0863863282648 82.70829565415045
90.15756301348662 11.39516875172738 93.21967081247283
189.3413886218359 34.84376131863965 71.7201122826676
167.585395239524 148.1084172029649 150.1117540118198
60.42111401077924 98.88004465981328 44.92731774505325
49.00035788101255 105.4201954697733 98.8072310620329
166.2741388874065 26.55940093133348 15.58978100208923
90.3132577354674 195.9014160086156 54.92268856614955
17.85525750785971 65.72757544086699 16.3731503593374
160.0985250569224 120.078438478541 10.44760291330603
169.9449929968517 157.01702104782 6.060938669860038
191.6223487388467 83.3008577191828 106.2184507784201
153.6025889609098 93.01233699101712 140.5772749020185
64.41315246979872 128.5873404264551 190.6086242220951
156.9404201288429 85.01854332429791 24.3574667483765
122.6046213119785 32.85261673280441 142.242853115362
196.8711738367619 59.11984851551507 11.3598674833974
185.5629331761322 14.49777277187908 62.69198326242847
73.91289762995446 137.6655622682416 24.28887754520152
6.69375239929199 117.289831446616 116.2799851141105
148.806496137276 138.5389699752586 44.37175561845446
95.26487171138955 144.9592627905 23.47858482444015
149.5384881376323 29.32552619022681 166.8635986408054
15.3577871401391 76.36477080328535 36.12564791997716
44.41430340493128 89.28549129908906 167.2387760319369
60.23747040739401 54.66973606935414 111.340814686413
56.20909059182635 10.04584549020627 144.2890459787829
95.74885009576343 184.154229370443 0.6701920254252476
109.405940795804 199.696399129503 91.73046372594519
132.6126917853213 132.516863478915 11.62868637743496
117.1014610493609 38.04552607189337 101.7888014059982
113.514752837805 28.9112203478645 195.8368983146375
168.6085237554545 104.2899581008765 68.85362372865822
67.21487482187653 136.3836660549711 116.1297532438607
121.1673573537088 172.6003029288572 125.6697049522359
76.28814552030215 156.867512771255 150.5148333693095
194.0267211486683 139.5454896521567 180.9055819675998
74.58273869857459 106.4255845171756 132.4211224504073
191.1854880157841 80.89844244448544 82.33098650860508
67.75365380961065 47.65061341345557 23.29472956776639
148.1105699014223 108.3814874057957 77.37997882944798
59.32863568609874 155.0681017516959 166.2075423141609
110.6807196319212 46.13907881435819 10.24981770862762
69.17712952056509 190.1081736170907 118.6875591939974
78.02966620396636 156.4793230242049 63.71288242357376
33.53191463464574 65.44945377448568 88.33154609254528
45.95649857676927 131.8560719581385 130.5634044116727
101.4690169688882 153.5637977038841 43.40869668721532
57.88291101501927 11.69129536108976 166.7444971177615
137.52103283309 131.6920726203594 102.7370152603787
163.4494869153606 125.098647625177 33.66561583524246
129.83508714068 176.3516110207857 5.226505501776672
138.7731399603035 82.52955703950688 194.9984103890735
173.2154588625937 188.2798733170639 182.6998183836528
76.01435615332328 75.47682951308197 138.9378833829313
32.55193352014054 3.39721510153258 70.03457292772805
93.44193697015791 120.2692581963268 162.5088092923525
179.2473512718122 67.80029152603585 50.16531009466134
9.122068925922546 17.28136595912879 46.48287633053092
1.804862124905898 81.52728465788712 17.80613851880221
117.169788804176 163.5319066447053 191.6334774097178
83.4367633734221 167.2248317441602 131.7757395422268
186.5815578399222 69.02949773007001 28.83911285169462
132.9128936482267 115.3362247582737 158.906932744353
179.9556602576558 22.9327258203034 144.1267695105527
168.570368473925 188.5602476622625 139.2344621574337
121.4512337541171 80.82550372271223 93.83867619577724
194.6208367521123 51.2817734619364 51.10339582019961
190.5648977793726 49.16018431809781 192.0962701111091
132.8709979671256 199.5879359081023 188.5681189128555
167.9169185477159 104.7277641479475 25.04788055673429
83.81528235911649 151.6409413214209 114.8307703726357
191.8104653850348 157.5960163314624 74.47473339706049
25.88194127393162 181.7550042509932 142.5705043107105
131.3641135959971 150.9549779182944 156.9379339715115
73.97275293924406 49.53647260469825 76.42748511291622
169.0244788021482 17.59485625123917 194.5913599831962
116.8143569635139 13.29310519453649 75.31217834367594
93.7828939828274 48.83255571663961 89.07309821374221
59.32224313849375 142.3746670081153 7.728586536944558
151.0598717827353 44.13245603508502 72.92190097477736
83.39563826160392 195.9526412628348 76.42190699281434
67.70369797193996 118.6668513682328 102.150500216583
17.8694000627941 61.22885800939671 152.0542325112692
87.82676047238544 100.9421393831791 43.8566292504349
8.16292382874671 89.47774631452602 162.6166271118601
169.200055123684 85.38267676117661 107.8831209451832
84.46281193264946 133.7612440525683 101.067404237404
121.753129086137 28.641250404618 19.20329976594123
72.0400870915428 197.0386778540783 157.0043225877612
47.43424821842398 114.2711994475832 34.70350807199079
43.30702580388017 47.62427570745791 98.16277223879241
38.99329399829567 51.14942747151819 120.032800306929
117.456338757035 131.7152489829554 62.53809070574094
12.89459749231468 135.0970499660433 103.6295128877233
40.7158917846094 154.5810897844344 63.54779917299309
194.7002954657249 161.0198349842461 173.9493869752812
140.2358661259222 59.98785138480767 193.4768013539966
144.1605561272054 30.57483063435141 17.47892162589427
23.05031508426219 100.958877339081 149.8529963947613
37.55535825174288 190.9691823541749 125.5757469963136
41.07186360690478 110.3173536989654 159.7364433763256
128.5292070372719 127.851679779584 140.6328011827144
5.93359211629038 180.1354123419615 105.594074705247
90.9453822609466 122.9543060645551 26.04737811059842
23.60755144772493 103.7450610174351 67.52490641679934
110.1939797172689 54.4605023193642 115.673333141797
166.620979909645 134.2828854275417 194.1524582006493
36.04195740625106 104.138352212641 18.04498688893819
111.9071307083995 8.571312948913882 53.78040418441137
129.0318071251481 75.78199511210553 163.2411562297258
25.30683184244648 182.0828316659325 68.29262702781119
194.0802957854142 165.1577748484359 151.1414814044386
39.50971448704571 27.07741901494407 149.9753112422343
41.32452107168542 93.24834386378889 56.90211479842204
179.7725410499569 9.394470958156072 176.5082603706055
62.73882774074975 11.71289360155345 119.4943181223485
74.02835094417436 152.6700246872183 94.5078121126747
5.630047647358412 54.44176134765139 31.64351324960895
14.7924652432629 189.094965501909 124.3261001222217
111.3775871137057 31.00357454440104 62.44660240176909
75.06981833049757 66.48449789343755 37.95244096208253
17.3102351130339 115.2575072473198 166.3520023296734
184.6358221130036 56.91704984454403 70.90270466639436
173.1110315850659 115.3113010201816 134.52584785827
108.2989019974187 171.697441217543 31.81808260367111
122.7806434694441 188.1976848584503 142.3418649690867
93.2101916191592 79.92609800106801 37.57684290447049
168.1753835015627 126.1484746812905 155.4393601406561
67.43797635091715 76.04437620733361 112.3330142463342
108.3720076945086 64.59122702038378 23.04741606216183
52.80999312218768 111.4607461150371 178.990508497312
29.73833223506809 143.3264968605761 31.3207462642786
140.423375843757 80.15152916242138 48.23319846671646
81.39764063018788 166.9727487192581 197.7328088659676
106.7838279108547 127.5550729837523 179.2048310863495
166.8901960563388 185.9936227913347 60.84866959596915
152.9980472783141 49.87941053031627 9.809444979196131
66.90455281301607 94.9786726360406 150.2994308091512
28.31966832381283 29.88585453094275 15.02675683739806
1.120095400959846 63.98026347601608 113.0436737053496
160.2445501758687 76.74323049414431 198.9043878007712
29.78742569077237 4.250332623208779 47.65459784716906
95.44945893034422 141.211228678676 154.2962105741586
49.16062362383951 34.117363601213 130.8135138276008
26.36354777848827 188.9711615069635 163.9420127518726
80.40073754524772 162.4653783469549 171.9882360247997
127.8417095874469 196.5932626819329 104.3926237474751
32.73929376022538 64.41302397166649 199.46506709151
14.5449264318266 102.5250559819057 46.87990641585684
140.2916071910476 137.954097778957 124.2473880672296
20.03791323883084 160.251922664888 70.60362523359213
127.3101256318911 60.76947274465471 102.3926050377497
103.0740398089409 69.41192803189465 100.3276091454317
179.4668765117367 81.83006556542486 163.3896674564915
48.1080931868329 191.5144022588676 169.4704947232507
186.334137780279 37.80104721055895 159.8722000576907
37.70627784390445 20.9011562717844 183.1693172958859
31.4182340329229 107.5041003046874 112.8077699639629
33.05980035861182 153.1552750566544 169.3721017248631
61.05206112959247 118.3941955185566 78.45708177932843
99.76302029686735 162.6525069514657 159.9110451283267
143.8541205784502 73.49245596030069 146.3729217298109
12.85029312777506 77.71325087772435 194.6117400384359
54.24599556572768 154.0058394482429 105.3210567628964
156.4506792363293 43.58554585885278 31.22154979910506
117.7726938915933 61.39845752993592 195.2133368267906
67.97612751220028 150.5107053994464 186.5630524978343
108.8902446437902 67.76972200534821 55.6959816828535
160.021084306372 178.4334644118786 198.5803990833315
115.7032986323298 109.884756121822 145.3367199724896
30.88207400041398 27.38879197202568 37.32160309743978
81.43563762719408 144.2436152471411 3.576772131572486
125.906320208157 56.61322864198318 174.7172077116484
19.95462084943909 9.889433447078549 28.13683022034917
54.33379110629843 53.91808072224735 161.6106155660484
86.26584581591868 63.73209843415692 114.2972895915062
84.99850151057362 46.85202243520229 183.3291800021405
165.3747989137016 18.40965889183976 107.1721895816481
27.35750766643511 12.067346882648 1.193526470763213
145.1547235302554 110.6817396413766 99.64574467291749
79.33392865406663 44.01711395620319 105.7326049193951
176.8589478698277 166.367970817111 186.7171016731629
22.37871382225347 122.2402479669605 54.61990696509637
139.1957227756575 69.70584505160143 85.40053058772803
173.960907127451 43.62329143215863 85.70356181930342
28.09930683587384 4.224188531642435 143.0725634201885
127.986683856964 41.58854844613163 121.2536993128918
75.08922557383137 122.8536001914026 149.6117107991572
131.2616208504415 41.26393545871533 2.340875580854423
159.0386748674015 128.0185543984142 73.97464066295856
139.2129886124048 21.59386579172673 131.8846405305758
145.2064931108695 62.88457454741747 34.49745445874742
171.5012227112362 197.1531876986178 3.824357640857871
37.26610173414809 147.1071208294094 8.541475901402467
121.5999940619318 189.8829990474147 30.39866682124334
130.6036149250487 169.2052226455779 29.34076214852601
98.39850907537334 171.6427602885718 182.0577674987347
89.52397181470101 175.8654821252862 68.14979176267958
64.74551038571707 57.27632262794241 181.3653486641864
25.25055867319745 81.24942603120377 176.0729232838515
101.3332386517801 87.70746909067906 18.00563515814897
86.52507802703053 4.293544093345484 115.7700218607269
94.01499089308932 115.097270341027 140.0370792521487
18.7128547777321 159.3547121099919 4.6694811971651
146.2621661217515 111.0790375728449 25.85437310820863
161.8671257573399 66.21672988162078 72.37507246597551
119.1078523256063 97.79588206496383 2.520425594479985
185.9461424818178 147.5899633060766 137.0010735884522
60.32038664310287 145.5626347728948 54.21168133445671
82.58629152921255 117.8093877900017 85.20378022645177
21.29632760232112 170.8583440216772 23.92255027286692
42.18558309099676 56.80228563870864 180.4281019458687
157.7439658857348 146.9922890209429 86.15694290571813
132.6075796483391 95.26354451747912 148.582128897955
13.23096829747177 82.26768003559727 141.8367441128475
122.59134602762 77.05861078020857 10.73030373010121
109.5766648759768 115.8645222469709 122.4136752051636
76.69194273083818 178.6420543694427 49.78721429813454
198.0515640081741 60.37673432636994 88.78647783275653
129.363635037035 54.65177896857449 20.4312950158823
44.18696015909658 103.4749994000554 76.82659289429765
64.06570298787896 140.5202991538334 140.8763029436131
85.56572171676454 139.9008408162171 134.0364138022166
170.8653321437979 109.0721814623677 112.9355119199853
184.5302440013282 14.27470724534085 10.67208544506088
34.80338961393556 112.6274401139476 134.5338942979282
120.8294638232909 75.45055190094713 142.2156087338849
82.27474673670547 194.9630583780295 15.21941807836924
154.4986669042583 109.2881074674632 161.6398001464485
193.7380854873971 16.761072266082 103.8103452392354
13.47783806577275 7.104168680310631 160.0420291291837
199.4441126715801 65.57273364801102 135.5011936404381
64.56385001411999 127.0979752277366 41.91882133397497
43.80840994475798 157.7921960633945 41.43782637246171
91.99551411156688 44.37773596741568 124.42247552046
4.012774794675463 156.217219167881 55.22795802991595
14.51965569466597 34.41438449323629 84.52675279339874
72.80496296303897 110.0103455347666 29.6761917680775
84.49378743732362 139.5491076398157 79.25384496441538
152.5728669971513 96.55545291180015 118.2959316168339
34.23094744890913 74.16414835352931 140.104384614604
107.8405295664203 19.85772740749161 34.6529264996916
169.1115503511334 85.57139719870713 81.47161251387027
163.8115958390943 56.00208609199803 134.1529531597367
41.4971971822009 132.2153924258401 47.06548804708796
132.3192389594032 16.53158863544315 59.21998060645229
154.7115980747347 152.6840385020955 188.7535560997666
49.21902049109826 11.27028243249118 83.07818193283315
102.475940164118 18.83198639143209 12.75755899408557
175.0373068953509 164.8793216259758 163.266677819358
80.24548897774801 54.17604113286206 145.1043954863921
41.73885839665706 13.17760367315608 23.31303390278919
20.4320627703138 59.64604516785523 129.6713916149289
109.968206002779 95.53909342498962 106.5537753069556
95.70728002269671 57.67278916811648 40.40900527444641
145.8261652739701 8.074562937803599 111.745334840524
102.6439184835556 28.61979680401658 84.27067807531316
0.1014100641498142 199.5891280431204 176.6064827073856
186.9805300445302 93.03959174885726 62.11982913808511
175.5903423228691 92.29334933702216 193.182806505507
197.8254989822069 70.04015066265261 157.5781232038723
165.5494827049536 64.10967130272199 164.8917135235966
47.69482183502208 133.7644256902319 68.72178541899518
195.1578719825321 184.3963512034332 134.4299358437369
132.1831437950147 63.01046889996496 127.02472466304
65.57148973048793 174.8337564610336 183.6936680853406
70.21493930388162 14.58979835960179 75.35605063813917
41.04858526566199 172.2399899863 160.0484897546548
197.4203385325455 88.43427120533718 42.63283355510239
85.54621176597514 133.3524059263975 184.2273281003581
80.7404078526405 144.723476487736 44.61902271488103
12.74118007975047 36.52400372277367 162.6179094296875
172.8813556068325 99.34202634277257 150.4955219319643
92.85933489426959 55.86572152110637 163.7587386117209
100.794868438418 111.4385844356178 9.304055008475139
95.56651697894632 199.5546774013573 184.1746050307567
23.73926952457339 41.52045789675156 142.721644883021
90.06948518957083 181.9963690045558 116.0546000789682
165.8735847366511 184.1503230875253 87.75758915708936
115.3332307476113 94.88340688026652 128.4765171086665
156.298911618464 28.54979054180135 89.14748006735776
63.48758437710521 33.33564827278635 64.71182909087936
151.7274586940038 119.0751666629442 119.5408107536823
16.81779294759621 79.23719939499475 119.0443267831621
122.8238341618499 182.3177603576497 86.44580293028883
192.0089518864076 136.2378390557149 112.089251783285
55.31453959741999 72.851117454874 149.337187206347
78.20440647239273 192.8855212469641 98.17781039845663
14.74569298665591 162.1880419232644 159.7554980307837
191.2982434162067 150.0742983487473 37.61163858872626
193.3227139360619 112.5424337262654 187.1369875187858
156.3113095997476 75.59887427710478 125.8144341112794
192.5839836307576 164.099150342691 96.30367073508745
23.4756733811407 171.7430903162807 46.37495187549483
111.6676109672258 129.8284601205634 19.76805978948227
87.26525321653779 84.59563064063069 105.7124923620672
15.95556514149729 191.2944092871088 15.99645209191109
152.3228867709965 143.2570805414384 9.138340878538967
178.5443672634315 31.80485867075497 50.02867487955675
147.2524258375436 151.5160721909637 140.903727020776
159.828675426579 169.1917556269246 147.1570045798084
165.9760368361399 152.1690535901549 126.7214798227628
185.5100173640896 157.3788392104937 116.6616780581972
180.8055259954186 57.32408511215367 149.6790611996867
132.6574084008188 18.72483535542676 2.096824923429688
132.0497990604703 173.5730558242389 67.78028552936169
127.3214332890532 34.38628657978389 178.4336495264069
139.7428265133664 128.1513484087803 62.24929900408566
171.6839586654949 2.329425421007459 75.68178555888932
172.6197104365691 137.5881146645028 17.23806264843617
67.41624144323504 71.05792272317957 74.62557555092546
131.6143358573508 151.0048010475715 67.31568616248744
34.48059606392156 71.30728105612836 48.52375293536462
75.64930915807865 83.91974646727334 52.28917531825934
174.7409955379302 174.0521405581892 105.9052807332342
31.63612734441157 91.99531880429737 36.55456245727279
176.1597997211327 65.8198554352284 89.8467234445467
1.914579069909264 116.0568774016631 33.95488244639979
50.62789117034462 56.89156090432987 34.71720019580061
165.7476878756003 105.6633714879047 91.21347648357487
73.32858859251037 118.3589304908106 172.5774938786396
19.62352377731613 11.08842519033 122.7511408542127
42.90714852276923 53.41723555555991 142.1529190280992
34.53623685023875 47.30773109583062 47.31141900074067
197.3028649929361 134.9056287341319 58.40735578530077
130.1647850911275 17.22412694447925 36.76452722347059
71.02004024067594 159.6362304480238 16.3922777782005
85.91356290135542 123.0321028957676 48.06057904064015
9.730156851415993 30.0265307198204 27.84907301241847
118.0055937887072 110.3456128634836 69.78481235839388
61.07769609028445 91.59683400377408 67.72430290451669
103.3930255263988 184.5596720546526 164.0253493878143
147.4680894024256 83.35768298182595 69.43588220133573
102.9518603532868 124.7963608824132 78.40847708639438
28.86194907411451 84.79270943304408 8.871788250791512
86.61157458814139 59.54518979964989 19.82932177203256
167.5986481973061 29.12102872691152 69.6008965618698
26.76215861144513 23.43327983803726 59.16911462941251
126.1020314425325 19.24111907610983 110.4612945084987
84.188714829742 32.21106012299088 141.7380735944585
6.492379993478194 20.47803371576806 68.6787689503647
53.65580943998769 3.496676057429283 187.7837276842931
55.67519695338954 184.2446473330354 43.71903997686923
190.5628329601785 76.05392125895831 197.8432988714664
130.8953668755706 133.8526504932833 171.6662680796147
118.0131992956181 76.45581207119255 115.7186047105575
74.1949357347832 52.68006194580677 2.259810688723703
134.2239570397919 155.5070595046798 179.2116319130195
184.0117035241353 171.5058734963092 58.22276141978796
163.9401704398942 164.0258628404192 51.08796923890861
86.85052216116887 66.89032819326502 61.97739680224803
63.48660224828502 15.71119975748325 28.76687967403485
33.18854941484492 46.09878751025991 162.6942634646381
38.04713880069984 30.22891109990848 111.5660642833176
166.0440755679043 185.5078135348712 161.4684168006737
92.97102252966485 100.675505065428 120.5097338351822
12.95900189387685 53.97100767600654 196.3861900481435
68.31450536070055 14.75644168446867 97.84379574684023
169.4622462282152 7.26668788495783 156.5507505021469
82.61619672318264 184.9233728501687 172.856852308254
131.7432643271246 122.9819862259332 82.71875448430954
5.613661773301634 166.9925766640964 123.9374183259979
121.3976985667567 113.6456734924227 47.71789793612189
108.9806757319066 96.08481899610162 37.62868064029622
0.9569103972516891 102.1951452625612 145.4041355361089
44.93020034147738 145.1844754876404 151.9040547658081
197.9735513860325 4.718173972405201 28.15946744844062
193.50990439085 89.29035327681092 179.7859438572455
136.0719137166353 85.17800936478531 128.7006780474653
160.447755331778 126.9987690873147 96.49245201142216
7.064023533287631 15.40580105717128 10.46967628670668
97.10022592501231 86.7530920918789 58.73755904706534
190.9590691347872 187.4939359949851 43.30479513080162
44.71381317564969 93.54355192636102 145.0658443900423
51.82374886957409 55.24305606757727 78.70222404827453
34.58270453875 51.01195299126191 19.9640788744901
98.05585399782406 79.34207868827401 125.881823057511
113.2384655268672 6.735288200709342 172.1333444583574
181.6946300128418 72.9893556964867 123.6875917747625
146.7401122433327 114.5086998902948 141.0831959409309
113.8729354035931 128.632319123614 157.7876701704854
144.0701058365104 185.2677010303692 93.51838431827858
110.1130610940594 186.4724464727151 49.53198285152284
147.6014792224808 39.70318490030047 186.8296781431659
143.9809114975376 70.28246841802454 13.21590552399294
101.1009622729026 50.37885003412958 67.79042159953701
126.8587708750168 57.64601002166641 46.54495899364608
95.80211874886339 181.877263953054 88.99334385856821
167.6033147143701 49.93249972679107 57.82907899174015
72.84358672976828 109.4758455230439 60.52699638915179
10.13392822630765 178.0187615403466 175.1725250027467
177.6855984472821 12.41311231598918 34.4043402832793
75.5942203790888 139.4696600908195 164.8998186670781
60.44490709380153 88.86517713952651 129.5561633766121
136.1021369295566 25.88531556559835 79.39801644992072
172.410720747099 3.203086744004052 122.3095736963437
148.5800533884992 13.51489869273589 150.7719026772143
41.6285991508014 13.11245304712612 127.327272274471
179.9749297081275 149.3208105006929 57.12809752221585
188.6796245480364 116.4743394067263 157.8489707610253
131.7502788311456 109.9547392037218 124.8171496616594
110.3652715178688 182.4310652517374 106.237938338921
110.1788263036701 90.36142744987316 76.77142836249554
46.23996257123096 71.54388205543198 105.9733850053896
15.82229476922241 134.1060582427575 178.6831425302662
47.55352659855715 126.4221078541029 108.7159271889279
63.14677748338113 176.7657528416109 161.3443266369127
180.1965661475228 109.7236336738882 6.773312921857554
122.322767329183 151.7270773197293 112.0703909782056
177.9383721326776 21.53177523000241 88.18815640128892
175.2470743227201 60.6726052882664 4.033649575439756
146.4564727811223 53.19869376356382 112.536376532912
101.5232823540129 134.5232157621739 0.144454768887208
189.0686857912509 192.3526237320741 65.2775917882994
101.8820621264116 155.248975869754 136.8805776924584
157.5140623987325 86.91500561677552 161.9574441158992
1.483374712832397 115.6816774767447 11.38351984054085
173.0805086765393 146.6507165102126 176.4098194792366
59.88221651877311 154.5676905203673 77.02211867819723
46.4758897787814 189.8599027890685 147.0098208990814
126.4156524114433 189.8837387730488 164.5664965460243
6.582490527460652 184.718520911015 153.9060339539417
51.57880425445498 89.92967509780092 26.17732803919944
80.40185040663738 25.77677084374696 119.0012688977393
33.50361927905302 143.9115755516299 106.298016274948
137.9255241108332 152.9390187347446 95.15214200740061
63.66770706917423 8.233200074481962 7.457518416624211
49.5184976708699 34.35820166380704 22.98077432548901
177.5131731085309 123.7613871532482 61.6761326512677
137.6393765345082 93.39520514005956 14.76567562068897
76.09884423777486 3.581030620694909 135.7824867842424
102.3477810494724 178.559333125216 136.6654442620183
157.1664534253808 171.9038137837392 177.1538923412609
193.4331667093294 181.3406233073366 189.9676289602386
6.101490718912979 49.92202844111373 70.47229806400532
65.53579336736533 107.0083316627174 197.1099139443907
35.62053206844305 9.565232108606908 163.6870190985336
186.6581970705841 103.024792039 82.37129356137949
165.3163180737677 112.144509138629 189.9593264080823
147.4019308427944 189.676366622857 71.63695336405607
68.77188856637397 100.1523698851617 89.27693066493775
55.90564671799778 76.77623149085738 44.0124275898423
54.53803074119163 52.36284788722109 56.48242153906871
134.740815769274 182.4161068512414 47.18119096871936
104.5041135095297 79.56204395234214 197.1979314312744
83.61670882727542 69.50798595651018 183.341508819815
74.091981797885 43.31304085030302 163.9143278306973
187.8754428841601 129.9809723277608 0.4162537911973931
51.80274483224984 32.87759180323597 45.39621414062631
2.4982190997315 173.4007356660688 11.67049513641397
194.5908998074428 134.6595639643078 21.4635384076576
177.8194091580034 1.564661741676787 98.73687254750882
14.36813907640433 99.6794685227329 22.57112184156832
153.8073065777584 148.5127619245963 63.98986519034013
104.7147880532506 26.78260859908427 116.9377673656975
86.02916094231072 33.69673038789994 65.78606419444601
27.4858270336546 186.8737295553152 105.7834680737357
38.61872285118096 89.12866556698052 123.7775189259116
120.7679819494841 141.2663837200897 190.4393773436305
16.75919624261857 99.88713687697724 128.1884309596496
61.46483579296872 183.7784419032623 7.959446864383106
86.90654596296113 13.79937002592862 28.52298721749163
65.98902162895693 160.6111069857221 38.37183490903937
146.8419809482868 51.82917162752283 167.8093898339085
163.5213322082695 195.4799529218395 40.1617609551984
34.4217081689515 192.5678204224285 28.9078285649449
199.1930158260768 52.28217690117481 171.4620367622444
54.54506729917865 197.7042299585945 103.2697717577456
56.04951512565734 128.367911587351 162.0644719215685
118.9273463260094 169.2488648719289 169.8694098033939
132.5508535592834 39.03915619021787 61.02434263344487
148.2159047973761 17.15018011120522 185.8261674127008
27.86237197834124 170.7326975072301 122.9798096113686
12.7585203025836 119.8825205228241 137.8605349090489
197.642193145901 73.14908627478995 62.12612375393763
15.02768843785383 156.3344380478874 182.5937337308552
192.0915369146973 153.4247933778584 8.651052704917781
49.82775583835753 114.1498504723634 57.74506957040312
166.4466632718802 84.96895449990832 57.33345185010389
43.61418705924389 197.5681420370316 7.124701448237081
26.64119743371495 105.9640864047719 90.794359775055
45.85800071527225 74.76967260805954 69.05194090535186
73.87849742312498 198.9473321588713 39.74161738778799
158.9098699592527 132.8156388522805 135.9537574133788
47.31819101130181 186.7083450739797 66.37097020680964
159.2259542785741 190.0381579924117 109.557907869936
16.01677468787678 14.9156562873915 181.2594110700351
96.20483180983979 72.18029213044593 148.5047930640551
108.9980115398106 4.856619545787548 113.7016239671642
7.776456789398194 149.4375402620714 142.4708346990129
84.83529689879356 11.89863170430087 0.5262350768570176
96.29549249751126 139.1624561393225 60.01077361604501
17.87974433133427 83.2311250747855 58.12309298132918
112.9400088567738 147.4751866168251 170.1983249118433
130.1572732290626 171.6904031407902 104.9741980439668
76.08788192710884 32.25562090618634 37.53474003680635
93.5642358963579 106.5450341362685 69.00591245720854
149.3122404865913 167.2769175135442 80.91192587870162
154.5816305497088 17.41342420063445 32.58603658946595
54.57221160013433 176.2490596367717 96.21977503281494
115.3784159852445 96.00902333005021 163.1490291044117
121.2691477838194 77.16217433154809 36.6490490072543
41.698624066981 37.13852529091643 69.25384021575904
96.69287868518022 35.84677045051364 46.0121024371604
116.6613099313118 151.31831064112 26.87387881650482
154.6490277297653 145.2616387088085 108.4464562075547
169.7020797702739 161.9002987337051 72.82259483383096
157.3751488401606 188.9752676626773 19.42532526903355
124.4970434981363 111.2427940941488 19.84008585723553
182.3654126470276 121.6982732609207 97.75066662192161
182.1340668548834 42.60233415797667 15.69182205372614
7.775771850962404 140.5098308924793 198.786112466623
29.999146435734 86.25621347149658 80.29688604781046
64.2049265915424 72.48488934424778 198.0477915609436
35.75981033441698 28.33546789651383 89.18570325038993
101.6702809535345 137.8166051912367 115.1208253363072
52.40939405833515 108.1973572325043 121.1146440301819
26.0891150639579 128.0401675829865 120.5372313194596
156.3704867719927 4.156563367774912 92.16434805680933
92.71836055930562 35.73258304288311 1.39823348029143
10.91100556314489 2.100812638646304 103.9670505811927
135.2089082802974 3.86571248139089 84.32376453980066
184.8143517426402 50.9372702651379 104.4475392947231
84.2128402603943 77.94821669805752 6.976756687860703
157.8839770745542 98.06129663229359 5.950814466758253
113.1686600277725 44.71775978410553 32.64134455202866
167.5033403893337 75.275173405205 145.3903005663525
94.6695446567542 99.4721596765869 90.42345560209097
76.52811557543463 49.22110494100621 52.42967741768833
79.16001009813139 90.864039117532 189.1590779050024
169.0812712537964 39.97522321157753 197.4574394986149
41.18643121618427 175.2553117402396 13.07964483467516
11.8970728355653 0.02936518211385834 60.76750270162081
179.4145286968485 192.2015239834975 24.47422703479307
138.0061507261626 42.52129463947061 94.52053756480699
105.5129912269071 191.5468890315838 71.0438678842965
95.34469538320327 13.31847490630241 68.37368844542982
151.7166751271203 11.83534758958287 71.14232249722239
100.2048057463857 156.7223919961346 4.859707346641624
107.5213125534046 45.95663273488932 182.3086476509949
81.02811581336806 121.7784241124417 5.79226399027887
187.9158312646601 145.0858593172585 159.4567149624039
9.620013283045294 96.9205539897789 106.9784311107694
