3 1024 8.066227113836204 0.6494499999999999 1.4 1 3 200 200 200
61.61907431660043 11.64067923663243 63.86640756966135
143.8778902196491 196.2046102552174 82.34459530631202
12.41339883785459 77.58632913990431 198.0581995424718
69.38730013927825 105.3716554088424 67.22723753376303
107.7933421915918 16.91596800663352 22.61140645945595
80.64729404199937 173.6782993519853 168.9083538614191
53.91543119653662 70.18985678150403 6.295988794475209
55.27555526225443 132.3137049799069 195.8862699890228
79.7092829252696 47.74809497881168 8.020627766506477
147.4735731285126 92.24049079481263 20.93824137626469
172.761815088927 96.63234361378905 86.01852143748084
177.5818919972976 166.2598001927549 110.9767224145077
25.17471183158039 149.3234404833587 165.1468655334819
148.3063840958113 106.2613115684686 176.8500337978372
42.45041530663553 181.0367691691812 80.9856923600754
114.5661738309815 143.0109262938184 183.2256512877348
106.5805912062538 84.60579363388106 41.60058649349651
163.6913988022682 166.8931671116434 53.4431939336702
87.80512466055592 100.2574855641354 183.0044813164136
91.03326223500066 152.0150877008124 37.07253868588882
97.43617105718836 48.23988038863425 34.10055415881585
117.8817989861884 41.16145852582802 117.9429274758624
12.61217017106851 108.9448332198855 4.430820589246984
155.2143552496884 56.99661262830092 162.181507098477
18.3877573731407 159.7756669154948 98.28745036684685
132.3540681287367 88.04868143860593 24.68948057877203
1.432023432946517 136.4815683763996 114.5610876643737
43.43598774848903 126.2467023251776 25.92888638907507
85.16783866742394 162.0567111853144 25.8930246559773
142.7606830620805 140.3024269702155 43.57610800228534
129.0574318340183 77.63458654675811 174.1972737800702
75.0755023941406 154.1653869709598 38.04843383587889
185.0524010282472 71.38106595903861 105.6396041759895
185.3393565643124 45.99702917038124 16.13763720236714
1.056347732992958 40.43468966713315 52.06366102821337
13.33131956880434 78.40299041699237 48.16454424527647
37.90048473475591 158.9727104102946 162.8816540184725
196.934852595732 63.42614065816083 176.1117670953011
14.08541489114817 199.7313626390025 37.88302400790143
99.25896957563829 110.0959428059614 125.2258591233363
164.034762285456 126.6436611868601 66.27571751951305
50.26388436634885 40.94190348893771 143.0237758853562
129.4569601693154 8.585748739378019 171.1376141296452
68.7757161322746 154.681303061528 75.91738716864106
139.5571467013245 116.5488720746304 122.4122103951308
184.85478060536 89.11005798129816 57.80129079089479
129.7387998146099 60.90317830490448 167.7295133961753
112.7940334957676 68.48990733386222 28.25224634477261
41.06319935097211 38.25664819661087 93.40197145739268
164.1751403718626 137.5125569359359 42.03631328878039
101.0385077785384 11.52675755924107 143.038308848885
29.72975052930847 50.7641991123382 149.0480512936345
52.77295594314189 24.3452260858159 72.68249947251356
101.8919066078359 162.5881709304226 31.54623853029771
81.14104108691339 177.8592922618423 136.7750992367559
97.32891230421698 86.10262050094511 28.47016330823329
70.5235429261902 68.49474963923687 179.6207170817168
128.9961785066406 132.7216966763872 17.39943989878807
188.3006663161619 159.1370803525384 57.49779733182952
156.6636036105355 181.6217301971512 167.9479223727669
126.2959577092005 21.54604737170295 82.65909420884503
156.2075014510679 98.45456835549861 196.9549293319702
114.8693273770065 11.33849924131156 77.38678241288926
177.9946890430925 125.8755036853645 96.67407622514168
57.41009616139439 68.80895770090696 131.3047396987168
163.9056877672462 1.282657612736602 138.1064345534636
185.7096224681086 105.1246666690726 48.88146675571542
104.3542561288573 34.05460584404268 18.78770294762813
191.0547557019623 68.71156529644303 44.90625084372748
45.37131005651011 97.66210785657653 95.16118012880231
166.361852758941 81.11304935566494 49.45435330794604
128.6276657512341 64.57992491813928 184.3421912372299
92.5173657192843 86.56539516308088 76.68116553284045
168.7919706182761 27.31332995829662 151.3128218291906
148.0694904506945 126.8722016462645 70.4474680246029
121.779992870404 157.9345137250317 102.5498953601564
155.0534636414055 21.19575307533093 61.34026282975795
74.75528584633118 36.68518605966536 104.7046408454838
169.6326096658272 73.07276774482339 110.062527789792
14.39475444592577 63.68281260806489 25.79247971639313
199.7212819038901 78.52483986801661 171.1602891891136
192.6643538067218 120.9524487290612 38.98144271359573
29.89486575026094 20.78954244552139 132.385555563438
130.360857839314 18.78733225386597 104.5093309551447
175.4538271829642 33.62723339004431 22.89633440674291
168.5547644704444 64.87919317943957 166.6860326054593
69.11530855413231 20.42623288027609 198.1156499027944
68.6478423419084 36.67280091596786 35.9284821000748
9.328671367846432 110.1018113316672 87.56524343557122
184.0341662261544 140.9463304200367 163.6304490731855
35.88485287869182 94.86763750202616 109.250849705595
155.8814387627333 174.1243764044963 41.32108118529002
32.40544018824546 132.9599537021069 72.87628407425963
175.084856729051 175.0450737127535 144.9058038887256
21.60088632824486 92.83842258407203 3.475506710405411
188.2366834080255 139.9957632759792 131.4829581392559
39.97107640173759 117.6870225822297 162.6458211335997
2.085970832920219 119.3285548761835 76.48855941652869
118.6001692687226 112.2922934038141 69.48867861131727
136.1715491654102 94.72034991595596 157.1678943517248
57.73564757054191 8.138591161272894 124.6168836578341
104.2028304271049 72.88941315564881 192.863543080399
125.6197797892067 7.222667842515527 136.5885836530494
62.81866424657998 71.75128519013472 72.85547160933966
148.7760854206657 103.5430850178563 126.7725419869596
74.58008903730776 53.26807385637537 114.4534157410765
117.7297295342557 83.75189439274314 29.97252232968934
32.3028452782974 191.1459932955314 73.56493296595661
71.93396862858764 36.21231815367459 199.8560462486715
6.660257212071047 55.97330377253182 83.81245674307975
176.998332413429 155.4299542814299 164.6125879944482
49.04591185424437 108.1913813378574 52.10800433938802
73.1123299466534 67.12518779217622 128.0096708642256
73.52053576113276 20.25265745502167 57.19878030313191
60.86419812706693 138.5426089619322 69.1794249596426
82.42747668054365 149.6598660313879 162.8521431058684
97.38534298349823 179.3759603881074 129.4498070931822
4.20921528059276 152.2573133687544 103.9696783831176
179.6558840534903 86.42301833297137 116.9109952484093
83.51008939286307 40.67199260320237 31.09410895421021
183.5787876351521 1.338645497921584 149.9023831595945
133.7786747901909 143.2179064827128 28.67770059075219
164.2610831370779 30.57327850580774 170.8769899881216
129.9011735261423 33.97019079603493 109.9396329839868
56.33892342804712 40.35913411402253 67.63130074132933
179.9505053899689 62.08664785726855 93.16876788797227
70.76802184137692 48.56402054990476 25.12790438663707
199.65402596492 143.3304175932719 160.3810807617388
170.3920033567439 81.42456431210668 162.1290020082661
113.8213618300659 12.15817497699093 172.8656571961035
40.71403321337324 59.4268130964932 47.08464150570463
124.058520249221 103.5642834301142 90.82926640054433
144.7822592170115 151.9402012912627 173.0551658212473
7.64628869096164 163.5369271525036 170.857317660189
65.67364311983381 53.61644749358418 99.15065723342835
41.90987615538559 13.65826644850024 78.3808853480385
49.8355870631767 190.3480000171296 136.8513432255899
89.47199409436251 76.81625218599184 198.1359968494895
64.28387571656552 44.40119415440721 53.14483554892534
46.76874883545291 39.9680355409637 181.0729670516385
19.59736514586134 82.00379045248054 102.177960643678
62.77303380860184 51.37483739646407 154.3537396825691
60.10423934247046 182.0799991600061 23.10450521646428
194.3637040598791 39.44060890253797 66.70762143728724
197.2068367744505 182.5865915573694 133.8076605521317
121.943425252982 16.16435301610308 6.980589767282495
6.464357835553627 176.6049043424003 161.4733276751245
175.6867995364171 176.3291424571243 58.66928535228637
99.91745717763463 98.85139169518288 38.00948455328773
47.53512392927698 174.2811771948469 144.3344775124683
102.7878532996748 126.5502623458774 121.6208678751063
128.831538398979 115.0608104492094 180.409638532734
55.17348632219756 154.2225444165691 67.25545008173602
50.70135492036957 193.4690708409116 152.6934596208741
78.81814855889374 5.621977023448935 52.94674210010436
18.88932309199463 62.70539541440385 148.7209850240375
183.6024208594988 197.635801151614 165.6033035378461
147.3035177721731 22.6590490989051 109.3013126913041
173.132744343664 67.53414957310929 43.92399069355878
184.8514228369396 56.0173937366952 114.8859584535039
146.0845266820181 8.020298330982897 58.85346549959732
3.329109092161134 177.694959533581 82.35511662632406
29.96154269946341 51.6395903497764 109.478030365722
76.91635922706955 83.01473004629923 182.5427330766153
181.2099246151561 34.05302712245824 159.3591052836975
9.895372036555795 137.9576615465215 171.7684971132756
138.1086425918746 23.87893868824295 60.61708119612511
67.41416535480383 33.59325181708612 20.14093881161655
76.48676133348599 140.8974333680394 72.44092681007649
45.71040292080407 172.8473852535842 160.2988449610625
179.5361781062489 5.042620762788122 75.90984946144562
58.6885283161638 182.8680849749478 49.3945689989543
172.0613200675142 12.18718806556304 146.7561066448343
151.7541111977989 198.9175212918192 155.0950036809877
127.8243078362114 169.5510348215528 13.71022165812539
35.2501365512859 164.4699162558896 147.9492625117915
66.18556509742615 139.6834516676225 84.79698573998051
112.5796600671608 98.49296703971422 47.99795289716164
189.3313181114771 12.28587788839782 111.2579823439985
101.118491889963 60.98012745703617 142.2114199044518
172.6590146715208 0.7431410746755428 40.50019034473412
100.3770319509029 100.7709141501039 62.76015433317988
4.920985515684409 169.8686320784853 140.0499917180657
199.6755737467248 150.1390066425568 175.0052262713906
163.107197167517 125.752648178195 102.8863706263115
90.44619646003189 84.61637824511644 42.98470799998312
152.4168970600261 197.3911537975008 7.978450337740583
189.5738197064505 198.2987957095792 119.2924709120191
6.278253618541979 155.848244302099 88.37879013987694
10.83401886447324 74.80428944558724 182.2464277075151
173.6791640883963 175.6763127409301 123.4802144755332
123.0527373644897 47.85184436145749 159.7629049431613
157.0685134174184 69.46323519907537 100.6118609906055
61.01647943650926 116.4469817130566 117.7789026142486
83.08451705574751 157.0557141723613 68.48422042690439
83.20617501154462 91.32816604471394 170.2323665596234
6.954210374640777 4.42243970618465 176.6782950929374
88.00849900093499 167.3403226450375 79.89619066587026
120.5616064978664 173.4796262285532 179.5069112505812
149.5199910124792 95.22527682198684 52.37673443874427
123.8703046405769 183.6983072258058 7.041626660272847
115.2648343214705 8.10594991095638 120.8604697758655
54.85083839147116 113.1924275169341 169.9755860691322
156.2925626561767 73.69826887446315 160.8019378049975
189.5214172470691 106.103421732683 167.519059053101
177.5718523625734 170.967980847324 160.3147855682821
44.99860767832587 193.1051278860266 116.9300469900361
172.1401535023329 138.9416049916248 131.287713784188
4.726333019791229 131.1225554437422 24.77391402467111
43.98773113997999 41.80835248718707 49.35863385626829
68.44076288258675 156.9366691454631 21.71300720889566
13.29400858026647 140.7430144870712 97.25218379734476
162.3322175201759 167.4997294014098 28.10235719872595
112.903394514127 19.15817901667424 91.35848401952258
0.2181335707709805 179.5505085863496 28.78071331383191
43.99942768927352 159.2182022563177 135.4547590009663
1.852582335442108 182.0057975162042 6.107163612322652
48.59435594344899 4.798871136185318 181.5268844444244
54.17414728868863 131.1060651468583 94.97146096708947
108.0481281064236 74.88710688635915 137.5316513547081
75.22703201290113 77.5071507689867 167.0946880165322
102.1663719454782 105.2550074811641 142.2278953082074
43.85808407116291 37.77430082689223 77.52080617654303
161.7820705742087 66.42921837034062 73.16226173872643
185.4157195657834 71.62172595311179 168.3403676592893
132.1937135525181 9.331390002288021 91.56978285385513
85.02324607045595 25.39885912956243 109.9427795274326
100.4902272463523 40.41545405537492 4.475551086086086
19.21086410607563 49.8743305061242 121.3747627458623
101.1264706503813 89.80453356183877 146.8739863783237
157.9973473520379 121.9353346153224 195.1531418925211
21.34914000578355 15.86736657673089 27.69335235653124
63.12114572174956 123.8249642302335 83.69372604126818
154.0863278695376 191.5113789360063 106.8552743910618
27.52071498448984 162.059222651275 17.39060173107403
129.8510337585244 148.0787777184887 112.4481071467733
61.62670032454968 16.41462907052096 144.4776999245155
169.5078569163423 84.81777921233439 146.1444112031599
196.1441729986135 122.9791174444013 128.6100815574069
157.1365410375927 141.2492099856607 125.8274783018241
28.3313849819274 58.99790858113082 134.7932223515624
173.6183747804992 178.9805117933396 98.15523452136685
194.3458212047127 164.8819412889585 32.03710306152335
147.2088342565201 141.9985315560284 77.59140297135878
11.7765734009992 119.499076923475 145.1988971175037
69.63228005780331 185.3431227105919 104.4828353909085
133.7231011229618 148.0264736562904 67.29572398201026
87.74309791724612 44.71096252177165 109.9154414856979
59.86345214183432 41.23858914968685 190.4077641307502
172.7302770438033 51.11084354462952 41.53583845946189
123.3090765412238 182.2324799070288 61.91760178488769
50.8658670119276 128.6060835825524 167.3710482006076
189.455702488863 176.9760385727407 43.9716909620874
157.7956146626114 13.48161442069459 158.5067447268103
96.05770931274473 148.6560427758664 195.7760898728803
162.7052986378197 50.1765289624689 174.8817511004218
156.624501244166 5.632085372688362 120.7046077408288
102.4120220042263 157.6739094921234 71.30321745084761
100.8600586018852 2.267382405445988 186.2638350081378
64.6043209947659 51.24085248913065 135.0838587361548
152.5742102273176 20.76736314510729 3.677086936589609
136.6436300417212 109.5773443025959 140.5972884038076
165.3682728505869 180.5923499059886 10.917084945305
198.6817701975915 2.565952423160543 135.8331796226067
196.7112947681502 71.30320544784551 90.18732079582826
90.77932073560802 57.40749925367254 124.2090447002018
118.2967998985571 93.08023028263372 65.68220139032115
16.2917617048548 109.5261010296437 52.60799837550675
189.0043516387602 10.06873634942721 92.02958876467504
92.74943905141895 133.3017855651174 7.091621128720802
26.60837848898689 108.5923306851917 173.2986377568317
62.51696679194162 3.523884210303004 164.2716450395839
55.75820863251257 51.06913886280905 37.09431177950844
148.8998891454066 127.0730495037929 89.80328695692329
155.0150489517525 60.76731546496615 39.34842134952937
193.8013170492516 49.82578320677355 98.87617826756899
54.34107954513512 157.7584291461071 151.7788772768711
36.26681297307478 112.3869664018682 37.47930578914479
0.6121591520044721 65.13524716195685 154.6137717623052
104.6267192024008 40.71111338510101 50.42131362443811
95.87534948230275 11.56087731188206 101.8506275048853
128.1580722543024 52.94632924156812 106.5324502233036
12.83816897411792 46.85350062351016 139.4018404572711
151.1685004392648 72.77814561266929 58.08300233063378
191.6850820462652 21.18108227958472 72.55408632588349
145.4647137111311 3.678092594483456 190.7374445785132
140.7479706436618 44.33644451292624 33.30139038004152
170.9924531181096 13.56070511968206 105.1897239038121
177.7542204689657 39.10338409190503 181.8272435168471
52.42245483157279 185.4290819799139 193.7973840615913
30.98607380568929 121.7601643030979 145.989137646182
197.1703375865796 124.9202825702282 99.14978430211457
189.7491806122141 24.77154174449585 194.5067943207695
145.3511315934971 85.43904943088609 120.8360558248488
41.50458106377282 52.56721672244174 65.25708825327972
59.9716331678473 83.18895902901698 191.9007530427178
88.56332868173676 185.3241516549539 72.75570245616562
103.685171779102 156.5912146515634 95.80213695611781
97.21209639727562 66.79539642424388 39.61434948792936
64.30442472706771 168.5533882628982 134.624933075497
54.35680334830982 165.8702052918599 82.69243643597197
124.2817652391268 196.1517747399849 152.4127532356585
22.68024513257616 147.8684844999878 81.89359145382748
197.2207002450119 197.1856071913425 75.40016382310297
136.8856839395492 68.61492929143834 135.0071346101948
190.1342286887007 52.68954422512093 138.9524229627729
8.189532823989124 105.7363760987767 106.391807516096
34.85172094168096 24.49638711266678 61.77849843478075
2.848868020325043 66.3397189196008 111.3464434876508
51.03568940366973 105.2821280533261 152.7249620756452
126.9231263296113 131.1917035852503 121.4427677464802
83.09594560591856 130.4549743745768 157.024378974104
49.16253163598684 119.1327578261151 132.8459349285458
119.5255954558042 63.12878056586552 148.4077079001029
14.69006063158466 82.27033603818964 158.8827017559298
48.85642601117379 108.7957544180993 19.07615760735156
117.0074322037514 3.596407825181185 102.11539338769
8.340649323205838 195.701897255991 193.9066428144674
100.0081355000373 36.79643924174876 123.9521892927075
20.60971266916927 125.9865721528611 87.08149755364245
79.01090766928215 93.08093950603738 198.9442509010715
11.49868816315202 58.86636151641112 193.2141057779715
91.85778736024645 188.546402837053 12.16472770855419
23.50652785112274 89.25598974425232 184.5472975272404
178.3796288577966 104.980288713317 66.79780858570464
106.8349234735919 115.1927123809247 30.27489658616756
127.6390577031884 164.373777682488 195.05747794781
73.30084529364559 21.33946650995114 173.0127631903983
27.18808477225013 78.15559331922748 140.5271273709801
190.5564901055211 166.6381357373543 179.4060531821506
81.1015975475901 165.2694189789285 151.4790920388894
2.702621024764605 14.51238622257692 32.71505840412235
53.97138003342675 0.4171589758461933 23.96118438006581
124.6038222244961 195.0034857486664 80.99640545502864
12.98158219420904 132.2943829111057 130.7232210390123
145.7635439349421 68.02702737457952 176.0246601365718
162.2323628265288 27.50816306082122 120.6337615582396
116.1807524305813 147.3884827624019 155.1692584276252
168.1767236311895 46.65980686384423 151.6277100407676
75.61841596055071 137.27232998106 105.2329403603687
79.77191548292728 6.121067794078086 72.27379010998672
150.5213562933006 86.69995277167558 142.8696718727328
93.5481302695581 103.6676396040703 159.4854919242829
53.91543528089488 27.90449728596196 7.4853073200552
155.3908079318492 154.7240908565362 40.88324312561645
197.4774722141482 187.5987336523886 174.6297475865099
87.36432190667723 195.6666906932817 132.4352615684564
24.06859460488324 132.634805675054 192.5235270448774
136.5774814017783 49.44208359027157 194.3495232708533
105.6244479693313 51.61611667017119 107.210212627474
110.7303199379114 0.01978841067359735 6.453363358578334
151.0938944084409 32.84954450609615 156.8703273535118
128.1357041458622 88.65890501944145 140.6316632443775
6.619535995387598 164.0754779162655 121.6567369409172
59.29470401270773 143.2048270089523 11.45031570428609
38.33983544325727 15.74107080168065 18.41736027430562
87.94293490220795 118.386331237624 138.5635440057258
39.14647051611028 89.04158375993859 24.11992384654574
69.82274527815453 14.7144537573069 16.59754953758682
158.2652298451772 154.7911664226593 14.08010962929443
20.47580551430479 148.154088402935 113.6284087780292
104.8459828198512 170.5789354235492 113.9040809303034
186.7076893717675 86.57987850012555 76.90186231928375
67.31983386248831 69.62685571183513 147.9144214086367
41.65957997383832 146.0131312073943 197.1728671375909
94.74500232412282 147.6000362715656 148.0610605624879
117.196724083326 193.1120386187963 173.6392011192121
167.1866326277781 100.1794064535638 46.20725251203145
36.03804111186298 91.32282102674829 162.2215626360023
60.16145762296861 187.1704071172259 87.43416087725758
43.52518614671304 57.00215850456399 122.2048253596602
177.3797851090755 148.1808327325756 4.037243069470938
92.42533056968752 28.85171774338632 143.68665257281
55.36329052981515 61.213598834728 189.205105129687
112.3826237497032 15.4830470509525 47.32954131281533
137.3870309531358 178.0942823021032 45.4355845141828
142.759391964236 184.2979321778464 120.7990456087406
101.5799148580331 180.5375139293033 54.93121219902208
11.75810330860338 186.2024143250851 121.5633337767367
173.8004756114055 144.2973202336568 26.67411670900155
44.44476475143409 187.588923108476 172.7795594570976
40.31932025871318 6.953571476041626 161.9199737649167
154.0035595531643 92.5826718541239 164.3938161855044
120.1599639553841 48.0428007688064 178.9034601494201
147.2141033205007 54.13710193601187 94.07769706243248
15.25547998350158 128.2046969921662 65.2593596071558
195.9671558604486 24.08623567439881 125.0952338067416
136.0646035940728 112.3609217381836 78.45080559232383
9.338797885057749 129.7842712892308 43.52513419931331
173.8604661308923 107.664179028224 102.2967189189734
46.00845502389934 99.88632689105627 180.9069324793111
55.74978672721126 27.0311867106134 53.60414454016124
93.97923287970673 58.08624031713645 0.009150688985144836
95.30017915569688 1.012784457479938 43.90452101118435
138.7880953709922 13.28934743121341 154.8438281203481
62.18022998879162 168.8124649445985 112.1420447601118
174.1460123738586 19.11405952447157 10.15218771617008
42.85049202209996 79.47579474242741 124.3106563538791
26.37539857351956 107.0019017569193 17.90336148208903
27.73422739831796 195.3199240177877 108.4600034143196
116.0603999934289 17.13513623169698 153.8853023926168
164.2463180032674 53.7619516975443 58.73332983890963
120.6460842776134 187.3554628291475 117.3775665518867
7.282095353299514 90.05575540370634 139.0186571811859
74.7559834235459 193.2244969914741 29.0940410039295
147.7114388330058 154.7946212902635 115.7063946992128
147.2206635343653 132.5840440737186 111.6406218300973
104.3561910972762 123.7673499266041 153.3608901238141
164.7359036686396 129.0975985369967 146.6709616056839
31.37145185866212 192.7165335104246 130.6717236664526
148.0607534917923 105.2055349205491 35.30033747854702
166.0278348888568 140.2454180848844 83.23017658415186
100.9803067458344 120.9168833454883 68.30714180834559
158.596995614922 57.93793280118153 196.6863582324389
171.6431363350344 109.8626854735439 1.780859043068264
173.4581353481775 15.24062388632186 60.62026087399442
193.2041671871369 144.6673971503898 38.22194099875097
191.4538928480322 165.3062588305813 97.50829911531859
190.7867768784646 51.34999086765525 198.1634761925831
47.2234693957598 115.5860389448913 104.2224477878035
115.2142347661099 117.4144420271204 51.1282945279539
7.956725447847067 90.87154510030554 89.39195639636414
170.1791579162073 196.4264700595913 90.50210138855189
69.71122044008391 128.6400416519627 130.0457260124416
152.7502446646112 111.3005529580175 14.06727611126553
11.55067571812977 163.1577177915729 69.54710039330536
17.18408384819426 30.62749090410169 120.958663312319
38.5841242436937 141.6688564165866 153.4695842330121
40.58108292765424 89.53199156835532 1.586283777924663
199.737125310129 87.73945392637719 117.8590432667983
143.1548102421865 166.384452555764 134.5480391699301
28.54092451733738 196.5711503981434 25.40165689013249
180.0511877114894 146.7733705115599 181.6565295859691
102.6649067832657 197.0268844277787 85.95631434563489
178.9686298545769 148.6248698595518 146.5966976760343
83.4354154954019 0.09242894955426245 172.0601304077873
29.85698754116863 108.4988346818175 195.6436773586122
58.30828472933479 145.422905046176 33.90485004688069
152.4773127704939 123.3121434255338 48.04929886361882
68.83693994347263 149.9577004741396 122.6424997287511
41.60863921084835 118.9873393238898 82.61448965482852
20.22332169762567 15.65451170231185 47.01817384573121
6.51815660456218 98.30785439244517 172.5205808372892
159.0449808877407 107.6123309245356 142.6697653722448
127.1238295179365 8.08510641720823 62.7587205960954
66.13830753053159 140.5538007121047 167.9986088857459
136.130273997955 57.27977416962561 51.2319060366653
72.97314518444996 101.2413137407263 117.0078968984111
28.19686781544256 106.6586622340442 95.96303361082055
103.4774808660286 21.2931315339482 4.257188151217927
16.50441260408863 17.76551056058486 165.0712007747157
137.9105172236189 95.41675083048879 101.6216703723904
25.50997333856954 170.8663704101999 172.2447260543814
96.76783144437971 33.57679077583234 96.90613097079412
161.8046904687839 160.8800080769292 175.2997348725108
158.4687627533094 13.48105362565207 43.82313998573374
82.9313597669826 188.4127583668709 191.3806837695932
117.7574631620579 178.1109032510292 96.97425529458724
34.8053968364738 156.3312113354004 39.38158080515647
141.8897122369476 171.5323693163092 175.343185902083
19.93211538104999 94.86574982724474 35.81954986393033
123.329414597836 7.985992959326318 189.4894131376303
9.943213337294766 116.0199048102977 186.6102564831222
142.9612044484857 180.2534314166403 8.135192095792792
35.78022714338592 98.80337522626392 137.3842826763421
16.36887276383503 137.7509129092211 152.3705648235653
91.25168556368148 178.5804520561209 33.9375484250109
135.0070748976119 26.79219375986196 16.52595127350789
143.4925406413819 14.7527548681161 76.81734847532427
121.4387446048117 81.59869772866837 191.5440230909139
163.2896046017389 122.9147180152679 124.9975887663216
63.71881893845713 66.40835284353345 22.5552134749936
15.65416156520329 147.6605605389115 31.12670371645623
75.87723199236817 15.08086983554464 131.4484114142937
119.5551902197567 37.14546929317856 3.715642875126693
34.43655775477126 25.60992243245954 150.6370564752154
60.66755493018636 89.62253645500822 56.59687044999863
86.1524895213828 106.1902888517641 76.87073415511831
188.4250313564154 54.58510184519569 77.46322157487658
68.64357477430853 71.30820545576802 91.49000184601628
28.85854148946938 27.04193687812595 83.40275967261213
42.94233477262616 42.79096001375167 20.44544150059268
187.0814381025765 84.22205156904984 17.03222107870666
66.78229073463665 197.8281701675287 142.8374008927183
57.32553149741611 1.541696271166267 104.6191531122229
107.3578479424085 160.7926804182457 185.7892179433149
186.927481419947 71.30693199093864 126.5751464908698
7.460914108977287 36.61056687642675 1.996722921381122
0.3601927608725567 45.66437425693356 120.0828876356682
81.66517052817198 36.38291508998251 50.25390093788801
33.46594773709919 23.1515340811229 196.2278143042478
174.2406085649766 99.80826232967769 157.4413777484216
176.8148720586854 88.33460468521217 197.3452550940516
15.5447004968204 71.59321816906066 76.61662251238687
177.8455398248396 34.04539617650472 135.5816618960592
174.7093165884478 120.8830570823656 51.18925128739762
33.52005862085432 40.09996346907964 133.3438669515774
131.6195638091358 185.8826348492957 189.4383372038916
189.6286918331483 108.0741681258515 86.13572404105615
24.39725979521703 68.18610955764001 117.8406786636191
143.3431127726056 137.8893191214197 159.8173534239006
28.46684017574458 164.3082593863286 198.186254945573
167.236838219124 51.15377541179534 22.97324303328701
138.6005636509223 159.562094234193 155.5892221774548
59.30942585524755 87.04488789978559 14.1433320838817
141.5528849564499 181.6168790038502 151.7328841574375
184.945222658941 92.33610077969998 134.5693497247628
16.63910081974482 8.181179606987627 123.3443886875476
98.06840375955524 134.8808929966712 104.7960250859724
137.6521653333743 144.6335087126614 189.5028435984605
139.6366761298048 146.7777024892978 95.79781692535731
22.32010548048823 6.714895014831099 67.84729548035135
35.89561729828694 26.03891535463008 173.1692077479076
76.63594507766938 50.5145810558945 187.6876592145916
169.6379033392595 160.42928243231 94.31373948633741
24.3948697796449 175.1652773600011 31.29094187478352
159.4908551702037 168.0955347364274 154.0275628502905
53.2599903016157 164.0933206504707 50.02051083606538
110.2440567542802 178.399794482362 75.67824306344268
84.98928178666101 8.754628787403501 0.9650569889711972
93.34289222399393 78.16028754322448 160.3016034348386
193.7724936846425 129.215887278287 177.9808730389092
119.1401754230801 193.9360146593282 47.07227101343936
57.93923020001571 95.60985703028753 34.99577865809854
59.20191176737617 104.8670239067504 83.68160670771458
11.56821710906866 187.0500530990014 145.9954660545397
130.8066244569769 147.7850089221194 137.9639824413651
131.5776929905729 37.88142826341709 73.56021166630876
30.76517258928629 110.8278499105835 118.9371067036142
191.583547063419 23.6674818696941 50.10916330245686
39.57174250516498 12.24893902869773 117.5909739603705
122.5072801410654 155.1053095592886 83.41312649743342
50.20837240600423 74.36062278852064 38.81245547106349
143.2220387520542 199.2472509296894 137.7216110413352
9.751736980028427 15.07016988997607 84.64872228494966
110.996151718094 149.0346129500839 116.7304039335696
148.7305409678556 9.516916797631174 23.01491204980187
2.537069188753188 77.61498303639902 32.11458686285633
54.53739292059485 22.79904759602715 185.4961734304026
97.34222782325003 182.3518864393024 173.4636844847957
82.48948867034598 95.42417902292848 56.93631634011337
27.7879254944899 73.69852585293009 36.18212369754762
157.2488546286977 29.77311376796273 28.23114497877818
87.12916601001483 28.66963514763654 190.5305499382352
152.1081686984473 137.2485553778898 26.90145881562956
28.15762731301394 130.9289354374637 170.3808399050973
2.098527684896383 68.26465518777745 11.56089678351802
67.93987050412976 110.5747247783263 48.63829372446958
164.8541299744618 140.4382330385308 166.1990422063733
31.40030710069606 134.0957477230725 41.36415149148417
150.8243518865013 160.5390936760693 81.82628926510434
115.3204476535579 82.97211454879448 158.3339757192389
85.36410267022103 120.0975236333754 116.1915614714169
189.3734482897007 107.7876543778202 118.7053161870041
195.8763069098131 23.41051522747017 172.33068596535
184.4367254862346 89.32401177962142 176.1122827645819
33.29447429142437 185.0437855671753 151.8248801737979
94.50496821236774 102.1634235308574 16.46267702747373
188.917585304711 151.3286644233613 115.8037250920433
68.57576674600362 100.6098263805849 180.387190073284
43.73343618698894 122.1191472975032 184.1568205495151
117.9190299505096 53.18788998904603 64.11699288261971
51.84550032422648 27.60648548367171 129.0802130305475
187.2311056779933 61.73387091420147 27.25824281318714
110.2334013864042 135.5914939815091 21.20085021484116
167.7515342315644 54.24105214226549 105.9897674817416
43.33307285031679 141.221080740971 59.16565930460189
168.8386915512213 19.15002636192312 188.0904248101478
136.8376899706819 113.2037242542698 162.8852157046978
108.9801442470927 92.53859713999363 129.3210585624103
178.6334487340523 68.31374105032594 150.5130781423395
119.4553382474264 137.5058123925789 41.72588628271279
19.60767369451763 103.3613127414817 152.4744589216616
56.7049818416033 119.9320944955843 65.84887151724853
89.516744482645 139.2464594894536 127.7391021781054
7.671648382065302 93.49795810025061 16.90189103688175
87.26962938534651 118.2412561160665 175.5535884742388
182.2520452695634 84.93851430580023 39.08014952916603
45.17897994377455 154.6535421374775 116.6788368226915
162.1224634849946 33.55936415528627 98.87668272754274
186.5040351293937 52.85007403389121 55.02708468220586
24.88459961669301 65.43586609318774 56.99659839110482
74.75682681245411 131.4123552135838 43.21658206697641
126.2091128356136 127.6973980240965 149.2113672114244
23.80517074249538 107.9673818963687 73.84968754723701
120.1914806923007 136.3050744831872 100.4993871459163
82.98490215540203 137.2987880572434 187.1229804985925
177.0287642170136 12.14391470413119 128.0457214269981
22.77608224587638 76.89619339137997 14.39439017320331
166.267829677893 95.97838404637393 23.68905735832892
129.4227619523563 185.1831297873844 25.52697664630428
110.1981293984917 71.47319456120981 77.0489954942292
174.2953350032382 181.921016429186 175.9351055853003
59.71773596957594 87.95453344674054 103.870368558664
169.2091608856181 77.2308872504384 87.69009908026695
113.3690140357189 139.1550226740038 63.41066502250008
3.848914172353003 36.82927365077681 83.37878819333815
55.42929705325884 64.23281649625918 166.8228013812783
118.3279477864929 104.7350692840315 153.0999252625096
125.5725100562289 103.3100981459331 34.48054383991553
26.8609000228867 51.25901481249164 33.8498953061882
71.66108384199498 125.8678582081788 3.928312488318989
5.330983680657027 1.405508003615173 105.0082085546597
133.1184899553727 0.5417523430966067 9.38536809833815
188.3712566711134 40.8730160640222 35.83653641807665
179.3253468909252 164.8565299457427 19.14140812388286
188.3721091377982 108.912769577057 186.6369317008166
87.46946378625776 74.28763668124704 138.8415328044408
186.304962414101 126.260926414115 21.34361343430739
139.6206017916414 53.2438876378525 151.3252887316415
44.88280856511846 145.4377872574646 174.8281401219889
10.33158207524994 109.8088264850832 128.5028018820679
140.81197700107 190.1795723331589 64.20452308840522
193.5966079711492 109.0931314168533 8.608251955433751
80.72894391104961 141.9379622581249 24.14920885383312
146.9442863820556 42.46916699687746 113.4085128128315
58.18937158842483 86.63378288499696 166.0069152652828
52.39695628676601 126.4678256943261 44.66532189977151
34.38591999656527 30.23104823394545 37.17415013365803
108.4298036250338 35.86925728609339 163.9281675312579
132.2285079624303 87.24865339856007 48.89332015907313
140.2476815078637 0.2487811885076684 42.11274473183737
70.99630978915978 106.3868548198719 15.33565548962745
132.7731269053183 70.65073977718039 33.34406192994435
6.354827434684272 56.82217362682341 42.04422608420229
95.2993740747735 177.5300065975299 94.65331777081347
130.3064734331683 113.7723156072393 13.66378032419943
61.1817839353648 67.0869570266042 112.3844299728529
155.3240490727713 109.3692258780616 65.58517438344374
91.2073265906713 141.7251454367247 59.89590751399729
169.5971144366193 199.3282913284995 198.8884353085237
93.1480504697782 37.78892199310718 69.65121545811203
75.86111124215141 90.05488382068077 152.3667404138525
176.9209465253374 67.42168050718276 5.871578929647226
79.96156559064413 186.3270390928943 51.89738115697976
112.8982594847079 27.27766769185179 66.5827696377921
37.47976770117934 157.894716972038 95.69527453360087
58.48793532227014 42.56092316598023 113.4001479444012
175.7185867294325 15.96743703376453 165.3858712770092
115.5997485153626 70.11228643580792 98.93624959156838
77.43485603426761 36.33769439948954 123.9963857972583
135.1446691745793 27.19124407475362 190.7551817205299
150.6909546260962 7.878277643854263 97.09052227349083
193.3290605764062 28.42375369086358 17.59424449324857
78.37502384076855 2.486000792776659 112.870404626911
183.1832424723363 130.2240067200459 72.48955151645332
159.1323097841712 190.9621902051915 50.30288182579136
58.67434396128315 150.8145141118715 98.9575451873845
167.0085682371356 157.8557260077089 127.0344294788002
25.27923898619213 171.1594319373543 53.49841861442403
66.21551142740273 122.9962523014311 182.2003062550011
133.736677884185 131.0513647162023 57.9887466689188
108.0515741515182 192.2188801762968 27.47407405884698
118.7513000819898 156.2480259996254 24.45500554465656
166.9161916631535 102.7580232596496 180.8708966191151
42.1517275280092 77.70466100402552 179.1629982021569
63.1123483085898 192.3816501076344 65.66202256115717
46.61271389287312 142.8371793947659 81.55638870891995
125.8160264933229 155.7419718630856 173.8057631251286
123.8523404846957 78.64523383658309 119.5345378658378
185.2269609080886 127.6586661268922 198.8275683583418
59.32776475636823 62.89563235496331 55.99940158089225
17.572051683603 151.9330615069611 182.7551924177215
124.9500956227019 131.7457562826362 171.3940177933796
45.0360641771865 175.5947004031638 125.1842416578564
165.7307793187506 78.94626296535397 128.0888421962854
10.22768548573361 15.51916564243871 9.980634223531483
75.78479865003054 51.97194666189475 66.94600549703691
26.57939273807296 149.5293627078968 136.0290921635114
27.52334059328913 169.5651614022005 112.2682598182959
11.1323317230015 24.46428445630229 141.8257006557039
111.0189194377346 43.01289789813717 142.663004433694
101.7913142212388 75.34599324442844 116.0235449894139
60.43747193244769 49.56385664650826 7.874873269094245
35.97722448535096 135.7101931233365 100.5485414056051
72.13870530940916 110.7769017607853 160.5392718260465
195.8369111224914 130.4066072807941 146.483574226321
190.923405356614 4.864284628680892 5.107178217384361
42.96241147377528 183.2867179324722 14.19316491162668
3.94575175778593 94.658746239176 194.6577530397483
199.1257194355128 144.6619764155644 193.5635979166753
186.8074541064597 185.4059209203948 194.4101231879446
159.2851438074058 115.4748587368239 163.8388561581926
81.94419541210497 127.882774967017 85.69032922622662
116.2423811044571 96.16789227648599 15.19446654951173
135.2347589024457 123.6917025947988 33.34644231623771
69.24271816783271 170.640998346746 64.93349104650476
94.68527432530568 112.9782341179406 96.89129196588118
75.86288127863526 17.74535617033069 38.14697955936889
163.1384095766216 88.46829535042349 69.06417217983088
85.90680539909521 37.49089318513786 163.5095735055364
79.16650568917235 96.20305822559313 95.88417111735038
21.93112863947583 147.9233090845322 56.50214263510016
153.6142175439463 99.93255435055359 86.03249886134783
140.5763593772671 92.22265151568571 69.27993659654135
102.1986647649865 91.40014067408885 198.1636854332078
54.63135519283606 24.37815059303326 160.6723801999351
130.7084214740384 71.86286431475797 67.60134619523609
95.74348325866274 19.02591920035202 172.0136435716493
77.56457899133089 58.44631199152135 164.6477829213513
36.13176752390022 55.9491189602575 178.6018823103925
115.1362976415626 92.18334024892758 103.6985681839357
87.18108827359693 96.31088076221629 133.8530794266924
103.3568550064596 51.31407301896156 84.58019539344573
150.159200042979 162.7455793507808 194.5599119011704
66.52105605286434 85.86335530593274 132.2359878631658
144.4116827804252 130.6270422782379 5.879663183658349
18.37162017575293 194.4596299276189 87.92722573353522
97.75010754282872 46.15524444713252 180.9642999748085
132.0278571205133 47.21377372082916 129.6861024487644
140.5906070199293 30.3799649474952 92.8616007159858
44.55514635434112 8.863166788691654 139.3576989692273
43.93399405369347 3.70016971598169 61.9051965808309
85.58441389321806 157.1259172478557 109.2942228810282
29.33453471728736 185.0812478483998 189.3731752797971
128.9400546139777 27.8241757121481 169.0479680556989
43.47407875347685 44.0132879729097 160.8904766467431
162.4398229065518 1.141715472232243 176.0580727981963
133.2669477010201 174.3159900509625 78.39837059607277
23.75099652125883 48.5131495803636 78.61624432201876
121.9958438788979 174.155723304236 160.2137378572677
190.9975657547138 195.669375363149 36.94915036098432
167.363096256241 117.6106211548244 30.08720936656569
43.76103263516256 98.97505315817905 68.29107305751296
196.4755766102756 146.2383510475964 15.93408337438551
99.67520410359003 140.002787400679 169.2767384814017
40.58634879343672 8.721749103959487 40.14256661786789
40.45724728296125 125.3791393127351 6.262604752519209
85.0413502175976 119.9211553793642 26.7175041068977
149.037879256978 19.27774279730767 174.803575283022
168.0518245194675 73.55541448289691 25.7112397442154
68.09963390033943 107.6111195746912 138.1197638235699
35.7693559594492 67.70072363839208 198.3731041249999
182.9437604343896 129.549548787216 116.0677297606912
179.5925903973492 190.5977279969422 134.2991063896996
9.990555971587412 177.8081245309972 100.6713053929232
50.68434365934408 100.301256756246 120.4825812009
98.56424628930925 153.7777686642535 14.634638544529
89.85848859199508 68.75923222912702 180.5381237416632
60.15546025446811 35.35304927447629 92.06249035078618
157.6535244307111 82.41534221885291 7.726647730191066
6.473679296234299 195.8945009279724 20.50365529948393
178.9117553818805 175.7645807346315 79.57509510849889
61.48331509015176 1.827129201751798 45.21355243746759
90.47848657007341 8.275089142230385 23.06956745589551
185.2024784564315 52.51265457254268 165.2522207929987
187.3012794520165 165.5670950084198 133.2607956002563
67.45061167325687 4.375451579186901 187.4283920829546
138.4661819899787 22.45718314740663 38.41793321541291
160.0341428336104 141.9982325608711 190.9622460534569
191.0472235190448 179.3244192198301 115.7482145273584
27.48675572615199 193.4124052520085 50.34242145447439
154.3095044803586 148.8571797084811 143.4000529568018
36.91616111699048 160.2566282490364 69.48876062822137
116.2236215878239 172.8425771489416 39.55782157125516
101.7539513421549 0.386249599245963 158.8542270689846
111.708869996204 159.7620682676999 136.5926256346596
141.7740961721129 111.398835401922 194.3320222230385
186.2182132504568 5.642206541256811 183.03229274856
63.2363893713791 178.8530393518817 154.6927547385457
130.724698434935 32.91799386789737 147.117682394923
152.5984693873816 110.7845703992932 109.2320303512998
138.1731866756498 72.88249169343663 103.0533687758312
89.19414604732157 113.1802810160011 197.4757675953298
171.2314458557787 124.9205671118754 181.316444462003
127.0506021662123 57.19132816416693 84.3782096698672
70.58323616257057 169.5302809974467 192.3757982408915
84.00665695262414 187.5949955193641 153.2593409455696
199.7757120681078 143.7181462022821 59.80880041700763
106.8360509967716 53.23425912251034 17.93107874653636
4.075575997905233 47.95143306299613 21.2315491442977
43.24557417040163 76.9431368571431 63.3520621372685
167.8778097186719 117.1190233031964 82.68377204930709
2.241853053621822 4.257405723161629 54.55015590897821
189.9407551162503 19.51422269948266 147.9323290916072
118.4852872841326 30.38569697139297 31.49702104140476
166.3705910892016 129.7584406421308 11.07366872320972
160.6658282191828 89.37298798424354 104.7095768378346
11.84870668991016 19.52999868961625 187.8161442228397
20.80545842084315 181.929436701184 10.04473066338217
177.0995992661578 71.90800031151484 62.67140347153521
29.47106968248209 88.15145299782368 83.08514838678649
175.2919592060088 36.45603468096436 68.14557055578878
166.7327379003432 143.6919314901803 109.1940402968965
116.4134304672008 23.69672618219828 132.2782106892769
72.05461372061099 30.66832337459208 73.44837364343029
72.34834476262367 78.77875042305693 39.35844575186802
136.1626041001554 92.42977969926325 5.229562493038669
153.389760185414 181.3255501180724 90.27336579625509
183.0220088746835 31.79397397462451 90.50857482235057
23.57699794853594 171.8509162417625 134.3855713842051
39.24900080195551 92.22876896618416 47.21558037529863
153.8853731322913 34.73046370974951 75.13054637120852
60.18844796399586 9.325430306425609 83.05315521404933
99.00166661330864 192.3869497532112 113.3602563386934
159.8459849931695 0.3811012533357033 70.81534529729169
92.76281454264044 18.36394291576963 58.136589972007
70.60309705055589 33.30898577527071 147.4349220085285
135.9470417417533 108.9330662458893 53.99368346852616
145.7560816747913 55.500052416919 71.58350156975085
110.578628030354 137.0716297922498 135.8782797977287
150.3528779173908 42.3307257088404 10.77340839126912
112.2270827478402 113.3154557741653 111.11228464145
17.24946909305599 126.2035876147109 109.4060766428219
116.0667152608313 115.3196685844054 133.2779740295535
143.0942534880473 166.4917024256184 26.03939461451006
56.92366553697705 109.810555129968 198.006600771998
149.3261652947815 37.76455608333821 53.13075577384924
129.4309418950795 53.34785307802802 15.96128276457464
167.5883875707219 100.8441516365465 122.8909290746708
18.48403304813937 191.7951594463769 167.4796311026668
109.708966288075 112.788512111225 172.3593397581678
51.59035610688256 83.60869187531617 83.25175459907626
72.8750651310518 67.6148933145239 1.949268286406627
69.46820952075259 116.0980595816253 100.3669436149381
144.90528198604 162.691450302452 60.14036306856896
141.7818637204505 193.6623710979586 170.8327616971577
120.4303538627549 104.0325477921063 193.9179655062984
113.8229116917315 119.4993752512309 86.82775721230918
63.07554228864447 188.8990839590445 122.4286224246619
108.7805984488283 117.4140533584019 7.885078445035339
12.23717915802793 26.72308496224493 65.00895107449431
180.953475928191 37.06355553722136 112.3723028435369
176.8085604879328 61.97199040819146 183.9570226039287
22.17630877126944 39.43024003490667 185.1030493383328
14.81957736188688 185.4144571417612 67.54450138087088
1.02167480244379 2.785151226519999 158.2948687878231
136.754715723459 75.21538070820084 156.6028175997395
96.34194371620775 26.66016995829376 34.80295293347049
172.5977592127089 191.9363292758109 112.5031419249039
187.0206430792938 89.56100676340635 99.28535680906094
50.88712355320363 165.3730804442935 26.35938846599326
23.08834207373541 32.37920539555329 17.73840528641495
79.68023631965006 79.78283771587854 114.9180808833807
147.3116357151059 75.22660087830789 82.5371265436214
75.02519811739822 173.6176321928804 14.13824483667522
80.96070285000862 194.8134359004564 91.78819730453341
37.62244653054586 34.03899203975053 111.9794315679482
78.90615807303119 73.31601019268359 60.25890623923966
32.91283607563199 69.02619762396881 160.4732059076015
103.4348927869255 91.33821477677616 175.6169764386142
22.23278497482612 88.98903734296616 61.70822264946581
112.6409629131395 24.29543097025654 110.020186776102
70.27930385973703 149.357730556438 56.17443560347103
2.945553650443924 100.4546743420273 69.5653973834833
0.7966098829465831 25.83013877697068 103.1017792785435
8.463768516112085 165.1618109461912 18.79447662951928
186.115790532406 105.036167802521 29.52781161478362
92.07001418356019 169.5957438269936 199.8817378436675
128.5530561521926 100.6478222554063 121.4963871814438
159.5544809112424 173.2942025235668 110.4597231582488
9.271959420153658 119.9961098521004 164.388186202726
169.5580741753706 157.8393471021924 69.51598937757269
123.997214692086 8.174295872561489 28.58369318163621
108.881202770296 173.8647718488543 14.34365610072377
134.2110049844725 5.400262414408348 117.9494179165526
27.55876050998243 2.504310969772155 3.633035155896427
24.00835962790907 42.98790319405673 54.66938896161134
94.6871686143581 96.45190315551675 112.2814043759757
180.6997330576753 122.0580872301238 161.0127429261067
57.97376860845775 54.66894112527824 80.56605204423603
83.41326542737512 150.3114881061517 87.87270673940033
138.6734228101984 25.89256625892702 126.3273916561501
99.98792702123042 81.38343195060416 59.51416301202117
185.0579421517254 143.8081785064809 94.86003359205502
137.9270954844752 168.7211781975078 100.8598822358692
66.58901406954945 184.7963815474511 176.2191734596115
170.190933094139 54.05824726041062 128.44162638308
154.8830530456322 142.4339832082319 59.82413080809039
109.3188148937034 182.2325728339231 192.6110196488407
164.1666631011626 80.34821764296251 180.4274595328715
199.8788677665703 38.22090047429005 155.7575682220848
131.9075648843757 156.3143489464859 42.81006501474478
144.5987996375181 130.077897470667 135.4575554362873
119.1356301911164 37.42569160721683 92.83067536792994
21.83761693730585 90.27820471533151 121.754417727638
199.4157944090706 75.01720008095671 61.18776114281815
41.29301569854587 65.3132007693672 20.1401592177346
140.4972814057932 71.37517455599179 198.0422670418832
149.3605369782868 63.85019327625422 17.55698299168018
136.2010281704615 151.0022623378237 11.11914510208332
6.668926362376756 127.3093917517604 5.89558619729189
85.75017283993174 30.6113306876265 14.69643746051769
191.9398443684061 85.98067711653228 155.0792895226798
80.93282038752837 99.0244281220001 34.2322164888162
101.4162002963938 74.71184822267929 13.36160294810007
68.1356329955715 194.0825521719284 7.519160964890564
22.58109934635128 16.71134544080846 103.2209090482527
82.16175481148572 177.9062539405005 117.4439542750299
96.35019388866239 58.98684551105398 60.78888819478627
19.02222112437575 38.79889755202578 99.98640393113361
7.441332096910349 112.4638555011617 29.15853821095387
49.62379239714903 6.612614431654973 1.113383940746983
193.8546660727656 74.69660745858869 191.5444011718716
123.9941494315425 75.06802780550738 13.01137562485223
168.9319630889348 190.0049298513645 155.5397002185222
97.26143162825558 14.38037470034193 124.2163923237903
101.8047395822297 138.2334657556021 82.78165202161406
23.56741103881969 129.2275757159883 20.75172672118473
117.116463851828 70.48496232258003 49.62036668070499
92.97990877900467 113.5598177907723 48.51014462880873
23.44192889121707 6.234279738087112 146.9329714874067
126.1746300063607 85.13396580012174 85.2999907457768
86.43467266264577 62.40457446297158 102.1761169147763
3.05386312249298 150.6112896446322 139.4348605352206
34.18024450728979 132.7945532669857 122.907932624755
171.6868233280684 40.5638748564017 3.531817385111713
177.785026446125 161.2545236258511 41.38284220708665
151.7651155171154 63.89124361698907 118.6893173368825
115.948406361141 146.4305989826417 2.229426312367494
122.4166367861046 162.8971021228056 62.21579474277804
126.8253309957775 36.70445100664921 51.51056442852534
179.9201227327859 114.8317102226758 137.9642835884321
6.27659014446862 160.9753056559997 46.77352159182865
172.9536285117692 182.2770186936199 34.69845112874215
17.77751996704954 147.299717292384 8.506458791422165
77.06744582466661 56.83593474905231 41.85685456020282
166.7225501697118 17.98316669329728 83.18256718296597
182.0770366336446 194.5751358320345 57.66907962424202
16.49364771928598 162.1021168441881 153.4845207778266
63.14151951759356 125.3122380723296 24.83474739240799
143.6363637843157 88.97215101626492 184.1998138555145
35.2908054574963 120.1237767182514 58.67515809373158
112.4991650727037 27.55413016016369 184.5263031904998
15.21734097018455 59.70249907729409 170.9561921534135
123.8439021722914 178.7571591769209 138.0146833497129
45.0520447739846 180.0514568353749 102.634734461473
55.15267688857617 23.59069171105073 31.29240829058909
80.9385563878746 82.52288655417965 18.81213511157262
45.45490121113848 167.0550441739921 182.1304437382879
86.08096960741618 164.6101592690183 50.9137870958959
12.20082762365918 34.4540022958908 37.41271274959718
23.58874411734448 54.12832871944307 11.68889964468899
141.7632633714828 46.06430840933409 172.6285776876735
10.09861548737952 173.274314556648 188.5783582253636
135.8206869601346 191.2144399408491 100.4495153573752
97.26646230769242 133.8656990567885 39.60898992970281
170.2691519566584 32.55497385018339 46.47432894050959
38.41593152015827 146.2002454778182 19.52266898184699
85.59648714544539 60.56290381392003 21.27883711096508
78.96361313952843 123.1556082277808 63.81044530782108
97.03121075847547 18.26182489378759 80.31330599006216
156.2066436867937 183.8634033860256 189.3169641553069
89.90234773986694 161.5901778076859 131.0069351221352
197.5098823811121 107.2508075202027 149.9233274568614
6.946561060378811 53.99401169910652 64.55859999971663
157.4106543000897 64.83076543861411 143.630126888522
125.4673115751605 96.63023392867632 173.1846704287311
46.0533100025286 60.09049715203074 144.4324306646835
38.29090640983572 76.94712175827634 102.3389571791717
7.61126093054982 183.5099626051558 46.22791436891497
169.2390390242854 0.1886011668510862 21.45405503079918
77.13766925859315 20.49180304656402 92.95732529854311
28.91290979899329 6.202978198468898 181.3964198966636
85.11546535689413 50.43131748241059 144.929096257431
44.01657642902322 184.8270710916038 36.919639848181
113.10090323856 59.25130072245351 127.1066247522061
8.174324831554824 68.1617912269902 133.5499768852714
194.4947984589218 176.553869043744 63.24676328701563
151.806255363321 187.2615611001389 27.6992127997238
1.100399813309894 93.4084379939391 48.19137482985415
124.8664880732171 126.9097352761911 195.194434712272
51.93606472770255 141.5628135742515 135.2547179485872
177.8021915478732 142.9806251595836 54.64930031922877
96.23716118574667 81.44275625254187 95.00075318457064
0.9178435331831282 44.31113883831915 179.2457374948251
46.21299876914124 55.78087473507235 99.81299130420567
54.88091796698436 134.4310513611674 114.029320174896
63.38401019034175 42.21719093737572 171.3972984753255
132.345244884064 117.3050184595957 101.6590036231038
103.4869121479823 127.8654532679738 187.9809344627798
151.2469922307801 82.9578925444159 37.50168866358184
51.5837980776918 165.1909416516285 3.78736171638836
103.4917117487214 177.6064610358607 147.7341177729421
48.84681283986599 82.45546738320961 145.8756825106653
167.0023435912072 51.01893636769852 83.65028532543998
152.8657048399704 41.19374996775767 135.958704829908
119.8317321189143 52.39212296596426 36.38219653295068
190.5661951799082 187.709380983453 94.78774567749134
193.6894038672349 165.0111829245655 1.713637140803634
85.71431137851509 158.4767845307519 179.7697689705835
64.74722806760923 162.8678313774137 171.1605487205068
196.111310814812 118.6372887194285 58.04446145252881
79.85274633348047 45.82561644900915 88.30669370694199
109.7833871525513 196.1892898870013 135.0978124641655
80.29435415823058 12.49049099286396 153.4454668420432
21.37121322929243 39.67349587728491 162.5337355848711
106.1555017880562 98.4543842424366 83.94783896595206
186.3897316348756 186.1941778394253 16.97478860259286
172.7061574027367 167.7767365280804 193.8326966775976
155.2584059200856 37.19123852479783 188.4095191716366
72.40237929457909 88.30223983732043 75.84571411106305
126.06081289311 165.5711021722068 119.8156298117093
190.4299919755673 183.5213277319471 153.1176083282577
116.4835409481166 58.95931567700205 198.329527723616
45.20147728861574 19.11254817981608 96.82345034363327
74.00497143941743 170.2030143638755 92.95210270095588
36.8027920757668 66.56275958704536 82.34326401540217
101.4926917806126 162.0869657271625 164.0187520825335
39.60579605176081 45.30539336668819 198.2479250301767
78.7807566007001 151.7926043108782 3.92608208948521
62.39557093328067 148.8102551659134 188.6802190425732
129.7538217435764 133.9879396453393 80.02338941642982
25.1259521086463 173.1737938461332 84.56124649205977
155.0149767270212 18.37526522492911 139.9842340031873
194.2003395812611 161.6059581885658 157.0646941639361
40.56810311931949 198.1335808545806 89.86696700328139
69.66858073393968 172.7262526945321 37.09458792353382
87.61182093121064 66.86059809252544 80.06843339480012
65.51720398993025 21.12688069047787 112.3120251191345
60.44432879702005 127.3405004531988 150.5978659408543
43.82807160593743 181.1162240024212 61.67642934340223
99.7691881795038 56.52017107281566 161.0001312002901
2.346374840195337 138.0485482641672 81.517297132156
19.88847422727504 61.99875420927743 96.59531159544926
147.6535846236836 127.1640960786333 179.2673660565971
105.7684257134571 0.8297443727440531 63.9149160365949
158.5830604265486 182.7144049735767 136.8361199697074
159.2203941175792 177.9022606376623 68.72626115277633
72.06832264475925 145.7503813678388 144.595312685231
106.2737077489301 154.7419166041386 48.69132015978599
111.8908073360346 68.79441028907664 175.5757864935678
191.0003819460964 156.9300612323331 76.53984963490883
179.9982284754142 17.08989085917284 31.87420658355914
