3 1024 8.068089697133741 0.6498999999999998 1.4 1 3 200 200 200
168.1540206453167 124.3719624395758 92.38855797082836
170.2186257643789 128.6080362957328 107.8202278561513
190.9317394036601 184.8723301244141 178.1243825554988
63.05484888925744 157.0972455521436 128.1585607191024
84.55809944612898 26.13259519209711 109.3510433014334
76.27252805567473 64.89313531142659 2.228231763410518
98.24822863572609 98.16782660567807 55.24986204478026
199.2347048082392 37.90503605883298 127.067985829972
189.3401492429317 192.1496530586761 109.8345916363866
191.3656564781894 40.268241342176 187.6474814625501
23.01448945178815 74.06235453135632 108.5721725391628
90.04660673441319 35.64918965658203 145.8910441625167
175.0237718767547 198.6401972490207 106.1034316984895
193.2125329045926 177.2798385849555 155.5914563498959
126.0570466758555 22.40276931862811 60.81415584696309
186.1639926044771 77.43487976144242 103.3272919399601
132.9625633780859 17.2288938038679 0.7802288779578004
170.4349302219149 195.3782787130902 150.7914401057422
177.8433331686572 35.99013301191957 2.881537935643438
97.05934485855285 127.3487852518517 106.1978307511077
114.4106828745772 105.4609923641911 107.6825971416244
182.1905608331546 128.1329036280342 118.6276026692087
23.70850580604999 162.1439280973022 176.9094244878605
26.60996341494821 149.5030076153227 107.2315326330045
128.7132336224316 3.153736720731606 89.54597207264807
87.13572592039749 19.86996574411763 62.04707588616535
199.3532179210139 26.77012252789347 112.5783057794405
143.8939526762913 48.54466541540866 2.808556114252695
117.9297168762451 199.8431987014302 128.0930847080903
131.414632607052 42.85960409735221 65.86891865944615
134.7474633078841 120.6030507402897 60.18882311333789
2.83704098808695 178.0472211410972 142.6630200499675
118.5707075424497 17.83521030563164 125.923216836778
63.9141102429826 175.3131551625108 69.76543512065743
187.2434382918035 86.6484457636416 167.3720137348179
82.96768745835259 28.42348365011931 180.6974961757538
7.056321018357486 27.71416641535985 140.9389497975707
168.5047802650712 97.91104047709086 106.6840550230315
144.6342920490832 2.271950062651706 181.0646828589758
151.3182189442334 155.9052677453457 11.97038653844199
85.54194278218425 143.9396973674787 182.302562425475
119.2460483400608 141.7319881498483 175.4750804863965
153.2383863899393 158.6847484296248 164.4467151202535
19.62975137533735 134.5650976969821 72.00401801769549
187.3032812695135 71.53170566499838 126.4869697272067
198.0485977889994 146.4535132456968 99.07121983883933
176.5477608207386 192.8550025801975 11.31027356288357
43.53758035294083 17.70255698165304 82.56960982255643
38.76731893594019 4.516717559857433 22.30617419914691
39.97410714724897 187.6195851247149 129.568250866059
176.1110493941332 132.0872531001484 153.8437914987137
42.08349652678839 116.7970619942214 166.0429648047843
185.1648931549126 66.65823269684785 141.7620683749572
65.14140817355668 116.4084686110095 81.2082324646063
18.48056937140082 180.8313356135446 139.8560116814631
183.9815885599142 22.59003354172608 58.45817287365058
31.41257774496316 104.2055158564364 184.0965174952165
40.30916172053145 36.49294054861327 155.1170818147001
28.95074766605837 175.875199589114 128.6233628247259
181.4697745497542 145.6282445419029 80.11370632815159
42.45734097691371 181.9237180202471 191.3817575824173
107.465496886932 186.5260072804135 25.00437786492009
9.258590208425241 175.6353902427634 4.604683928582423
184.2543402473124 175.0845006869672 3.048270220382121
102.6942114886681 100.8363477032348 16.28968587145372
169.4773943913301 141.7655884425685 117.131359781974
140.3021108519749 77.66931606274227 76.89517016431255
104.0977902334345 56.85417882633283 31.66246815464844
87.76844898823356 98.61716453112349 123.8376890422035
6.825946708831825 50.79735838008652 192.816143180767
91.74396860817075 69.14096482892444 65.5919480459012
145.1776192116506 84.07800104551033 92.01624817440378
131.9308614332697 7.858221416768767 127.7851678743089
115.8565939129943 97.12333498029786 55.84475381049496
6.699337238683071 66.88747685427516 191.6045314588483
78.64069872281661 182.6426367039934 73.41625539544319
27.2837154944652 113.4553339977289 171.5359682650744
82.5095924577612 120.4343589289575 11.46228690430384
95.68340870781964 64.48915383944113 137.1819855997805
47.44272904886804 133.3048998250959 139.7154287939561
71.91569784284164 64.44538481525542 182.1433346424216
68.34973253740411 135.1886609257585 150.5181611219861
57.16132650601544 123.404782163557 154.814705936298
99.7357173771673 103.5890786630739 114.1254228954374
11.22638369890438 107.9163316765861 7.915945105275671
116.2366955362373 189.9511370839537 192.177772589462
150.0336485527126 54.51712796540046 189.1347135778372
120.6288509931332 36.94976178351331 55.36384193846589
26.43059730483772 44.72185209457318 154.930897235917
37.58540401087863 114.6352438446813 46.56275306985849
152.9343711889884 152.6666303489426 67.31876094781839
148.0371976025172 126.0611535413038 189.6384163693878
24.83403173674289 97.96326085299667 167.6146531120368
9.424385332098829 25.54516414665764 125.1256519250344
198.9936577457082 120.9191868306232 183.8384715869544
95.74100301451777 180.9105962368705 11.93627677236691
78.22563283876768 124.7084673184196 130.7657941619814
169.6674626829031 157.200160940116 169.717136864424
21.11895911822186 158.1532735975285 161.4906704143786
127.6396397025738 193.2436269269974 61.43799098544497
159.3710205130378 84.02271572891257 162.2708570261484
64.16740621065969 70.70784381211286 72.32539287233143
78.89755565072312 186.0423645308706 48.60195696288148
29.44744891146093 191.0649398830477 92.5963986518192
139.4521405012005 31.05655258849205 58.35632497853903
109.4180430235537 143.5666544180957 72.80941464119637
114.5671769327096 84.24752036601417 183.4601044141313
98.4069648821508 10.0802768982688 28.37239519317212
95.80933964196934 58.83669601241593 77.93683872978593
46.7853800435549 28.79371958670344 93.82987910215996
103.4520534830663 104.6714351763335 148.8234775684539
143.1229063307815 158.1717445962414 132.1822214069367
134.7134187487711 3.682262484504404 14.43448585461915
50.45766635247356 154.6303198508211 49.89539213253997
6.77892410113716 191.5033159672843 134.6527645213589
86.72996354782421 88.44487996968437 87.45731399473989
157.6528681311895 150.5726154309608 123.6877755367084
32.0566978997166 156.3683235793893 51.28529110184208
186.6098503673539 181.9842617071298 126.8556391828427
140.7949536793899 89.16498272904752 120.9272039147756
47.54799691752697 173.5710097637609 4.881740045951322
192.0778536763101 56.42933972410702 159.8760565427143
59.61255985863038 107.2236722751796 184.0711042711015
132.7150121968557 39.18964893020549 101.5052439022888
97.94737600148427 7.977276584084393 63.47485312093679
150.2243942314987 178.7786953685706 105.0320241691202
196.7883010345747 112.2747063487699 90.0831561580418
87.53982788562129 155.3268417301288 78.47458619910037
47.8380345425097 129.4978766500694 47.32319605355381
9.96106772847558 91.93194077463994 9.724730138363919
7.976115557152329 188.4128648382251 80.24516659961182
167.0000697119196 185.2779609410048 0.7377441716933989
170.1956103254867 136.015784122537 184.4316078104259
196.7453667607644 166.8602473716097 9.781914199236068
189.59409602037 63.29944974391024 110.3124498738219
172.5181426644234 74.43975571812237 71.7496605936539
133.8580112422496 10.41205582909735 29.97137643121267
118.7437010688383 53.08872025566151 148.5501829830237
78.23881563870472 167.43897459224 83.70680259070257
26.77872223684848 127.7512167835069 159.9518838544177
49.7765707995023 76.61147109355836 175.4375454111797
40.22098031751969 20.89560814160966 23.33716003684737
33.37586071355834 79.16617343051661 38.95293502297662
152.3298957658656 122.7377595077237 85.77224974364081
26.55838925578919 115.4053984510861 194.6489947952932
154.5838521265829 1.50445667855119 49.36516890436541
5.785176990582222 36.19291500074906 157.6530847232854
103.6848298788741 196.3178706696007 121.3824992429895
109.8052825808721 173.7891272919157 15.37840257145398
25.72100672775171 126.944263009141 31.17421465176727
121.4707731344016 138.9824227717068 82.50827698822923
8.550913385504339 68.59087695768163 139.8845524443195
15.45637551690474 34.19587030129892 1.589343443311535
145.5659876326558 91.06957240127313 195.7994853920199
55.11935180618785 56.07713594183344 108.7596471195796
62.57466797316359 128.3544356099038 137.0900190247891
95.67358480340275 195.5594314331479 18.7020936543112
175.0628308655174 32.38993083575198 111.0971754028647
19.47317442343022 118.7540748427941 60.91575850875963
157.0163174968357 145.2437837428399 107.4882581806428
81.07776221681917 10.1607307652928 9.793243952086018
146.9000255050799 11.16781323687876 194.6619464554799
178.0015024301086 111.8157307113215 188.4812111523282
176.4397231841409 72.81287777530657 9.888292906294305
128.0937007237822 25.2354700557579 113.6038213757914
121.9990648751555 5.898765857341134 53.16722319892204
128.2121247838394 132.9470007010453 110.9591972745332
190.3921365452157 148.0463507069473 139.1263126055884
90.71286942326833 150.5379325327733 48.41371630678353
26.38472833046688 135.2949952449761 195.3790807574839
124.110132023001 156.5047966442097 123.1151468639058
180.7446644937608 119.9559565326313 140.5106857814345
158.1135015655408 42.53707995350768 7.507635353500416
157.8899509274083 160.9635705364047 138.0570781241948
106.3581143153132 7.832466595366899 49.70490994440885
88.81126623646475 104.70565229248 77.52362615660283
114.5794141232191 90.19163570131654 112.8972954707344
121.9623474185328 69.59449885587706 76.66209814688578
120.118978292919 35.03145961350364 27.73864277304357
149.4703415250079 130.2098018005892 10.08229818422044
79.28179115026656 196.193157009732 1.918145553019604
164.9917145308473 53.03140420810879 28.19974916874931
42.6652954053636 147.3212086073407 106.6076382919406
198.0512209029988 111.6690516816562 139.5187864537772
169.9407841074564 152.802686893184 190.1482157007343
73.92200243977602 116.0132987651316 198.5364640695076
101.9073206671406 81.23917074784853 173.8636048382682
86.34394018361272 97.10156043934703 107.8366891695549
111.3724697616779 96.21933951519205 2.253914924491211
92.76121235912657 80.35812332299741 137.2535939314384
100.3432579689452 83.90710745406319 28.22892757895334
32.43333887750843 198.9466822889142 107.499840228055
9.461919113294552 196.4152980331236 172.8713555152822
6.465348880032202 26.56654643023096 13.50605469590572
36.5678941794769 177.9398394713847 142.6973175100447
60.17959081734018 13.06055698597099 147.9925010226741
151.4007277188827 93.63613946681129 105.202517133379
189.2827334939383 40.35151209981186 162.4007517310911
32.29087517850815 112.2109306276135 31.51505166243751
21.28313664608287 130.1859855298519 105.5027842493897
51.09232812874836 28.72627060718903 121.4185045332873
96.78147074531765 26.33847738210719 98.62235018688945
16.27749004252614 78.58775552878065 155.9483901933942
177.2023828513498 1.469378940514421 69.15824362013279
144.9876478155051 162.4163587851675 147.6379213060911
163.3894564693591 83.09437692500578 102.8554320534055
131.432239813468 87.34281376657169 133.9421064841311
108.5475258071001 28.29039015030575 140.2090532073117
138.2107690640786 60.7373942337025 118.9857057494856
28.60438203720735 110.875019650444 116.4160056778993
152.7140651972798 198.654546740779 149.9211628974707
116.9006950031 46.83774415735292 71.68915805406408
116.3302264050398 155.6598764230766 167.8668609979792
84.18791035624136 68.41928051240475 117.935075900367
188.5019535006272 185.4527965593918 142.5004361853104
139.3665877976174 154.5013047867583 35.33539273773463
9.767250962594682 138.8634446019791 12.54020742916446
80.27730515384043 43.707641876622 8.977135725698469
117.6598745848229 60.13212302738214 0.2615346198814241
93.8406379132586 173.9881109822442 142.7111420334788
87.43234774407767 51.61540859402568 147.1639785958047
15.68300513236825 163.7976168097572 191.0320805773227
142.2190683076782 67.65663736846898 27.89120557067854
162.4173779764282 51.28109179272112 140.2930095644578
27.17265859736648 87.66603008887444 148.2506698193254
80.71694364348987 120.3691844213319 82.64624986649387
3.664997444951904 4.538053651387535 199.4517751864785
172.475321257079 140.3259866178045 167.2333288076244
134.0655205498919 24.02353085783857 128.5450195115787
108.4452581544132 64.36961151707494 69.56575764702775
169.7713258665893 37.45092952787391 125.4750941072717
71.71531988149154 141.4253588064303 134.6467551850713
69.96733161623725 199.0320858542183 98.80072984880898
107.5492250766193 177.480127356589 94.93124387713314
186.710673849379 190.388017972626 192.6891766220334
198.8183604021384 136.1240775073032 171.3914801716898
95.01716155216006 175.5733950553345 27.14671956533843
69.64684213983612 143.5813636474336 179.5511794514977
159.6179088873253 167.8827177044451 152.5316760095409
138.928598335844 3.580602476678934 66.54139972665313
98.12229725585689 154.8929359844643 121.2432166385677
127.0888210217709 73.13423245832028 26.69492267518009
10.00232394631616 26.56880683755966 79.63725316011522
41.33809521455434 125.6017943703076 152.5412432053791
146.5592423369362 91.47136600298278 71.07921696098617
155.9005226944437 81.04758492747843 79.67077726533637
125.5648372709144 38.18581467264995 176.0956552917698
39.42387818991867 11.84075219458848 36.66939448920265
20.81447800639113 149.2709499269885 186.1982132216726
158.8393693826589 92.55171348147422 90.59771889058872
73.85878741933959 133.4910656958717 15.69233963031163
119.1276541225338 190.1943776170237 88.8104242429726
11.30889490246278 34.34764974193543 184.2357894156061
36.99926370984778 125.7325465082871 66.24409997595114
124.1131696420573 71.1868610901452 183.1476068469916
37.39261035949029 82.16078523616113 137.0436600039629
177.2255859396995 83.70825943258833 151.0635128388805
121.9608179707589 15.80378861425733 146.4566150553586
99.32137389660346 46.31835787153555 63.5896617118673
41.5822306166998 13.00871693768231 153.3845580463531
147.832458895559 107.1835758467753 121.7557419584312
155.9132578698136 183.2554842429217 87.07324271837558
37.63912459926733 10.62073502192931 129.6801726411308
66.59490404210315 41.79494937542589 29.47875699699176
69.795123027537 183.4347248492554 164.5710809542992
96.87033223327155 82.87907767239496 115.7000142182133
173.486065421733 57.9894190577402 154.6948534869143
75.52591310807783 52.40600438008905 162.4127245403433
51.844917262758 28.23368477153427 191.5445182604026
27.29515568736559 61.9102076055461 69.28353660545339
132.1432371454796 92.12949747000059 103.8601869117064
35.71021479986723 58.54145023994199 164.8213364214472
2.754967883434192 28.19994348816977 37.6606694748719
192.6062461412041 130.3391436122925 39.40076611302503
57.77896960006168 26.15006993989685 162.0575288861969
100.9426793091221 152.1590031766956 32.05377765042084
71.76796392213464 31.58265594888263 122.8282265804271
6.620106401041763 175.5446915439832 23.99518095445033
172.2339631003781 1.848571145557691 186.8567437113483
170.7570427360696 77.03009288707597 49.29061357974332
100.0949620471523 84.05935529799723 154.786858733399
131.0591157985669 105.9075933740666 163.11891139865
191.666745800113 41.16359638986847 74.12283980554858
123.1814457637833 54.9625873793342 107.4421339061483
112.3609300655963 142.8962203293933 115.9267524732009
155.9238036212919 35.13547690043437 112.1408804371558
176.3479929346353 55.89087804202149 43.6225936890664
3.988932841599452 62.28587745542463 13.47784679360677
142.7447397089422 20.75323540703666 74.63063196842253
15.69948982109969 163.3295678384188 122.1520891429346
44.11269272797774 87.82831648706872 192.1630886255213
195.3589498327709 86.48878642529272 135.7765073005318
66.60453476039849 39.09176499772445 178.3317746936334
57.6700405792255 136.614004558451 100.6784664715947
147.0205150720126 74.99660830131621 109.2901363795361
23.78039860205225 20.05808308778003 67.69103088584767
49.97967663200906 71.30692931079844 149.3183293974532
123.9136371446738 6.637398923661594 110.2026706303415
78.81935265649216 170.8192541968225 36.63572806948893
47.95872571284823 88.51525001972118 95.77218274278709
133.9742906953468 188.5592263287021 101.1326260051623
47.65778657822666 2.271937751213798 71.62350313817545
138.3545655507548 154.205729413452 54.66993742950952
55.57043570846513 47.02980411612344 125.8726176959456
50.31850302759502 51.16400091510521 42.03293199138091
136.3375008281414 124.3013605083981 149.5959864177493
92.63853690692498 138.1866021198857 15.22824208900671
159.8739108084738 121.5267838779522 25.52258033998574
42.08138365236458 192.6697092618103 37.25752139804949
76.69524129484654 104.1812710337517 92.61581358736602
87.06417401013216 190.3862332384336 113.2625662559404
159.4592606883216 55.88801441282962 172.2779829880818
65.82032706241137 72.58678444966974 165.373219749552
154.9390269196092 62.82507052973376 41.66484493003433
30.643121745536 93.45800992879306 81.84566164812544
21.80833282140399 31.43116866657797 168.2303697677517
105.9125271193122 41.00485020927464 42.63470990811547
10.76529202568138 14.6457224377358 157.9102231673379
47.61378419053533 107.5977331121832 118.0982570965273
82.84369332122492 86.96588898428665 169.0776799067945
174.1096020172 113.1561603483431 157.3822344199388
150.6318980099731 118.836309643456 45.95964202938609
98.84218602038077 159.1641008736011 175.4049274243524
170.8871558480148 128.8204481716186 45.41683562519926
92.87257134883568 189.3599691389722 61.87913248612698
97.70742758316811 192.9724419871509 196.9171452929647
166.8622375001333 164.9503839920437 79.48382978806971
25.78100969100932 180.814580062942 181.6037981652138
102.4427298379705 1.873306974200861 176.7040850737772
136.7028308428801 28.12121844459657 158.3423217590411
88.33009065574846 108.0412282612214 163.0812738146146
13.05384122845257 99.92987382713423 60.43392102703811
125.9103475898568 37.1505821309084 140.2114828567661
167.6857167549938 107.6697944621328 82.34070952780338
170.2805042276794 181.5363616345344 137.2521023756435
30.38614462075608 1.062543772168121 190.4944516350323
127.3809948388301 181.1830276475146 160.7625103455573
172.5112687704479 112.3299114428735 60.76962409173134
38.5306077922844 46.10174729304931 109.2066078035744
63.27062207817692 39.98019677880615 56.77664738925744
39.259966411437 146.3917186421795 36.33540302012732
60.91217510347499 161.5043432457769 168.1796671708189
64.37031011194971 192.2778938198017 60.17380132728454
29.17522426181096 97.38424050201527 43.99148394000207
93.74791944774849 191.8208156650668 37.6028754746303
5.950604276302484 59.94471697002125 35.86072785722308
198.8851453655587 171.2113396030124 47.51198356788674
19.63688714421804 79.7024495937341 128.5470740767346
187.6544287069817 24.59499852859476 19.74234671377509
166.6475143552066 69.83498245549762 136.7156045209895
194.9470946856894 71.67208589834367 176.978069663916
111.5206513036326 75.61338608584299 136.5732659104166
23.58404685965293 73.31396306848325 89.23172295398146
172.0520131468504 8.039399205298386 22.45240731637248
54.63049357616385 175.7040002373097 125.310180925746
9.531588067983854 146.9311409741671 136.4129823720869
58.07015712853196 144.6603539195385 14.7394093009038
12.51205881127735 140.3537996099166 35.70839076044231
138.6064359370555 147.3735992084291 79.21785674894754
59.32977548403716 71.41947406219376 195.2491488143841
135.3505528429015 19.26076121162016 181.3944486026498
182.6006389624534 90.14343087783112 117.4952465657458
172.079263659955 70.36785063774171 114.5795321474653
153.1719949201784 33.16060721384574 134.4716463132746
43.73142443090101 73.96225123824676 79.02162071332006
75.75295276389474 57.10520778292473 64.60367371370033
156.9956294070222 55.35565191299393 122.1567340299951
122.7177429628055 147.1577494200257 28.71550242916758
153.3839811400891 104.0919999510761 160.1890887535949
79.98562016274326 30.27518954144269 161.6552049741277
74.43359493675398 55.03411954796165 107.9042342544028
36.10582360962222 35.22574146095464 79.01553730237308
45.75492002450919 93.47450276162222 150.3476966676187
19.75735918781141 153.0809044596751 80.84425221795094
12.27146489729045 99.17436277640486 143.7338387260131
176.649578319006 52.66602196659927 12.72582606483123
89.42911753778807 133.8722075942061 38.6390352711819
72.27678806296363 50.41335297975412 85.8978586903965
56.64357139299778 140.0146911375232 60.99024502758803
102.1816307294533 26.81652247211991 182.4798823239076
133.3069618565345 193.0504637067947 42.92486012213586
181.0681784653733 53.91853168646494 178.5608364838286
125.8142093880934 102.3044759298108 123.0093744527613
90.28502406190314 179.8537367830496 178.4086526832718
158.0459004632453 147.3964889462017 45.94648494665199
39.69247456602827 127.472161951066 110.8510053198804
94.9080121352997 137.0988844738364 83.87966281557632
152.8278515005803 128.5355175605063 116.3325598389425
166.7086656639809 66.01262704608088 191.1249600195838
14.46000351985824 157.9157687993337 12.24595541803741
6.699992858303665 176.9600863834823 170.1436268497187
103.108696211987 123.0474243298907 154.9169837807929
7.151956496126473 18.38930670505832 96.96191997737613
78.82947811361224 79.29091673953123 102.5809018610959
113.94421508585 36.37796054104422 120.714300083709
177.1195595934873 167.2814676198748 42.91869665904014
190.4591148410463 45.05133408636566 28.90111973926649
184.1925819493556 15.5727846832768 108.1403463192187
147.7333718857897 134.8888415653144 61.67858413015954
163.5646390478967 60.06630622660451 62.35975714748947
149.8115141631316 199.3573699340586 28.8494603175398
77.10056573453822 148.8439241527093 2.406964280220356
7.552610337224719 7.521836664336861 77.16149737626868
160.3746519870052 161.9669674352933 28.71993713652085
156.3001008614203 111.9727668359363 101.3695699484835
198.0878008366378 97.90887040992143 103.0005549733127
80.66824931159339 5.136952545055303 51.27497681605998
193.9111197822486 4.845590098140208 181.2558079245724
15.18423310338713 115.0461146451461 42.40125239678168
133.3352138201028 185.7309532699568 21.55752358227844
69.44066949781214 192.6552928283924 127.2086138288527
74.67679271742168 174.8479474213492 140.0816482335379
194.1052425295713 44.46572987126354 51.64257665187932
134.7243938064916 163.3835782726429 18.57513243015132
76.36426471041375 83.38291232094026 127.4120802091847
110.0491866006075 159.0322041994633 136.1844286448718
118.1209274059975 111.3546630636156 21.41504884432216
50.3609468055696 144.2997547852683 181.1104829855609
37.38373021820995 47.73721578042824 139.2522142855798
89.9917438346544 65.94850030566965 173.2568388358991
173.0121623680645 162.1289310678895 126.0198674312138
57.43015824886388 28.80968992626434 13.4255849895009
133.4941231662517 69.01874718425361 45.12256832352535
29.37045835550314 28.1475754736049 189.26041062958
93.60288999996584 62.64967294828942 98.69845541813038
190.7087058647014 160.8395060612482 87.7798030399147
130.8699391033098 51.75943081016641 188.8452943564548
80.64266705694109 126.4295949673805 173.7126368862438
96.29670200975265 173.2007020345878 79.76537843970216
162.7067302072562 185.1750463392883 42.86338161737214
102.8644731165085 61.42684344348982 119.4622540422876
68.83221192793293 135.3455033084652 79.58000434986495
134.6179167883613 196.3151218707119 196.5284070611918
9.189080905116001 192.4707865098784 153.9101397068832
86.43919865689148 102.616430865558 4.98095001960708
162.6924517672228 182.8369905118282 20.39580127634536
180.4682711309685 111.8206121449735 100.4962522992894
132.4204386951512 60.53134113037278 12.7872290826011
25.03577903988497 193.9563621526222 72.63417066582154
35.73793151681148 107.5872734137267 98.71819721285823
187.2035753321134 165.5585059960912 169.7832507029787
99.07129383588439 20.17610820736073 155.0174456018662
171.6607597593047 181.5477141953266 114.5569913764056
26.2912833453021 170.4514675724452 63.25851184726419
118.0723303328929 157.1769128533984 187.0918827396185
22.23040962625183 52.5144670884069 4.421944072864942
93.68105483288873 29.39742704948601 127.8534992120176
10.17513380847182 111.1668572630272 162.7613771344834
166.3937880747409 161.9048239636278 104.4218887862678
33.22606078528663 4.441247272599109 54.38045782036622
175.4311233603989 176.2129732014855 185.8495556570043
143.0779874953053 173.351586235984 37.74907122033732
35.34884759753425 145.0216751124758 66.62539821733897
86.43855274929241 9.942000428980741 98.89892592016206
11.02033770922913 160.7852404550052 100.1984590107294
173.2690463011097 35.79155645103331 144.4464461098215
154.4066094540007 41.94314054065404 155.2449244042159
62.60708588905359 12.94590226784937 84.77293272872355
115.251600722901 182.3261333649674 71.54807781637865
136.2275400808116 61.61017954258409 66.28535921470458
139.1731672327933 190.5423418248653 123.0261848464427
115.7870864964378 2.456466244907844 32.20814618163426
28.32832953127116 172.9251970542091 2.617462408596441
50.56828669768062 103.7979986737245 79.34380911875617
57.36624765818771 114.1048479827331 98.79074184000631
103.2053099755768 15.18631413081812 113.1007004050249
13.41208334390415 121.9113549535322 121.1380510576236
90.72447445454655 120.2002372559732 66.07137973042629
193.908946316883 4.036921525169113 141.9502346857212
106.0631307649583 195.397405480658 102.121000780109
137.5717102506196 29.27527126564931 33.83360223407482
111.7410829774418 45.27649235658942 12.25497979684137
53.99526936184203 117.5955462841461 61.78900765190613
119.8279159976176 92.99233736983008 148.3750880628301
194.3711931045738 109.097551676887 198.4600352545736
166.9894701448912 18.49539530396829 122.6715447868464
185.9691806888971 61.05671620134851 65.06216734702762
51.80734155027699 112.4826841414783 139.7511291785926
35.37115320412957 68.17883477433116 185.2482677413677
165.4901570301868 75.36254664451941 25.65252324355047
11.92442287907472 43.00359516660223 22.16431792064203
15.68042350841637 79.7303250229691 48.05857581603244
159.3181331179198 113.0266168754987 140.307939530654
188.3650033376014 22.04783441751407 129.3751251004131
6.326477707635766 89.69081211617646 168.6174723150194
134.771297561406 134.6798337351458 43.18032708297171
189.2957866434197 187.586921523951 75.21695452381775
199.691298755163 145.6855087315396 73.5665591674135
160.2515643953751 97.15427517838201 22.82173292411013
180.5155205627647 164.6517817046474 148.226076283522
99.65769152508346 171.3009413384211 45.45331938040265
53.22558151154507 83.83698866153067 13.1060615445811
102.3094450324979 94.59944251281502 97.17010899224815
51.53822522462189 142.3222089588445 123.0764168318593
187.8948936506017 166.7038973140423 109.417104678583
192.678132303282 1.182927937946672 92.93662604054872
127.1793871066489 151.3112250777731 98.30285032918673
146.8673468732967 179.1820581757039 4.69805857022744
2.925980745153551 26.16895791878731 61.52481756880358
21.00328540821413 161.2036087228178 33.88169428318917
140.3250778061099 85.68183347261828 159.2002189254923
46.13214836999747 179.2770767991593 102.8793893306437
59.35236213176628 168.8480168608009 87.72714591991911
185.6115366855591 131.6306039037763 62.86388103256616
193.1259481826438 74.6888747253689 47.18821250663469
33.30069445995394 83.83089374404163 61.58481755138203
54.10477596972872 57.90223357225548 177.9195200949958
32.23664604509089 142.0535494718541 147.9115662731174
157.8678818146224 19.19924466531958 36.03844762857593
72.72699925596766 144.501160171754 115.5564196432997
1.947679631357195 78.86597186020688 114.5218803441984
31.63820835124456 99.98544071786544 132.1364015133263
185.8194499224391 127.4188638527496 85.05675643192416
1.433526006320899 88.02962311398061 191.1426880385609
3.795886284285634 182.0604273654621 117.9359836180032
77.79469477102253 166.1776171195759 119.4559845704229
171.515445119739 35.96567879594684 168.7282249919683
147.821002750059 84.24157393321801 36.56883825650355
156.6506527648041 0.2524031011614041 7.33816980049391
194.9056723194393 164.9443918742323 130.8192075111555
181.4980734952479 33.70986403966497 92.88373855112663
105.5445737812116 96.74514924024525 131.2815818206912
196.0675880161512 113.5163811972638 54.33601225865589
98.56256921821225 94.20998992223348 187.8736284499
52.13892057851469 56.19897365255894 67.88237859413142
13.44532709178136 197.1973932485164 101.6109344890671
89.3746274236556 83.36823482893074 44.26139959852905
158.1071212939913 199.6250050300806 131.3495809048097
68.6126745488864 180.612177319062 104.6441363048037
193.4715372896402 5.748567432771721 59.57188790759388
155.9693258760725 196.8314370423907 109.0354481501733
118.3121644895025 122.5097399772584 171.6126071489058
177.4022298074863 97.7611418745916 8.139483290182165
186.5161396180335 67.20515373022442 26.92405525499434
149.4392512446262 110.9088501971669 8.531157617151294
42.21405174161878 39.05512263633859 174.2141730999011
125.4216907799736 137.9187606909781 63.48818469366675
112.4303913681672 56.82494317296845 87.66253541709295
91.52756007200382 161.8439874048879 13.9466228261169
86.56087515939329 87.94090367760009 68.10139631869207
196.5569051266494 167.3175189485929 190.2712114363654
161.1636814468351 199.3081041921264 167.3304384126087
180.6438898615192 167.7741726825503 20.61078130149889
73.56905803720026 29.55722224874476 197.5886463718568
106.0693312924743 80.76750230615592 59.25602496442184
160.7003700272157 82.90941329619427 4.862521506027062
85.09913055626984 167.8342838343064 158.8560295581629
54.90666281422502 8.684582479459452 47.8613771962818
21.07546485360273 22.64766023030474 25.64095355593992
146.7095122093378 163.6439356730637 93.47716282128864
45.46909762269002 23.29825974330095 62.27178626478356
112.1098305348919 72.89681314488594 38.96285324972246
23.92464032146315 58.97014423757008 120.6687412800243
150.336608014303 142.0050494567332 25.41391547558358
116.9676098831387 17.0780363034019 168.4501615596463
144.8588430981636 15.62572752755389 114.8366861537985
50.65729666914856 148.5783952674943 82.84918544364456
188.1622455975402 194.9101872512087 161.7994587894067
158.9435602903939 167.4350577120086 56.33220989533709
188.5855140851874 104.2999232194631 74.46100386376872
142.4738266605155 52.47995748916903 139.2200462669309
74.55510950429712 195.3552691225486 183.1599061820533
58.61007726983085 160.7919177480037 108.8150588824119
140.3265147941938 67.8699902284885 173.0947658899883
188.1281603269661 19.04351650540485 77.03577774296974
1.779759906180727 78.56487059334007 91.93413532182981
109.3585433672877 115.2965030273019 54.28237070692275
25.64757457923659 27.38563175543473 146.3420415679167
136.2675882572335 157.7002450736472 173.7167616160945
90.40509276823919 191.6530521673698 135.5643451735272
112.4440537426571 74.83737410203636 101.2943414006109
64.63961342480948 191.600011755696 36.74032493465695
121.7003131853019 159.4270607268258 70.31670233540295
10.714778650706 56.02075206178809 154.4524938755031
37.69950431069998 163.0582828853143 117.0434189350175
171.2944114567444 70.32742244350203 90.63157091214561
93.58008270169933 57.63755774958192 6.99471947065138
98.12389659575673 83.63663717697686 8.662375199025506
193.9173345015462 124.5117232919835 154.5253570815942
80.34984383597316 3.571247730818857 74.187629432139
113.2070557771806 132.3444112831665 191.2970231044347
73.40524607920032 151.921366713503 94.23035039252555
37.3232290802567 125.902958466313 182.4539896256289
21.43657915383914 175.2593151835875 84.78981064669057
146.9375598145658 18.58417104289348 16.27779212260341
118.259272310603 22.0941557406338 43.09379727644705
86.8851656723877 97.77625311025083 27.04180153219295
176.6731770715959 146.9049791841343 33.1774705243838
45.06248951611815 110.0247494463437 196.5364640704486
63.43541095041795 123.7209552207256 118.309001369173
179.9475567448987 53.69979523632411 128.1725590736722
100.3641736463084 11.75380328234713 9.181068738582356
87.38284932073942 129.4877311221949 195.0553506131786
3.371466441393604 8.304116618699092 19.18163577960576
26.91160038308264 119.0142718969636 81.34422802371763
67.36708729681595 61.87185073919446 19.15343381332725
0.2077698229869769 23.17527699881368 195.496887889264
58.65243260465103 34.1646019770147 78.1104459471497
100.7532174889051 136.6720233220484 172.7810677453516
49.31769142773992 71.81978505058413 51.12264203240168
45.85759851815065 184.0961879442604 169.1385012175332
60.43491374827735 73.75003208725903 114.6187874729919
133.706432399074 115.0586173338884 105.9839165313308
164.4994020692086 149.1551926784243 151.9061537513977
1.112581299136844 4.461319250617993 119.0881938297605
148.0983721401423 4.390337429389758 89.25693998126984
160.4374165856909 88.43924753975971 121.5201365505174
169.2161760510959 138.9209602369798 13.40414895728894
64.43315892226693 99.32926995221047 1.082020180506232
159.6199115592184 40.74692639790436 42.58900615527553
13.93057707946752 122.7068597791356 143.7083992235003
32.37979577959006 42.11724234328385 31.70925916321288
126.510565045858 90.14831021164079 41.25889324566668
191.2709237606637 138.3117432197493 18.23409889076542
7.536031103580583 61.34564056987726 58.35009064172684
177.6125129956151 179.6516578921636 92.84800660304801
157.3600041578026 128.3000171676696 156.8343699073581
155.3013158119943 82.77281744011087 181.1597993822993
118.6083447189922 172.6228366556212 32.58548724733389
55.62939064487404 113.5282812943559 39.62945685710881
196.7940596773577 126.4176985411184 106.0289178598861
83.45775479322327 8.462631108260965 166.3898834560242
64.15715257577043 49.92161536783099 0.2348006290842091
116.7896339209169 156.568980509642 48.3739723990853
0.01129039932046561 180.004250154581 95.76020415179386
63.87327154841159 88.54869123000147 181.2395570055596
122.3765758994269 56.95208571513216 129.9286344762763
142.4970240726988 168.3498594293442 71.79041837384307
104.4275270391089 137.324356574057 55.1728626458146
2.217524618114904 96.40845209676685 40.92746203134221
159.2315173241903 145.5834297935935 88.25561801534357
95.38214104705916 116.6313194331414 134.6830531150364
78.06301073772245 150.0677828596494 27.74086776011139
74.70191019433783 119.6047324135754 29.16114970779646
26.33748151633316 178.7211086228321 159.1184482184332
88.9907686237874 112.2050738192299 45.01518385380881
29.46036436507044 25.25440635746515 46.45395114855314
15.33631697789878 44.39708348781324 135.6417117723271
152.9627989737996 172.0888940333855 122.9948243079278
60.14748054786167 37.86911990870877 104.5054672704143
149.1439969018275 177.5732131761948 165.6210112372291
71.64752052991119 23.56828779638671 41.82987812396759
105.4586525674206 114.6422139518611 2.997989142816256
5.99137123899636 187.840396672331 189.9283851995714
106.7193141053503 100.3740250156065 37.53103565153159
118.2272207100295 114.1677504414636 140.6725931627997
73.41161946226356 198.934615363974 148.5420122062517
195.7821788106215 42.47525022239881 6.37041866027634
34.00919996037793 81.06479403057065 165.1202121806715
191.3061647677698 24.26621996923735 151.6616597207409
80.26280889444683 27.15789897418042 19.02925550415588
52.26635071235307 197.7204096731732 185.9798169086581
47.68855989695528 164.0596705072279 66.66790382987415
123.1808211672028 53.62028842726395 32.20816221739853
64.64298525807001 100.0807420046689 23.87619968426118
99.06305849100626 115.8347810432473 181.3658104461782
14.70802058552129 13.59014719695365 180.1283731336736
28.07212678161637 67.35520252636476 145.4766211829901
40.16276522429805 160.8593659805157 159.2705641293906
50.24350204105527 197.0838838554181 116.1565840110433
36.29347894703695 43.49243923953262 57.99380533036369
42.27413591414854 48.42680081979081 194.8378931232762
168.0978671172888 184.4139939284113 68.08638953508765
28.42535421059186 140.8924093291549 17.29284673067339
106.646564224276 98.84631586669289 72.78926059184599
40.32839779825485 191.2229724331769 8.231653202892804
17.88662925598318 101.155238739226 24.79280422327405
124.5637564723608 197.313423897078 176.323698746695
134.6917580055148 178.2460493739795 182.9707687707033
130.2377946425108 99.51242235695291 5.111103747204993
30.49455592143901 143.7260852194369 170.3720316352259
7.213617035091854 133.0511001988635 56.41846002997715
64.54327620194721 95.36464165471078 109.4944637726095
186.6521662211507 130.3108455460372 197.6194953621001
190.3817753276496 81.84935471986859 72.70991448369783
167.4819500538802 34.41562050414688 22.37999183912872
139.9867835798241 147.2959305518665 116.4717002223899
102.6130606504874 61.6127223491055 155.0322410694766
116.3193569104427 57.08677001756369 172.4069736994889
29.48919540682184 61.89631748521931 46.80013899975111
5.460658796770259 119.3152662555608 74.26683306065303
48.34483044608061 126.127028105279 81.92859892341414
166.032128347582 23.30856227625079 78.96341379533489
128.3587170562899 82.56360262030672 62.45640145714496
112.2699066780902 189.4039516973733 50.30451762350864
109.3802014464058 100.7581774190785 166.8360867381626
63.61583776672492 9.64983508414541 1.444203654512591
33.22479713434143 122.6910272386852 131.9605905304574
183.4062577633171 187.1234799563346 51.69666132970337
139.0284100213427 103.1423327821802 142.1625346674107
171.6963493136414 149.3968326240374 63.83042686941185
111.5623338716573 120.592362338528 119.423778790549
28.76490753221477 180.0071307374106 24.06432971098604
43.57814008976634 131.4861487230848 3.430017306048878
103.2091483116867 10.25828637222035 135.1469450676837
114.3903488014369 129.5137626386582 97.84111136026834
68.41808231844917 156.3369351147551 71.24821996446687
117.4592679665539 88.79112499270721 20.60731923565643
117.6492981644242 56.07409410936347 54.68851110324767
190.6388257788855 43.97100525710005 110.8129718664139
129.0026338382288 112.8400388978236 43.40601671019026
4.180838992781459 161.5779811525426 152.7571248788657
165.2843606597447 122.9848538116546 197.8845297709501
16.53765589744199 42.06109264273385 70.03484280457495
94.07304393714097 42.98978878765647 109.815059653504
128.6407687512853 174.592892437282 55.07981460691364
67.14161078379071 86.67928549444622 147.7689701585832
133.3361353686993 88.01379740810559 180.5551500905175
12.82208358409272 40.65087302044558 113.4990893726695
12.02739881469052 140.2266506842966 157.8404986803442
133.1235673734452 48.39997401688574 84.34379870619298
144.9059863102247 39.08790054237396 176.3081952456936
107.2204203452467 171.7673421619571 156.5293336086026
69.37748597599683 166.2388331778675 14.57410839760705
6.799881349902356 187.562462928057 60.93791013752893
138.6091453457497 160.011334226334 196.065508069486
195.8252699826059 102.7582183467015 20.21321273067669
16.80892200586302 68.3482583520571 172.3742923617397
155.4781997078337 186.7862151114105 185.2496856253062
41.74155782523447 13.59705418461221 5.46717132275781
98.48734787343136 174.0673769612708 123.9143753318874
145.7714166106873 53.4423213344107 102.6462585288505
134.0689339542182 50.48849482391089 160.094012609946
150.451166104162 35.16081930796837 90.22875739871422
50.05535341252182 28.94818664620606 37.9439811144855
143.9604893556462 13.85510131188989 141.7217054463019
138.3970477031576 101.8660186804241 26.04095690323537
63.48920479303744 190.4723192365719 82.67288443264748
171.3704470921325 179.8056488367178 162.2610690927634
75.72226588894949 82.70935385782533 11.40871467456511
58.20968605420202 2.826320180574483 164.7921807304494
122.8502304145704 87.57947225053145 83.78053793181461
158.1027890258601 4.647434262908932 69.00552883848914
103.3592503344923 171.1040888726599 197.0797754391371
182.8524247220938 125.5330723540866 174.1919128068716
21.52217485724294 0.5190472829214277 30.14894736526958
78.8643942679156 186.0270645753446 19.93157737619159
46.50590486062445 69.12153921032234 28.87115380507154
71.20521791769355 98.29035344809658 45.58503808172058
102.3396508024506 78.41584870718317 81.41090293473917
35.7028078625618 152.0199609298354 198.268963405798
66.21436997090659 64.70821013085275 135.0631325012369
94.09500082846148 20.3909347550919 80.39137924556677
134.3875522533978 139.6029805598316 187.3504732523963
61.75983509617952 136.8020864889594 36.01989340803844
98.64183029901571 149.0629311926541 195.6097853376888
66.409784492901 102.6244372809375 163.7544588493878
156.2999513946635 164.3550898411681 182.7058196981427
179.4185734545963 25.05082460567925 186.859130520718
6.643012307929161 122.4147226648699 22.83156571618182
174.5622516534068 137.5601197098125 135.3353965460875
39.35060558550824 66.93856150112973 7.446778110264667
128.1890100264759 104.4350874890356 68.9275885722506
34.32309135925042 106.6967783613187 63.91799482940672
76.71004443462559 29.09057248467008 91.89847650665979
103.2068704878639 70.50074006665464 191.0024143387408
84.48473577202726 115.4918417684956 114.9285215735778
120.5818962365639 139.0117255270987 156.3531484421547
186.2710878470763 146.50048964129 181.8707753118587
126.2059465756024 160.4347007735965 151.9106365381473
180.3868658292724 91.00549766900525 90.78172955664809
43.95496818391626 66.2715059369395 128.1361671383508
165.9903873564611 129.5459010502095 73.85730213071065
156.4931994631719 88.90569279735585 143.7566202464225
197.16586867705 156.17105156468 30.74576077081438
46.52053299224908 0.07873941104845501 94.07789180554742
179.7342075289196 199.9716229321185 124.8375528476799
111.2751303881636 124.4041180360822 74.86342824098956
25.53808534563217 50.91197197402056 91.36425342097326
45.85884943044501 98.88477484636118 172.3536058116211
192.3394762418141 100.1776427486942 154.310840701254
143.5397058862591 98.71250470236031 53.37645765528221
30.22771083493072 109.743498599741 152.459506418163
162.9991382457183 17.12971568611124 100.4789876066891
79.39690645840705 130.6670120171176 98.99024739738104
16.29100246438952 43.57536597967001 47.49677346354267
165.040590359738 42.28437437356307 189.4278779134154
9.709453488562035 143.0723164451005 114.1553600464702
39.21682569351549 160.6757525334467 18.83550165811965
5.307056124718003 167.4213822735122 71.05611633364701
13.93640268909327 113.4967423729505 98.99281000021141
12.24275199350248 106.8333597794198 184.8320429889944
101.637366510285 199.0971180000016 80.2812587488263
79.32803676020193 6.804759392666494 28.78246609890775
197.4385805489451 74.2953121878287 154.6794738136209
19.09547946444843 76.05179659494047 3.321693921117916
193.3592313357173 82.1082812147545 11.39078382625774
165.3000862894559 166.1701942686377 3.365931503322388
10.4873505708935 134.6597242202764 90.06452080271383
30.92338705052437 31.62842262556805 124.7916851752967
84.47758748295621 188.9174686677453 90.87388498305828
106.0977542448488 48.10458409377214 190.4344395096873
191.386429462863 104.7343873896699 176.4149932474243
65.63710680321402 16.09122297084646 106.9364753864563
22.77812597251465 86.87636953114243 183.8382662668821
77.78588349197086 161.6569243732905 183.1989925684302
64.20079412326298 132.1978114093304 194.2374741076713
32.74888623495782 138.6650446801881 92.40635819376864
53.84687218490342 89.23667085044528 129.6867796810815
4.151711649982856 146.5392174944236 195.6745309611551
44.25577727378917 127.0692024434768 25.57416705227363
124.5311094009203 176.2397043225253 3.046437584671144
94.37044722503477 61.60972793905515 47.71553251638444
19.21172217393633 14.91931482300005 4.496203356040841
106.9484067568628 25.08786086982184 62.41777070069805
189.3694861272227 9.925885778214656 36.83527244602739
152.1334171806512 67.04115996602057 153.8528784775527
130.2968695598221 121.8413627865907 1.685293409492093
54.38160255252254 175.738952506146 149.9597636366501
90.91507571425718 170.0370814315933 101.4761978652231
49.76892051776509 90.41483123283858 37.8634943150039
182.3109903065487 88.57377627129679 32.92213990228559
79.19538211105497 104.9914583845109 183.5155480066486
154.2991607456761 143.7960052434253 197.1582613883198
81.07695066448146 70.80277909957519 81.75913681104434
138.5465497525557 47.14419658394822 47.61975567630074
140.560328601768 82.05667252241032 15.0567269076035
7.580155396020554 59.7372727139759 80.87971156134705
133.5572717362407 123.8292395050221 127.1828996420986
195.5300943826323 129.6224926476512 132.5823226617332
67.10906067649178 88.41866859523969 79.57856484211
78.59821102092991 19.82142295629883 141.6779819263062
10.35518860453335 79.89917616674019 26.10692242980536
60.06231213119145 13.15506712165429 128.630005151981
17.81088487635366 192.8346039656817 9.037732796369781
42.63257602043645 16.95730571995028 108.5796732545298
83.71844832263106 50.12659341614188 188.1104066776361
129.9424485574283 172.6573750183505 133.2843694976255
188.3738570109511 64.2473303861027 197.2744667832033
12.94992406963756 154.7612645132791 53.97966262736088
94.72929322608648 41.9017319242876 87.26119950840193
114.4064372735764 132.3146609004854 13.85497231672737
62.28578083883244 187.327902499259 4.642276118672684
185.2825337353073 8.530920714084795 4.040977096663578
146.1614774620012 48.76587569470723 26.31704736060978
157.724660518308 19.85438770723685 158.5987404745237
21.03365062716077 14.0930880542137 114.5446404510042
197.4290956021983 26.43641631620718 173.2959392316658
93.385183643497 147.713037375349 103.8956720761374
152.0358132429053 137.6600385924444 136.9781528460369
36.80204595844552 85.91080694931942 115.2398630570077
125.0525792835576 171.7603426732313 88.94432846730268
29.60734935757151 195.8857529089939 144.8021682714968
188.6469263782673 146.1489268011377 158.3169550718409
92.14853854291401 135.6764523188381 122.9716585626172
115.9429793450782 9.986638406854732 192.9180352212665
40.3785190111459 170.4436989263004 40.91556660761231
92.00899103748837 189.3230935543134 157.9741053936227
131.1259984031348 195.358949122371 143.5776948328353
162.0473663697399 101.4175170177097 191.9842132335882
147.3650260709938 186.5906156411266 59.38483451418455
26.96806012348967 118.6331981276299 13.73229755466356
15.56227169258528 128.0360565580863 176.7867282581581
142.323073199313 145.1338688436948 155.9515481572538
173.7638046310948 40.00593628771127 60.3941659828664
115.0420446000701 156.1153460245365 9.451674897471046
116.4199379584433 195.9265636718359 10.59337059810544
151.6556723969114 62.40980880427286 82.76489935891431
113.821090668747 36.63441787581923 98.12630627365196
61.34075117358251 177.0846086694094 184.5322320857463
81.6523242167786 169.9650241925369 59.0311509902512
133.4308106341583 123.8405471023546 79.23396278505254
112.7547435560317 177.6735391151171 177.6166118448876
88.34940907314324 46.96595185568253 26.2725759413694
114.9112596191606 37.89804618084573 159.9291572833944
103.7834603517699 46.91679909956147 137.9184057752609
173.3177415766306 13.15992011362136 143.6897244292231
142.2692404259952 102.4023272638511 86.4752844186163
111.613180013699 164.1868353278511 108.4113529674164
179.2492195041382 29.6718173835295 41.06995753140153
188.0723883913692 146.5540968138506 119.6251866175393
183.7238202599956 168.5050682997738 64.48621797815389
136.6018001039081 124.2086645780844 23.24760319816129
179.1181331036838 84.83415815329536 189.6943400292489
42.13480916790125 15.19242013103762 175.8614441443993
150.6521551102017 113.640358716383 68.7621782767681
51.98094084057914 196.6570357279525 141.7761367019381
118.4054334725997 183.8865202129235 117.1347385000965
14.7432692074015 10.48241251108354 136.0668900921123
57.17524660076759 9.659930134781792 25.40634188028866
42.54244115430164 182.234664754944 80.77313861884026
97.70322837524857 115.7483020764127 90.71019842780505
177.9769376636172 14.39072148971022 166.9951005194794
181.5650404618438 110.7791063876646 37.00158223272945
95.65434015474099 44.35125766863369 169.8207550397935
96.7171274225052 117.9394859386456 24.37928559274965
182.702163951206 188.5811820425951 29.16462212674942
100.5994744246657 150.244678724928 154.7249393961914
8.580252081988078 98.16623624432353 82.99684252891618
172.4628793852589 8.543283869608606 51.75391934491775
33.59279310047981 34.01428597704964 10.66017065186024
82.37331226527286 10.99728002827386 121.2286677919223
140.8005860815991 124.5922572318085 171.7383805907905
155.9988859393207 61.54930852810577 10.50628794673897
71.30857845210419 41.14154972432334 143.291567007912
23.61586271639715 49.1451136913964 182.1280849573342
121.1199855485309 17.36962540813365 16.10168574983857
43.07109196278977 103.3966807523718 18.06208132680859
9.009642825821208 60.50132374882502 103.4115850043157
61.25772989594031 69.30544263625728 92.48860053426245
41.0414515646681 67.77784100905501 102.4533390758028
12.75559735203474 79.68826247303146 70.45890375774388
95.21953104046328 32.88916899127444 3.094306253158414
169.3220965719003 48.46057475590997 80.8651803840562
2.518971054937258 48.43114934588671 174.0867208901227
70.27834649333475 105.073424688179 129.0672225593053
57.75206949596478 158.7613010393659 32.43796080641236
184.1235363240527 153.6813765589956 3.301415813133193
19.80111987980637 91.83680215805806 101.5953667725027
87.71745312486361 69.52507279659369 25.28750234525713
42.2853213572782 165.3949582699913 181.2973069086857
79.55070686449622 146.3634675545858 163.1471085882581
166.166891242687 20.55534201694907 4.590693713169694
154.6773439831136 142.1822805293567 174.6301395196908
126.5587502430219 76.20216929473517 118.8747400350451
129.9019588775723 69.08539640804729 147.965669424853
122.2643162868128 29.49632173183455 78.42679828027617
60.16454316008777 118.6989225852356 11.89446864651422
141.0208904625436 108.1726958338326 187.249003317416
164.5044522293855 98.30379983496456 44.97638286823663
54.25513463465443 49.92503805403296 155.2219544976426
133.8928272226976 168.4594768642942 111.4421508645355
188.106465669157 55.26132677042018 91.41170660099206
193.7104996585933 45.39795562967991 144.0463310642355
22.91652636290295 184.0167882740043 45.51264869160097
141.9524938752241 134.249344623953 97.37872860457625
107.4905239864143 155.3993162296016 88.01332658222378
10.3422552416534 125.0650344478788 198.968880409915
184.4617103803122 94.14525425340292 54.70886924213505
120.9575576416755 7.760765534622279 72.41254544227152
48.72257620754269 49.18853447533013 17.8088496716515
133.9246581997305 20.76080788006209 95.69013435885137
149.9395192778397 77.55812941913179 58.04365162063151
173.2805281472302 73.70095066379916 170.9254661985572
6.179869279835718 154.2652968143183 174.5438679283307
118.5578464191942 105.8272229442654 186.8417258479581
140.1744545391324 6.216997494804859 162.6397474059117
100.1794611212276 157.8874774575468 63.62223169443764
150.524552296352 42.85504247613284 68.9907274452931
121.7398497108315 79.05579969751098 0.679507791260774
43.21940201635072 184.5675128147615 58.31409116976798
144.9465378167413 73.65178422658704 131.7445947192543
25.37385004769288 62.38029128546272 24.59360130926813
139.4768776069984 13.59948731730139 49.98247991623785
35.86006565148846 160.9283041894765 94.62949434373365
102.2225208125986 28.58386866395842 24.13231251688192
11.43611309845228 99.41027679171522 121.1623825055423
80.57828637455843 35.89794740347399 70.70839709663345
147.2890117327057 30.38326881001085 197.0172969978148
74.04749872576642 116.8596711943167 147.9654857197669
52.39409778848277 178.5520998441049 22.95502112273345
190.6852732780803 150.5727678859474 51.64983838311252
22.52272927279964 193.4056582472781 123.4955844933541
157.624506543668 24.38011699100936 58.02521014607446
51.6625707584804 30.29413415279202 140.709697201199
26.53935542628316 29.76088382341389 99.23121142444329
134.0883613890768 142.6050152220427 9.735294521890085
119.3558995601767 78.41947313598118 165.627747264533
71.45254569978799 152.360546505718 49.21899358118589
161.8037158577756 117.5950341138072 176.2232402463933
169.4078302067072 113.6643678212268 120.1063902266368
69.05205198270976 79.79939434576637 32.792767458104
112.3641107556179 14.81657359652757 92.45367552663799
48.57879613491757 50.84485521994462 89.5385607949177
130.4376555044196 144.2636758152763 136.7173825583727
135.9288236045688 41.56491299121924 120.4516027768028
82.20693384808622 78.7941921449286 190.1278648483635
24.49956896725129 162.6891618689321 142.9482313850413
170.9819712207176 96.15045254492142 171.916493507768
113.3044441799065 127.9550632590751 35.99315283717973
66.21484421957315 155.1364693531886 147.1638770200494
71.27613221157833 59.57525584639394 42.6012110282558
57.23645163705887 158.7412172399841 197.0621717806669
29.15404130885315 143.9857892621425 125.6166240231704
111.3142661593504 67.34247908494069 17.07462893620005
53.98620050659548 92.75930634191496 59.93265566986308
142.2010509149135 71.08857785582053 195.3758554202171
67.4722930826223 16.58975939010244 180.1246100896503
94.14980563502564 21.77699175849557 44.09989415649981
84.07028212465569 51.93782360734634 128.0977126425385
5.09068231950242 40.39174522689916 92.2754508065738
31.79634861886785 83.94413352097588 20.25494575768791
178.1899690714102 101.1390884105171 136.7280678584383
119.5380563609233 109.2071583498275 89.39084713741315
170.6104289229777 0.4093003316332277 87.33345975563594
83.9198388890315 41.58188686972188 47.75957323919292
111.7245670546596 184.8724094979641 138.6906440087777
109.9167620227234 134.8286872623017 136.8862908619789
27.10257031594407 97.96263256726293 3.038359475273083
2.705378603145044 191.8411974532703 39.14001595098786
26.89985566444996 9.837464391388979 88.59096661746861
60.86125228765442 172.2856782388126 50.26255336714024
84.33753313789244 141.8083984094926 64.47868926640206
169.3926289975211 50.97445972922377 103.3140340947162
165.3854675127839 91.67552023647019 66.55460280615067
121.4219404313089 31.87897619561135 193.9281774496406
82.26786780970129 70.05595494509217 150.0295045214421
112.8245250649811 198.0442514869572 157.0101937853609
86.88989236546179 135.1946362497711 144.9346464944882
28.73698298952822 131.5628201477975 49.73337935949018
195.5217138300482 189.2653008100406 9.894980039076458
23.97287579623988 177.9701466118396 107.0695359049579
27.79715227490776 199.8207118594359 167.2254936797341
72.80389549971473 106.0980603775542 66.72071238003898
87.53656704870511 156.4734600455994 137.3791531743148
178.8946285518961 143.6176873829665 99.19745117676712
1.70015860327025 58.70616294761685 124.709670036481
132.5785314426237 36.58608976045919 12.99872928563585
135.7111882583561 188.7871179242793 78.61142339385835
70.56803593793465 78.04533515276613 55.58824627258704
67.58144156998364 18.86531366059145 63.54685769739137
132.6451132435489 69.33734561792194 92.80995008105248
12.38152582367264 10.57210610926735 48.19564980458957
72.8772227430365 126.2274089819216 52.80686106394975
86.91266872511122 12.54198457646678 191.0490916082023
86.3300416621728 97.65342776282054 143.1228986815214
58.2180533100452 123.7894145543095 174.1437856251212
52.05945476804582 141.6654604099806 158.7392509861941
148.5215713512524 180.951119439555 143.2934305809948
180.1411052765817 118.7890789282632 15.92715112733701
191.7422543994301 110.4729469240539 121.2133301145157
158.4665789688273 18.82466332412453 181.1518207370456
46.08690873516039 158.7653203209049 137.5735527129731
81.70201134287208 177.1853342417754 199.1314602514517
