3 1024 8.067363391950352 0.6497245 1.4 1 3 200 200 200
168.1543805760371 124.3452107323491 92.354648583485
170.2360729940504 128.5715161669474 107.7861894762709
190.95780245207 184.7981990528312 178.1325436136044
62.91853103838653 157.2815288888093 128.0778024693595
84.5251536915397 26.12776429540489 109.351805991323
76.28673511085664 64.89249533032333 2.209361523747716
98.42575821760647 98.58470785927268 55.22360192186139
199.2367196051523 37.8972482185624 127.0540745850588
189.2067420411054 191.8451479299867 109.6091361766465
191.3870583958877 40.29175496283368 187.6788945212258
23.04220184984281 74.03106596416569 108.527308800952
90.26924860085734 35.6415597422356 146.0716992493514
174.9626785329631 198.6840136405566 106.1106364620514
193.237757315838 177.2813777737129 155.6003269734388
126.079207654434 22.40484635447577 60.81217934959988
186.1829203472892 77.44771424348572 103.3368414022292
133.0463651157469 17.57018130159904 0.6919832670130869
170.42934825771 195.3523396159153 150.7845191014483
177.7510863169907 35.97242209222463 2.919848687403888
97.04626031795686 127.3636410848533 106.1973217905178
114.4130620571746 105.498726736688 107.6620609363213
182.2000261744232 128.132578124756 118.6028171824636
23.72500749407196 162.1605940611997 176.8999419397656
26.61242516864987 149.4805841345237 107.2163206491373
128.7139075253946 3.132977908913017 89.52057658690381
87.10491373932742 19.88441133886167 62.02872316447196
199.3476568499762 26.76899893830972 112.59984032837
143.871056183055 48.54804784734391 2.818382822864097
117.9613917879686 199.8442675454764 128.1192310790621
131.4325002888535 42.8490569459594 65.86274986421843
134.7652347097824 120.5762581583292 60.16665188739878
2.846690732916033 178.0271304506456 142.6604334855247
118.3968410742399 17.82988402986997 125.7625396354762
64.32274897234868 175.2819290336042 69.71875067741358
187.2641003203229 86.62306762172466 167.3658179352062
82.99801556114102 28.47559862882814 180.7087613371652
7.084731245495431 27.70000703989067 140.9473601555154
168.4817381144912 97.90773889397221 106.6531778439454
144.6676416500231 2.312165628971292 181.059634419302
151.3320874502389 155.9370410091443 11.95891219828867
85.5419067469159 143.9204739819247 182.2923518410026
119.2591290716713 141.7541586808277 175.4636235375993
153.2680434110521 158.6971614200508 164.4186136676558
19.27714952204408 134.5803047889963 71.52308005055244
187.3232358499048 71.53110319585082 126.4942707269048
198.0554875179581 146.4502273640092 99.05737888345453
176.5564067763023 192.86724781739 11.29632953295154
43.52400368494647 17.67625632621148 82.57738319524661
38.79546183441221 4.492964865683874 22.29454161988801
39.92011477617898 187.6506404451094 129.558213106726
176.126370332988 132.0834004348093 153.8250699994488
42.09902149127571 116.811705303036 166.0362645240074
185.2107240173503 66.48167753227122 141.794364205611
65.13429612821987 116.4061024552383 81.21267236969098
18.5002464501863 180.7993487265666 139.9020240537558
183.935219799585 22.56794698737356 58.43195230684568
31.42980277611196 104.2322606296849 184.0736912132867
40.31368325938204 36.53268629059502 155.0966629046718
28.93555898582029 175.8693214930667 128.62694014417
181.4710550383093 145.5891684218439 80.08513429532489
42.48241547077922 181.8919998264732 191.4058889057161
107.4658437347378 186.5227070002327 24.95991255297374
9.336940273935946 175.8287340120436 4.721430854640415
184.2858265619835 175.0723817506421 3.019333649224067
102.6940950243395 100.8554026226576 16.2859681279128
169.4895518450245 141.7216171921555 117.1053357733475
140.5036720966232 77.49306238627939 76.78699535188235
104.1322163834725 56.83338619146642 31.6597802819626
87.76624369447993 98.60812567604228 123.820009110522
6.821855731898332 50.66721296305697 192.8151499286604
91.78259745047559 68.87611513171935 65.51183792180507
145.1732054251465 84.08040832015158 91.92650391778884
131.9287558185636 7.913154788224074 127.7524103394168
115.8385325073644 97.1687011126116 55.84468525614574
6.702679021414839 66.75311292718359 191.5665739896453
78.62305423185629 182.4392680520955 73.52732307429775
27.29297602729946 113.4670631495534 171.5065023183213
82.51283482057715 120.4546384547592 11.46664933328027
95.70120588434966 64.51930545622616 137.1460810503442
47.48535564207251 133.2924004756204 139.7201629876496
71.85431108116286 64.52922766394803 182.0792768695029
68.34461071455603 135.1518862840849 150.5510365452995
57.19857480760757 123.394573866695 154.8209627302684
99.74048574814354 103.6138193798609 114.1034614774126
11.23053181191731 107.8730041238167 7.878591242142161
116.2482931369903 189.9485713756284 192.1559712421564
150.0269374990274 54.51365983012639 189.1493158053342
120.7423758955335 36.94950187421832 55.2617919054775
26.41232730062186 44.72126183266821 154.9281005836466
37.58440816426199 114.6340982685914 46.53995030040324
152.9355408152437 152.6359017283779 67.31807320871306
148.0399368134287 126.0644769702594 189.6276792784659
24.51717817206778 98.03140791122244 167.2689740151747
9.436978051121429 25.54466756415707 125.1312105515748
199.0105114983814 120.9199498807482 183.8323923806522
95.75243058816105 180.9271261465323 11.91788494545544
78.23790571851769 124.7487334148883 130.7500070220282
169.6755663702978 156.8041825312509 169.7166674064431
21.14701379571532 158.1483265784557 161.4861616386739
127.6438120182547 193.2486090781062 61.43520233295092
159.4017806341124 84.00913300232854 162.2396615422341
64.19563090875549 70.67013402249319 72.33091985453247
78.9299608187149 186.039497796645 48.57832548815328
29.4428669773421 191.0495334153925 92.62141642138273
139.4728130353874 31.05523163162672 58.34030398018333
109.4383974736707 143.5925073710524 72.79467540718825
114.5771044759618 84.2743732329166 183.456026549283
98.41795240656293 10.04322333725223 28.32194579110927
95.79258620211658 58.83161239661649 77.9202355168064
46.80915725897368 28.79700212784597 93.79634065319539
103.4488917070462 104.6941198855167 148.8061178780601
143.1692328039214 158.159054263525 132.1751483304048
134.7273346523468 3.691783831601882 14.42075609951331
50.43925016696029 154.660679724566 49.93079948130978
6.623198659256821 191.441158953771 134.5283321412983
86.72304674169449 88.40405053321069 87.52429083776597
157.6758418645804 150.5428110970769 123.6591039103126
32.04537252459953 156.3657450854244 51.27283496807259
186.5997059207497 181.9783926421478 126.8353668222305
140.8071263307222 89.17460431985062 120.9044654143613
47.59466699910799 173.600212637669 4.848975677234434
192.0995507610924 56.43590981335375 159.8414068204115
59.65174770369151 107.2470051917894 184.0759982749582
132.7067339206428 39.17199639121226 101.4582869814081
97.904809796528 7.98482523706546 63.47466596701911
150.2271340815206 178.7417042533422 105.0087412513229
196.8063895205025 112.2530587767113 90.06659955989983
87.67989003798689 155.375737466872 78.41434682006783
47.85225893557339 129.4868034788498 47.31957574652727
9.991881080652391 91.88862366344988 9.693684621178539
7.990279000208246 188.4067530637591 80.21725301288477
167.0040287043275 185.3007396496063 0.7214936007754004
170.2015679270687 135.9817197815438 184.4110366071131
196.7337900209013 167.0227965456738 9.620988352558097
189.5952675212511 63.29712665844654 110.2971312396296
172.5834591104478 74.40298258152474 71.74474180373528
133.7828756256342 10.45522625689102 30.10569582481713
118.740728636279 53.1009839476422 148.5106230894708
78.23735654968148 167.4324596181092 83.70226916232073
27.16853268210241 127.4149819942395 160.0266805071937
49.78558911630391 76.61499649210184 175.4513325278153
40.25210498607273 20.90958506478572 23.3363302006618
33.33220103672956 79.15907407778026 38.87640515373663
152.3299394058069 122.7462242962462 85.74896848785885
26.57558256339232 115.3934187978744 194.6658083158753
154.564264049211 1.457231561274991 49.31456200346849
6.136483477040461 35.74641608394366 157.5657592184455
103.6460304132908 195.6618545321655 121.8597191201322
109.8003287842646 173.772357395103 15.35223679692691
25.7340293929409 126.9842981251683 31.16840710812443
121.4510059956425 139.0167112587483 82.54595297018557
8.530822194432472 68.57841598370545 139.8657913127099
15.71898146292821 34.18427100965457 2.374709915919669
145.3888501138905 90.86607106758446 195.7217415692041
55.10453544233889 56.06473783291015 108.7222824826093
62.61767886070476 128.3521993838584 137.0864272321566
95.68053041721865 195.5769613309886 18.6785132832293
175.0617521114089 32.38784935467675 111.1119057189237
19.50125565448882 118.7349914066788 60.89845613913893
157.0304087102748 145.2557222644836 107.4820009054364
81.07434808356105 10.16253323589539 9.792056107436142
146.9288163901564 11.18407498192965 194.6173316777217
178.0080212732166 111.8437964690698 188.4599867947572
176.4353005457235 72.82747201027948 9.862301806127887
128.0806917794286 25.2063494359022 113.5924240723177
122.0100060824818 5.892407864266855 53.14522536270727
128.2179568306955 132.9607013147345 110.957059484373
190.3915988539776 148.0417535490193 139.1197668507118
90.71820749586668 150.5280572003715 48.40260371182137
26.39508163837706 135.2745505859652 195.3961480805241
124.0895726450385 156.5398086119417 123.1365246770715
180.7778034561088 119.9548651880326 140.5074216804435
158.0946916326492 42.54122399480715 7.501859306999912
157.9222955779369 161.0040135350307 138.0558448500808
106.3588912701247 7.823323840935431 49.73306592047015
88.80918219017342 104.7106876547036 77.54237495075522
114.6161305612414 90.21427828056716 112.8448424155781
121.9452513997498 69.60511859237296 76.63105552755525
120.1232593725341 35.0074209275277 27.75309175239745
149.4621506725477 130.2322214558496 10.04400949080452
79.2987577094292 196.2011665428929 1.90189438239817
164.9216395116552 53.15231606304732 28.17399858993512
42.63682665447592 147.298953862987 106.6072489875067
197.8169378241624 111.6815348529508 139.6325499200877
169.9675861656966 152.8584365119859 190.169931470249
73.94281141366936 116.0090678150755 198.5391348999666
101.9497632293839 81.29097767919187 173.8404783952899
86.35598821067349 97.0745667407533 107.8203963234476
111.3827874039249 96.20902410717363 2.261549474733481
92.79599784376813 80.39012652246311 137.2202300799257
100.3668816364479 83.91340089312285 28.20256240636316
32.12101585493281 197.9873505596849 107.161927050202
9.228642245423391 196.5086719693429 172.8722687498748
6.438297187093356 26.57131857406167 13.51976564661881
36.5733943801266 177.9548788957882 142.6854823388444
60.17857935942842 13.04252329568287 147.9797486032763
151.3974759149335 93.63324881698978 105.1782266120909
189.200962651581 40.65760009033347 162.3323963515346
32.22401541560468 112.2164883748195 31.51499572321956
21.27234301029412 130.1796889402581 105.4716518138117
51.04736548856516 28.72274409801403 121.4496158894275
96.70622700276682 26.39831442655112 98.68286602878108
16.29820960553625 78.59513410386492 155.9155945143388
177.2169847656156 1.456711105410882 69.16767523939416
145.0102912552097 162.4272527596064 147.6257828548355
163.3785196044091 83.07455183093269 102.8766621822587
131.4197967719008 87.37582515092998 133.9033598086125
108.5546012157036 28.31930803176061 140.2028093252874
138.2099901305883 60.72986429913611 119.0309234120203
28.59485561782484 110.811200847283 116.4275941700094
152.749169321045 198.6673943250983 149.9043379477309
116.9189795394362 46.8229598877252 71.68460787992748
116.3362384733771 155.6718765883591 167.8424050616972
84.23168765130372 68.41961786312888 117.884202426376
188.4965532701708 185.4009142186507 142.4883977987959
139.3705988038607 154.5191046832221 35.31370525828473
9.778261128050177 138.8721448128831 12.51184231738489
80.2880371066927 43.7388633836398 8.96181603306972
117.6607137646391 60.15509343389837 0.2669230602626722
93.86322088697312 173.9889263711721 142.6861029583278
87.43186737455466 51.57141399726242 147.1643232582379
15.70491990152934 163.9858120677502 190.8796064302633
142.2288284818402 67.67492159476319 27.89551784156255
162.4285004523461 51.27445520530154 140.2914761561194
27.17594526968072 87.74575168835618 148.2820902786209
80.71131694665601 120.3527654038791 82.66455227985159
3.662817487820409 4.541946737040902 199.4497791766624
172.4764811976392 140.3065748380095 167.2186149281995
134.0278324816329 23.98818616728093 128.5415655383041
108.4199615328436 64.383772225282 69.55058370887271
169.7564623583664 37.45674250610937 125.4815591136135
71.69793557764589 141.4634381920084 134.6423851206446
69.99111689632844 199.0737990727555 98.75432351825556
107.5615521735379 177.4772024362221 94.88786731541784
186.6945521756608 190.4088197372741 192.6584487749856
198.8262165458092 136.1493460126622 171.3813930204243
94.99798505905906 175.5809886357196 27.1224422277029
69.64892117562019 143.5562556701783 179.5340055315768
159.6392621884758 167.8811914308068 152.5501790191621
138.942875496202 3.573056742406999 66.54052894886829
98.12468413793619 154.918875956217 121.2009008711362
127.0888595195812 73.12625544313813 26.71513222089293
10.04016399453424 26.5502341005531 79.6733639884077
41.37995817448223 125.5719079580199 152.5058856674775
146.5861437554693 91.47687204031699 71.07505787411434
155.9890568581911 81.02061100179782 79.78614088563867
125.5365231038909 38.23244925070764 176.0809816190012
39.459468555376 11.8290715576418 36.64968051059876
20.83424590194011 149.2740928126159 186.1687380456455
158.8234622419563 92.5905991236896 90.66895908486632
73.87275916538275 133.4798624406646 15.5678182693023
119.1298646305311 190.171965747733 88.82264252563461
11.32643642569318 34.31550650261428 184.196713351197
37.00161664003558 125.6994667447474 66.2416476981594
124.1066086239224 71.20851588736092 183.1347206120464
37.39434423173924 82.14034044580733 137.1245147817637
177.2316130422939 83.69474193171827 151.0575087078565
121.9629909563782 15.81896456937165 146.433891023813
99.33262374452009 46.28697029231698 63.60345047472963
41.58961553779266 12.99340532558966 153.3982916880815
147.8418439127829 107.193444538727 121.7441649830337
155.9280486979347 183.2176485554774 87.05496413331979
37.63280167334017 10.5600749379634 129.6224212247827
66.61940202991488 41.80969656463756 29.48062758909327
69.76968201156984 183.4165418536303 164.577523781842
96.91747866403944 82.88007413863531 115.6844879861242
173.4892772628494 57.94157755841403 154.7165281281772
75.54015087813819 52.4250928274941 162.4198506457863
51.85726745293571 28.23755324531272 191.5352641065448
27.42285487408016 61.80820971750126 69.13871300373309
132.1372758483488 92.16363271796048 103.8524183990897
35.73018595207005 58.53344061409834 164.7908854699226
2.7844240404881 28.21180933369962 37.78798999086663
192.6010701424323 130.3402170627758 39.4131515258647
57.80993071552059 26.10181570218542 162.0764756836071
100.9599759023924 152.1383188958886 32.05065287059106
71.75451030395202 31.58778250599568 122.841505162323
6.635292516442402 175.5289364790728 23.9206884180958
172.211719449687 1.891663546487877 186.8655167582584
170.7549325274774 77.02081215220446 49.28104134206311
100.0986908644413 84.07586453676932 154.7689467634
131.0729907334934 105.8916328615134 163.1121598298927
191.6698304353544 41.17786462761097 74.0927465450507
123.1830681816324 54.94574718228268 107.4048538929151
112.3730472503528 142.9242092608831 115.910808345499
155.9235848027533 35.13708329868995 112.1345311103054
176.3476734625841 55.89155971790523 43.57871658214474
4.01009263166903 62.26315611851687 13.45197705589521
142.7521829823606 20.76403087666999 74.59234272204239
15.69058725763358 163.3215717388488 122.1465836332779
44.11662903355331 87.80477354634404 192.1349881151042
195.3692060306202 86.49838127924947 135.7740562603773
66.61442785313331 39.09453511352503 178.3217385179592
57.6522608678011 136.6019608948666 100.6924017744955
147.0092641193133 74.97118064360086 109.2997517443358
23.75660631155282 20.05219982047106 67.65218458648275
49.9353884821681 71.32085204389689 149.3535150990313
123.8937314314757 6.612505803324153 110.1848639234002
78.80413729158003 170.8092865996291 36.62431457522966
47.92050179384922 88.49584392604683 95.74767719006758
133.998129704715 188.5582117430887 101.1191464346556
47.65607872049629 2.261459123946548 71.61463804856939
138.3761402428587 154.2055756429228 54.64727096921658
55.54839759820857 47.03420012411107 125.8431671193987
50.33253800987552 51.19190985963622 42.00884687248879
136.3546093798108 124.3130042872147 149.5841390190422
92.65415660445994 138.1813220489564 15.22272189993234
159.9386734767117 121.5795595954672 25.49292697713879
42.10583947778582 192.6587163985863 37.25655730047541
76.67474582767807 104.1504161115298 92.61917378602216
87.03786038270526 190.4025319390248 113.2578389470898
159.444624009266 55.88625311458993 172.2883450987522
65.81740264697147 72.60013719289833 165.3650607506331
154.9291334589066 62.81019134054933 41.67618803549237
30.6401623466791 93.4515901236489 81.82731529900562
21.8432860702132 31.39080010011319 168.2056379770539
105.9455301515544 40.97656550866194 42.62081197106482
10.73273058697994 14.61257410725748 157.9449255265917
47.61238879928752 107.5865934348408 118.1035529965625
82.84737079513312 86.97256865413938 169.060342070826
174.1206394870258 113.1548584500146 157.3690402461706
150.6227494476914 118.8051998677478 45.88315781830191
98.85358990617733 159.1682300633888 175.3926464106074
170.8767473936126 128.7946098131517 45.40516266107107
92.87106471123371 189.3587738165141 61.86123554281458
97.71689360146129 192.9675726096918 196.883180822516
166.8338336869425 164.93662132011 79.45176404220275
25.81800983764481 180.8245478215597 181.6062762381572
102.4376405740378 1.891112251617587 176.6761681750244
136.7105365255356 28.12955369693672 158.3167847324897
88.33023706515478 108.049707271796 163.0660911485148
13.01618304173621 100.0277524107138 60.52234224183047
125.9127397052227 37.16225301707104 140.1804356535255
167.6944390070663 107.648786214162 82.33633146114202
170.2698348700017 181.5295189839408 137.2280419115745
30.39064534563984 1.07742070405906 190.5029689914502
127.3805715259136 181.194441340969 160.7623201839298
172.5045398768709 112.3112214776327 60.76390573526211
38.51925214197282 46.08573455755628 109.1916766789318
63.2896357937615 39.97472794820477 56.72362997371191
39.25634338812002 146.3989522043161 36.32164275609998
60.9184421706191 161.4914929053519 168.2074810706887
64.3684557226769 192.2641343461925 60.16944825391423
29.19118384269743 97.37960278237041 43.949690928953
93.77363608222808 191.8305849071224 37.57829285812289
5.94967187605614 59.92423703607699 35.88194853975455
198.8804538419661 171.1873935639378 47.50260358045929
19.62188594159003 79.68903776686747 128.5337803457109
187.6681196372485 24.55138256429638 19.80621836833087
166.6356979525793 69.83152962198137 136.7125641836847
194.9565162547477 71.62389153363088 176.9659805103421
111.5534449589241 75.64390857543127 136.5114977222538
23.58495387010253 73.29494405727699 89.18725637603721
172.1465894608735 8.097146588425764 22.40833976194288
54.56446087642409 175.724452489578 125.2941842757648
9.53207449186562 146.9332904807864 136.4203664356885
58.06423953965143 144.6289238316407 14.75227432147145
12.50127421211631 140.3670487803553 35.71434477460414
138.6062753440548 147.3534367464843 79.21934749448515
59.37352369412961 71.43941702117138 195.2410368802838
135.3266634519464 19.26823075485497 181.3920014357513
182.5952046368708 90.15034258336294 117.5017829356077
172.0906439140509 70.36464637650226 114.5997485721377
153.1487842797567 33.17405209190841 134.4656731510762
43.73666366070225 73.92559974905824 79.00122459057252
75.75620241075659 57.1324945489937 64.63011445714024
157.0010798269396 55.35095026741934 122.1586869476478
122.7342168384202 147.1558178169736 28.68899936215929
153.3997555363233 104.0905697345229 160.1944079523113
80.00221705526262 30.29454201784009 161.6669603696539
74.42159006809142 55.04140282979275 107.9012991189791
36.10375834841775 35.19539140058968 78.98666999176845
45.78420336173924 93.50148084279951 150.3686791615732
19.75360046432632 153.078281313039 80.83120938958092
12.26445347617906 99.21841007678438 143.7108436329297
176.6365479362259 52.67344745467938 12.72566123364321
89.43870140868879 133.8589900291278 38.63637938231103
72.24075984702137 50.39815375033275 85.90296621667369
56.65078260056426 140.0039539090458 60.98884467276751
102.2080844450856 26.83803726666463 182.48794666801
133.314116229929 193.0419486556901 42.92368475462016
181.0506217315462 53.89549352520223 178.5700849569799
125.8129188744134 102.3558492737229 122.9930096370801
90.28322714965718 179.850478070773 178.3988562429477
158.0599317941443 147.3879727722655 45.9118704611598
39.67089338433144 127.4495629705577 110.8484739704017
94.90160155198738 137.118337985957 83.89737045174083
152.8524996757292 128.5387499712102 116.3115871966395
166.7101884956043 66.02046473136672 191.1232254274452
14.48367551630014 157.894880700265 12.18675983743834
6.742412112731921 176.9178241557088 170.1563396232995
103.0948454087569 123.0683735964743 154.8999554020911
7.058410666694965 18.35461185740967 96.9596370220203
78.82984887851607 79.24607982317825 102.647228143378
113.929533789665 36.34223748203664 120.706505092246
177.1139950439964 167.2834506526476 42.89563433874887
190.4607759425321 45.04759515975532 28.88059368642535
184.197284528668 15.58493299970201 108.0992228183067
147.7401645507752 134.8723869772397 61.6314617571165
163.5804712697723 60.05895832889568 62.36021844246383
149.8018416328285 199.35960909871 28.83528819002855
77.11198172571126 148.897705670239 2.330794780322522
7.539590741412638 7.517825168542772 77.14607861757275
160.3802114310062 161.9734706502526 28.68207643368551
156.2806195377291 111.9723540930511 101.3434744951594
198.080706815621 97.89744957309566 102.9958643370872
80.65818457719816 5.135135226253211 51.26899131175197
193.8986705889867 4.867752171092515 181.2923748263664
15.21093290959501 115.0524448333929 42.38074720518155
133.3170461411171 185.7445130091311 21.54656318960888
69.40901735493327 192.6431160342106 127.2020694388712
74.6986798429875 174.8457958074405 140.0672917375413
194.124067319326 44.49384211603225 51.59917455365877
134.7328162858445 163.3982549957851 18.56691308628211
76.38526821037195 83.35528090547217 127.383321547281
110.0372381192649 159.0880148319105 136.2098050365882
118.1321123571372 111.3615952281802 21.40058741790759
50.36733842713304 144.287394586966 181.1332812243608
37.38722214345463 47.70149569113359 139.2583757454586
90.02231476351228 65.96622149228621 173.2431834104383
173.0084806476078 162.1371402003904 125.9729275216453
57.47005778317528 28.84149963967252 13.40706161860621
133.4836252998295 69.01360369306022 45.11762585829558
29.38450747231304 28.16251882654726 189.2519202678401
93.62349060127205 62.62937997303262 98.73899041817819
190.6504545847654 160.9313942177061 87.6565891278226
130.8590233220212 51.80058578815432 188.8266054463169
80.65568351703841 126.4359050539124 173.7098085250197
96.2871199230358 173.2076711616886 79.73755966729613
162.7209714729396 185.1289267344805 42.85493114318735
102.8612869384789 61.41143048307529 119.4274989678399
68.84171547283387 135.3379527135255 79.56630191546677
134.6268447574896 196.3525322218139 196.5043512494093
9.1914670570303 192.4377978140955 153.9274781169665
86.45102816494165 102.6374955492147 4.992585439106035
162.6981096746669 182.8532445564333 20.3813511235267
180.4646294107887 111.8139970827329 100.4970750764953
132.4289352467461 60.57723072014257 12.7807116540693
25.01596971525106 193.9415885496761 72.61881921857044
35.73950945187008 107.5390601254278 98.73241669514501
187.2185349649426 165.5634128211824 169.789417169443
99.06472503807535 20.18228627653734 154.9880973689303
171.6507833963591 181.5699355854144 114.5375604499059
26.29236708884731 170.4379151816956 63.26246117233998
118.1007142425722 157.2141705242569 187.0617170791078
22.24674403762703 52.50471489864854 4.372416642388586
93.66607166447127 29.39301827040984 127.8719275939664
10.17117877290488 111.1711300780042 162.7631500553968
166.3864734965948 161.920114481526 104.3778625499967
33.22519684866037 4.424620098838671 54.37185465551359
175.4175653312281 176.2023230216556 185.8452243551896
143.1208688640904 173.3525489584853 37.78568779361544
35.36259386871343 145.0378702361358 66.62037627617057
86.45907163933505 9.946447272453931 98.89725866835994
11.02799667970694 160.7785931002012 100.1912128205377
173.2443738998316 35.7635116774108 144.4509673362439
154.3900753943659 41.95711085343066 155.2395262247934
62.59556781634387 12.95006454212101 84.76035575175143
115.2597229936863 182.3296529376544 71.54859584814041
136.218976458538 61.60507914802864 66.28053678053212
139.1635901588949 190.5900748339338 123.0150907496253
115.7954018636049 2.433762076232326 32.19387065373606
28.37533517810797 172.9124734705869 2.608753966366443
50.56948582334921 103.7882099192339 79.3352466905374
57.35548492414609 114.095448912714 98.79172015083078
103.2159957806389 15.2269950596515 113.0946635426749
13.44114548047846 121.908149178789 121.1281058555009
90.73002748018796 120.2087563534089 66.09722638781084
193.8949728788431 3.987628056575702 141.9749670745882
106.0398660248462 195.3790472702028 102.1046262351692
137.5872366991862 29.27431060022445 33.83678440656693
111.7388261109974 45.28626520606832 12.2930717140592
54.0059396747145 117.5849028400028 61.78296724159225
119.8283856096418 93.00950592939866 148.3522933793194
194.3694895566769 109.0889892874177 198.4393219413101
167.0091136566432 18.50118161138665 122.6510285966592
185.9887463816856 61.06999816085243 65.02239096058008
51.82623710700295 112.4982094633003 139.7452408342807
35.36490841578349 68.16159353872217 185.2213835092766
165.5086684982658 75.33719796887382 25.64780013041474
11.93413418084257 42.99395487218626 22.17815473755406
15.80534722456614 79.64501723523306 48.01752693767967
159.3174960054158 113.0200623564238 140.307554247402
188.2965634062372 22.08706636548171 129.339677889198
6.346108510040889 89.69463716942319 168.6260988349795
134.7456065646431 134.6394954549122 43.15642722903584
189.3041134322681 187.5532748506998 75.22008155551221
199.6919015143668 145.690167901574 73.53830739816142
160.2526253906128 97.12081406318508 22.80296589020447
180.5197650125367 164.6765347895979 148.235265182715
99.64447980552947 171.3176676273316 45.42838070102903
53.21915101453185 83.8405852421717 13.08984819297768
102.328159063991 94.61439208784678 97.15685451422998
51.52786692827617 142.2971351560221 123.0634168167085
187.8780260623367 166.7148695759099 109.4142821093797
192.6861880330158 1.158714156678883 92.93150776537638
127.1700330975743 151.2975248991102 98.29555488690868
146.8623246392807 179.2191432122333 4.688764638484018
2.908929981439154 26.18053274264991 61.48294045845194
20.98513535244322 161.2233152674995 33.90436881266579
140.3555910524267 85.67660172252251 159.1841050739054
46.11126898509241 179.2766641266303 102.8772987030044
59.34825674595476 168.8501199040679 87.70975774458051
185.6189071788965 131.6220167236198 62.8480137212167
193.1254182697493 74.65442304239579 47.23081708767833
33.38561228848185 83.86708532779596 61.55814154709449
54.11211970641872 57.90299257876342 177.9039566611514
32.25641654166667 142.015531583002 147.8969999437055
157.9245539818979 19.17510690517984 36.01922649492384
72.71426420041716 144.5159819439953 115.5499193416659
1.92697286381829 78.85318819335279 114.5182450495313
31.66462313009598 99.95710140933895 132.1641082857138
185.8243922849433 127.3840671086158 85.03452964040278
1.457914821932476 88.01000976021326 191.0892862812398
3.755859813123461 182.0149038584295 117.8610480789125
77.80479724038155 166.1819182662298 119.4388198355311
171.4921202302892 35.95507283223807 168.7204373023073
147.8440126841553 84.21359485908286 36.57508540510219
156.6262881329412 0.2547318721754691 7.320917933415172
194.893632685615 164.9412250569997 130.8123741205602
181.4912469439121 33.6828264341522 92.89502122826244
105.5463775203453 96.77685971135855 131.262150577673
196.0371067426146 113.5295104945449 54.22489234460681
98.56510000325052 94.21656111624718 187.8876024758342
52.16799762300518 56.16594253664739 67.87693464470337
13.38778112254052 197.1626050104402 101.5510718994713
89.38877201836286 83.3302330633115 44.23531680788972
158.1197588737502 199.6348125514268 131.3276250223016
68.5914695103225 180.6432854349088 104.6132926859386
193.4654524193358 5.751634972107111 59.55451296728166
155.9137960246762 196.8083035504571 109.0254276144543
118.3215645786048 122.5054271921945 171.5752640318238
177.4146809308563 97.73669606423921 8.12932238309542
186.5456339602029 67.20572420103966 26.89844644416284
149.438155201095 110.9270349071864 8.566376727821009
42.23043293882414 39.05268915372377 174.1976319933405
125.4353333049373 137.9299089850973 63.47234196015516
112.4212137646168 56.83465037790366 87.63475396435959
91.54499362973193 161.8223549043788 13.94481571227788
86.57770549755585 87.91673291204729 68.16930283563305
196.6149105311703 167.3307329883931 190.2547617651189
161.1787982786151 199.3288815440858 167.3220062023011
180.6489607718451 167.8012784001959 20.59138792437392
73.57815925211106 29.57920164457483 197.5883917562479
106.0731722335864 80.80082107574869 59.25122143245655
160.6864173610506 82.91514125300638 4.853818916281785
85.10043447005741 167.8447901740519 158.8564587641042
54.94528012883086 8.674959140118059 47.8351821203858
21.10101154883177 22.63507257306834 25.60169446285272
146.6715320279534 163.5978788858913 93.48069253486187
45.45739925926942 23.24466649464076 62.25550424293368
112.0982894715264 72.89632335804286 38.96682492448978
23.92029099213528 58.96127340962862 120.6518278484583
150.3227762111936 142.0189125917537 25.38048540066432
116.9591682483252 17.09867887672359 168.4240353455632
144.8615370609389 15.62968165449732 114.8433736598027
50.66861016226154 148.5691985706489 82.85282752140067
188.1801568646702 194.895644303566 161.8475849102082
158.964725521701 167.4031866026475 56.34311317884881
188.5919015411037 104.2938242650083 74.4446036729789
142.4656337414435 52.50208346512473 139.2129901209915
74.55371117709551 195.3505438049208 183.149992796469
58.60819278943927 160.8198624563616 108.8095297961746
140.3121138106659 67.86802445587352 173.0800313753919
188.1237425991673 19.06051287016165 77.00681252416281
1.789814089862939 78.5563550074348 91.93201783888904
109.3567429171724 115.3459591861435 54.28035905103521
25.6861951883575 27.3836361666916 146.3101357004139
136.294450889503 157.7417715090957 173.6845187963219
90.40157291148581 191.6551899302247 135.5591663894547
112.4546218235054 74.84570602596884 101.2671759955033
64.66218500163328 191.5787773969456 36.7201168347575
121.7095847443226 159.4064546479914 70.3046867513996
10.6838920516461 56.00120583312538 154.4277562268489
37.69194828129178 163.0684372570269 117.0366158758444
171.263745434096 70.32285939423916 90.62555594434373
93.60259908680347 57.65340344356969 6.966354601031204
98.11782787519722 83.64938714995013 8.6778881159563
193.9441017992939 124.537287775707 154.5008473297959
80.36107380270833 3.578380171085313 74.17158940013091
113.2325201908654 132.3315251178112 191.2676548357238
73.37831196153914 151.9195302813097 94.2194208611599
37.32198882950575 125.8941383104689 182.4545913891533
21.44064595336424 175.2527329817089 84.79200659123381
146.944727885131 18.59807140534886 16.26709866685656
118.285143603003 22.06217992013455 43.09190960750337
86.89606115066209 97.77236598102841 27.0465109276238
176.7292022676369 146.8824185755986 33.20576371095224
45.08280018681777 110.017259187478 196.5237074228797
63.43904121608268 123.702414621845 118.3093434803696
179.9355966872346 53.71028922369732 128.1418300163958
100.3586633622074 11.76023938620578 9.134461375895043
87.40858440042726 129.4763470667589 195.0498255934603
3.365421030090805 8.307381796053178 19.16426941148422
26.93665289306759 118.9649745953349 81.34844265879732
67.39381981493713 61.87829669398793 19.14164379113294
0.2265691328833664 23.18179737762443 195.4972638609791
58.64892281783349 34.15487351200697 78.05051202754723
100.7697777852166 136.6730205231113 172.7815310791026
49.36609672257258 71.89027278074359 51.00251793989207
45.90458601900839 184.0782946916839 169.1201908771066
60.4128139433521 73.71680160671417 114.6468529303037
133.6939755901655 115.0654312356975 105.9925373648506
164.5168254694124 149.1560794016837 151.8765315992867
1.141611862358616 4.418003254609778 119.0905966624026
148.1159851502483 4.386081540529045 89.226077540522
160.428871163854 88.43850032776739 121.4976087463966
169.2203986484692 138.9137540953197 13.40245143813211
64.4522702682286 99.32515148662004 1.078143219975072
159.632211839419 40.73377031579172 42.54218383009363
13.92760611429676 122.6886032834807 143.6979699438458
32.39698071863214 42.11627104289247 31.70418766002123
126.4942666685674 90.14835374158731 41.28303498416776
191.2828266868782 138.306021194254 18.20980072364789
7.573239417465616 61.33271519635803 58.36793176323634
177.5733088464312 179.6354786808858 92.82524287619405
157.3754426940332 128.3054140728871 156.8249675616238
155.3083499029143 82.77677788190864 181.1234384290969
118.5956598397668 172.6230374470572 32.56256318085011
55.63395189642842 113.5151311163085 39.62385293781364
196.8057899294757 126.4016313742524 106.0111750427986
83.4510499785291 8.469213785766518 166.3574316054075
64.15158840184336 49.93501808756097 0.2385959221399049
116.8118290641476 156.5671181957911 48.35083305940501
199.9776898327849 179.9575651671704 95.68590513825646
63.8799668425758 88.56930897791653 181.2230566756343
122.3794109682165 56.95748810623292 129.889214492374
142.5076478743439 168.3249461043861 71.78842240876791
104.4424089857347 137.3762903670309 55.15176964195115
2.288901847970128 96.32380343152782 40.99156013880491
159.2345534542958 145.5690595943043 88.24879226892988
95.39543827093547 116.6694956340891 134.6511101781925
78.07302018917932 150.0546931145902 27.73859915039725
74.71406668186856 119.5847234779907 29.16676369439616
26.37012893170006 178.7212459698877 159.1226255693619
88.98235633896184 112.2039837750984 45.04701088852185
29.47098622297498 25.23150764712028 46.42101682045505
15.34125094410926 44.38416890229312 135.6235695973751
152.9616100378786 172.1115157780381 122.9930484379381
60.15971262016945 37.85831845973 104.4980147085898
149.1428409249007 177.576326336914 165.6155399880009
71.66040108799288 23.57751975628231 41.82643933663746
105.4826998769077 114.6360187400229 2.974646228525249
6.022504805233806 187.8640643902459 189.9023723267428
106.7262076170676 100.415364637082 37.53527540273507
118.231371207946 114.1931123378159 140.6746624154887
73.39321096145824 198.9026277508983 148.5372076806135
195.763143816149 42.44574791818886 6.416122031678557
34.03246661850132 81.05589597910489 165.1078204810238
191.3050948380396 24.24751739428912 151.6224256638309
80.2711389239703 27.16100400838157 19.02662314424519
52.26264016355709 197.6973470486883 185.9825732680942
47.68893882699823 164.0534768389676 66.67866879005469
123.2144780013124 53.59902026134261 32.18797708983914
64.65002131161158 100.0673118214077 23.87248490160384
99.08019471873317 115.8307665150508 181.3454320614904
14.69742938136435 13.60675895192442 180.1600595657353
28.05020953465525 67.31636367163637 145.4487816507772
40.18871059670619 160.8532231112496 159.2567622773851
50.2170087013832 197.0876085815021 116.1496339230791
36.33810571280974 43.46049684003564 57.96582292915828
42.28561419174635 48.44011657901399 194.7720408478605
168.1095854409625 184.4061020143411 68.06968668193142
28.43675666226758 140.8761321377786 17.27758678039234
106.6478204674252 98.8648998484077 72.80126659534365
40.33878217487382 191.2293527194476 8.23124759438622
17.84349635230459 101.1369360753739 24.78323411510977
124.5595849160312 197.3387000949249 176.3072997917813
134.6880521476453 178.2754840824574 182.9595793279128
130.2438647878037 99.53203015890132 5.10583121148343
30.52440659563159 143.7162069264072 170.3547403010465
7.226627109082024 133.0289028485402 56.41636837460617
64.50693028215611 95.32172643154732 109.4786325635716
186.6458684206112 130.2996044750272 197.6029919196966
190.4312614309168 81.84898267702876 72.68664603579289
167.4933767487354 34.39087369433867 22.3378958670606
139.9973286843385 147.3093419281872 116.4558337826482
102.6148771490318 61.62909439983451 154.9988488439086
116.3024076905781 57.11706263150692 172.3923349676452
29.61735487106479 61.82308131606194 46.65697576505906
5.49348778931341 119.2784988801825 74.25358606358749
48.35490758257928 126.1188287789902 81.91957901823359
166.023692930157 23.30960553767564 78.94742256731331
128.3636136268775 82.53955486766041 62.46919809426231
112.2780875115089 189.3974847623862 50.30249067696327
109.3848165375013 100.7767532598483 166.8142132049447
63.63054668847891 9.66156185975311 1.405571529537769
33.23736025260985 122.7133857248529 131.977205250751
183.418236928007 187.1151249438266 51.68223330597439
139.0345916739083 103.1524345899851 142.1487056624429
171.6966339836035 149.3839587854603 63.80850605042148
111.5998892959535 120.6230206049711 119.4185526401335
28.77655305660573 179.999882379013 24.05689817400365
43.59986868958887 131.4751509823647 3.423230158141123
103.2161974629874 10.2520127071317 135.1286024825991
114.3880667206436 129.4995458779321 97.85639789744664
68.42080253708836 156.3319696941761 71.24084324216372
117.4948503827204 88.79605917325685 20.60888934491094
117.6369753751692 56.07205423900625 54.690174885772
190.6444004906574 43.9704882714412 110.8010809273998
128.9892426178484 112.7980943834852 43.40326868424435
4.198249105216455 161.5729024716646 152.7750400385916
165.27833716626 122.9788067790112 197.8853864856048
16.52528202287072 42.04276298531335 70.04018590861681
94.11323020731682 42.94254271066117 109.8039169005065
128.6496171585468 174.5878167737754 55.086040212039
67.15410185632051 86.66949048665893 147.7438456467766
133.3454677824278 88.02299689024827 180.528839319388
12.83493412963995 40.63218021696548 113.4824925267827
12.05279540254616 140.205582603875 157.8359710675627
133.1121390615168 48.39371328014504 84.33732037200797
144.8777891441936 39.09418346328033 176.297825333919
107.2253985069943 171.7508930981316 156.5177412121669
69.40151244272995 166.2389560240238 14.58114726050063
6.783288922644696 187.5573159739196 60.91201538761665
138.6372682341342 160.0445966476423 196.032922945712
195.7536448670533 102.7234757003074 20.337862819302
16.81805498654383 68.33733769112743 172.3284438259269
155.4805983051713 186.8035746503906 185.2352538051411
41.76313965999417 13.60315852382428 5.469996448099029
98.49127355140149 174.0899224232481 123.8860038688238
145.7649021888042 53.41683114129813 102.6586752697887
134.043784311898 50.49067753497162 160.0809127586201
150.436394615737 35.1474145859106 90.22286871855853
50.07191458778018 28.97334820669233 37.94523402199749
143.9638067022026 13.85032577641895 141.7087312148274
138.3987280169439 101.8248772740145 26.04563035558364
63.48987770758678 190.4762647076226 82.66993949127291
171.3735538864061 179.8096930270405 162.2914021158282
75.71402401811272 82.68134279762388 11.39319539176803
58.22620140079799 2.83147771976768 164.8089776320211
122.838231640026 87.57449788828261 83.78486296659462
158.120709907494 4.645540015681445 68.97563364572238
103.3601740817644 171.096275621228 197.0737014424651
182.878764038237 125.5293523413397 174.1684534931476
21.55481834155435 0.5152764619519676 30.15637345568505
78.8830863058643 186.0300754718729 19.93402721942886
46.42590014227616 69.08187604292098 28.78288131733438
71.20391699458219 98.28057555505579 45.60093318492309
102.3218120119035 78.42963673109479 81.39951513837187
35.7201309482007 152.0017322840638 198.2452559605798
66.12864895897377 64.74440919558947 135.0436262728516
94.11343303504461 20.38609197661092 80.38592464527304
134.4317034524557 139.639783743444 187.3037455425378
61.77258733843584 136.785864610897 36.01374459066115
98.66997948871533 149.050126985522 195.5875482916624
66.41339522785826 102.6213754112513 163.7198525728328
156.3292025474251 164.3767811276411 182.673590944215
179.4457710321781 25.07375616280386 186.8472468888725
6.617288285141574 122.3724930815636 22.81535398057891
174.5734411170729 137.5450504854528 135.31477980421
39.36304914612683 66.92677217182373 7.418754859049739
128.1813555158687 104.4522458541038 68.88600938279835
34.34362576444616 106.6663456262159 63.88592582655762
76.71425895967265 29.07988087032721 91.88329979042305
103.2101514950601 70.53746063590083 191.0034005016147
84.46495750154783 115.4825223317454 114.9189293503304
120.6052055671717 139.0277968966216 156.3423831755536
186.2583153358196 146.4964331619505 181.8627418858773
126.2301956223755 160.4490002212582 151.8999454808141
180.4042596604182 90.97898833337506 90.75172322370443
43.9286416015718 66.26421498678717 128.1734562729918
165.9897018744488 129.5463522904277 73.83082798033539
156.5135509248084 88.93279952364156 143.7386682194953
197.1646558237685 156.1778960678911 30.70937923519306
46.51225304741544 0.07273143126538388 94.06779934597435
179.7498548578686 199.976047342363 124.8266016362844
111.2903610043552 124.4318321647922 74.87028183648087
25.55142259322666 50.89473661933791 91.3324330707722
45.86472537737113 98.89189560815893 172.3270101432377
192.345145870377 100.1620796610861 154.3205574097885
143.5548632100939 98.69901466692951 53.36838614295382
30.22825670410448 109.74433346197 152.4714328585254
162.9950041428806 17.13619742328913 100.4639200530371
79.3824543932144 130.6730480467239 98.99238184444054
16.31864602642744 43.56397756043635 47.50383310452774
165.0157024876583 42.26064481378761 189.4216573085887
9.70960631396324 143.0629624086579 114.143201180359
39.21578531350825 160.6675810784939 18.81034004570368
5.30543467899421 167.4287966442166 71.05596762122339
13.94517139357539 113.4706509772288 98.99148099821342
12.25913448966461 106.8364136896975 184.8331767694456
101.6454588589607 199.0905890019944 80.26077477939577
79.33393620423952 6.808948668388522 28.78144297092958
197.4571815383713 74.31060053931733 154.6775846522357
19.09002042204807 75.97333721155499 3.246273120982911
193.3790170870681 82.08062621790435 11.33311784178691
165.3565235655406 166.1993907603216 3.422509117910507
10.47668658980897 134.6531604440695 90.03425142914371
30.91852118399139 31.56733185405617 124.7379150638101
84.48300912571176 188.9276840679231 90.86301380062469
106.0931002929268 48.14096231108839 190.4320991435392
191.4011033107814 104.7318426314303 176.4218471473575
65.62577272451617 16.07588357745107 106.9254122560884
22.81802456526662 86.89302977001927 183.8270078339793
77.8056826819202 161.6455938512165 183.2088750471304
64.22792225131727 132.1976646826255 194.2468901035556
32.74714786827457 138.656105508231 92.38157770862659
53.81349862760717 89.21711945956008 129.6945389172232
4.168258000364663 146.5092558080186 195.6276946835692
44.2671532233603 127.0577773185515 25.56564982780663
124.5323836108693 176.2399085626271 3.033486424500127
94.43400674165167 61.59104060431871 47.72787178980306
19.23443948828091 14.89973813875801 4.461118693015691
106.9672926458367 25.06135597211155 62.40913948227445
189.3814879269412 9.884718953180661 36.89996522560894
152.1041661418838 66.97859549711718 153.8233141506848
130.3312053256624 121.8573489107045 1.668118542714614
54.39313828513904 175.7314933756309 149.9233316893455
90.93388782674583 170.0568238349514 101.4706074902597
49.78706851239993 90.38440815499159 37.85741197007719
182.3171859830191 88.56507383412283 32.91016471001572
79.20834051545619 105.0033392730853 183.5051339260545
154.325371628242 143.8308997476502 197.1483039853229
81.07039258842509 70.78533556630696 81.82318497445495
138.5755282776746 47.14842333660553 47.61295677461354
140.5439307081936 82.05536557509508 15.04122413502709
7.558842324531975 59.70523584739584 80.89757933689027
133.5627474080183 123.8328165726272 127.1739306283497
195.5457568150492 129.6228455443323 132.5506784137983
67.09125961047934 88.38671223506431 79.58433054577652
78.61854028396303 19.79298790809303 141.7158838402867
10.3253600432025 79.87729421957893 26.10505187534245
60.0496998371485 13.1524638201689 128.6188335201778
17.82075355898796 192.8234968629819 9.03122753086955
42.65467018444934 16.97082810687058 108.5528300754874
83.71651043688719 50.15428930450996 188.0912149165238
129.9688847064809 172.7004964928155 133.2944061162145
188.3726127013455 64.2348437349935 197.2710736236461
12.94459815970357 154.7471068989244 53.99545088145784
94.72651638225429 41.89847326584115 87.24785001759514
114.4229648754455 132.3160913831738 13.82481996212244
62.30126106276462 187.3470649254449 4.651592056834829
185.2855364444006 8.55205563676369 4.039705154709983
146.1402403395743 48.77892312089767 26.31006959037955
157.7324368596573 19.8677256501848 158.5746327906466
21.05521541513274 14.02891759006622 114.4732774214153
197.4344656784886 26.43354055139107 173.2532100371754
93.36951291365547 147.7278889029374 103.8644849733096
152.0456334929019 137.6526632174213 136.9639195535538
36.78229001265071 85.91282331412532 115.2286588011187
125.0675069778991 171.7435214151363 88.92635099024872
29.59530966394093 195.8907637295689 144.8031294771972
188.6392245141572 146.1611807756314 158.3100256584401
92.15674286468558 135.725059735895 122.961737299059
115.9980727841675 10.0133404597726 192.9294921764437
40.38468864859623 170.4339546743707 40.90882793051873
92.02333377795316 189.3279696572108 157.9687890666534
131.114409699704 195.3663170366694 143.57337123417
162.0795146451342 101.4064327510924 191.955355916834
147.3749392484147 186.554324578496 59.36894244827178
26.96398267356839 118.6128279563898 13.75366143733363
15.56734169066142 128.0515355984948 176.7694883179613
142.3459625243928 145.1449396816038 155.9380826533698
173.7856615230833 40.00824320065166 60.34380084830311
115.072774840807 156.1124057530899 9.419260464000763
116.393619365127 195.9157336865973 10.5744973412217
151.6486461398124 62.34538211478102 82.76129080792195
113.8077087314309 36.61173847184737 98.11987008110256
61.35903899681044 177.0704574752617 184.5582336410359
81.65107328884142 169.9614870697693 59.01674426317427
133.4511483607018 123.8424437771093 79.20551784456153
112.7514732438876 177.6613002751137 177.6072105395951
88.37317794793455 46.96856659587989 26.25549640213093
114.9144191277045 37.91549376220656 159.8962814979704
103.7782021835925 46.93813298081752 137.8797628128596
173.3073996131395 13.12699377570254 143.6674957614797
142.2429145181303 102.4185359589013 86.44678769512934
111.6287261841715 164.2116629583188 108.3918459764979
179.2562612803408 29.64987798484504 41.03009324241274
188.0709608720623 146.5555587581041 119.6028309882811
183.7274582360406 168.4908340443319 64.46054809124513
136.6483709669647 124.1689329606341 23.23180174340703
179.1396666496613 84.82611846351436 189.6744043985399
42.13957734188691 15.17840154022779 175.8741801882014
150.6744036486522 113.6352389280542 68.74539340492458
51.96453391503699 196.6513752560818 141.756112514142
118.4034195924431 183.9084775382721 117.131579238031
14.71470344647138 10.48550765477201 136.0965221733948
57.18938282999609 9.689897381174788 25.3812590386882
42.53868635659248 182.2492373033398 80.77197680588976
97.7150508678137 115.7656204386089 90.70841047291705
178.005677652611 14.39508392309616 166.9944233013964
181.5851970686363 110.7677879451855 37.002332020956
95.67713131223908 44.36580062045802 169.8242493182453
96.7257094860928 117.9332491172695 24.37053674743495
182.7036825033098 188.6028282804274 29.1540434373121
100.5872083751473 150.2348609405627 154.7181852304467
8.578899015493551 98.16033415335275 82.9968181019704
172.4369755852448 8.485813370893974 51.77177199383826
33.62527985154238 34.02841275241544 10.64917225473825
82.34468089568588 11.00462923403681 121.2433907239391
140.8140265452337 124.5781931048493 171.72652576364
155.9867384193431 61.55348109201205 10.49575341702035
71.35583543393315 41.1222476209364 143.3153979516856
23.6131801007551 49.12840804752356 182.0794402214534
121.1095446285371 17.35368751981802 16.08809284441299
43.05788569328281 103.3767785001917 18.12251005488078
9.077108878624941 60.52413853252436 103.4201914004639
61.22973399711731 69.27553215248203 92.51445615375944
41.00515149270118 67.76381482710713 102.4606097842529
12.80305979715481 79.71716424902962 70.40561414123069
95.22987559818553 32.91336246805568 3.094706781252587
169.3075149943637 48.39201109174061 80.83523406060061
2.502181114622169 48.4309682375524 174.0744576896765
70.26501589731166 105.0354575297096 129.0420734488938
57.76269714933082 158.7537235279512 32.43459565919987
184.1773911860961 153.7093694568007 3.293608927523747
19.78443393014284 91.80241464776745 101.5674301927462
87.74590378196102 69.52682487858731 25.26840728138664
42.30562126250098 165.3877807791855 181.2839586570542
79.56075774098822 146.3695083606501 163.1414998252157
166.1514628297445 20.5470459393308 4.539285409202125
154.68421499697 142.169931785728 174.6237933281202
126.574405327217 76.21063520177782 118.8457302282666
129.8882634423582 69.09787705197799 147.9669281210416
122.268742372161 29.47978577134609 78.4274671756162
60.1839339145927 118.6907047873249 11.89484630751675
141.0474032082675 108.1673279660225 187.2463982116252
164.5140726621776 98.29465660114589 44.95476239387573
54.28387412190829 49.93780163250155 155.1930066226216
133.8869009079942 168.4726688957413 111.4536485134127
188.0631242812628 55.24225388023822 91.39678264856123
193.6763148260236 45.38607504843318 144.0208828175487
22.94251664516902 184.0230579670505 45.52922921031602
141.9500859566195 134.2409300121768 97.3680289007049
107.4910715599919 155.4190198556608 88.00035542522488
10.35185921072194 125.0426979928186 198.973387859742
184.4657790585028 94.13592017564699 54.69535136664059
120.9650966688841 7.752349253470288 72.38899798739341
48.74310812476251 49.20384416061102 17.81844647959931
133.9260673243452 20.73148700823488 95.68486496331141
149.9465579159273 77.54660487963899 58.05472485961244
173.2903500754511 73.68091927445009 170.9177108520539
6.204430240681563 154.2734436854974 174.5133352614999
118.5838505739348 105.8343595279779 186.8150059660495
140.1876507682181 6.232056507145138 162.6357973884805
100.1939817822881 157.9007374893145 63.59229686816602
150.5404173691789 42.84614335557458 68.98706889364165
121.7553589231788 79.07453230694632 0.6695710512768586
43.21815583536403 184.5534304277443 58.311509978091
144.9364813876089 73.68056298466969 131.7559820402249
25.30740018806356 62.31329824776015 24.48881918771403
139.4912173880565 13.5910816197678 49.98128269288527
35.8629328935 160.9159271149678 94.62531776160246
102.233047423167 28.55505516630936 24.1231612029079
11.45355988639379 99.40736063299774 121.137755902519
80.56408801738441 35.91255182881977 70.6998583708433
147.269697861321 30.39475690259678 197.0063372938079
74.06067017515619 116.8409538829541 147.922323770237
52.39974597854137 178.5375523595863 22.94339971940204
190.6642502244257 150.5482914360702 51.59708730398059
22.43689160052194 193.380066211315 123.5264359311431
157.6445984927836 24.38126130377481 57.99789833267227
51.70211669172276 30.29061162520308 140.7365738365791
26.54074527279927 29.74530548258207 99.20412493114185
134.0854296400102 142.6372602622904 9.689684747462893
119.3383015828943 78.45012083140075 165.6156268477244
71.45925886253576 152.3462825473636 49.21526552078593
161.8252218820785 117.6046145935947 176.2139837952528
169.4220055710966 113.6650872003139 120.1153347366448
69.08622982292299 79.79477015264931 32.79363848446375
112.3733349904887 14.7934103062402 92.4500535360864
48.5776191390506 50.8033443020401 89.52403188158596
130.4526195205768 144.278959865921 136.7032236221605
135.9067398027393 41.55322039801442 120.4046206609619
82.20586685400548 78.79964007608753 190.1087289547084
24.50244054698774 162.6430417378312 142.9344631675034
171.0110567892459 96.13308549480388 171.8889454291032
113.3266667570657 127.9498124254156 35.96026879817733
66.21008343462051 155.1584774914388 147.1804386547102
71.29821523451156 59.57691782022994 42.62120806551265
57.25344814106172 158.725439265062 197.0821726795106
29.14799259856832 143.9970510306374 125.6112877995638
111.3156657933268 67.35733319483732 17.08185723236981
54.06210905906589 92.81102352196385 59.90465133240442
142.2123318633534 71.10584491477046 195.3544381366108
67.49933601996122 16.59598321496593 180.1319195167256
94.16061493518258 21.76260343607542 44.0965362379719
84.04723284589619 51.9766090349434 128.1051052621279
5.034078448620726 40.36137138306466 92.28544268691665
31.74210433015977 83.93554797393648 20.18065396068179
178.1953237568576 101.1396918492497 136.7401840541336
119.5611409366755 109.2145910353807 89.37102005303694
170.5872150768282 0.4013461224692988 87.32821647311877
83.95354407433392 41.58091745350284 47.74230805809983
111.7187327094415 184.8700432549757 138.6869067894992
109.925421615566 134.8536659919819 136.8807781075252
27.13713673495774 97.94833185017059 3.045950031916638
2.732486256938191 191.797248845039 39.09800369917765
26.88249841836926 9.811753010116995 88.58434282699224
60.86101692696543 172.2663599645211 50.26861479946943
84.3564128475154 141.8191215382888 64.48227203410073
169.316407563973 51.02080152434967 103.2702604135764
165.416691540164 91.63008458529264 66.57380471854819
121.4213883340431 31.91902427579584 193.9157928039392
82.25968111126089 70.02034479844359 149.9499184443582
112.8334341492765 198.0587022594078 156.991567918894
86.86806333795795 135.2032689327698 144.9161900156027
28.75485880846853 131.5662017604117 49.73584296652163
195.5275494655887 189.2770424845974 9.854875539844249
23.95412077450445 177.9769171055054 107.0742021911011
27.68574739003584 0.005808534673829763 167.1032239735801
72.7970369909678 106.0725318014091 66.74298531704773
87.56056535385497 156.4762559144046 137.3516557981833
178.9070232062753 143.5872459002288 99.17141435344132
1.697249298495235 58.68568434796643 124.6898558939697
132.5676239188052 36.57432285360464 13.00332142433074
135.7311882886155 188.7686976898503 78.59816855811769
70.60601999133544 78.04153713309833 55.61435850990659
67.58116222257659 18.87098440242067 63.5393511907463
132.6555218242755 69.334545914434 92.79398533950213
12.38434497077851 10.56308388023286 48.18932934137347
72.86332219572839 126.2389055598272 52.68409530627608
86.92142280525739 12.54798631021477 190.994299436171
86.33220173242758 97.66602967877151 143.1054692294431
58.22500075188806 123.809883497741 174.150851188581
52.05565237787486 141.6393822733953 158.7640953456736
148.5176388026323 180.9687532295064 143.2918950818091
180.2020340726844 118.7557913114723 15.91861017992375
191.7561177698966 110.4638393356061 121.2010407593983
158.4859893311541 18.89001280264319 181.1294009065515
46.09290523357929 158.7497124723724 137.5552530977076
81.70664216810046 177.1914548121626 199.12591791014
