3 1024 8.065256159970037 0.6492154999999999 1.4 1 3 200 200 200
26.93269990502309 109.6777167948338 170.637756107859
168.6177250199819 126.980916945603 145.5966751908902
180.9112367539203 44.9174899072928 134.8228399450163
170.7957442332744 25.37612582129475 195.1964232052151
25.99123316535979 1.042672382935068 27.48617728201971
58.04372526249487 42.65816527016678 137.7428535008286
46.55040557962503 174.7183837344887 138.7446374264992
199.9051234607577 28.21564204195818 29.54457657653431
58.92038930786201 91.44360105433898 117.9910809300462
24.78190979969031 28.53302108107217 67.02295526715007
173.717575392821 116.3021823093046 165.2275422971428
16.45812113194521 164.7959404836267 110.1811333339838
46.74593595691158 168.3098765052411 169.8945651703381
75.00294539013646 136.6962659128808 16.71435087806555
101.0519176993219 172.5743582459815 172.5226716843536
140.7084834083244 63.35102759970088 176.8068670251104
28.41161738599466 165.6259291236371 56.75024000813718
124.0539850391951 198.6211056037344 95.32510606275275
64.1637049522908 66.00605039544858 96.15580221747605
118.8958596718898 101.4167062578557 192.3407083781552
68.97637694798159 39.61230637823932 160.6241270503849
78.41820588041328 24.99314379663756 70.39176970447544
12.36670159437517 156.4606911321371 4.12613665810833
117.706330324198 65.38014035600493 153.3872737015901
172.9428606590899 27.73011939236462 143.1570497640675
190.3264371128433 190.0802057303151 118.1389064329406
46.58432817008641 102.1907429865487 51.55507293668493
156.6548445895639 182.9854641899459 166.0224573281289
35.10758588792928 87.27304303649728 185.7347375639297
195.368675166183 128.4728418172709 45.65930545950847
140.5932514807665 167.5273892909715 186.586612098439
115.1867203476546 68.6262955894711 104.8381987776625
46.22363488358599 44.71798270558588 190.5441493902867
175.6799242087162 10.65758418222517 145.3761152203504
118.8743440745362 55.12273043110298 176.2461214350342
157.4332485368738 137.6314602021662 162.9720759997969
16.15088116401907 90.13960371674371 181.4924366599011
111.6967339387027 39.76609485107041 1.256829469286977
75.97805619406166 34.30809130632951 107.1727962996757
71.54016970196061 149.277083812107 74.63088464708864
184.8081256944574 53.91428473654673 147.6316299071869
178.5998685406681 127.0923512598405 89.01596149568186
161.5918155891401 99.83355734685001 76.93612310650833
45.11973491030631 83.13042650933623 117.1998569180385
41.17385530453189 23.2225024457334 146.4570825415848
39.36962116625594 92.0295096015806 105.0196771477199
144.1129206963701 176.8204573446484 22.40561287346355
183.0302923165552 176.1932306308782 121.8953648041006
173.0099457058666 83.75558068817288 101.1572372971679
79.89472674051925 29.59585036258861 11.27685985404238
137.5234193754754 101.3466553096289 19.79669348622393
85.08375435517173 79.88878173010897 47.15133990634283
26.83958728716282 94.01713150225608 49.86858094643974
142.3500569217618 77.56666454011403 79.79792032046042
151.5356183782394 35.14018368513779 26.73036478248504
187.1206765852269 103.6741528814389 90.61397366040993
68.02967904823035 18.67698191588094 10.83929301890061
130.1582399238998 186.9078983175334 134.1346696110019
166.5182188846917 31.74098775765538 166.3012672795387
48.66063558137256 198.9998002096933 179.8280400341253
164.2625567970857 55.55298821868011 62.6855262136657
159.2661869039998 178.7402443500172 17.22043174065812
95.05816388154658 174.0510609737539 70.43139922439907
15.22059923827599 99.95063818094539 3.904987090408531
2.069700048574816 152.1709789184297 192.4743895617808
90.05864318867634 192.8920445086716 193.2744638587708
71.16530085074018 64.59892795671483 22.62584242437081
157.6464675576794 139.4505766645418 82.85542604335693
165.1902463950767 128.3254251262464 73.93829400697813
45.0801958682744 21.64638730631162 71.72273843888915
144.5575782588291 148.3617430327304 165.7549748885038
63.90546318775796 32.82565124628429 17.39662630549163
2.352827880517862 153.9293415193808 156.0138123969167
144.8219222517679 29.590477116584 58.7204564553659
10.42789846905112 98.47737170017189 34.5506775865796
31.95269509605148 30.40024745053726 82.73916006671882
39.73842197658103 168.3547078264078 115.1844286982094
28.86493428832053 41.93813985299967 41.36089974802489
35.6065831933174 165.6070761965724 131.167711291915
129.0063207887002 58.47327289932758 63.65342845473597
145.9802671342957 44.1135768548538 3.463703713132885
60.4537041649464 158.8979080562233 81.38117318928057
101.2153284729231 137.5075169118006 93.75943459608754
49.6988432209765 72.70364959926052 52.44899853539232
128.8306275787503 35.18355611368936 164.894754731028
168.9143435309666 17.75690441363576 60.7646309633111
94.87614971118303 97.80625232567496 194.8034647339924
139.6907743948448 94.26205426669391 164.387130317749
178.5324970911485 184.3647203374756 108.7352071632524
94.2522087831382 120.2485061099663 163.5151385280623
55.35758210742463 117.1328479600405 177.8621235200497
98.73148227868161 38.02835266599325 191.8188603727941
132.4966667810391 92.74448583004516 192.3941345616203
35.64310174081517 42.5728313002522 26.73739087191114
19.13319872986321 44.95670097353595 159.5864356887059
54.79717018785468 141.1196302639817 97.09858660990716
33.8316591709181 61.56820498952803 92.54433857083275
72.08154434221321 76.98279512450796 38.0578729013533
5.953487872593203 102.0603565893003 137.097384484356
149.0856876743328 176.4109554114036 59.66724668548375
178.0647019481187 90.82168870519448 81.33019734619324
106.4367960978316 166.7150385642087 29.92637509036503
159.1017561307332 142.8655200692685 178.1382892776955
71.23292433196956 80.16369681416329 133.2623996807822
87.69094118253359 166.2515689660334 166.0651538201244
107.4888055788402 60.44022920444537 32.92494946974112
199.1072954960258 167.8984964723211 54.60448693304995
82.29716696604301 187.8470774405525 106.5931746666501
32.07186992258866 171.7566312372551 175.6377671355565
37.69907708217114 58.45273852604626 24.78938218221624
47.25599463708901 119.7570809782349 42.86364582355827
139.9804109591235 84.75799097677407 177.4171220614329
198.5971319524706 94.7809263753113 149.4702118741735
17.36256010548043 196.1713928104355 171.1776689984691
166.7838510584164 52.34025926807908 1.500454093270874
175.2992780454563 18.09039027271476 44.06200929869838
172.1038048831155 22.15385089535623 76.63604040453501
90.43338029981365 90.42722414605831 58.12932069357539
94.3607535278323 124.5516551255859 71.27156627564824
154.2672224628501 20.53154898108125 172.7499833856065
123.5775062678657 153.1199538201045 39.02225969934661
123.1264734823902 2.803842283889167 56.73968360114673
96.13001342468 14.3384582719958 162.858513965125
63.63700232175192 11.26970304415608 164.3710210100255
90.22764376504372 147.9863304414098 187.6088884757049
10.01065938873425 12.58628472180094 142.8168621908501
155.3211005897089 188.024861167004 133.9356828158001
28.30613475609571 58.20638901139352 158.4026975330428
177.5362820527075 60.77202262634148 55.12221663204119
77.67865995870508 134.8294763741569 34.29609911354109
144.5973657910666 28.3113744156055 13.62553094897087
8.367347488051696 147.4529816966074 139.0903187114642
128.1673905302448 159.7183453978695 57.97966467920043
141.5756150860668 82.40836360988573 49.06257466432655
143.3334321907225 14.95784980679706 52.09749434766027
190.7711838891396 111.1715620925089 140.6858832102115
171.663511047541 139.7825733013737 155.6874779288327
72.43031225762185 90.64247374064163 108.2849216185767
66.42549236581554 103.5554354900483 181.1480525724787
72.98877076440786 160.4833348149567 162.7838753871145
192.4181631722055 154.9883280666627 61.58848993631682
61.52234684189273 51.54964555962852 187.5645548479506
92.15306946643227 199.9017557218428 54.79456738548005
180.0076981894354 12.12106628050396 129.7220921291099
10.83116719212332 139.9845859561158 199.7335945325289
62.8496371109906 66.44025659467573 134.5747119637903
88.86603249435957 31.6799362328202 58.54805363591937
107.1980388243621 3.481603239277468 167.3105298622096
11.91254396267683 58.17464251923397 199.2221018570322
89.68289424536152 150.0333062260707 101.6717900843642
158.4493460427325 148.522646835273 96.1687945267476
30.16374237152325 1.703107240534351 43.05368414597321
104.7708820638178 44.74842697983142 30.36106327843646
104.7766225283419 53.65984113260453 196.8671637595964
145.5049472331279 101.0114433019519 76.80174759026636
93.73087773021194 136.5925042982472 160.8948073641859
157.9770228029141 8.350578379811365 53.54737618006685
99.84000022653335 145.6616188013747 113.4154999077889
47.8785088833375 60.07098799253543 185.8815291953551
198.0029852194939 35.81389518954807 166.8916668607541
109.0299954694691 182.908137092117 199.2625122105531
55.48862030299807 25.83440513087784 60.13315526233058
35.34082396408061 93.78084003358114 140.8970508440948
162.9984155350015 76.37234001240752 127.5968304199693
22.74054194469768 88.0279264664445 196.0632985913931
8.671774972558204 23.8525209921261 107.3652888793027
11.39588444714477 126.6805867434759 45.32854138104226
37.66919921468951 140.6102574012171 131.0550559148332
174.1032541017512 168.8599195033086 107.5146416421953
178.5143276526267 121.086003274558 187.8439482060857
21.13052922208059 193.1930936705113 155.7788024614018
3.539171364960357 91.85313529136367 191.4679439424241
45.70371200437284 7.806612715029063 147.8796937547357
118.3256836490944 85.3747030856008 194.8496226150185
192.4321504109051 119.0363886209017 21.75440617119629
178.2506880753013 24.39532964559774 158.0197383137774
59.57935601183954 165.4080986269122 27.63963926973968
137.0188856390257 190.3992197133701 166.5077321154571
93.70803231534968 141.7874757373003 46.41829160667908
11.87041754133187 88.61576769345876 47.23376034523098
22.6456851088545 16.95061620648282 99.63142749183753
82.6111435570464 12.32282785059923 13.52238828942071
173.5115043537004 63.78128620918493 29.92799648356855
166.4762745117862 117.9203705723024 23.26474022704524
60.99544619671814 139.7555581649461 82.26910277944953
110.0851798426138 131.0324310090036 105.5743581668926
52.81613229727554 57.57861113940506 143.5846541152571
24.37415905778769 148.3298035388434 197.0619414185842
29.97946419177343 157.9231354090641 73.18019099822769
159.2517032636834 68.96093542339274 178.1043357390192
40.74902459076512 88.39296657938786 43.94495320921288
44.14829281585099 60.79404669802402 156.8142488603127
5.814632197924072 193.1572484447423 150.5836329648059
171.360554190938 152.8395366681466 174.8251260411684
197.7065277427396 127.8175432488384 114.8314133116064
50.95039082670505 166.4826930760642 12.17038930122607
59.34548543316951 18.25046207159192 96.60454599671118
62.28658412109483 174.8011025315978 79.40019056156433
180.4540306193776 8.622275621593372 87.11444254839925
126.6623811066315 74.37349076187081 95.06720605898519
76.77018231606309 75.01048023624442 150.4088809540458
196.594785058618 90.24592912411303 117.5344260914709
146.7357755629634 146.2457721560775 73.10990064410306
7.615881290495108 63.96876163566648 13.64984489945766
48.78950031317581 130.9826955490645 76.41723036041751
96.6295197219567 71.10391995045205 174.3806138081049
22.73981714375311 28.59054618290872 51.02232051657876
192.0328517538756 21.57535163360275 135.1059376989528
126.1933835174174 87.79799664987172 48.04976047994786
186.3506302476685 87.77070258755269 12.88143818023006
196.2728868519694 140.9899580225828 148.5437138275551
8.828656833499171 27.10595007634321 135.8904758916165
38.34531322016875 12.15992915183961 33.89344113195212
193.15898987586 98.14872660109563 180.8467331354657
41.37433472988806 6.217091474923047 74.62038251398664
143.8713721882048 12.20026631757919 141.7572926905492
10.04779181246862 6.598594753594626 160.5199670916328
63.16101852323057 35.77059514056545 34.37852759009499
109.0770661331846 89.15850116414124 140.599183943587
114.0185570668865 83.60225084890229 98.96032766739556
80.21724916327067 115.7884921740232 38.85330261736833
120.0994506798159 51.21429842548955 146.052773561747
57.86633054855947 186.0369338446583 14.06011025144763
46.45375498507032 78.49618047119948 193.1120219860665
69.03663260000648 83.39585324848584 23.57358914451791
91.38634189509325 27.30113238327314 148.1029448456731
146.6098765062821 117.2075365575272 103.0576186652935
39.23927063482589 119.606789286365 181.0274607195441
31.47097597766494 104.331752704642 152.4683686498376
172.4033100512047 180.9431019974632 72.15819005845998
169.9346942004402 164.1088985282046 92.56328450745197
106.2590912628648 146.3862293946559 188.7860346283792
128.7290068630677 130.738982727444 9.736804493216843
72.77201092938346 16.1880331988853 58.11237911972309
170.8463327208154 151.324317565795 106.101436147993
24.7245981069179 118.2207692621593 157.1346610458892
58.92894364699762 179.0166388540827 94.61149111699915
56.18637465593961 14.75703186459754 81.17699337349671
101.9580136287491 184.0437064765712 40.04428952282753
16.97913017444508 146.874301727709 29.86868356061425
90.96420242759348 137.3237572496668 18.95886132178236
136.0372488555037 65.51136843257666 50.95600162918902
138.9998066860975 152.1885692951583 180.406297339701
175.5427472998035 45.33483645939254 50.8899360861428
28.94518027501461 71.4044350833115 167.6545351675486
87.63181389499236 11.95383334272683 64.6000633555269
109.4977517976056 4.748484840219376 85.17741268871629
158.7550192491529 70.12065651506951 28.42753552548959
97.69917532682184 161.8975689291265 17.25204230760679
61.00851326099085 88.55865566771944 85.16230173524811
109.1859644643816 64.14222555284623 167.0278067421578
119.0176209064063 71.68462478614336 4.570827105644725
18.05534094381166 191.0785915122428 42.21750609599954
4.955135214893914 52.52527060108508 115.6577452127155
3.70034827112218 184.3776321396312 91.08018782331516
32.44666431992913 26.50939969794596 38.30839598263303
184.12285459414 148.2863634329589 28.64497169582554
192.4210971603481 17.9211411420271 116.0493072231621
77.76024883555891 2.543530931723888 121.884600610837
91.02236900474168 61.942091937727 42.98869895622319
189.4966841800935 155.7670626559162 103.4363157738155
176.1842414925574 169.6103171774359 20.16246297566088
111.3662072305152 51.76162609523551 96.13965218346387
1.157990333783109 180.9222832227926 187.3927326397974
78.8021575145643 178.7356462148958 154.240791256036
44.96152899922742 111.4956749668471 140.3959152422274
81.46631657493184 0.7498370894881502 159.730157279106
18.07843630798317 34.44557264158929 27.06677615040195
148.9194070313551 65.23932482483571 119.2847845760049
32.22795247355569 133.9641604096953 169.9709589594216
124.5463165585119 16.56887501834169 88.09232529856649
55.8054166111896 74.96219930053053 72.40524472030964
36.83237219872436 178.5608405617262 5.409299610814085
140.1876358022278 100.1348324676084 39.38182476541539
49.95179549761893 27.05430919003732 129.6361815333531
192.1475395467517 68.00360374200893 173.4190593553699
11.73850144506288 75.63069793382569 28.53881968381619
16.86882132329755 15.02191656849995 38.52251058827991
185.648191867616 189.4036704137653 36.8659022565715
110.6417733349294 148.7194793849501 52.73282771439361
134.3165638645591 119.2336165711521 49.90535584713993
70.05682530537305 53.89921521428679 40.59348066801957
159.2376132001353 89.10389147310417 44.42112058012728
132.598102683179 136.475492975023 156.1818599269045
24.9846353819781 186.0705778288329 187.7114669258266
198.4870671674946 48.537172439201 183.5194689599052
191.7643365079962 165.5363505020242 1.953021644460711
100.1173861263611 4.658122819112575 124.2643606797467
22.83726546052304 111.4468967734288 135.8690146447744
125.8247364451296 113.9217665375551 28.72331646096647
92.6380187456472 21.26002689956674 199.3269358962894
124.7890836099294 197.7748684577891 75.57424084151904
0.2762772693906483 175.0084014360839 74.47967252167565
108.7907182159048 182.9818160244515 81.50680019615319
133.6477666682288 10.01019366258042 107.6914487401176
94.89702225915613 162.9434581511771 45.00242470790182
97.59764391614428 17.88597311011726 24.43727078026494
8.631007550789761 75.63605187307485 88.77110728386509
73.75459419103331 170.6933168256048 103.8635032193699
173.9901438465494 5.866765475953851 111.0522997276631
75.28771431178352 26.5713201152068 89.44307173696716
95.63487774360971 126.6976132943679 34.44912212589554
32.23045053088497 30.88025205597295 161.8210536426683
140.252482265334 147.910412150473 127.8324139321497
196.560841406716 37.96844536754276 125.5858966115411
185.6099560432094 175.4535291166208 93.07702249521448
187.2118985827944 8.527276948089144 24.95706652322103
102.1065881598461 113.61011404043 108.3099091377013
51.9620726637911 85.71526888663583 135.1213287996516
105.6639458758423 190.9428613889842 181.9769585161657
131.2868460963741 78.165268051079 113.6286789548621
155.9991556216115 119.0017947924462 157.9167242448578
59.96479896383426 127.8426976024265 25.08972521440896
1.896365406333609 102.6492650591149 17.68394575701157
69.35676563957321 92.74055620554374 148.0099043922107
179.8269642524327 140.9061893706313 138.172536400458
63.35627928417419 189.7435819596379 110.1037436285092
22.34302156195956 163.3424754928702 38.51193315928148
152.7890452386745 1.864682355482318 167.8412378901692
77.35713457085903 46.37241438801827 20.59274293860397
195.7650965688549 110.3951868064542 38.75139224726254
160.8634680093543 156.2463708855573 158.9228615068421
141.438325796141 170.2789913967023 130.6990744468151
31.44551712778692 105.9141036401705 65.91836175036768
71.68621437315306 150.2261580197001 94.54715719814986
119.7650290708497 177.2396828616733 170.8701596387713
71.51855298172259 108.5006734474927 57.72282814699973
198.799668656814 53.19317858306341 59.53162936780623
192.7435772382289 76.58778460617991 152.5399995005196
192.6480667154162 72.54014273806101 69.42260622215619
58.17980633703036 166.9205188606549 152.1098369155381
173.1810208064558 192.1572806758178 18.23888199759066
32.34999154045631 110.3450099467679 103.1193087057379
35.45222680365934 6.624413270055935 191.7478193612519
127.7890712530857 89.79755951911345 83.42645164198504
123.352657877255 70.64657988828475 37.26626554708836
46.64850138052591 180.2356580874152 185.1406810125625
127.8169121403245 12.6618362893252 40.75538404487236
56.65764406364121 99.49055076359575 100.5324620456484
163.4419527509067 51.96498167741729 130.3692184201637
162.2844533799506 112.4452527287387 114.1547631039227
110.0858191227845 15.52173369749605 185.4464655769629
73.74319386523558 7.552172994755372 77.36562627252887
70.12323670190639 126.6470763497351 71.33617392407803
80.87070178721628 118.1503276235612 19.65245835093308
167.2617925384152 3.382821739461492 73.62280276720018
131.3875821136745 54.07062804075407 161.5155580543618
151.0176781582117 59.49199060996761 192.8426473319588
55.65212683909598 114.352047350395 83.55891255260299
14.63942044612081 96.48321484265593 120.7227616897917
88.12134920728857 131.3325465571882 107.7561519289562
46.40210996647417 190.3197893493303 125.0101958649448
108.1279987852594 2.105522098100131 44.05509971851043
44.79772856729047 149.0848963904704 158.1404886683618
116.3524459668036 182.503366894672 102.7804928586865
134.737184065479 112.8708168482131 162.4241365450991
190.891172547339 69.43429947021879 21.71758200913184
147.9859562069559 35.45327040841643 162.1236510373207
146.0179019316859 48.36257348693929 95.99121053952051
195.1418453190575 16.78558346760472 44.42218899442361
47.89538059190394 99.27530166777152 177.54355838398
12.67392789885251 122.7333461142713 171.5947843472563
186.2446838114663 125.0792023748033 153.3652631697886
147.7542548957394 128.4627743105577 65.53321396184946
141.5044364005535 155.6556939965966 90.11357294188161
22.88963411288407 182.009434878651 25.81453619005212
143.7326949299088 131.4756215858206 175.1818250634145
196.4273279577403 17.40520586277982 93.8307807699572
91.59199750039338 178.1190437468363 6.165992877805714
76.15543959372189 146.9654792227084 52.72481642012617
180.6826745558085 3.355098937450804 55.40080906767676
89.23951856372946 43.71450223133232 158.1364156948997
7.26356206258369 110.7897322189543 189.9810128434664
57.75806116074193 36.43362915609729 176.0748114912799
96.60651859707967 29.87689131084901 174.3914160480176
67.38840565761963 114.1154494721381 140.7835702666325
82.6211651196426 51.67462340091431 61.26374745813811
95.6138851258047 86.57459555313821 81.01093135853628
158.2985639684209 27.295968421973 45.0166663212481
62.39765050547824 51.09663055041428 120.8753615368109
160.1054091633485 156.0753153568821 136.3535576936017
27.01009344402081 11.23867512348995 151.9755280709685
175.0209838381872 61.85063664858731 186.7906081565341
58.37182613210912 58.32849594856851 169.7095977439613
163.6420554598958 179.6139933796294 36.05567532511419
55.925697920952 32.98595999323449 108.6813242111695
66.55797822529954 125.1694943070263 3.656996029120999
169.6160868493943 188.5548757296391 179.2763519366626
16.56098317387786 122.879306310395 68.75961628046041
3.287566939177009 106.3948941954803 100.9051100433957
27.2878715502985 79.96390759896347 129.5038147356635
1.632996635699573 53.10850362747202 82.08436820714735
183.2546533768552 148.7090334292459 189.527049294878
21.34172254779999 47.41226748319784 58.33480161616436
30.62616143512265 68.58216512934551 188.0249794705439
145.0175038355002 198.0702577727029 41.85252363740007
10.88028659544197 78.13348550103056 165.9059547589796
9.477935554274946 2.487613648883552 187.6887463096185
1.704931066904081 196.2638968013797 51.18709530268601
155.116750726568 108.0360829359475 59.32656382478157
156.3103513146536 68.88608041328177 144.1468626890691
164.9514455143827 113.5442281617313 2.16662133948226
76.60544523854325 26.72476291617981 184.3914172171867
132.5459951746758 141.5331955632784 52.99907641429268
160.1050156439969 18.18899055121303 154.0581997438086
161.376073482089 59.3128571732772 83.57341453815846
172.8213582352622 107.7682437698219 147.8768448495674
8.391993301897694 196.0117401341597 72.75554465144262
63.67529802522292 128.8647123327028 47.56853294342831
71.1697704090635 171.983977147887 13.60049427451257
53.48990444125635 76.42095163101126 11.02469332837385
86.78959635069056 75.64588825590613 25.54540650643788
70.82425678719564 70.24222041463054 56.15928215130705
134.915091389991 12.39275439756722 158.9161282542314
26.39783112471925 161.7863887416912 16.35080397005007
4.464544571519389 160.0289500302482 21.43224366731762
148.1145001511045 117.3339321239191 17.1672693980202
118.3388152060453 199.877898131105 199.4868992615388
48.89057442669743 77.89349753702885 95.84348546669176
84.65675588416732 118.4075857039092 126.8782241377172
152.0297399711288 27.30140724283888 190.8595021486568
141.1602188242291 57.07868593414797 34.30297166539874
68.82456991703415 188.0426911432534 66.88554323787694
15.40000185921558 116.457656947107 29.3868649226362
22.9531392605743 52.16367967459774 13.94119103986027
172.9980814373919 69.50381289338077 7.940431420288853
107.9515239750862 81.36638252306062 158.2823494142629
18.33539197524726 38.53927354428615 115.4641340678845
195.7980687034083 180.6384513842351 18.25126027845989
46.19359244636819 163.1298831458553 63.97855952616848
49.14478476403246 135.8648705520224 187.2056766539469
39.81521442327767 98.3693502114441 85.48884896856953
15.66759236476589 14.55701287289928 122.8355610534802
81.19291662760864 87.09463700198282 186.2765410317509
71.38398128131256 56.43130129871725 151.3503521474566
174.3470585037685 65.14608767518664 159.4253099286807
56.10732895677787 178.565889169259 50.8094594883696
177.9427088558973 9.927091493244356 4.41196928967291
4.050443293320836 81.17643272930736 133.5116101839938
183.4803949558062 116.6138339575655 104.5420256030496
193.1186303565967 62.68488525997243 0.2825170432505228
55.37766543418176 97.25284616446713 68.81047926611977
124.0821343416767 93.39503120465042 129.1284408916743
193.0498185029665 159.2609516569834 139.8792357732216
88.07034554673189 105.2799265122698 146.4145302318456
198.9158825282514 146.8715090491935 121.9329536687471
67.67938298372118 129.7998118966827 117.2300845899727
26.94681917125268 152.2590662751103 142.1912001404495
32.31852382098722 70.84151213809928 109.4675343031121
158.3801255646925 163.0724209551176 77.06824711274488
141.0906657764872 171.4785617254839 166.1794498654708
67.82198202157133 197.629915721057 177.4523255214119
110.5563548907903 160.8549769032319 108.0305072512799
134.9549705025252 73.44433561364229 149.9042798752067
126.1814221414172 117.2496477552261 182.8594557731416
133.2848674834298 73.4200871229116 191.6050345517265
129.4225762843898 63.28249055188552 130.510781759127
89.32433097995735 95.70111436721125 15.47858273269752
129.4192855675245 77.81271086060731 64.35592849120026
54.67852436761444 196.7006716261233 87.9867411521664
60.02986121678872 92.18109689167247 195.4448415049966
79.76744749689 94.72749804520252 35.91622220795388
120.1902388167862 114.4024589230817 121.8129326046937
114.6858849930507 21.02793592160094 164.0338659911623
115.4541937243158 21.20730517898346 123.3247094302142
153.0336846297438 198.4786347148678 106.6017245093894
103.0991347721184 147.6583386599415 30.54319946515589
112.5337074700054 122.9684189774735 87.62998988824177
143.3860878445841 4.190851994558297 86.74119226685386
144.1483742868233 83.39576315479718 131.8369744677549
90.49437653919739 83.77913818177009 139.9477477383726
6.903844199372773 197.8389246876709 27.77916748848599
11.028217470286 14.68630082947079 60.33422350749019
75.39218077149505 187.138221359617 88.47318244401809
87.95081690118417 176.5852939327862 28.40034422688464
33.73137652628726 40.62888043414087 99.07587794185169
160.1468233279101 66.7418670415708 47.43605243815686
52.71701699372519 9.511783341916319 112.5537452966259
14.47450283824605 32.15428208910735 90.8702388422187
180.0577307933952 71.1640690984345 88.11935905822178
59.13913631364059 154.2719284376616 174.79572228347
127.5258771330675 148.4937203334783 73.88752957975375
127.0790942142299 174.5892623513379 148.7445075351225
122.4236402312476 41.84741182548316 129.2737080552442
44.63425968359153 65.58524528143572 127.9754379574445
60.31675012467897 23.19530279263551 149.3251094905979
172.5317356231872 150.1231404483104 9.351205927780008
8.585348540620647 73.51139350418067 187.8911344060288
199.5620325188357 174.0524208386913 112.056820705556
100.4919532517546 164.8061654809646 190.2432360194139
46.78421386316219 36.83908697153824 46.79865919354534
132.4549177549719 30.99291915072764 146.3480159156047
67.32078577620949 40.52921432195609 73.57859606092072
197.3251572419839 131.0500481819184 189.1298262814558
65.17596919762794 57.91036982167712 5.477398206120036
125.6931024772988 0.9167097237432406 178.1605210524065
89.97230544535408 7.021104540475322 179.687570804185
93.54047401782873 25.79945328022399 128.7102769358021
36.43177997602242 62.23057929212581 66.25214365200041
144.7838432868015 120.9291143512168 195.1228176069446
156.0454764835665 97.1846110956117 23.57668451493459
6.647634312717295 34.69680596669137 69.84042497741198
159.3524230530049 136.8148045656267 123.1357669542721
111.5664030726678 43.24944361581804 161.493831891224
167.0273723246102 65.94424770288094 105.8095189096448
21.29274247372649 143.0400564097448 48.34487565597965
84.61064494867843 156.5691874215533 4.024190476175185
85.07461341026439 65.10085488184959 189.9208537491006
116.6278178402097 169.7407335426007 46.10245240756855
155.9440510451222 85.04033136259342 188.3605982271017
37.79104764091643 84.485975297175 62.67093675846846
85.0462625258014 126.273636619574 54.39100322873376
184.4742630503441 75.1725537200096 116.7832698737952
79.11418929659024 163.1933930685127 183.1462867905461
125.5103702468712 73.97848920076254 170.4101452453183
48.92934901064837 56.69773815818014 103.6356217557247
55.9486353233327 53.48960061822133 58.99501192243342
97.62059100583632 113.969255498919 5.094371767334509
181.8950969097698 41.13881368098102 196.9338040860194
187.8626466068096 111.0935346635235 1.534736060431664
162.2018454030142 44.44701995105628 180.2513201655895
90.57688779782339 117.9918539325838 89.39314788685012
107.1001959407697 166.3032081307429 155.2377639273696
41.31369802400752 197.9594711186066 16.06714731987472
174.0063219501782 106.1315909223203 43.03561075957798
185.1505058529241 93.35525457106604 135.6197894475899
125.1865817159879 8.043463424945742 138.8801886429354
127.429311080551 33.62968326221647 108.7556083826932
99.8922090580094 149.974025963298 133.3754510964675
89.8555028343149 161.8522690423684 117.0002211028295
154.8998487284483 138.4658985482931 46.58971658451549
97.19021710162058 37.87206208420894 13.93162058870804
0.9394067249057874 159.7758245674884 174.7101782399453
142.1863084050274 80.10219219275389 29.15074684345299
111.4499541102827 128.9373035738617 195.3638197055773
97.52442257150734 79.87941558145616 1.607381240844372
191.9847027414124 86.93463308366883 99.0287282061077
179.4676093728719 126.441498790081 34.81002903927507
191.0874989960921 196.2971683988332 99.82367424090552
23.30019214107635 14.32526890680106 174.3174432227175
110.0855423391508 29.52387922270924 143.6222465024139
14.57408388996223 136.4575018348749 153.7618399323542
50.04181290253205 118.1158997337649 62.01044230164597
46.4103877727951 77.03906017726244 173.8103901367941
152.4740277071094 20.44684287380613 73.96896758349097
37.63236899000943 36.05789317497339 8.016632701663436
23.43123208425235 73.23680801918549 49.35817719486437
143.8159572632716 25.89884999708591 95.27632765836717
101.0164866813638 155.6521426113762 87.02062517411656
96.91938849411588 126.0087910451318 145.0046735462033
81.69481723401807 166.348619629357 82.30496473777161
95.69732412956144 174.6938083891585 97.93389796244487
84.10876464652497 44.89153010692448 121.1927901633787
75.09967421836764 110.5852140521612 107.9718585545049
197.9172895751631 127.9703345712618 134.2506114458425
156.7466522565946 85.21354359301519 111.5523328269472
162.6685530358952 189.7604187631992 56.20704321168574
10.92959468879058 27.4942951746387 155.1288114934497
35.71200540692679 131.16199223376 147.8352929371484
116.0493350847584 4.935365160603107 23.09744667333966
162.1520430425823 35.28679862615325 9.40001679364223
69.38541204065142 152.3157445454817 116.914907947762
97.34121169693135 99.63032201961181 125.3930559661097
173.650091797957 94.89635805526264 62.62179239442176
65.02999101113441 109.343401611459 162.729890093257
170.1755570225031 85.50584146405255 150.5903161691281
165.2334970143917 9.998140562829542 184.8400284358979
120.9032065331362 194.8172117524435 156.7381833886134
1.549602064496967 152.278001883316 42.441848517955
116.5939042569982 28.97752113782124 29.54591070450862
15.52734046369255 66.99357792178702 146.8196930339031
178.1189043279276 27.98620575182253 101.756855922496
175.9256779341963 6.588275490866462 165.2433941347522
175.0458789256519 29.94828074349268 124.0432992665503
99.7067036722802 48.8956513711905 137.6660969760225
179.1681922474802 78.91226999534598 47.65389054978657
12.95158909894405 145.5278033102273 104.2929258627107
48.89816223106961 197.4351211978208 40.7121844750679
14.93318036314597 125.4402214027757 94.16674293604325
15.65200609921539 176.82585532308 147.0165990966538
149.5080624099687 195.2406836566913 19.9024136948522
152.0506399403531 86.58379970522297 65.68081840467775
37.4516366817989 123.1801836763304 122.0318593805878
20.27970259242862 181.2903640183017 100.799916086117
42.21398286398655 147.5449220389644 23.90112283140713
104.504875109095 110.9593929075113 183.5935430733927
37.58835676249475 190.3566572220651 145.8018533875465
164.6512625169154 47.25736583365018 35.00416629037401
124.8055556754866 155.9090332148702 164.6429485595059
62.20933671286151 150.7647197962316 13.09764194490926
123.5665332083694 145.4013561530695 21.27119209159638
29.53704230926591 17.18184607040326 17.40487599365927
28.24022198061892 129.7360725266651 193.3195965668059
87.68659937919918 152.7782193692353 152.1674243201174
162.7817837159183 13.82828924225265 93.13684670906187
147.5161390627726 64.47650062830492 66.50727840907216
43.3939957498924 115.8095381899217 162.5072799006525
75.48166254124554 77.99352284677539 6.139291824260999
197.4309874057388 149.1770124182464 79.66547216142338
19.53763896348454 22.28933153892877 195.111551254955
56.86115223617834 15.79333677233171 185.193558480087
191.7171967120175 13.94224584134492 72.01793696973454
39.28874249774233 57.98930850471555 44.25606045681072
113.6817694606488 53.80982797735357 15.76088896833877
34.19625613430713 181.0673412217405 45.94892807023086
0.8749336215611032 72.72759731739907 48.39257794042283
117.5926366944564 132.4072351831813 38.74808675521359
110.6338343935097 108.4364052858308 141.3848218200996
181.5920713248634 45.90543191740164 168.7678541874171
188.3100445728664 56.07625352400373 39.74192552463457
175.2402047323646 193.3609766249952 129.8144803895741
152.5447582553049 79.81395539905066 163.5473270305673
190.8959802097784 35.53258928266757 148.4941893711677
185.9362698278959 181.5871909662515 58.32228071912104
49.6034341291942 112.5156535594413 195.7576384047521
183.7400921590582 133.2356581936478 71.39451407256863
175.7386911081372 134.017529664723 173.7106643888204
110.9507544250485 126.9851131016754 17.85639978729877
20.12327551964895 156.1274857966559 163.3678929644812
5.914791482955537 123.4960050308638 8.601167556539224
99.33403921417272 51.9381180046192 178.3714243960662
113.3216902869494 21.83845152799484 8.37269669087218
33.41954605796577 137.2074242150635 99.62251352171856
47.61530991785897 27.36869676060605 26.3146002124592
35.80734025616925 169.3747992423231 153.960649649866
63.52341941270564 71.36539080386795 187.4149334824335
197.0588345391847 138.6123572864071 167.8526348029375
149.8307583106004 99.01381989067053 148.5986104633984
35.59026651288922 126.5660052227623 28.99902152934716
99.51687590252402 61.10977387595869 118.1046250076881
195.9242408796985 109.047298147548 122.0882237553938
12.37847468075521 1.426897718887543 94.31386546293524
62.89351619909584 185.0619063375266 139.5142120165196
20.63720635641976 58.83991601263123 125.0851734334489
154.4986818662265 185.2956492001324 78.08778733979007
72.57797240642341 125.0029811644789 181.8867219182198
107.3183942907911 123.3404740575181 56.69825162480521
175.9058892339056 146.2397494056407 88.12293614356498
121.2495002267753 165.5407334051526 88.69983990660113
20.79383884379351 91.25907010844668 99.63223764963425
30.3277633114647 78.02997569862478 82.98342186886116
46.35879461081812 187.500404198672 69.11569847556267
176.1564225877157 112.5737650208903 76.44943462399608
168.1282775326252 167.8478468556307 56.30138088268464
7.3272698156097 39.69684082370843 2.718364093909113
50.52279793028153 42.55903781665646 155.5782777124504
144.2532361581072 199.9929582143301 64.34021707343781
10.51226804234318 75.84350261339233 112.5406524011247
18.85675631301063 164.3352089485697 187.6777500994544
67.30407063822412 100.6916214957997 15.05695633002369
194.5401684999633 134.7525850255238 96.88396615585151
144.2422706755752 140.6966622389268 106.8081002317907
196.8532810153522 2.96404704410892 132.3778035105484
16.71956259463986 57.75966891827196 173.9020264622748
44.01326105084781 171.4723123441012 84.8502046992982
143.2695456872733 6.484424906165384 191.200777807141
37.78558080131693 49.66781167026974 173.0524656656167
50.7829851338134 32.50551849135836 86.69723175490749
168.3061789237895 102.2397008607076 94.93074040717157
183.054005446161 34.30229226268963 36.87058883007133
65.79352588998839 87.90253049847479 169.7785630554397
154.8535540857316 117.2948293703713 38.73081056575906
19.35210537425025 144.6480473520564 82.65411134286167
78.40230183898483 180.0584290989477 123.8802997873322
88.91314605499052 198.7381446181049 32.67855180573267
133.4005158044855 22.69128189853781 178.9566714339838
127.4543000562492 111.7314897773031 6.306243248394884
57.78994497166138 171.1188737521427 121.6016232772238
91.88311728773317 72.07357209266584 64.1058909843717
104.1182425447135 103.2420040712076 162.3739509129717
111.7272011268151 28.58101243386265 72.646466560726
12.74310329060616 45.26909009906861 141.3176973933227
164.1911281628601 195.6029277206175 149.3815229087897
65.91771277877967 185.3993688862701 31.6512176559551
9.035368330398365 194.2661365120785 115.468604724087
38.58554843373025 17.09207803754832 54.06612401837811
137.0313262710116 33.27477112281533 40.3329295368935
187.1484885846856 3.983210564515774 184.6660294606373
5.867005484043517 36.60075865568249 45.94041272652036
49.27573755553293 16.77250865522176 6.441545896217868
119.5151089472909 143.776065915856 94.46785546984289
153.8205763385761 160.1664092668755 17.0324858551259
130.9747841792471 85.7542738751502 10.38021462659659
68.68804424292379 165.1222171780929 63.88497611938924
86.86277120366343 88.69019968451143 161.6887515714016
120.4393386714307 48.57674393926251 41.0624925642676
39.78732525946063 93.45873998564211 5.373867563749863
75.85880702640389 22.24791729587428 28.72384113729078
168.467504157783 21.09426196676775 25.79094388660983
1.012115541128525 17.86344555773146 173.4798918834639
153.2363660677664 153.0919500785585 193.4906705768424
90.5781872398213 193.1811799053401 72.88967130774572
7.191961053734556 100.3409422627717 167.6957754715226
153.6951654411895 173.5023763692113 97.3296907290465
195.7433555002013 62.50545643824776 101.8658598018719
131.672641102099 31.65880700141303 199.6103824191052
173.943305300255 81.23936280059776 175.2626019714305
186.3618228469272 83.31073428821719 194.0456461365216
97.9293896756769 1.37252069789225 9.036787295511942
179.6355344446042 103.8637896566743 21.28371598052487
12.43356534493375 158.4917297073081 65.0256922568408
134.1977590891125 99.65000736900291 61.15020539406144
74.85467096659283 98.06344977006508 126.763383092146
54.62888195134285 131.9918013046383 135.5291812555043
100.9598025727363 87.26749988128189 38.74092188419245
29.53877076762 90.75149978152848 167.525758894362
53.06455963004936 160.3725581165252 102.310044887641
128.2265069846972 39.44463714915251 60.19210186134408
69.25915805543025 144.6380554940077 192.5369299560589
180.322586872898 25.4944991935789 178.3469814133034
4.729906672742307 177.4739808043427 38.74969416786914
90.37378581857122 95.27340206611265 101.4736491328624
113.4142203248128 72.76374011332389 79.466342240838
78.95094195768124 144.0704243903024 171.1353415940331
185.1683846194012 96.73851305893578 163.2729014822591
193.8558425600147 88.54387517631207 33.38000862748828
94.48707455874278 171.554031267078 137.2568680188837
81.54205621358629 152.6711704407953 26.05524022808426
97.30333199872781 73.86205658032684 99.59898799013109
198.4571181375215 192.9946717070364 168.4998441943802
160.820819220872 82.82757642087542 86.14915789241546
160.7050838623893 193.389245265585 199.4555968987526
143.482348092078 43.41100420699964 121.2697577711858
12.88333710469495 107.0366535119361 53.09236852796047
64.39081708775322 176.0325709931472 171.816933051618
111.7285339061242 65.16468078540369 55.8351850647942
23.11750918129511 94.13592754557766 20.59348314818262
113.9687589298441 51.0422693677833 73.31419474438901
77.99146542509433 107.160878660709 196.2445783203368
15.40699488332081 118.4737021757107 115.642776488927
24.03483102500921 138.6578383987456 13.82546550249311
85.19056552556431 181.8636508588816 52.60435562050375
72.82333620679617 166.4023119059282 41.72106983603589
161.6432943137405 180.3560209150829 117.3255294197876
129.3493680739678 186.7826756879903 14.2266250310413
178.4364067900914 49.72011378783965 95.01184078648505
56.78963350145667 110.4149307662663 121.1889629400814
74.81951107686231 7.694730005867047 196.4183048968989
33.92335486682821 120.4775989635467 82.99885747630675
79.25766413384 13.7780581643314 141.4171828745683
106.7360820073318 7.3610664702672 65.9735815129483
78.21458033317367 69.06938732371826 168.7744892766167
34.94916616581023 105.2123237946933 36.31939363529174
169.955549133114 191.9702755679587 93.13810822191461
180.8097024295093 163.5615556280402 74.48893693438556
87.28934447336755 133.4667020931704 0.2888168826587443
166.860880336546 1.912667126817254 37.60035029066572
145.693931651165 42.82283401681848 74.10092946154465
145.5198979515107 70.87631812517574 97.68282760612783
26.57015001382877 114.4548395569697 9.862658500539526
35.64309324668531 190.4951068132747 168.3001668615344
178.603039324056 96.83551985557654 114.2891263542891
111.0272448806971 96.28157116937801 9.263850153230027
108.6398744233893 81.75769891396294 117.4628984182611
92.52682528203599 59.75755399959946 10.55798914939036
132.0891502300031 111.8629037581468 85.57329535050275
180.2182413696081 136.6175609999343 114.5012016972741
15.13345721546988 35.32066909440764 175.8906474291251
79.91473233029375 139.4460529554007 133.5770995936038
155.9953302442144 116.3395293675522 135.4915467571289
197.7761308890967 59.52157379573013 132.2164514421229
122.0138670794243 158.8634429111429 186.8567743285704
143.3883336765986 50.41964808178842 142.7371190910948
95.05690872362113 59.31875284294684 82.46942927994189
164.9484351139207 157.0785506969238 36.70828876499721
60.68568063466404 34.51740264026648 198.3848068827711
78.85194384336637 23.04156286670366 162.2246618257888
34.65744942453489 50.70723478170682 141.7263346401417
167.3859625013753 44.3989302227386 151.2780179255969
132.4244482402211 41.94609874744862 19.99668016404824
108.0551357985883 183.9029521680403 21.17225281720756
177.8691550078751 68.82551779449268 137.4245617783845
15.91491058606933 88.87104540607191 66.16138251042975
61.06601070732847 72.60149160871144 114.1118237168202
42.62087763430885 57.77852030805951 4.368801706328692
110.6876650609013 23.54973426696552 50.65594345553443
51.48021190686251 54.65646657624146 81.29053313550534
93.32201799170529 65.18356792174208 152.4452601034437
156.0227693343784 13.57314376396512 8.436892600132895
154.5347773540176 175.2114424387862 148.4227962665241
72.25122476975199 199.7606705595662 47.88750580171239
73.16146970756034 183.501760653582 194.2781625835529
20.66133770289751 198.9397123064483 6.98440595195509
38.09942894698049 28.47952828605657 183.8368125056392
141.7199411175244 193.805938688007 148.042295270405
194.3210025778781 144.2058097422291 8.913640463314712
121.1698333020456 142.6511520796361 116.9617488784132
130.5799576103471 17.85084281446131 66.36837183143072
128.3773001985997 124.9490385813965 103.5997751127117
178.4307153640214 128.531596755596 12.34817469139907
29.26068665293434 159.220628549868 96.7763956199682
160.9593997079349 10.59697928006317 132.80707993456
67.49268792807591 46.96030092908495 95.23138185351181
136.6944563974426 169.0919214233083 72.61193593706345
139.6243774022083 125.8247199326394 123.1628326407178
121.1834869930101 91.84728769787732 29.79627315489129
139.1783741709129 44.43773057779686 180.8769047972477
56.7796351528124 143.1842195076349 63.69095301351
111.0881655127112 69.13281081434161 187.0983365449896
90.30244032274216 43.94516901744392 98.41972485205991
177.4417488465407 119.8140663586587 129.3306459481691
174.9993036379167 172.8133238915421 139.1799640940415
132.1819789616779 60.60837790351432 82.62801481587611
127.431108740844 167.835347347773 26.36325285138331
45.1494893939158 178.250417468045 26.40233056233118
40.2877041901475 40.06361437038015 68.18498392602669
193.3808963858935 13.48122442167884 152.682325316031
7.349534204600596 19.54198830663008 13.92324808512205
35.5418920457779 76.85911477266441 150.293448371472
99.98226169978652 152.2899612219074 171.4532516979172
14.42217671942331 66.51007406794143 68.94298624465415
77.39788984681212 127.1118945762924 156.3038696174999
163.0529036288212 99.51988298579904 166.8988247358076
125.1064928607213 94.47574091802394 151.6619653910241
22.34346028084846 174.6146260529348 79.32541840811024
74.47537772323365 102.3466292909432 86.95491839801265
88.45839286594074 38.2386438873284 38.4975709804709
168.7542926173539 91.57784565044831 5.771399037480816
0.6315642201946986 48.06850586566471 22.59449688089736
43.43527924866606 139.3503818084357 45.88069938997507
126.3720336746831 99.01604277796653 106.4825518371768
86.09786192050989 80.5302908795052 118.0367004298696
142.6153710194262 153.9136234005761 35.61535854639081
112.5194593268604 165.3689948889225 67.87364666513129
182.156554271795 169.9732880086024 182.0035263027319
102.9746677091523 44.37603819741955 54.74889799538793
15.42315773095864 55.44975630346291 37.9796983538343
163.0806166809411 130.1592289440958 100.1705369440246
4.325667656788664 82.26823113543539 8.266402502654689
178.7004310206119 49.8631549646031 17.51676511502718
14.8159099621273 143.1272413988396 181.0541120592303
197.8138604580706 180.4375232825763 133.6474072628564
99.61952082677378 187.4071121890882 158.1775939193838
198.1093381453703 0.1141928190448358 7.056173467202488
120.6870434248322 196.3121559736917 120.115607624973
59.1539426327242 6.641554008025762 134.0084739585082
183.3741207407576 154.6482306158407 159.7559119150916
139.4621359138956 133.5618413539415 85.91012828310501
19.701604927995 133.4688583197271 131.9729910888068
134.598561147729 157.2668014669312 5.539714020786313
107.3346907800204 29.5715482837896 94.77567706591093
197.3517007812108 117.8042986532495 82.22688888002119
133.4955882949358 111.9512520954517 139.8943549227484
181.7305154783648 52.7601092431189 117.145179375371
35.98952921191295 9.375138424351857 131.2107970118586
162.9282992572717 42.6248975037342 109.8149505265896
60.09022779208347 165.1078419620717 195.1629984271358
148.2212136523098 157.2267658232398 57.23887570505696
166.2227068730355 134.6296937378575 194.181378180957
44.45068785663003 12.50481969495084 166.6155722029062
85.38336442479157 183.5980099420264 175.2889279385464
147.080527350143 99.76405423989765 3.010820364412216
120.3342818636475 173.9986733625562 123.5743857404787
162.3954394851745 137.7578431557424 25.29904326068034
150.241378783224 47.06167118382329 52.39079493578864
104.2610877458457 146.1900617672466 8.038249315406002
43.95965291074369 148.909931258305 83.07939336738137
70.67730967254771 127.6756283363459 93.88862950790183
25.88930974991326 46.87047336230854 192.0427573040641
151.6281146537923 76.73939800213128 8.914082903588955
125.6275793693741 126.4117856699394 69.55590053074656
142.1140266854823 175.6761932824351 41.62470182255429
88.17545361415146 193.1136267821359 139.5644873820507
133.9261170090224 63.65088883254395 13.94487413235932
62.21493940287618 108.8826495121737 37.14918342415417
131.4041147470784 139.1138420614577 192.4919787183607
42.53438007673142 183.7282281883533 103.7600705333262
151.8936752561378 136.6592566364687 144.4505633308416
167.3460620843729 169.7110639530504 199.3813650427496
51.82525254664834 90.90482106797702 28.27063158492572
104.3783633861604 106.879344820036 28.06431104781846
197.1912631712852 40.00324329058536 103.1038803043539
191.8877892333797 115.2306945294284 60.46684152997786
187.3096160069786 33.96758618175191 81.4803588912541
50.85242264319066 154.2479946597736 134.9140842860263
49.08930112109103 142.5095945248759 115.5421705864097
103.852996284301 7.982374845019605 146.2864541709207
107.0060715776111 139.1217332362658 72.84853157716434
116.9190770783524 137.5893424397847 175.2340012460716
18.14915885195224 196.3919849908125 136.0208546499469
178.2010529711593 157.4765594347532 122.916178259272
14.15598478326131 177.3643489945611 5.513720267155752
29.0699627126077 152.5411790388832 118.4699626204054
81.61036856330611 44.06535121966298 198.5344992776531
114.1514715977723 166.4914170332713 8.147269988635065
24.14242962365032 49.7994703286417 80.61563734841076
26.34468335500637 180.2442582712052 122.5277845102373
155.1469867654666 158.9125152232633 114.5054243051078
139.090281643784 131.9281821872245 31.84881516487268
44.64761954324815 161.4728563791042 41.50988592482222
114.6662987899003 106.673825082404 70.04763114051842
155.1172821713793 32.02011578020258 136.9175718251377
146.1498369525746 176.5248700174026 3.158744030572168
154.8312243760506 55.47030004925956 16.40060172495469
94.03521158627213 16.07757544454405 82.48684387063732
29.90532929523775 1.322117616026665 110.4730693787147
86.19609804049276 138.7334926549634 81.6104337173453
129.3429353587507 56.12866903349875 109.0912722360545
71.34158205027042 24.16631616621907 122.9944204374096
153.6325670056583 57.25834835539136 163.746302071422
182.2302946396291 186.6594941687444 198.2923909418944
194.9959119099898 93.44555571548261 55.39478632135567
14.48493920740248 177.0977601508545 169.5674376219462
75.74185697471334 87.14981515069834 70.29876901216626
61.60020983067031 147.826267212767 35.48007613298518
57.71195020178317 74.2497395384086 153.7078408578422
77.26693196016689 193.7244999640267 13.99153971812896
173.2331415814044 82.77547034100085 26.2102530826584
143.9020008626965 103.3844742359849 180.9317536375867
50.79297583613253 123.3646746876665 103.6869398233411
124.9435196864495 52.94504091486581 196.205740349879
37.16991652025629 153.595258097622 179.9797101724676
184.6779752867415 167.2144502189599 40.94935039240289
7.592043175666053 164.323860198794 92.98093116364146
33.52437436958896 137.6199434596193 66.53793036921076
161.1637716962727 117.9064201224867 179.8735742652505
54.30941772652887 48.67855489408766 22.98939793806837
174.7640359942243 101.0066339971201 186.1510195495133
121.3314370103366 155.9806688921889 137.1514241003647
39.5799204519309 44.89587758122718 120.4666330716715
146.5778196467175 16.39970709558625 28.75392326484002
74.43096221421946 6.582818320073085 99.91699725668535
186.5199165611117 192.2263290285048 149.345449201424
89.96687902034451 105.7184025757602 70.44667854026136
2.106064858107462 134.6491838446504 27.86458376750912
15.44600375563905 179.8940285197936 58.48003964223535
59.07859426711187 17.45607047535677 43.05703131053718
124.3427395317412 188.5024683818089 36.18003780349024
57.83180609167981 132.6837255687427 166.604847539146
55.65765658143981 194.580558866488 158.6718318110552
89.59537613510679 16.9661765966914 45.99213071661865
55.25798083556626 69.033335583233 32.72391265659872
95.63604435160434 131.3033720877265 179.4170407048536
29.16878911891354 105.3343128145197 189.3677437022956
126.8229897187968 180.2954380711562 192.1028137504478
180.6067546964514 53.75445437655615 72.89872861841336
116.9175736993282 105.0169164639413 47.63837668503127
2.71294008116543 138.6392979795429 60.4031897504312
34.25142605026615 76.81205166902787 29.86157190199214
94.40347430486597 106.6369208196615 48.32313444112162
109.6899539747717 143.9996324518762 152.8250585191741
140.748490441944 156.6137296548896 148.664701312742
110.0925201838596 187.8514361940095 138.1752140390042
137.8232826178173 22.13130121293961 126.2823652554825
195.8814770184861 173.2955503468591 157.3432021031956
12.41563325884448 163.5098988382728 129.067107698531
170.1244814902983 73.23505151528566 67.94467306891475
102.7082512339202 88.72110707562604 179.6114871701402
142.1239604057923 199.9619516113488 126.3186095657812
44.65279486136041 130.9468328796501 8.783745056786024
47.21977271984036 110.5488949023042 18.1278647914275
92.51983388711243 155.0455075313292 66.02503851694755
156.3963106179184 21.31740790796222 113.4621194853517
42.69667442479223 152.3462791663778 1.840033017961245
133.5677213227923 12.13241368867048 10.79550915779812
197.0589180686133 93.01000766259082 77.87880517605296
133.0125377225722 160.7303680976815 110.4141481697908
72.87031436244395 61.73256827802233 79.01905388669634
165.8756372986862 145.4970478012678 65.03077709579274
77.16369708141305 47.96432665804436 176.7399459984562
194.963330718027 22.33843324789583 195.2486514466988
65.51189311253857 145.6850545603608 149.8132194577936
123.0924584255303 96.68870933298123 174.0455535849256
70.83037997598534 34.48593133628084 52.10447099828841
110.8702751342363 9.453846858946644 104.5944654568748
142.8938953552025 103.3120813533186 121.2660115094684
17.63055864054499 91.44135615081375 148.350355577194
134.8690046333828 183.5146985871862 89.89278472877491
106.5666645944808 185.2798929460599 59.03634172963506
94.54954746764379 197.2204143215971 94.90142595345853
122.4086400641791 131.3620454096417 136.6881589609359
17.37388586485787 56.04809972578379 101.2340596801864
34.7624245500792 23.18398668260451 113.3794334958586
159.9900822224268 168.1611698407167 178.0866888032768
0.6696764370129796 53.1479361501891 158.6996946055893
36.89898988384644 99.81151321417363 122.5700109087223
74.01268857776367 162.0390897235247 136.7648716979776
76.96469425716793 79.86833579129041 91.83735796419568
114.8234859566192 122.7183886441141 158.3686264006261
32.31945868757331 193.658603740575 86.23805428045641
146.4844458757904 138.4345202163954 9.287815721677493
61.6065796430923 89.41036294856309 48.57013177083624
56.61041948014368 6.56732857881753 62.68657595775905
109.7493281114462 100.8619913850403 91.30840012590248
23.84934404504856 13.2528127954798 78.86902720924496
6.568092116087445 115.5241690461502 150.9907823263362
162.5591241591196 35.63975426531726 87.28980980834559
82.00002226758812 64.06399582383146 132.9378924896619
105.1231573030824 39.46172001119999 114.956622865507
109.4757884374603 87.307432927116 59.65634484342699
165.6844999628798 36.3804675614812 64.93672843450344
182.816696485454 142.4315197890486 50.4163481852429
146.7551714296173 185.8891637090304 182.6180305650399
48.12380463853875 94.90661859071334 155.3886531311021
191.2184543860022 115.9474335891404 173.4901966835767
108.8699422078669 70.17057681404872 136.8449508034395
127.4330215856041 38.92914747705167 86.80353921915463
116.3595926969157 37.03700136610425 182.6695246034237
129.1034394769577 184.4282396061187 57.87594480202847
90.200282851674 21.18147802321038 106.8586002811732
103.8746788842818 129.8795489794988 123.8713222854918
163.2012126237411 95.46966516097714 130.747949520293
186.8517297973488 28.9231697776304 15.26919111422748
187.0276379541595 32.02058309552032 58.98352898302045
146.2327905407998 97.55693788804959 95.83366749523485
55.19658707891784 196.643698537265 198.0899158950271
25.36563085676747 74.12690141895489 9.27494056294189
28.05980399185392 30.31942604126565 134.1147798632123
29.5371727276591 122.1065752191887 50.2934219158867
84.22008487929372 107.1469734859487 174.4300583024493
60.98836235065049 6.018384082244409 23.678945857558
76.30027138271136 37.03920733800519 140.8739335141615
170.1504627608813 124.4765237520987 55.62818146365037
15.85352256037062 104.7553801544101 82.21325986387379
108.8261989061109 75.32240490695118 20.62006130140118
40.78428603836319 13.52524117529631 93.80593695149348
100.1668336289877 182.8169002949305 118.5254925154837
173.7807977654515 175.1161832804764 161.6118386192856
186.6723263940901 192.6920954129194 77.97216451645778
154.1719266024149 116.4798452454422 84.56641499166167
137.7855807959456 182.8171103566719 112.2754428486598
28.09732262869698 198.7659894710456 62.0742201166064
79.64626219114069 61.90047570581488 107.0237801525209
91.50609353760007 37.76769707067047 76.73175783905647
