3 1024 8.066498276674087 0.6495154999999999 1.4 1 3 200 200 200
170.4177611861987 134.0755008585563 45.348583663809
147.892622291902 85.23623337498059 27.04940392872937
137.6698105502576 191.8810852196268 1.271884526465775
163.1409015458023 24.28272585190788 153.0303730733503
121.132216458259 25.07299339762483 198.8274677171512
106.6078962123891 54.96453491458613 150.083401634711
143.6147928616635 173.6636554292912 99.14475405933223
120.462088626907 179.8338534968272 120.9121707487733
180.1044854891306 20.35966751267014 53.59501505565889
167.7984335361384 118.7372907505764 21.78032980841784
95.43953995248184 99.70190188390887 142.1421502108783
67.91066400466053 150.050383705235 120.9466925305423
16.69233080618449 71.86821595477926 111.3889734903633
10.22885805832725 134.1555369606502 174.2534874400637
4.504205141987812 66.54118446199307 102.2595826611419
96.30887418930173 52.34977747538522 20.57790248626712
0.52464142573261 192.4127427403098 194.9172309917021
174.808882885808 161.9791199157828 150.3877463725574
12.32750856933929 146.9088370720647 66.27387564722611
175.5524552989914 188.162691449187 176.1027055055152
65.70666424213293 84.44013486868458 160.4574339568863
152.6470560400708 42.75875110175853 121.1535419495184
70.46464152703346 177.1731572053133 53.01922269165279
11.76746595097511 16.10892484165079 6.96218808111554
164.7859688671018 47.4054530755916 78.28072491994597
78.80219138634511 0.03196780078911422 20.41363103815519
61.60098921772238 38.30513070514228 175.1923973357669
39.80569945921793 164.9748633635421 117.6475895128625
188.2653776499583 90.48834254491325 90.04937868941735
153.2219243016 156.6914970252302 102.9848510478497
79.05279074817662 132.4387933923557 36.38433726966421
147.2185792554535 144.4081870805556 5.105772560893224
5.726868106858364 113.6070108148874 68.56359794643197
145.147663856531 144.1594953046263 113.1788471788346
135.9946548765747 29.42531257791723 28.16569474790965
150.9350524030169 157.9577367644724 120.7244949563463
126.1833327856693 40.97831442881141 84.84529874667049
21.33052052003786 23.12717237521043 97.49395092021086
195.8492336365967 158.2965319349553 82.88929161583999
189.1925394707599 180.5231929160458 167.3037092264775
189.4935778645927 11.9376029513338 80.37472243641187
28.49277421953474 54.80487327179852 86.19708141588438
132.0106128628034 87.34495623355254 103.2806960435149
176.5855865503774 99.10339244777208 83.0040297694415
78.60604153469799 163.7406536005398 86.2540126257295
160.7912477339582 111.5705552967316 186.6279664467544
77.06346252168659 27.73132756985535 75.24256940686098
194.2456794506643 63.57342752511407 27.84540709446376
41.39886139319474 38.06900943986088 149.4101267205211
3.464899123187696 199.860493300177 52.96752156675323
92.38597382358839 120.4258266241973 177.0505300883661
186.5825321704737 178.4670129897545 183.0908240127685
20.23060929102253 74.48546710028751 29.26114915158261
86.3101255801684 32.29440235513395 191.8823564775867
159.0660245708864 55.14513810434408 17.77534420458614
48.41513928230756 23.53055955672502 143.6948577655796
79.39781074252373 147.8257919369227 88.77661444593296
115.2684730326284 164.1982425696036 112.94364055087
65.26706605787936 123.0129580862395 65.75666530209516
70.82160951131677 190.4266283738204 105.6549814882245
9.966469294019486 40.75972202196746 2.061065318603982
131.79174845122 73.60897762240891 59.95675448067498
65.37983506313378 27.29321149979698 164.0240924989048
134.1372672816547 65.44519929598059 46.24089789281335
199.561234651193 190.6579949108194 98.45014461902414
158.3362170651207 85.93559256039123 167.2547357917251
122.3981645976131 192.1893401881751 51.62854388297045
46.2673965002778 86.55027246509432 126.9401994422426
87.35453474403845 90.62631570503443 169.6461033057363
160.5857964657868 177.0219159500235 12.78262038151339
3.922702188294633 131.903200955937 60.63107015888624
93.55092893565995 132.2951656483505 70.90667655209913
167.9306842192198 45.91274099915625 7.266019971163554
22.5601864402411 34.83323712551936 52.194007688044
21.19941530798565 51.06343472835526 53.01855066145435
127.9570305279145 15.83985571620297 173.4691034087789
145.7174442356298 25.38695915807111 99.63864148026934
60.57110254926663 10.00712275572893 39.32629085882154
79.54353239781616 146.8772342536855 49.72003721314881
189.3441370651149 23.01499867163855 17.06324711912939
146.8893757853571 9.842450451956291 89.3387716299016
142.7202071115734 142.0090930675087 97.34062409173887
112.8606553016269 154.5095820989553 30.19683270030814
121.9761837941119 143.4025622483831 190.8859700485205
67.77917409972784 52.92429846072475 4.046468285299448
41.80679224544778 189.3676156330536 52.40365239926091
111.8786398269715 75.92483543294045 19.98022103341768
181.9920932998165 163.4607236472051 32.93047990942496
33.64814321883247 82.57822118327174 23.18009065222744
71.66319342493239 50.35992531849504 159.7807356491315
88.51755250086676 177.9258678065075 69.38890909539322
44.93860537041424 145.7954309121938 92.48003627033145
21.40631541772872 182.8349034362131 164.8900147045672
124.0263449002616 57.44078553345054 149.8091524560216
191.1358365709468 97.13017074995281 109.8844315321926
158.0857077460407 15.09852193494745 101.5143667397772
32.9245360794493 193.2230083277619 182.4343062956823
38.793639805511 157.4371610323118 19.79856811210543
40.44974727293422 54.52945083308918 120.8479390673727
95.71268294539431 103.5745752986595 159.6697756462976
196.5586537589156 187.1349203114936 45.85155997549202
107.6221876224914 143.9294839351317 41.19196829509367
143.881631931789 101.3346646302459 139.1575427673187
74.97388973496807 75.80921312928558 148.0375458027577
27.55392735576745 24.94170912727184 81.81228866836929
53.95544555504912 162.0980247804267 22.74297500406128
33.89113080111915 51.74286991106201 20.10329212802107
105.8476187570964 0.3329350077097978 109.6201357823383
17.02773070728356 49.46505039019858 105.0798277942072
91.74793044310043 162.5695091341334 95.53801582206319
100.7398895205369 164.0673823174658 0.674215552292767
24.29806907723246 94.08293048220729 86.34693917635444
133.2894351558135 14.89900784431261 21.63434922320812
85.26925256536825 60.41891185955112 168.4969454863446
72.59750303887557 22.53180264879486 150.229983529038
192.4550194819225 4.097064401347168 155.7722766813092
129.3927934007729 6.634904400481806 92.42762793607389
133.2947577779505 176.4655617668019 3.141094317529815
14.87535855422393 180.0838099315274 40.82430320859875
81.14266766920603 164.1932821374875 25.56021710546926
113.6664027486196 2.811580407833756 43.19067307405059
135.9837539770857 124.4131204069026 130.4442428719115
155.875811630234 104.6118820874152 149.437260390718
117.0298233027959 172.6136066008064 4.61693761795837
24.09161211475626 62.90644524452624 140.3713270472848
14.16355453883082 116.1758175940204 132.1827517458854
150.7940928820198 77.03512784558173 192.4582673678072
107.8770670683102 151.8779923786022 192.7303110192796
115.5798924165276 80.60973981021162 4.992706234339323
126.7828925578908 148.6265363817426 24.55419078774349
167.7762458043832 124.2730791214889 196.6792139802991
145.2372343725531 9.353303624943976 33.98057358898282
178.8451679022177 116.4190764051726 69.96282284513748
108.2601615894441 149.9848293174761 126.1879165920902
192.1258037090394 160.5539487927863 100.2287449418952
50.58627478414704 118.4131760889333 60.89977369296466
26.18688047244243 65.61145772073142 17.17410404255384
133.0070802231519 8.603990731750796 159.9630924345699
7.74556186688487 90.74632396607072 151.9683961488867
76.58766167807083 103.5711093396261 87.07082898421923
13.34493562617406 163.9309332100223 198.9889667386259
140.0379836300856 56.2133583473133 151.3564151131061
12.6338057712685 58.4764623046707 90.89546576392517
92.22112624359345 137.4666983423358 170.6347729992533
106.0019737527946 194.4228676378898 184.0209796242602
157.8289476944589 26.42694662602072 10.29769760014956
113.7739535019402 35.85921159880822 75.81855978707968
139.1611346297174 158.0961805285122 95.20063168128344
140.1907630101909 92.35135485736645 183.2311031847933
128.4558132888728 92.60874776875274 32.81782785942375
40.82130506704049 8.521387317556329 8.145073335318626
40.35082242247554 15.37931646474898 79.55981404207745
72.36025242338212 137.1519641917789 18.7825273590705
133.435470003558 139.9092575017863 60.68045394200293
74.79289845034187 133.1770408906001 83.82867631948467
20.68265393223154 84.66890556969072 72.56998046284156
47.06478331408349 49.05337576123917 74.25493059865914
173.2276770092116 86.08156994363107 0.6473300353355127
148.9124455838754 155.6523078844466 143.0254133320772
83.52159327919172 59.46366290026771 94.4315789753246
85.32437060410258 55.30533382843149 37.39352038856113
107.8123538133226 83.9911173782416 77.46795464441884
139.232865215567 182.8377648310848 166.1342377313622
151.4448494069491 107.272202053109 119.2454764488812
142.5605722026689 128.3378130038796 147.4706804987915
156.1375230214367 161.093892633222 47.71496919891391
72.36737185948203 66.4380443240922 160.9084729785228
115.6395750322998 27.01791356857167 90.53155114644893
187.9047917340687 78.40793845087701 27.90865872428208
192.4549365551755 77.0065068271217 124.8582021877779
198.2219817579077 174.3158836528752 106.7175654519184
191.2543173672323 114.5916129559754 40.68668987167229
121.2116565692798 7.581540433298017 56.63021405968733
197.6909663673635 162.8974572736411 16.14146050962409
84.68003669777116 114.8079772121914 41.4121077383429
197.2231791625576 107.7082956651613 183.2686691041284
104.5197167558423 107.4455042047264 45.08603244876399
8.42915279158532 131.2207321785253 131.1630042097589
97.55722589857835 105.7659722344051 97.92229648458149
125.3219533729661 113.8667464759665 87.69384399368447
6.204264872339012 191.3531679548985 139.3006606107253
54.51352320843261 147.9099147819491 0.8385468849537324
31.81864321215589 102.8831557109078 52.38933216043408
137.3309106758803 72.05699112417808 152.7435685897853
193.5258010947173 105.4342928100377 93.21369323915934
95.33758860521939 131.2155959373356 123.3848925963293
189.5878670037548 107.0110280743143 77.64834558589833
43.53496650464182 9.875066065914755 150.7649394049776
41.86512606995001 36.74278387679394 52.1942377459096
77.64904736514632 114.5313959648201 26.89445781108178
4.925842265494791 103.3567044511541 44.73173047119694
100.6755502477338 32.25508917554552 87.54438304875146
148.7270666573744 19.57062043732251 21.99304311147686
56.84745351251951 189.1462493113669 1.378738233344663
78.01842246140966 52.48217064387448 22.35368750172475
109.7946365272024 30.97303529127715 105.085960457628
186.3223911959057 182.2609318697733 124.7552112232053
28.81441524274294 169.452126064364 24.16786731427871
139.7625559182786 195.0697752593146 154.3539933438813
3.754850552903159 146.6800502243066 51.9970313633784
74.59221705651687 122.2363985368781 13.05386211650837
51.4682154213236 81.5017345709481 194.8829709011676
102.4160452885588 99.53696380980445 31.18268780172465
196.6864985644455 90.59384671040236 182.8235476775618
54.09217349134378 87.70889867760621 9.541041486937036
113.487005295219 184.4295117295375 15.04662714417515
159.8013414140376 143.4313752660857 195.0562317290901
49.74817174871563 167.9846752970974 95.57396958575248
38.15701934052695 184.9463639387701 169.6127945329777
179.8839348055806 46.38061536247269 72.17470407494218
0.4186526148410825 2.327413216017503 87.34325747953054
101.9134895622397 179.5929945583194 4.900924502924083
115.7097708377615 96.23628221425658 42.018530634215
150.7517891136044 63.23512226007669 97.04451257007092
194.9873329169551 163.0471826040365 48.37577950460152
69.43752349050044 57.09155903793295 35.22774582430279
183.8801833689287 149.3309015738795 110.3985410880629
86.12250237213505 77.07890919694987 159.929948511693
159.5411834712361 159.0269486835214 154.6836504494543
24.70890340786655 156.0625676378164 190.6689608663656
34.62575515030661 117.437175606553 58.7590688002099
35.23924485164792 84.34386370463211 79.58568155217056
32.31844016279636 138.9849650111541 22.40120710620802
3.069205202691561 75.96877748135964 22.48124535651231
97.02647708596572 122.6188634086691 109.2459000081746
53.52759684159768 186.0566038070035 41.78786294148535
151.3942278981567 118.5239405816712 156.831723388268
116.9568207140468 136.7743685147222 159.8269144001836
114.2850076067192 198.2087008268957 67.78584339885253
93.63109776830869 112.7247215454911 28.15270366128608
127.004403305471 185.3178796458577 155.9042845249902
74.47899888689373 62.52480421067205 51.3864271471015
0.9456262566327777 27.41603766814537 2.982496795635057
59.29378524388127 127.1185872613959 11.50620889150207
101.7013429452344 68.09399774402968 158.071901100397
75.0465420583037 9.048054936658563 48.18730933182678
164.5150272757822 54.8234230283188 96.74474028968267
23.12402554325081 18.63525674755925 116.4254959496543
185.5492693600926 183.7397432248449 57.14488732140907
26.84254349938074 43.8025656548907 144.5216600820253
53.60955575291292 51.71768918110386 88.75803771199638
78.54642213889815 36.13125086308923 156.5497077072789
52.66540027560809 196.2392317224077 15.35191240876035
144.8113666340774 94.58967651368333 165.156592333384
102.6360212571751 144.1876103668823 160.3084783325739
67.09808283462121 159.3629954095494 49.9170201846098
26.73717578033404 107.1604265156818 37.68705061185884
138.4206261501126 156.4781087988685 130.7978754205804
85.09748175102536 7.352074170529435 85.15150576355919
128.3622468413235 190.6400093022417 14.39065849528388
51.42887047155597 172.4662740086573 146.3514861257112
76.29878739507315 19.81813467925495 189.7872670491455
122.2238703154032 187.6002198144627 199.4359495950752
119.8525413513726 108.0543927968699 73.67330453289863
186.0498338783248 111.9265395606978 105.9508079113596
13.79946953696475 145.7877032032393 163.6602550750895
86.80337690966053 177.8990972179083 38.00609787829442
1.476189233435702 77.70467761296383 41.69691864468984
68.28292627431301 148.353914167323 34.03654472894862
51.77831724098188 173.204297276426 56.15978371573785
100.6085181940075 48.66109690068962 167.3769357209032
173.0838447195116 135.275058255254 75.59865592879729
109.2712826656794 49.56099707346895 88.73290011327184
75.80683461129516 130.4081211289048 178.0873245950125
37.21183057246182 199.7543765412358 68.08149731804295
88.10321670904659 198.405445083092 102.1225113753572
42.01669324896866 181.2376147599571 107.3797853932259
60.3166337122534 26.5642612260046 87.85227835602612
197.98067191054 73.30168293540497 85.10813105947096
83.58689872673085 191.0771927867012 56.06507356316483
25.08205274593213 87.62637007785692 159.9999023492885
84.75531691458441 164.4344966597986 56.02397588446291
7.968490660654838 32.44828456810777 107.951813300521
196.3139086989463 81.29998341553285 165.8447938983492
31.38735710161978 71.34747015675593 123.9817815223026
5.070452862247003 113.2202038957352 27.19496343265822
157.5215245315949 111.447902992018 78.06374742079907
177.0374821151627 164.4104599035298 120.9284180856724
180.6077937517777 95.70316086735893 173.3281316497892
117.0831635268566 162.0056155995488 63.68557739727357
117.438061354021 58.77314854044553 183.1388703408596
82.32555422187934 119.0649721877993 97.16095926084979
118.669895339817 30.44357427260546 122.7119632280946
139.3022857194044 27.15924995178799 184.3295578792857
174.0878560939423 31.65956803481339 173.1457688262478
45.13950898030836 113.3542584579547 43.02427117839079
34.90568104806656 141.284253049117 110.0677828268133
175.0288489616447 121.8055713410675 162.7748001623654
33.97077548521712 22.23175779571925 40.63341234227672
23.8746992871722 195.7643207524901 48.89429331130597
114.3242436848516 11.71393468851805 186.5808044475766
98.72207041312426 162.0953446134186 137.8992005836449
171.5061377040945 48.14218554220999 188.370528346752
53.64609500380071 68.65350940859589 126.7068304039542
136.2208901651097 29.10084931507418 162.0389580582485
121.4927663521185 172.11554618351 168.9470442010206
52.73798683791455 35.2146410814732 107.2911649136762
54.94910260692134 165.4347088960484 170.1083070338062
11.26141522856657 71.70882959052128 151.8907803813948
23.18387515241366 125.6047987139034 32.99952764576018
32.26753326606306 159.9054420906607 97.56072928032258
101.8855625125559 9.408580769783763 57.06453820830647
52.21210752157042 49.38444629225545 30.90581635810094
25.61924381306131 5.437314981330082 195.5581773926815
36.95107186654338 189.2009769523938 6.502300412067688
33.94033679277182 164.7396624123271 136.0957708949796
184.2895555956853 131.5181309106017 6.197799020630162
194.2216049843292 8.3308413107997 4.424979496135977
171.3859769875438 93.34007651711809 152.1157956519052
77.42771248974927 167.2660636246729 129.3691388872252
111.5182712632718 143.1950950123375 74.88064792836289
117.7223449565662 39.81577341973476 154.7499133926808
196.4557709282072 41.4756433514731 16.11183351267833
47.10565223954557 180.1182211622464 24.51685328237305
95.49023168331352 158.3493396680563 114.281738125918
176.4072552796383 167.8419729062648 50.94180470204164
187.201322980394 99.08336369736587 197.4096174993113
37.37616385174832 66.2905627754874 32.9580245947928
55.70219354591768 161.3373250275503 131.0976693560488
76.76077738479282 145.2573884340557 68.82913607424608
108.5838622846829 174.368553364062 80.56912667598114
162.744451828371 134.7952262708881 12.13103502901517
176.5393044555066 10.9641345168872 164.4382083613976
7.45586296485118 16.59663248401457 188.0951440633025
179.0174988857075 129.868789351289 107.7988862764294
100.4914137628481 125.9435043460848 40.52175714519158
172.749133072804 109.5235780740194 43.2687286883589
141.3619723241684 2.138829280534915 176.1862558566101
142.5124725749402 165.1558450499207 173.4044466791057
8.393955190887613 61.54191172056932 10.72090526800159
124.6606550702853 63.48153125508701 4.520268487540422
116.2950396613576 2.324075253073106 24.01658342231901
179.8355587441882 59.88496242153046 86.04640591276043
184.8623776798076 147.2185986317543 43.7137229145115
133.5811521573609 46.76370400786926 17.05309142115409
171.8996974792147 17.01251408556356 88.08667310712273
53.53992061063636 117.903532097997 176.0794538537204
43.03633429124902 67.54607364129778 85.22778432714472
128.7591513276282 34.15658662967039 102.848563522431
131.1990238547593 77.62193658737652 20.87363085787096
73.45084055422899 121.321949426792 140.6921472153428
93.91051075818086 33.40750652711915 23.77657819280717
61.63358635312397 134.9996631552885 50.9948924161791
56.99659621565699 46.24419299652993 126.5356043102655
193.0681701167951 186.1788383032801 14.65050113632334
139.4761130935678 60.67274890656991 187.7051359186388
128.2359666327523 43.97474203448321 65.82947399406463
124.5210709705712 172.0228428523715 96.40064280865171
79.44200534794591 55.54293149688849 113.5533820710622
16.68906211825185 184.1161024481958 104.665841730969
28.54744623899676 20.0131377211852 63.1169421101405
89.5513380989335 158.2973687664966 158.1873181915218
183.2525243430384 15.54347171643963 186.0459070824338
57.73126190171084 8.188384340254535 74.97678145036295
55.58113216129428 57.63696554468279 107.0847394748211
9.047143910918194 33.9475260368224 66.0289712891777
191.84854184845 162.9972610490938 159.5203942564315
12.95121619289831 145.552227975726 106.8171907965108
100.2242673836352 106.1080763274752 118.835531640677
166.5949464030984 151.560058953418 136.2892580563885
129.8034961351717 55.86065469029963 96.68606187968076
28.75323963465136 127.0024332976627 138.8699956301601
41.21810788506924 120.7836696360148 120.7186700449267
62.50987064946796 174.4273172976075 113.9967766875928
195.141182315725 170.5035427354391 198.5221576326715
48.87978747713853 151.3244605979911 153.5493764385773
179.4748156620134 185.1548290873146 34.54970045709975
42.62669677317491 100.1285840426855 140.5953279329385
85.70199514279039 177.8370955966887 147.532963042904
29.93837686318176 145.7161098650334 79.75092108157406
13.758174561655 117.756459549577 183.9182296245657
65.0732303132862 7.701933829292352 4.297826905629319
67.52284971141545 36.65901682377254 193.5503846179745
110.0636402422989 135.4384915831538 177.8683460781313
114.9201779037266 97.59013248636649 89.27215498539391
82.91010915594173 128.5338575065768 54.949497974929
37.50565996466971 35.58395638832209 130.6095990089638
114.9619828980418 114.6902229883207 104.0274277606846
180.2794866183253 57.92622403811866 108.5631607837162
137.9912605439816 46.48346588619739 45.61375364455084
145.7630028961103 1.004286357030689 16.52172980339772
160.3981728407554 194.5836078199622 104.2485356221384
96.17202239753094 195.8516265546599 74.2021784919862
188.6681441612579 155.8955812945568 138.3169325052512
171.300699520776 45.65428081504109 126.4541647311444
101.4707109162846 117.4011529825761 61.40725387571162
131.5960149108641 91.19703604937604 51.86876713898987
21.8261120804348 50.60397510007127 124.3897562125397
41.69535182007361 77.75870675051597 143.5714426156206
2.637357981303654 134.1653650167135 19.10073941398879
175.4147406945729 7.953462544498675 67.69770554897325
92.20583410099628 17.79284883034772 152.9459577326546
0.06067860392264279 128.4159892097315 99.72371586452336
90.83392684859341 149.2532967957946 33.15429050949764
145.6920573961744 104.946771489287 196.8650444965249
8.791668440402109 99.66399224363229 169.9926507150706
2.172343310273218 118.0285349035824 3.304571927938869
166.9829470145166 106.4719529598937 4.247865820308025
113.0742982518474 71.03653242431274 141.4424428970158
9.150365046339115 19.0533468587528 83.0080393461277
30.06035710550655 54.57840262538396 178.9291840113291
108.6573355387045 175.5146637432769 187.2181214682452
125.9301273232107 92.6905004511849 168.9886785598084
62.0064313639734 125.3222245685999 30.59042674140582
148.4724750769125 10.17604095580368 196.0603152282292
84.22724444021107 138.1314758681639 109.1187205455167
169.0420353628023 33.33286219577778 44.42379731727699
82.20382642099887 104.5807464392213 10.78788842429709
26.96711801477294 70.61317943301273 194.5321174226428
21.4387025526014 138.8398724438692 51.21826624569129
98.40469081106066 64.86314668104258 105.5730712922448
61.66824348984333 87.98833357733386 141.0074203916008
168.7925825037611 87.40163753824515 40.46773950941049
32.36220224849679 3.322771493219837 135.9052202278553
27.58033469886395 184.4538231298426 124.449696167162
75.88089025798531 16.91731787766004 29.6363835911894
51.84573332899917 143.1442564197591 19.41178709028837
104.4708242878868 113.8847072953303 12.15433122620283
36.37274095790379 91.46544312719617 1.98744376942371
152.026722944741 194.2124705541591 139.3990978122577
104.7640126327093 181.148073770519 59.3657646379127
21.35160857572758 145.2336923975106 127.7806798379872
192.3590223760168 197.7992496192261 175.4464671371943
134.4415726502033 129.3587778791294 165.1361984691263
104.4695637739145 163.7000034134865 45.02651055940557
45.28061028602686 100.5366457359763 66.10293807962181
134.0202904330368 23.30990794088736 83.74869975230503
101.8573358225757 24.74730277809837 0.607003647333308
186.2961090290792 84.55876988076827 56.95211510097594
191.1728237892891 176.1356568272952 88.77905706899318
106.4881930794253 198.3060719293041 2.980848912967262
66.27494258119752 66.35787438369161 88.97110543472532
21.51334813846415 69.91464865720484 48.62236418802151
154.6262441900874 177.7521687793056 154.6449341893533
67.83116576759579 184.2666299720395 16.55570201729968
29.40294788600233 22.63101430735124 147.2439882420108
94.81974607544431 86.89607332665116 16.97062743708025
173.9354615010169 137.4405279269434 183.2608943141103
172.2202363352569 171.2105557644696 167.2065756560634
57.48949449071536 63.78971808614043 67.25802706156729
194.2021296468894 141.5948932256404 166.34193194473
47.34325393194167 91.34522947265398 160.8621066740775
176.3625533748479 151.8749611187183 0.4623423881499482
27.76348294025532 38.58903618439477 163.1432625077534
136.2046492767497 159.1114358820352 11.21327809763705
67.60224664169243 71.0941786202894 197.3668499023481
170.3394827028157 12.83740358768523 4.378013297923038
155.6409017779357 65.76444478755012 157.6902841872808
171.2704887850112 172.7350791281806 193.458057650519
156.2133931059316 126.2417694197598 174.8554409218977
155.0801328406179 31.47153885314682 83.82374719289443
73.35026490967753 190.3623110987537 125.7736985603203
2.266842364088965 54.97248436097628 51.98424241136671
70.5046768588053 45.17997651882582 95.58488768692276
156.905031338669 31.11807793595443 136.0249157741021
28.13680897620462 109.4547320511887 102.9034733953761
5.161401425334354 177.3227308559405 177.7701176682129
129.540469554037 130.8228685503848 37.08723295348496
64.99474732654001 57.31491497211712 176.5722177603335
43.29064422641152 71.66695631008709 10.42238381000177
129.169394250738 137.8917583398364 7.993935118435242
23.63621003293994 105.2304984910361 70.53279036282426
159.1759540293426 168.0022848471453 65.54290250106079
60.97977675649265 131.7063191096788 121.2733935066686
95.48978645677363 28.25158303550133 69.3270086546993
178.2415560540465 57.63854138329667 18.71090663540487
162.7309006018189 73.18124310308431 24.00042674517388
131.7626578754575 127.6164324528092 111.8239872309737
185.4332967717997 148.6883739250924 20.90012275520586
188.6737326104033 199.3124202088772 137.2698106004096
168.9886085180503 8.612226531809247 143.2818702053287
94.96307901184282 21.1693079301246 112.7479295906998
31.28947766103808 44.48631552686241 37.86186945172999
133.3643270333262 21.9384633625714 61.21374765259965
64.22545743296162 59.69374225935964 144.537577305355
106.0229623245654 19.74885674853543 37.09427597848103
150.3419960295279 85.83858256216924 148.797393035868
126.5113325636113 162.2227290034846 191.0515461556718
55.57033515358111 28.70966764970444 39.35615328034068
188.4150316603772 24.70109808018167 36.65749289643058
84.46165584912619 59.48815128654551 187.8172694445446
56.33811960243445 134.8347374954453 78.21913139274062
192.0808910833111 20.04000222843139 97.76583602907864
76.11859284296443 173.1643285489868 168.6118071480181
153.6027506751416 14.9416800765741 68.50328298751114
66.48305808157696 43.83891661932996 73.40013827499462
193.4159741758337 37.73747100698868 133.4853602435723
119.204985407736 76.52504489991345 39.98052728383144
197.975696738496 18.47245217147712 122.613187607042
190.2227873575965 31.16025614628823 78.19488208950911
47.79112865436948 63.13227533089171 190.0008660451356
172.6541157892825 147.5350784786622 163.0967719857001
90.96850590271457 143.1810093706993 189.0893279116279
32.46227268754551 182.4335230682324 86.94900464404395
92.9079825634113 1.515044234423065 123.9715104577136
159.9644203873996 176.9655849020072 89.3173211377744
2.230598829371485 130.5549371944454 41.3927602500533
155.1612582384169 19.72402086614507 170.0696434102612
146.7135209309447 66.61790800275739 8.257758285596221
73.81625827927529 10.8980254298768 116.3820315207996
142.2841282150119 161.357722713637 34.19433261386486
110.5428288225857 91.81264119746135 132.9528326959678
102.9939425006672 66.2880642771099 198.7922571858029
17.49390943683242 125.7325773996849 158.4084421906658
149.6397819752649 45.45152386656327 0.9395626834469222
170.5821010607999 98.86642612419156 64.60035753060922
113.1710428956113 18.6850317729 161.3005859311042
20.49963264265428 164.6358359068327 116.2496018225259
192.1357208790773 101.8182117571153 154.8906078695231
78.98423791716566 15.48292711947288 171.1114283457842
187.8239434677488 59.82422973201569 132.4816468724667
81.5775873489556 117.5470275672577 74.63827920177388
81.43667897943124 45.2058808089234 56.52836544099723
168.0652918270953 67.10894707671662 0.9080873928885711
101.545362914319 180.6946160345907 125.3999929845686
191.6880967205122 138.2927950748473 124.490994151492
62.87035730737465 113.9570398773844 107.4341949422841
53.27658180923547 69.5665522334173 161.6485044415154
192.6653337446864 81.984117901131 143.5657600277058
7.197515546625316 9.940773440008583 144.621160057575
7.298562481104554 19.23236997961541 25.53813819731197
154.147929056261 126.6655705713014 114.6754610016356
149.0349064761002 172.4560789010962 133.4123109166637
68.37075578702387 6.665707032541582 94.87460479802893
68.60618427617626 169.8668914367111 70.85059240936211
153.2117505409805 42.35218116738351 155.2678335104692
73.52245364905636 192.0909357102857 76.25949627708309
6.507996117060157 87.72968248088975 116.9640228626965
47.58695325385663 197.9713571875184 93.26986038822142
127.9824899567187 15.50609850258398 40.24242921706042
142.3457707917732 146.7676519651697 186.5186440966459
146.9939951903024 14.80723083055098 148.1022662535295
9.110330733874129 182.6909404344104 59.90502621859171
75.49410527240853 38.71057649045006 35.72853347994864
189.7476302517609 62.61544776952395 154.8119843551799
195.982559473573 46.57693560816509 94.54971944004916
161.2473091633932 133.6775223405807 149.3859291351433
151.9041702541119 44.68935564219754 177.6946509396871
171.0226222934421 194.1088490185666 124.174156573097
23.70401536092788 0.1406063770961373 156.521814732792
63.08627239897945 129.8160298661429 159.433293655123
19.65068355375341 125.8460671129018 116.3193961446547
195.5238660335446 131.7050280219453 186.6046732676962
118.5379497784682 114.0169625105926 169.8091887099334
112.2464933907209 73.88540524061894 61.30529258141793
156.6130475692696 189.2261630425416 198.2889446193845
148.7863334048473 168.3170475510754 194.8702718097094
173.5211329887234 75.48144164556761 121.119473440424
152.788666355769 99.61340800046898 50.70899263538913
182.4625014966529 32.71235334479739 0.6998926174325463
148.6668122685775 127.3236574210543 196.1160514170852
120.4401749624709 195.2777975326296 171.1523787101502
134.5098674150174 168.1847436148103 150.9126527844418
119.9184762110964 37.77401041072328 35.23803841862887
158.6629410784116 157.762537033325 13.19783429071349
95.54968668833604 189.2229110890067 20.5302061503172
67.78697948175902 115.9756591726066 193.4989917451731
82.17458808571094 98.62553818722398 107.5061454848833
14.24325788892698 162.870635169992 50.36871612769996
119.4309872599724 1.383284388189536 148.2011091117151
87.92932632543686 165.3768306616149 186.2184850314311
52.88831512571686 14.3820203173014 22.10337182280873
141.9931466329917 76.69549673999231 171.986626866553
183.361216551243 94.79734918525575 127.460165717718
94.11978742066114 157.5067865764153 76.49411074024478
70.68248668452019 193.6789375934456 36.888266249371
42.33013866973496 1.113510835005943 37.02336769399238
99.56496931278821 43.52682894983761 43.16116806934524
95.48323632542126 137.0819293502784 89.56535745043857
41.3330166526755 135.4122975186378 61.3475878709047
16.51629325872689 91.18595692666196 54.34045409672066
6.955222146634425 154.8691631576791 179.429644672215
97.99735488165568 26.64455070915698 176.0158841314194
22.1392020141373 75.34089270358162 90.71694337029588
133.7884282341758 108.6375527803881 153.9760585385144
150.1135449678385 145.6222953446662 164.9903109484608
148.6301343035276 143.3132044907808 46.20514903336991
8.052568119150536 143.3927359324157 84.82530600415446
161.961535068436 156.4436546867283 180.8855598220025
5.218245280485656 142.3976009124679 146.6407645031202
114.4320544110498 90.5274773125598 110.7411638070581
8.975566907277784 51.09075333746399 142.957543368896
70.47718538108228 99.65012671531944 172.6861670950804
4.289770718382824 76.53113867248102 193.7425300672667
170.5668712706087 176.7963610569959 138.6725233445292
18.28381072875979 184.0405169833389 194.8817418183379
63.87673567388394 136.6705210390894 99.43079207927256
78.69447916624013 84.56679465598513 84.03912017761708
182.2620905236454 128.7349184766708 30.99649833231648
33.41039383807244 113.4080295602685 196.3051419908851
174.3292529014644 39.22314738529911 147.8924813241153
43.81764735540818 158.1348537964706 188.3548468222989
138.4070976313322 26.93995905031381 7.364843383915494
104.0604652195337 97.89864466786145 176.1917089892292
92.5708865130119 80.50987065917687 141.4767999766782
27.58159844401048 26.61198911464378 3.168569848292477
197.9790018845183 119.3771722474958 167.8394827523457
149.9294946894801 134.6443390088714 72.49445852080891
104.7091483637663 139.0444452662907 141.7600665727202
117.7369997599354 69.70676332590774 119.2560119806637
139.2231999253606 70.94294167140804 110.6117906853965
18.39000122608145 38.2275828864958 20.40999400350256
42.36477594671985 122.6474032394534 19.76519774480515
146.3893484861968 119.8345317708848 17.3023827103802
133.9693410935525 104.8707268844063 111.2684691561168
157.5545924200455 199.314800838031 160.6956698549819
101.6939611021037 124.8727987448517 159.3896556352404
105.3315879636517 157.2782612094723 174.3142826318092
111.9504091034202 136.1983171048083 23.97890983596699
65.1782768283428 142.338509335696 140.7531996611397
193.0754509271596 146.0752983598479 68.13323670581956
84.39277815624644 171.8056343592925 7.579612820529416
158.5649350862025 59.92793104836432 114.445972146719
185.9989710583057 144.2264597378563 91.82230544591296
182.0472783570766 196.9488442069748 90.23419961622177
95.2963930020251 39.47776742693023 147.4374513490642
52.20808024917466 184.6454032426096 75.62902697372522
91.39558524343927 2.578910945525369 38.26425327737769
68.6630547107262 199.6653182255296 183.4973249213731
128.0954038569158 125.5317744351975 72.49423064147038
13.32488647530228 15.65733746687012 47.00992953457962
15.53222947485106 73.13101755812865 174.45054654566
14.8392282542711 2.841507557050807 68.34703803664216
167.0062354622588 51.36133180134334 58.60447576322746
109.6351376252275 184.7198146695353 37.60226555738979
21.3379685109956 86.15955664181776 137.756645783268
115.9309943985899 81.16924972609164 185.6444007735398
191.5023332818554 41.28819715015311 162.4167537563691
137.1229728752661 41.6070515836146 138.9890972052141
157.7293111084106 103.244249743485 27.61273310140021
107.7806569389502 86.44764338024916 157.0824325007659
123.091265031286 126.2696810973427 144.7665989641653
164.771104307176 3.18190555576281 182.0756809496994
107.6115882683326 134.8068459674857 1.857133675581965
198.7702586939528 158.836233782452 118.3310559585591
91.18499992705114 150.4694104873086 10.60359279037871
9.636674420808113 98.44547012123651 194.8832679475859
110.5323205427836 44.39409128705608 10.12830499978924
41.90709118209014 55.33590864227873 140.6700474921597
36.65867877532262 20.7502452908135 183.1574926720138
19.26210118774805 18.4808136402653 168.9327876631015
154.4534974678352 56.03563740170011 137.3414340166698
187.7954061719904 21.09163183463936 147.6790618400904
43.36711921874341 16.07334682360859 120.856977818606
121.2365799691164 133.1472498776387 92.62123082839707
163.7364877701677 11.27899355279222 48.65314363814783
42.77025128660364 135.3714080759542 38.57827756184332
155.4147390559978 87.46013684005473 8.103160071370215
62.15746382114884 24.54505749128471 130.0921236357295
7.017385331684733 91.63242575474631 94.72346033050289
55.82983771767752 93.52993341782344 47.40121141680177
126.9110924487329 149.3072596714141 107.3449302532172
193.5227738835363 194.7841797063134 70.90123937767594
44.87577130458649 124.4795937739777 98.73922118181096
12.9897896517248 1.694715651124631 124.4076508177328
148.8066590015317 44.43254666035062 101.2246041517231
80.68741840923876 96.72798521997541 129.9632975955438
161.3192950345933 92.21821585186498 186.671446349231
132.9604545807525 192.1888465879234 35.4041268382342
163.3475679259713 169.5701380253674 31.87319574227976
174.5108213043338 75.41455441868031 165.4964916569552
42.57779800293194 164.3489281473936 77.96258538751154
5.496551766921225 179.759585650309 123.8125733685998
166.3625488718763 74.05591656015804 58.52660995466069
14.43044425735737 164.98485117431 72.87910250487293
171.4985382725415 192.8746415460639 14.8794513250375
79.64914170522962 95.4074874754735 152.4869340163351
10.32964906155325 164.6750732985057 95.08773239551654
131.7641642469845 86.89106413602521 124.7593782505323
84.59648302779607 24.01712669837345 132.6114577892768
138.1577529379215 98.80188187384883 17.25150244440691
126.7774208400935 107.5091313844933 132.5158478635766
174.8073736241379 38.91626620451272 92.76693340458276
59.1150537079378 19.96497744610004 180.8715361900123
27.58290392127433 87.6700677192228 108.8412789077421
192.8218121754981 177.7149342132699 142.415473486848
41.29900291671571 78.66808635112109 62.09687075293272
5.128491512532898 74.07127283063846 63.69667619639686
39.15642803267667 38.83777808746885 88.67341070076081
117.65731352758 55.68799169520282 49.06956731174425
62.20200817236805 102.9020345359065 27.86419451628498
138.2639095846466 109.9904733613668 36.87129499065353
87.19479753579782 24.37562342850568 48.67984569794883
47.60677616272477 30.2807452582567 69.55524174881828
61.31052588661379 9.177821081946973 158.5407748634602
64.84617441999549 186.4222338766098 146.3234326811063
57.76238251010377 187.718503783602 167.7307753543799
53.84316794672117 170.4199359801238 5.263679189002159
30.9389875988386 1.030993496275084 109.4813711875699
194.118925542182 125.8277856705968 78.08735035573497
167.4647560718714 148.3654134328948 58.07142466628884
140.2189943334829 170.3475623616021 80.24813398361728
104.6438694586893 95.76668348314921 198.6694344189274
106.7747817680802 139.3400805371431 109.6511685977723
27.79425734461766 171.1607590750688 178.9506616866521
76.62805100200713 5.289207205380526 142.4042908541612
157.5645031159881 12.23980167632676 123.6430118469317
18.65687258616259 127.5747168865288 72.41928004983467
50.02105856957894 130.0826191110357 194.7723121894314
125.0345395396315 151.5119150407697 44.94819704695654
163.8062390699504 122.5373154257503 59.41808094757005
27.92835315777926 97.06993099508782 181.7055067130648
34.47078435931142 156.7155928190969 58.31206124409702
85.6375656492604 45.67509087444434 5.868549355084482
170.4822550012566 111.314134078195 117.4429501964886
75.91984588736707 71.44638857413129 129.1996890937856
3.720390841796558 94.7799227103928 72.60200458617341
156.2145897564785 123.6926572563644 37.27022762849428
80.74393339075642 41.19195843785912 175.1064881381058
128.0088768943786 125.3813055119955 187.1934393850058
39.4891140864875 57.51501676903649 54.38925250887134
111.7214380115792 107.3000308936949 149.350607421213
70.23762899439964 80.42498523219572 58.8384794360361
78.53377032917231 194.7057400905165 162.2660925108337
175.4324353547192 181.5132241631403 73.49988258107268
189.2741354477916 95.87916204903928 36.13510221194198
148.0422134561422 84.41291215021342 66.72622277589913
20.9321766951714 180.5247342617467 145.6746036122488
39.33825293862599 131.4719410024974 158.5463031592051
126.5654993218143 86.53467677391203 73.38830338714442
164.564632865347 53.92536009430884 36.29752773518544
37.64010302642667 77.53182852309391 175.8678447328521
97.29764361545615 85.66789291818846 96.85117076190483
183.6347881869617 135.7704714662949 147.2489119609034
196.7441013938972 20.18863816517829 168.5377883518441
153.4631781806195 117.7339929786988 135.4093361526344
9.907426854724559 55.15083608041973 189.1107784030472
177.9518041505547 190.461281539501 155.069628216432
32.93091670808079 173.2769975443198 42.90443458597716
81.23644327278195 10.95612122066485 66.5263415620061
93.9905725963232 64.08979929485119 52.31072916701276
132.2920955604272 50.63243728347307 168.1982600067937
126.400376761503 64.09267132916951 75.93069165005561
49.36318582147537 182.9987370951396 130.2395753223081
196.9240801085936 37.39181005558773 183.9935656673392
43.52742184285571 142.3142929578541 130.9181940554848
100.1061175977621 167.257199257073 23.15320699061786
60.61887383087224 107.026766712245 128.8126262633752
91.68218149232975 82.11445881620135 65.72411614385202
142.7052570781908 178.8925193960426 19.96452567377254
170.4503704389087 29.98442672807829 67.34110543836448
76.94869682449429 75.95760822212497 37.66584705248766
82.10749426153453 24.55330486157619 93.66135959845414
26.66287024135257 4.254475729724708 87.5392038382964
32.90636330775627 129.0987173320834 180.0667882574402
14.32990037535922 164.8935127671273 160.581284207242
114.7490648477439 157.4730347609565 153.1276096886049
10.55579583748974 53.04314215221025 165.4036308656928
47.55433396693941 2.58356809670323 190.9927478749424
70.81160120164722 137.5419722192347 199.4889237995998
181.1866844121184 67.82866546366377 42.66464098940025
17.02280775835965 152.8694089912824 14.44567569969139
69.89472545090561 178.6451232578865 191.6685026451422
55.88251529511692 152.4656698149111 64.10963867261373
165.6466127256807 147.1012824894499 31.84457468759184
126.979411029254 7.622959119270989 4.835832426587236
27.43967857232776 49.16914631052351 2.032642704048937
42.65558358701968 99.83195775228884 88.52495938865169
0.1381520081961084 120.4550245375422 144.9525930658928
13.14677205150687 56.72125405863204 32.26868059366045
61.25511431518284 155.1671534951003 86.73683458122055
9.528609720036449 68.94485342632277 129.1352116148712
106.7443483346465 118.5191915559954 83.34062304728052
184.9468265086162 2.480452036961278 47.9666271935096
140.9168793423254 27.18980450732512 120.5626276841198
31.52092492904818 64.31748846295572 158.6030701810002
191.4278190587216 115.7087585703577 124.6612874796485
113.2566974549038 30.53924099833498 55.57063101435998
10.50100587618114 8.005171227810196 102.8642995479006
135.3907151599231 168.4267187261627 115.8699218078707
50.96876475640235 123.4764454372052 140.9129276432928
121.8119463421628 70.2307867277073 164.1724704943161
155.5776734367031 183.3151451570493 176.5146034370983
66.93075494226511 113.1379894223346 48.95972397260716
97.33078692320603 145.7304734591985 57.49033213987736
97.40957906972598 197.0601309260188 145.6515349588467
161.0608928537262 134.6448283422502 94.70853220926509
10.54422693952401 186.2293756698484 83.03460923633692
133.892607729363 65.08864329064352 135.0118469097183
126.0135292174 22.36585780590639 143.0498766033841
105.768907787421 16.50179212005465 134.9318143002861
88.00625987680942 187.4524575448894 181.4441053997093
116.6753383390662 23.99732912718152 17.63632231484869
52.17543587659887 106.8052347809055 7.001494042088681
84.60819486090345 177.8210839480966 110.7367312253996
141.693071918324 123.8068160626881 90.51792260216187
99.80852586146932 177.1735849421013 165.1596625231289
40.11707584161151 18.59665466034328 98.64876030662016
172.8139251729545 161.1067228824481 98.98801348901674
125.3912599404507 192.1463948099871 106.6419615908504
22.02715826127579 106.7009416288123 147.1220975264162
192.8396137868576 168.6203362544728 66.79101435217952
147.6090571119922 187.3211693275578 67.30915863835985
35.16196042466532 144.3586267342388 4.0210171348474
114.103177409024 154.4697999755757 10.8772323690239
167.4083666455847 73.8323256275427 98.99937962653523
192.7753771317973 197.8135058820358 115.1098107227613
63.19593967025116 64.82390490578541 18.61308714279913
97.1875683263155 68.95720142095259 30.48820483168937
111.216209183564 179.1856486852009 145.7702443418567
75.52272958996167 33.30692610829788 114.1316991331614
3.729412801511162 100.2249481005196 135.5726741678806
187.2089804913257 5.022207153562727 25.63833394330742
198.6187263101091 173.3637106261558 32.40155532123306
191.1580174595718 58.54570078779724 176.983661833004
114.8396591753607 195.1284181082571 86.89590902967461
87.23342851225904 81.93886357120128 194.6942928455443
26.96916247972799 103.7219669218894 124.7187764050243
133.6572888939658 145.657736985678 149.5201432091738
175.8057053193862 157.7277020843305 76.85737777969011
139.2278807531108 158.3767231408353 61.12087874680488
175.1602673774113 35.49080271617884 21.89168978813565
176.2726858961846 117.4681704556576 89.12203599947044
74.58684697673706 77.76270249894253 176.4526000272942
1.148978677335437 52.92078389857052 115.6020302694684
75.13193213097749 158.2829679170165 104.5005888426349
12.71434795261776 175.0374745225166 14.83323827575064
62.74034163268771 93.92530689294196 97.00128662149679
69.33512452792941 155.7788333303579 12.73166316332014
55.35531567221424 198.0254537799458 114.4779832286218
78.3996771743948 76.47054820132374 105.1222744946581
42.06724977738048 3.900584171326603 169.1228791625869
144.3062918432242 50.96574208759747 80.07750521337786
186.1315330224286 36.4078139075113 112.1475010114371
116.0946353098724 133.3974184534255 55.05150619357426
133.7723239594359 182.6476872904158 184.7084510667698
88.3321427549858 123.2884466071297 199.4560302814817
49.27186580736096 13.3630315048528 54.68399144707734
83.33174770358492 97.21021258255573 33.45637681650884
88.19241649655392 45.78509020996366 81.55237223224822
81.29738641294851 118.4016244066145 119.7151150004174
22.24141022534501 126.9940284523364 10.47588750577147
177.4821356473571 80.60407895331046 77.36802041346871
126.5010102093726 115.470817384702 7.433117228425499
60.72807745872925 37.71435561562954 148.3858751717507
96.56028392839444 11.67031526360663 18.24411621482339
39.89758707419068 100.8120819736546 24.98681804585217
113.6209439805988 49.04136268739924 110.8901648640231
84.8668492510636 145.9602741720231 130.294992720144
51.38149783315571 141.1070513165921 175.1064293307077
184.5165983122184 157.3512403942321 180.1237937966729
161.3660389844295 96.82403435492013 132.1760170222015
160.8030287480292 28.44491401918622 191.1267063409076
49.12658748156547 49.95184462627172 8.293696411045687
164.0625329437251 30.91144770510229 110.9495304301318
67.66979490714283 93.67860276181769 197.0990105850217
185.3118861791782 63.25695339464961 64.39521375893671
92.01270426621262 8.617251168912372 188.236164125385
26.29678790955413 188.3849479485581 27.48129738619735
160.057009363599 65.64319719554101 179.840210424129
130.9980477590096 185.5833172882468 136.9451561551627
45.97980402432712 100.0672528190301 113.0837227291046
96.64351178207295 62.44651721938043 128.543722135871
95.73058486364116 118.6394864147238 138.1325609420549
113.1345363825738 123.7028223944182 124.6566653473647
171.0117322396221 130.5547906675917 129.2603212526067
96.86173783290633 74.07691317756377 175.8363697791807
7.412812427374072 36.38028499577594 40.2375283021206
4.204599608948707 188.8986483893488 158.3995900879511
116.6550699001142 113.2448588725054 31.16142847870348
14.96650847111102 92.93130770114935 31.87522466553763
46.14163522009686 25.30396203782079 163.1706628375153
120.5176512729645 163.7106584531227 132.2003499583956
48.54061690858301 157.1097143404719 40.64798635270526
39.77598420908183 119.5051178255334 77.30606929171438
62.73676910183867 34.49861176508544 17.57244167920861
68.30678129898705 163.5951620293489 149.7030510933276
160.7539958437919 105.1527655194086 168.1643457116769
126.303993303019 149.6303281203041 170.8789543389661
158.4863240230873 173.2386097073825 111.544785312498
124.4922833765681 101.6808747999265 189.6584974717611
65.18122853530011 171.7836993494042 35.19137316540905
127.7394946739517 42.97566663305494 195.566821962478
29.30983494320118 43.50621387470752 68.88997571855843
30.89309067684924 149.9890169335895 171.7194442220385
9.1524515397199 30.84043346777139 152.9587675196307
167.3779273960432 189.6463232929212 54.02915564109034
80.35533239171494 23.84846295424364 8.283018898301959
127.9295484876119 87.97301863989669 146.9913325361586
94.71242332752973 99.80883079441703 79.43041038053326
72.28792854944957 85.47587237428921 17.63001123625556
10.28205428911457 162.3913734240674 137.435330797976
142.8473827609035 3.49074087875431 52.2757222365796
4.648033553134971 151.6156782711489 33.29850303329225
27.14769213228602 153.0706804579613 34.63432156899484
117.6752304749591 74.90311615319727 93.95911739937084
199.0365878046965 93.71680521677736 15.88285752660779
116.8877050620199 50.3248106155805 133.2805110231834
15.3158425317664 30.09082442203154 131.2427158646483
122.3746918369507 170.6584285617191 25.35002861374626
66.15674059891438 177.5916990645148 91.93283090986449
42.97261691217376 189.8432267247764 150.7931279610018
109.2898897638505 96.24253017087976 62.55107981886378
27.8485953391275 10.40460250667299 22.39133486606161
59.30824300215576 46.90535137316916 52.20452096682138
180.8765086538491 193.1578980063409 194.3341655633999
60.18099641846694 113.6394879423331 85.0109691397426
30.24647572629246 35.9418187236238 109.2248020903889
101.834480242476 13.60486519245616 92.60595355247287
152.9495151115923 38.23267831659055 24.94126367875782
88.32874303088275 180.3165623093968 88.59936178383886
86.43675426642719 60.18107251398576 149.1740588917313
61.29303994271812 194.437873650738 57.41622727620067
16.33238389882309 138.6648237565742 192.0637593787407
178.1748940969484 169.1997847529785 14.83943438819005
80.95760972854653 116.1389872957298 161.3542119834424
149.6555174732538 37.50718395668175 62.74578970446468
148.7094109811963 78.13399323587268 45.04064066796006
90.36756062967156 130.3405934466202 20.81622059168815
23.36590942072671 129.8253833751188 94.39411785705482
144.7050794185 141.3227153059626 24.05187206454969
133.1029331016654 147.6809445957959 80.04758956209228
14.8778860657819 197.8688867341561 177.1875998626377
190.8411800635365 106.6397521569323 58.33293600795081
47.01829195933985 180.5088545821891 186.2434779297392
86.55749405682073 101.5427348648934 55.38716594262981
114.6594202173584 16.58327500413929 74.25424363960281
50.01989127688311 24.36798388822211 1.894849481641959
198.6319578199039 148.4761554450179 2.092092874997655
93.69176107608767 41.52319900293611 103.040248145957
19.41438508961194 35.31282360890864 183.9923753177158
144.2715160146387 61.72234971533177 30.1713292725192
48.36017301830599 47.73057979343379 164.6740596428055
31.46997546891966 167.3508594858148 4.869524601546382
30.73197615668364 178.3680888213402 64.79919472870712
175.1670589612398 10.8250826181735 109.5616526929486
182.9666151340136 77.3972454218591 186.3460245192196
97.96980223527284 68.13796677584047 82.62497883154916
185.1622289315593 111.5220217004572 16.66336830512287
136.172994458266 7.137265893515796 129.8207672720393
119.2857392540463 34.1704389779042 176.563231746483
159.1648000697251 194.9978291714574 33.6811984225926
67.79897492322411 100.9461238843745 67.95284705545187
60.95942341099497 108.0007914449277 153.9828966441127
84.57491122140573 67.43891330466255 11.81336741324608
134.9781230700945 50.08457530848348 118.1644739294978
16.58847508371666 39.69374614912613 88.3728716290664
141.7568005487362 123.5128762129227 54.62176375736047
116.8059447819947 58.43787850885778 26.66760491882988
126.9687674041686 173.8996014777885 47.22525204608394
178.9532466488954 181.9721586336737 106.8553291968117
67.08156411427356 26.71373798692499 58.68599551502054
63.69316666911566 87.15464004640667 118.5276396035295
173.6480339924872 95.36192958017841 101.7700981249169
172.3920305903109 52.92935608078523 165.7396415974411
155.739674689613 109.1821584059652 100.4651807818932
18.07304828683383 82.30963164642289 11.68500110815115
176.9896086156013 112.7294820578332 141.8918632312329
78.35900677221251 45.68969061887361 133.8481029116092
141.0157079997252 8.473290297947887 107.8003670657049
99.20175954398883 2.09143373037736 167.5971425502304
35.50156728620964 110.1456576212719 164.9184213165192
147.9123721607336 139.5671792770269 132.1340465033717
70.78592836681698 149.5662099005426 167.2294889000765
175.0521258185339 91.47859127164875 19.14968074033917
3.281574468808558 54.06311145404484 74.52928834231912
144.1147904400163 189.0404470017718 118.8860540975138
24.91991690454966 65.60089204216507 70.52947073937868
146.8879731836147 61.49267935503445 60.2619893820371
32.80690554863039 60.64253560887025 104.1443242118787
47.78994006244876 78.65445865435848 104.3103197909072
165.0948772387535 146.4182133993961 114.3111715284528
6.457079491386868 108.9457031298208 109.2173011018488
40.39418543288252 33.13652365984728 20.58701943408437
107.1267084744684 116.1152182046535 189.1874265928437
12.47022306750051 197.4559478203821 12.0969636622214
20.84285989469952 104.6529603596445 13.48484242999171
147.6429264580819 26.19481469852778 43.30059829543774
7.070894069649411 198.2763353938733 34.01285580828228
79.90909800917086 63.30548541197409 69.95248517560442
54.9341859292354 4.047875600923346 136.2423775307304
66.35162423447943 156.6056289656095 188.2275282150383
132.7876056342893 3.122620447510971 73.69442603750167
179.5499738869834 115.5761536520653 184.0089352020084
152.1252608677616 76.58841991260223 128.2696313797452
105.4711461956565 182.0726545376811 103.2003452749027
133.8349353128409 83.47514436070409 199.2189140360781
56.79512979522406 83.80195449722615 77.70608902042387
140.0322688551595 110.1551517208254 175.6289160946875
83.68450017731675 137.0494560778349 153.2639593466019
172.0251710197044 71.76084664946829 143.3468228521105
119.166709594521 14.15070350701894 107.0776806187914
122.4942170388833 111.8406058707389 52.93452226337483
140.0224265230891 77.14477498738707 88.9084652630941
154.7868919066788 153.4904084748598 83.95599322989069
82.74060808325049 193.7479192830402 2.486274105615965
158.4584538132599 68.53222991304769 78.95085366806906
166.9600029042215 14.98088242753378 26.60682794073234
185.3754928061293 128.4583012035062 56.28050540945488
98.43772046322792 40.19937450651883 125.0824429453798
16.26036408544125 116.9025303199528 52.65832779513089
160.8116782356901 198.3084089250521 81.97553605498082
99.40130474945187 86.20910385918036 44.89664345303363
138.3054176859347 99.65076604519815 89.72581051408875
188.8472569270766 37.38215790716637 56.52620536663515
158.3789510237023 89.98345088417484 86.02014218467234
148.8796915363677 179.2910772650639 46.23699896331623
176.6774293238737 23.53483979164424 128.1711910469184
115.9551634279109 94.765810724689 18.19340988379262
26.88892435885879 148.045592268596 149.5761493400412
125.5621532995143 182.4749712167733 68.07280151085423
187.4258252666741 75.70654222832079 8.744483836685731
10.47752015883283 112.6842665818165 87.30852456646352
57.07509924696989 68.23421083550913 45.1173838820961
153.4330507703205 88.4322748461551 109.0824368735046
109.5969618446194 155.258446673932 93.87852601644907
196.6856887105602 15.41969483392557 62.2813355941372
125.7251975565644 142.0153844879499 128.6886990036497
36.2908731855759 169.5272210480318 158.0560223874285
188.0148552266292 47.2798932920292 36.24132611309459
52.50844958569079 82.33001154941701 28.07080126857576
34.94042168519548 86.83447814805326 42.02171172748998
86.04954706299758 103.6413396023587 188.5513487775173
50.48512888838789 96.5337656638839 182.7230096035767
115.7406248538171 198.2473099837319 126.1298984143236
46.35215363137918 40.81290123558465 186.8533251738653
189.5028213981809 78.36287560018746 105.4217926037991
101.2097640915529 44.43451636344529 189.5559237363672
138.1854964197811 105.6281524513096 67.94531558536957
104.5758142695028 50.2162094478476 66.64989777293506
53.31835375619534 154.3033283012061 108.7977521867249
94.8989581193522 82.90741613664456 119.1392710718358
189.8420025947341 55.25048744797697 199.4791184722165
141.322104883472 190.9220728163001 90.67809153179225
