3 1024 8.061877737719723 0.6484 1.4 1 3 200 200 200
192.5309247032592 96.4770059406671 58.29497870338847
18.41880884993282 105.7907960394866 30.80136338328262
102.2921395438509 119.3788129647983 156.1461535198206
166.4066538175478 173.2869973944383 44.18533546143036
70.94591306204369 100.5005543436135 166.9373051215271
140.2087241375383 91.39455778803868 121.7401356048026
188.5568622827798 9.291180027122508 157.9127951086701
113.2214916817064 192.3532058098713 76.19190378338246
183.6936516993588 110.2065621943434 57.89025482283233
121.8697393870708 174.9505146922441 25.28212503944748
42.51940635055318 31.31860672540845 168.8421908644188
40.88426329359226 69.94728668717875 56.3711011025526
19.82087441738388 92.78391139402763 191.8148833370333
83.1047970101469 182.8926965742316 187.6954514009118
111.3674664665882 170.5232976289986 161.1436239785087
147.3987013032333 110.3379672389553 0.8906097336582283
88.94089164259839 109.3753551092663 143.5724568329704
103.3479527948685 82.71175498514432 187.2811310770774
128.4904426868326 162.5893707058334 122.2365460462376
140.0265643560951 27.05119471751507 84.16539344832961
189.8141786946255 167.3272356053668 134.9361713445255
125.5075610587618 138.8705296159613 164.2164113020457
108.5009042329745 35.48567483843423 193.7072172248326
68.2410792148484 168.3618674250633 18.73484464414996
192.6109662690169 107.8033083326056 44.67508973720089
194.2628413619867 124.1960200397287 159.339997792739
41.40459849883919 104.4517966974566 45.3654785945261
38.90753861573008 62.11021093964047 85.77286304128344
142.2766353804619 75.19856188645028 112.3322212517619
48.84878475754761 165.4167438670112 89.16454611311072
19.95163575705947 74.7874756284865 176.422419442231
130.3764315501152 65.62041204849152 117.4912361574637
43.29335230082857 41.47933320749883 155.7638659881517
135.0078249625265 163.5897740656875 59.62470252950478
183.0309978843816 29.46151041464958 196.5584820498662
54.1098570661006 49.62603106966738 52.55417059625325
150.9081318084406 79.72835170666772 125.1754950921493
43.11633128003584 36.25946859510031 1.159013780021347
77.4618773275255 140.4973720722376 12.86232833565589
64.33286199710921 114.0380134241172 161.1268961919811
108.2738475657364 73.65415097926932 111.9929214908933
170.2816056522096 61.11218217235594 135.6987904166134
174.8021048378222 161.6154512175704 133.4331987090211
0.8027805264106939 178.0893856159308 80.05949092417023
89.06606936457675 52.33314144252149 12.24215212877684
32.01294531269215 100.5720820994204 151.7228645625188
162.1781915938728 85.03375739881331 67.06412419119752
137.6489210095548 194.9267638391532 52.59048435238485
1.564645603627949 109.9381524161163 5.420067463368798
28.80912294384981 88.1257882676221 178.3220699519623
100.7020624564988 56.19899598221867 22.71190784580178
163.1757148725541 184.7458257274159 95.1381489383044
199.5598626922896 190.7311108936437 112.51161978617
54.28905031464283 101.6604930714676 36.0825967405599
113.1585177765529 68.9432179011462 164.0202492242605
94.74825294134625 2.358025009124658 146.5046864024402
45.95324600908624 84.23164669183537 185.5596825740552
30.82059281314755 139.6651261070524 162.1533829796944
152.8852469935584 95.14584142412872 56.10576826626995
158.5706457367591 89.36058700083447 42.17096768022947
32.80040367457945 165.1689551366201 90.69302677592341
43.62689517952813 15.32466986118496 170.5565604284308
35.01579987107714 125.9451805723174 154.79606385111
98.67562297732752 103.7007065228259 155.1050871502768
125.4026068193564 19.15248018594358 11.50291097191802
75.40718732212122 172.6044160766322 161.2596961333992
93.23202883941977 135.4836647292639 196.981873020385
43.46499757660037 109.6289888772254 121.0571339012102
164.8443834536033 0.779212620473348 94.85684111345658
125.4055188322892 197.8664664333029 157.1969353532259
163.524856231244 106.5335435885197 33.72526092882467
112.3708504435148 189.2438735477484 43.5150609390578
1.348823038448758 177.7367354262926 60.00292005122024
170.4401875055638 166.88519043417 29.94747424382959
59.01353736218449 187.1687533283255 186.923546437319
108.3103087691629 113.3063573092464 109.9632929029687
115.5588655086759 83.70877291222375 60.85177324261112
177.1983514656567 176.7935917314 138.3190791000351
33.18383540283448 126.622531392965 11.43568257357331
105.7830795005963 142.1703981968137 150.2268487104222
191.0371367832249 39.84302976134713 187.1724113719766
139.0193884702809 175.3994760981599 130.7461609560517
26.67195561812544 114.8529449977466 20.32627726808473
8.684365133290155 73.10374260223176 42.87569493129653
0.2619163426574719 176.0649313146119 41.49168291688351
121.1841167319565 102.3393216571403 115.9545337023252
182.9895217314695 4.075959230537817 133.5313944971057
97.03540087967023 84.9929189908228 10.59434541761532
186.0714438981017 172.1903968323909 82.91689409384657
130.5911262071665 78.09611743614222 59.27007527772534
58.98811417071347 175.8258777916277 29.62682807815294
25.9106215192019 141.645178892611 110.5305488291602
62.38615283568195 82.35880784958614 81.05090798899623
111.5299131035868 167.1663363795174 177.0293906385391
99.58830677671952 77.36277342302587 172.5426840512826
124.4032674306761 93.89444811545475 129.3070056938396
193.4488502084721 5.297484781061888 102.1567514466986
124.6120993216145 140.4904497893159 84.40914996346372
17.5377534998094 143.5671497524012 124.6008045473916
199.0548307537326 92.35258735426328 93.60641763191893
130.3466517363558 158.9208672927561 185.0912474420415
115.1106815614742 20.92129434074557 76.70284531690294
125.150189678591 150.2401387132221 21.54685857517549
16.87253499345717 180.9232993014374 129.1991213478105
83.18907116843506 167.2832212705835 191.734268550353
178.0836578856548 46.79114847496327 175.8597620975567
138.4214350997848 133.6396055205621 47.88369808142229
38.58528125484063 23.77489331079945 10.56051766342239
59.18903874950254 129.4090386297896 184.0396484097014
199.4537348514271 152.1512599117633 86.56619715644666
140.2879976715444 43.44277891705502 194.0930779729132
64.61690096180573 159.8379133968321 55.51886746557047
173.9179748650557 113.4956659445533 136.0721251457777
144.8736337011863 156.3148755650646 70.09855837265532
47.29941037800648 138.8782258558579 114.2512912993654
19.86742020232555 157.2899389903914 14.30518872988951
179.3709691800766 15.27072986330151 122.5065791307347
135.6440533626734 38.87305409555695 108.0373734764122
127.8181724198796 128.4996868510271 13.71526958463441
126.2301294406916 48.98753127390108 34.73365144959752
136.6702485150679 126.4730801244954 62.22043238534249
54.94923457977215 30.70329678332775 158.590647736377
42.91702153424421 97.3466993799865 75.21718124214746
118.9492133022916 29.97099963327677 173.2133934809091
100.0796286184863 129.9878869218525 37.0302043974531
71.32697351706152 107.7051915098818 146.9328750162774
193.3960397520356 91.25145173862866 74.47398222479319
166.4447003963125 18.25957216307823 185.4928533788723
12.34285646426385 60.57295614418692 176.3187046446756
32.95548822139104 186.8647126966945 172.2968467027368
8.39940416342364 140.6219658329942 79.70919704582425
115.0199894412122 78.10713838922403 177.1553704930022
59.16063006582931 93.69263043896613 6.295807910346451
112.5021223184993 22.36008951641722 2.245882404499048
165.7393069440929 79.21899905950745 52.45324223379432
174.138312804211 14.34221847053525 199.4231834201306
74.88196650725 6.872176865704218 110.98291495354
29.97949367653313 40.62007413551375 164.8175818139263
114.9789825474542 141.140721895522 136.5491653687991
177.1309447402469 11.28095374562395 146.7121406103316
24.78684562564633 62.56425655132281 47.31360728722195
83.82420351742635 99.1180870609746 48.45196764669509
93.43712999440254 29.16567658437973 189.3198116929038
163.5820139559158 42.70674665039097 182.8753616010005
45.49616830357104 115.9708832027404 33.254011068468
157.8645703678749 161.7917523062115 106.7063667167025
143.0779540101935 169.13194268606 116.239048750113
77.609659735894 155.2541757042006 19.35699405625252
12.15328928318808 118.3193975244958 14.22976541097324
95.21011035941126 190.2800546075552 157.1757948660014
21.70493223317294 116.2234336393956 73.80034110215411
167.8688792752807 194.7877133396157 165.5750958390614
128.153277676139 164.0745087438383 138.2880792532755
54.93914323411163 28.21054191909671 75.08961756411912
116.7236300677973 115.2260252537827 165.0593652274285
130.5809363337085 144.1756461136171 178.5721658927066
158.4808944081557 154.7554941807165 173.2952318309856
159.8575149377623 147.7558763520536 64.50503488662277
1.878131025866032 37.20339395840189 66.35599118758773
18.00889275929143 192.3978856235491 169.8602796294024
106.1191820838659 183.7125614536079 168.789960496547
161.730854328339 63.71724586176626 41.77190177149119
110.9156674163241 181.1197729118981 5.819434184107065
14.58015344962194 85.3380730702703 94.38034546859222
73.46859596116241 95.8506677077776 184.5799500524188
122.572178737494 98.05445266583274 35.07099575487323
87.16589072807692 183.2581635534073 116.7645504738556
5.171044575780242 192.1523555499125 66.19361254521063
149.24639391037 187.249418037376 124.7739793218147
138.3786620159308 8.743816057004638 183.1531474011028
135.6681480395934 98.90334247780777 108.1366220949299
40.30237631528247 55.818687832027 162.5025182252255
86.56496094379204 78.19436165164181 182.0118738319856
147.1329562896401 33.55364967560455 97.14437406746686
99.54848376266332 102.640060843713 47.90722576944876
197.2165241166257 59.11985485105584 91.40433144910214
23.01682295351992 148.7764429700924 27.63056261173222
105.4317352524341 47.810494482385 35.65483690401047
94.64754065373259 181.8268361108317 24.2422956292903
29.44670624879913 114.1372250525987 104.613059781391
96.09291278284779 187.7201013773989 5.646582997512242
128.2279679794958 82.31556547463175 165.7220087427629
122.3751513353065 30.7232892552613 138.6391020865372
30.11921622948822 113.7320241193303 38.54732752946847
19.09362352114226 51.42188734635906 111.0774995470431
193.6641125482136 90.98940979760032 14.96651416797198
3.855734940536689 173.4887443048262 140.5477195312554
38.19035496500976 60.37135637056016 38.62414892451133
81.27967706037727 120.755613419142 135.1015188804622
74.08963939616781 155.0430466107138 124.6485590729374
135.3775193687683 31.5482082086111 173.421233556591
96.60561857726461 198.0240197491828 57.23447665561085
21.79860020827416 26.55971935725131 161.9998354305175
46.76840648198808 32.07662135313174 21.70002973849654
130.4323678565019 28.11722300215858 97.08070126423564
173.265280120856 98.17252404042199 142.6888194294196
197.6712484831272 135.6297135054363 146.4882053469752
121.1666105052394 131.6840271260827 50.72970225413074
115.1117005394324 60.65794550186793 34.38778415457415
155.3192280715095 165.3489741235394 35.32789601439159
87.74762260481583 4.978522970708529 160.791934271011
175.1773768580436 31.506951178375 182.6263510293141
57.23726493646309 46.01934188711819 81.86773323182852
29.94871304928484 145.779440651555 196.0280192428034
100.410794612383 173.7826132482849 117.9726292555885
60.2149369784905 90.97274586948801 133.4848065362104
36.1278517108386 52.06991621800049 54.19607946732469
150.8234341527006 105.932261841599 44.24049034039402
145.0287841210667 179.6464835062703 20.82891595734338
165.6027031613794 109.4905623394048 82.99324209614964
100.1928112616398 145.6900381373562 132.0055970734744
193.064213373141 106.8959917357104 70.58804917244903
39.2662346586603 154.4071865074658 186.093693137986
26.55770814546554 17.96639744262863 116.6674578071274
155.2316150629343 52.03117105819407 193.0389954971455
143.9270979682677 88.28197921922629 172.2255291417965
140.7795231037978 35.44958901345165 25.54367030035214
53.5669464066768 13.39798084067016 81.41389966935607
4.64522226999711 97.68051994196742 41.12241204463494
132.0663614257452 49.66236041024188 120.3117302869549
58.64324082738338 85.64655622454907 42.78147261197459
50.8607496700504 123.7021516611058 118.3706552335824
121.1617605076646 106.9702853754528 179.4790498199021
95.58600950813089 168.0484397822748 52.45670336638428
76.56787789273938 18.92796476833385 173.9799790463838
93.09119341310445 152.5584434331977 149.3158439751236
148.2645075098 137.4677623223445 60.06701632998013
125.8339540974688 3.2218327307396 19.08119669783203
143.9539100092969 52.06481949403889 52.2630168071415
0.9866812905621813 85.13281356865933 50.56360513634939
93.89506517576012 5.784908469590314 130.7726680732044
27.36715810421722 111.2793129990357 4.619230557436907
147.5325133596123 120.1508122716888 51.11401091298126
107.0531949231558 7.144000495564281 74.41729560271155
122.6241825204767 118.6197816288211 61.22526615451878
163.2559108444945 153.1096581325169 140.8023737978844
126.6247112638226 14.48961134587679 67.42769134992415
117.3524193819021 35.08805329646487 84.06751375015673
8.434569520121274 88.77966939025859 64.39077681227977
192.1123805266192 69.11836969575039 46.14105123062695
114.3043690858107 106.1616842962104 151.9459972091228
149.2901599339941 189.2468484600451 140.9015402979061
43.96079516418251 40.33319727084508 185.5395598659479
167.9336160482967 12.48000911426084 133.5233884422835
192.7524250196471 29.96903230154262 49.99117562852273
156.8349485224921 102.3377771098204 69.98548065427092
63.13408896466762 136.2525749353314 32.14272860413807
142.3337788879599 60.06918960329867 127.2082330742338
108.0246010974191 183.2157614413815 88.41781576825139
176.5693247310254 179.8337976092889 165.6568020527578
68.68630016977752 144.8499596452794 152.3583519950227
153.3039049663714 36.98851783975346 81.49931493256921
140.8050385452984 113.9561664608386 102.4760958763082
21.69851245599266 100.0095352017306 45.49163622713446
56.46487897656864 130.2755294098235 104.043213955262
114.6180826370744 48.06191143586043 22.40676959984312
113.502013897786 53.62114992616721 80.05990835109304
104.7399455020082 142.8651622655105 50.69810996980796
122.1007444210235 31.21831786827295 28.28983703432112
196.1873380989323 74.28429471605438 105.1707039332003
46.63173673313396 174.508797154263 178.1833603986802
79.09747474174819 74.91051708699968 164.4676975929635
156.1534262197165 158.4102520452408 85.67843002707635
19.31714850974467 182.1104204520773 148.3542705506064
34.62786265400494 173.3251256845617 128.0256314337858
78.11047726157716 37.16006619915778 7.332077270637272
25.69821835888967 186.8974584942076 89.57064610874026
3.977591399166958 191.4492684182652 93.68847923409233
187.2498860171682 52.41413536987807 159.6606254875115
111.9653591538582 117.6130861311428 11.54691523995852
6.775253881235758 76.84527496456961 13.41779282113061
93.67921112848651 193.4406883269859 77.19237616487126
179.6638413583476 191.5856114005698 150.5760080793226
80.18383959082593 28.27387091284974 44.5289255212266
113.7704962855357 55.91300376255524 119.5696204262393
22.59912564401075 81.20209634914298 53.6060538626227
118.6338079081593 127.7075164607864 149.9860809009422
169.4090197597878 153.8568494610104 45.47198349977855
124.8515988664447 83.58836689701123 112.9120008207818
81.50172416462071 3.927219001075598 93.04324929400892
44.30379863796546 198.8782566264821 182.3567752189527
39.63294883290345 177.2414815733339 156.8980118284734
108.1925905496757 17.90888776103226 183.8509025538352
111.5694192198316 24.21135987993344 99.04688675745976
153.0886255462793 191.6297178466534 63.7749754263837
8.647757014776699 189.405939627396 29.42171257071944
73.72532065994159 129.7747835956701 196.8038697874299
120.1357333410496 88.2533216255375 147.315930747953
46.41076624493865 12.94306301659216 24.55319681631071
173.1489717124948 43.25593729464332 75.73097601176117
118.0135730128877 101.4623550315711 53.56340291755529
156.8256455627579 115.9369997173441 145.3300721573935
60.49114683992905 17.31876066940803 41.64485195882506
40.6960803109664 89.95641483172164 113.1238537750808
20.92630718629217 102.0977814087388 167.5055184272506
63.89936387483672 42.85672586168884 190.7453014849654
137.2661521689274 163.7027988134747 28.5657399647638
101.8308789791216 188.4973377034818 187.0404160477053
47.49247124357381 111.1573628028369 62.46327571754424
138.2115351580808 107.1872215578758 62.05835787607727
9.822184718480692 162.3105481893152 51.96601933270585
128.0934840966351 124.9097459470792 177.3604691663473
11.27599823086528 110.1253425449856 187.611511963318
16.68616255360002 162.9394772746252 159.9737113823806
176.3903100490747 104.4778343833679 161.0282469340979
17.61284784766313 177.9683087065522 70.4804313310143
50.53019722523064 14.13053145488788 61.64895007450151
183.2766813689842 136.6426852568852 6.44864166462262
93.50293485489401 184.9649495546578 43.29971614300021
132.8634851126817 190.1668434713678 31.58146267242376
106.8664778424129 134.5163592376589 117.688801474199
143.3006404130204 87.01398196467659 70.81535154412214
159.7883447942292 63.48783731236321 119.5415067788841
119.1606275617608 45.43148396514751 100.3177533500279
185.2223621437251 27.19380917406389 108.4366840482916
92.98971845300017 40.61549261912271 153.6337113629014
130.0403734292799 192.8741574465016 137.2272042390085
157.2523910579891 24.45621929652293 144.3328109393211
21.75920167515756 160.5706258714971 110.249199706558
191.4083870722624 149.2579847478284 52.27595108118785
2.447799042293871 127.9202060999278 198.3328330060864
84.03107982374713 163.3703503698341 110.2436654848411
0.2621128323012623 158.5597481475446 174.8269064290348
173.1624761444532 168.256576183164 96.78194337379418
197.3207584474938 176.0181924813157 15.20941996478713
23.15443862412231 199.2439857481038 65.37478759354504
129.3475819608844 88.51779689035293 184.9430721669244
162.3335370031898 17.50240065695627 113.6149134608696
133.2272778374564 157.7439866938633 85.96995670918281
161.8642626505379 107.3789304197586 13.39423428408814
176.8430013621843 177.2094047431009 5.79120657046927
69.85160053241268 74.62554437121285 143.878387881201
37.05212163191099 5.356506610059136 95.88178794329649
71.60425919857124 20.39483076132643 81.19580795275272
138.9719292656001 10.60406613491958 147.9661704329576
112.373850443934 185.8721579195673 149.4084728881268
62.29911759670824 75.38847193910794 63.00338844029379
141.16534933487 169.4647613026711 197.179203817026
161.1555270507734 45.05598051031393 46.84759754674244
92.79720480377127 171.5792263948058 152.8405297249986
167.0081949535619 139.5192625561267 182.4645685889573
143.0799067809922 56.61893587150597 106.0065422774605
106.0055979012806 3.05668583127032 93.47397034732519
163.8219844031206 85.05936157430691 16.14100027954982
39.95574969132574 96.59080920264952 4.942413571196346
60.17153887863911 92.99670501751588 152.7269506544904
145.128830314128 11.90244313412204 72.4536466730784
149.1283027015567 70.30367861031915 56.80390285818142
18.02985856483017 155.4422226328633 71.83938820406122
199.355928329246 150.8289813822195 16.11273712210573
72.09691559486681 123.0895745578145 19.38340162053843
22.12166352453721 82.8874618344275 76.73158958413663
167.2689677547415 143.4929975821744 160.2462471380763
184.0879694005907 159.3136238715568 116.6168844392721
49.5574770976765 116.4452765884844 173.3844721283689
188.9388419655794 111.6213728798395 190.5006111569413
131.4131281172761 61.37844963257257 197.8680596567835
4.878581308874705 69.9276521260045 61.87679390965486
54.92395730203787 108.5073472299006 17.99722631401458
38.51128149775204 79.69133327047199 37.66718882020975
73.64839936226117 162.08993914625 145.1152720331777
153.8359522104219 38.48213282706292 114.6126863889528
108.1850367043579 113.2535961801848 74.25680503753726
110.0751404616955 157.1225955445605 119.9234017047868
1.618073616442274 76.14774371359579 83.34052869740748
70.97679086225561 114.5418365611769 180.248123144045
88.43402628260402 78.06186543208638 130.3186721238512
143.1343424255745 29.0884118680144 7.42442035489182
101.6319030127753 28.93189730661705 37.52527707655045
96.37791250239127 17.18699822319587 59.89134215332353
189.6828542796385 142.6768052301055 162.7702783446461
130.464264629577 109.1721809264778 21.34283054021957
101.3617842228657 59.29617844177891 101.018965341086
112.2169184856303 135.1477112922005 70.54683304780954
96.95005736379146 64.73108598143968 39.6661644887546
112.0210074657562 95.62676845005397 16.65368322177606
122.5590204611628 38.35075353343022 6.804469400552827
43.42915658532965 183.340385334601 198.707768617843
47.77672119217165 111.81220014611 151.365122479379
13.89359836263219 196.8517558707365 8.255937021197752
108.1310471453233 15.6275963314513 19.85158598896369
80.86962639864782 110.4521913339467 85.83776522692192
162.7462404847105 85.56065020756434 175.8029571664003
76.67471925168407 135.6668851473273 94.39968292266494
148.7789897457475 70.42816393765325 166.5635992597959
48.63710980284194 112.6356746193069 102.6571004847749
86.69237601270062 43.79902565905542 29.44352218892511
17.6931772901251 86.50939456298393 32.22256596236301
154.519873007216 93.81649040437244 108.9441666907457
13.48773372884128 86.01919297677544 113.6856689476065
88.52751893523106 107.669053922153 18.04378288930455
30.35782448735488 75.30005462795113 192.7252899857471
56.1519925944914 192.2840100470255 41.74005138296776
162.8972935820375 118.6092575943311 112.3308414899272
112.6881172571044 140.3251770456438 10.42655953147336
89.77016718955582 77.4412260290114 107.7940439841288
149.0588920896763 194.1581716019866 85.84006571961862
124.954099465968 67.06774385793308 97.53198727152895
53.07017649550312 163.046918706678 196.5388566259726
39.33309163810446 20.99880610322409 152.5640454262931
111.1423349810629 198.3314358194516 126.1541576778426
11.4738183681042 28.13547769321291 42.08943884970758
58.65209863905281 25.2500493101744 177.6319160342286
103.2734658456635 41.17443830376902 174.9699532981209
3.85138124377655 18.68261119129385 61.11741544074495
160.7375737870788 39.20866647004945 23.94299342787328
158.0293533309552 166.5454017890912 60.26973142282489
179.5448040110854 120.3506155277581 73.83324939597404
95.57134560223133 84.01455641423833 51.31616881150104
114.0825389389933 86.45654185644554 93.28286704211204
55.91460558813229 175.5384306987339 141.3583437695669
28.73813974478573 115.4541571537427 139.7998671821291
27.97262243654546 139.7120603421118 143.0162719422523
69.06206399176941 172.376967619184 179.5358121469965
128.9315405411065 64.74187025293799 175.68603580703
38.64065033329594 72.65240663127065 171.8943026665997
163.115598936514 61.61466945031182 22.58839409658249
147.3434011133305 179.786844254378 45.43895066950677
52.95524390133519 184.8648398004757 91.22500436990811
18.59727878873429 123.3592659406792 91.51374546093525
142.3220736209197 105.0868700778444 84.30298593680683
0.4831445734451147 20.85705209565989 93.05881360143904
131.5298762651427 101.3881011118215 164.1264714727217
13.63583900763063 167.7788718284984 90.2254861830621
86.67206452338422 59.59012012382241 143.1692776361573
135.1004594169584 132.1469330470125 98.48616584520425
24.92216712666681 4.734053301731196 26.30365707977212
174.5591940297886 157.3354070468997 72.6546364779684
80.58876067633304 18.79984374355498 125.1070606697681
33.47925555980484 106.5211430099989 185.7346732006587
142.1840953760168 85.95179233704197 151.5667447068067
76.64969687999478 88.59908775412765 12.81710921073012
82.01847761237539 39.52375403142631 133.9381144527308
161.7629797616769 16.93594989716009 20.42340050868606
116.3172540176069 47.74771947212222 51.65033146337344
76.66064201715534 1.619012899760563 40.41577041451559
40.3145126752925 199.6221507807693 159.7491172886153
43.27241751215139 197.8666531931061 75.51707152325201
24.58825674143323 59.81530033008843 136.3267688124181
160.0749073651239 180.1914081077144 155.5488152714973
63.84142836755701 167.7688504511363 101.1621100242218
19.50110787538941 42.35036603794744 60.2486055083678
190.8938464087186 160.8663873282694 197.4050276772779
41.58307761100247 80.32642700504293 150.8729457352237
26.76283782773039 30.97321137215626 181.2778845722127
145.4455324539299 153.4033009149852 46.91069683996137
130.2893492451244 137.244901605541 196.6335148156417
193.3127532684085 109.3913492976692 146.9213435722302
66.21735057326703 3.661809595569271 179.8212401652716
128.5640246590189 122.2594670049036 79.27551412111373
35.66068265373891 186.3905276040243 33.89971369121044
16.65446494255852 0.2624654898885667 129.7557068138112
188.7823704088452 162.2674769767293 34.01723801390964
166.2981661940178 115.4399671481812 51.22951080203643
59.50541276907492 11.50480021403009 159.7487384526421
11.81975902522832 140.9335797353007 158.7312744554759
102.5189022581096 111.9066735443355 177.9171295214885
82.09499070090962 66.67872476417753 56.54606836213585
5.536134316700923 87.65983961719583 175.5127772711641
30.18359447968049 36.93046746098076 117.9205138017957
83.67529086083395 114.0558547149206 161.5925990100137
179.1195587221402 55.64867898578727 38.20965316595247
92.92369280682901 128.7306135653461 80.35008557501658
23.06669414306405 33.8223858624138 3.920397671564402
21.48118590617752 58.99117438385919 159.3382113696808
49.09479828913243 132.302155066607 70.20080620109984
136.9803031113121 46.10440762548849 86.47838108136253
180.1539130930515 73.68997307666706 167.7056384962505
85.50479703205819 141.4533623093804 115.4376527647891
112.2779255308606 127.5438821900928 93.98390215650781
40.9019166950462 28.49432853450871 42.5455331779423
56.32984788800562 45.85498117787627 11.79726487468514
92.98110915605298 151.1354758222531 8.351673739164104
0.7255345383824311 92.52807157395701 197.0207702058309
197.2268807868664 7.989497277881164 120.94024978285
35.76856811389992 150.3670462524982 124.710326349677
178.8795133609073 62.76049755849593 96.38817825360637
69.11622807874467 8.146769893726514 20.1599879134049
156.3060912331344 73.56003747311898 99.109426140699
97.72301361396146 40.36805905054465 89.27112524657304
95.72869008439916 21.71956011574476 141.5929839895131
80.34544091733956 189.3830249677065 169.5281431464499
157.8363790303163 167.4205531991765 13.03411549046336
55.88518270481499 142.8622429631768 89.35982357070692
91.32078460029052 57.63359443499521 121.1673355661193
171.4392789238497 31.89418103422781 128.4292521900464
75.55732286153297 77.61162317998851 37.91049365412211
108.3329323378352 110.9565725399475 32.80714169874599
164.585186776825 68.27219967635048 1.070625203787773
20.29445717569299 81.50707893860293 158.2819985378244
129.9847333346497 147.0260978896774 147.2520068420165
26.28588349513775 123.5787424400246 171.9002025112123
37.34078777756805 157.2107193178723 167.0486296578514
101.8078196029953 147.5896479974587 28.82176489187487
35.34848574803178 18.87044085725396 77.88176501604062
74.11649592800882 186.4429497638962 23.90260551410105
34.12514466789926 195.8715946407576 116.1534244165632
1.759334066650221 69.42582934967626 162.7580330142154
33.02685070217593 77.68818335683422 95.79855023923082
105.5297301359498 181.5596205097046 62.0958365896814
128.2495151332223 61.61633678938724 20.21627726550262
36.31377039246303 99.47559727313728 27.02940599240883
90.88253755792853 150.966402494107 184.7401707928327
169.8227839753045 80.01320425744279 131.5916822727133
174.9110674487659 163.4209711648718 152.6960100312216
12.27062587656786 118.6943888107114 154.893980231259
24.6110174587353 127.2830830813594 194.1027762862072
76.43562423554826 186.194272127294 147.5261591262505
30.15744015987988 78.92266427072693 15.00396695051837
153.6725379747418 24.91891730886006 39.92452079225433
174.1714710534143 136.1413819247622 58.62598823201665
191.5146407563769 118.0097640813853 110.7954784409832
194.1238717370929 39.53621128668172 33.22953735857513
197.6052215422146 60.73265133025689 26.29463581201277
165.0947787225101 61.69390046887686 179.4850622465561
120.9414653598984 8.540991644754678 37.0310440294128
56.15172540136482 64.65642054274491 183.6830769058164
21.66496748176215 146.7923421097178 92.37010285161894
161.7345784937408 181.3137223456147 178.0318870915409
47.89959576479978 150.1389350613833 56.42146093693385
92.46670731466314 53.75489362651987 71.87284147350807
72.9443696173031 58.89848324263865 3.796837647047215
151.8935677146679 15.11044487724457 93.7463661477117
20.54551015525029 13.46577969717651 194.4997847641831
166.1988929844537 137.585879197805 79.69405867489198
150.9525959039088 138.8855366109563 145.3475154088057
150.6750746291549 30.84376227530054 61.49892925360285
184.3759375495348 79.36268168709876 62.15929139864623
196.6012783441974 50.86836953175661 110.6094786879279
189.3537917120282 32.19958545348217 169.4775596190475
73.13343530815503 99.39072463723222 32.32790873807969
194.6339221472835 190.663305000702 198.2436484533358
125.3626342957496 158.2034090882226 166.3108590760673
102.1633675575409 167.2768860771577 195.5193014159611
185.4641957887427 15.15945354103961 183.7577615135997
11.06268853352389 41.3507733766412 168.8143086509871
184.3942007548266 184.2935618783852 31.76064192917164
54.9084489322339 86.70091461853022 23.82736120691902
148.0741538917606 96.50040617587099 27.56998787290708
21.87866838131353 145.3567831262609 178.4480935913225
45.54025714971697 53.64849959583196 122.0225736875178
111.2903242041221 154.8570197708358 81.506067406005
198.2883329400086 145.4123365403987 127.3228208595773
93.88609096974034 45.313540500108 50.98573353995042
79.03587429391638 169.1544969694895 64.44331971899669
26.98558718826803 134.8346808667123 73.98062394366073
78.15639737276069 41.85964990828078 111.8224061782318
46.95567552267834 65.64385829651489 22.14147505146229
173.5886520700907 4.198076607758678 34.82533466785878
170.8337287044995 61.63655860998008 58.71704428284344
105.9401536387281 2.982785866652472 167.067753403417
120.9690972092879 33.82935803820662 119.5943606922598
175.9011548978177 95.19866983177518 48.4893243634948
94.20105732199632 14.67340147533732 2.115676906328701
171.9462475617954 100.3432027479122 122.0193950155996
61.0535076094806 151.2790359399348 179.0081267326478
18.24602966488138 22.45683617677191 133.5517098516147
9.869920907727574 106.6443708284581 103.9208352665377
179.5150509125737 97.66824348832985 26.34657345676197
138.7178435266159 16.21358353470077 25.43128864201499
147.7454242063444 75.12122285809347 34.79447360788746
125.0321577496505 121.2941647718843 115.5216132886634
62.55477256522411 43.30994531333534 144.7247198877755
117.0611979927255 23.81947885094502 53.1875431885502
110.3178282879961 57.2971804590438 5.958519880224847
59.33334194299047 180.8978934961567 65.32665751428372
188.2647770827243 47.38694713224385 57.12124114588698
174.9861579879841 80.62477650809959 109.6262233364613
39.45381757249999 175.6205231684559 75.67675550865073
184.3228054116254 181.6008341486258 120.1799316133079
182.5509945194444 169.9413247759268 54.31012204759946
150.3052185409037 28.99064637041371 186.0218354270778
20.54893382127268 60.35195454108135 6.504341142929948
36.00443960980535 51.48299801210454 101.6776346989654
133.6455860135269 4.457222182793334 1.416941314296971
122.4095100618974 6.82201260112078 108.515396544679
166.6975836061469 70.52980342108786 79.04616544717665
126.0790757950255 179.4253346847736 53.00359820024646
88.1047288034172 129.2117243285658 179.4125919349781
162.0081454185535 184.2655733396568 28.87333385198116
67.21548544540647 32.74766973679947 26.60330386020104
97.42016160911814 144.4244204845543 95.93931618950609
137.6883820458491 176.0208811308398 150.1492454437427
50.70113713798855 70.39899758315056 107.7988269820257
92.6722755713286 123.184232790934 104.2851540837568
193.6727744499848 57.85116230841435 180.6058890176249
38.90764389142367 116.4685840842995 82.65257779502565
140.005797882076 20.48158359114949 112.1659899859334
157.6139245214591 134.7276197130618 43.352560692734
19.76134875090905 64.30922817428079 28.71200712634778
167.8441132330896 192.233703283862 131.3557574888592
166.4325300766287 32.18944097955744 96.97124606694331
11.10577622888525 121.8626799742007 38.70968541330665
58.33132585320443 64.53219940059194 87.38303938268494
72.6760256876027 174.4858213667232 126.2757411884781
10.69579319241211 43.99998742028222 126.8482174205852
77.81862418709235 97.96403374576478 129.5364621474677
65.75096063672854 198.9544594516656 77.25629083340539
46.37319979497511 118.6532441639779 199.7362102750599
180.674926741682 118.8124745758947 34.15843644688172
143.6931974508837 139.0740786403381 78.79825109397115
45.39135054566718 169.708381081783 16.69336720944885
195.4948652614783 82.41359079138694 32.21234278205284
100.5872186329355 36.79707786304296 11.73985259434776
41.89586774767574 96.86068111131824 135.509076067209
128.9212165938766 67.73240415546773 152.8653244155384
111.1437011418346 185.885878415482 107.3255695712516
174.2242939584956 196.9533272691357 190.9392483291175
196.241487912229 5.100246121818289 77.46205574570259
154.1301015292888 121.4820510520153 69.25382422276505
144.0378573406522 105.474673288392 182.4675864177468
79.69478412093318 157.356384263251 88.92279151243198
71.57496887092313 108.0534898163042 2.555358494250362
58.72790753260895 8.137003471182489 121.5558453333921
178.3326880234177 30.33220759610791 149.8671722113638
86.66929143327947 22.27890079509442 21.98909550353288
147.0777075999781 149.6734437226001 188.0767740787056
95.72389587958632 171.0814334249523 79.51981924662205
72.27308852050282 49.370803522767 45.89270143533788
133.3218396212322 77.08259921692461 132.7967398023656
62.95045926843999 100.9931662291252 75.87969567751411
164.9217783399343 22.26147777819384 76.75729289107052
152.6417112743853 68.89626153403583 141.113658403292
28.95755415059781 67.74793224470667 115.6509943033647
144.1033671212534 167.6327126324498 174.6421122436457
108.0404570094017 61.36100739124931 183.8734725672915
127.8652868303174 10.5797750088032 86.93654160583296
78.35355001181807 70.05639541185145 78.5483143575369
44.43620192599083 21.29098448251574 110.0626463653464
110.18806194373 170.1393005952444 39.93608287187951
38.01264924203695 132.4943311020744 98.5238006104007
25.84649758832176 63.05234569604817 66.62560328790708
156.3674610645836 3.230463319732261 178.6421395272012
105.1785656787484 120.4203832674564 53.05590231827124
32.753166950683 164.015630250278 34.50914465571507
110.8625873789676 75.62447497054345 131.0658057645152
88.17815738973304 165.3439987591858 32.03978192020961
173.6744277022176 77.30506812804593 34.91107135115294
61.35611117159317 85.20227896093087 173.8905577146867
135.3998465618042 126.2628651567809 134.9457875165625
111.4790693576406 99.34960131242869 194.3964970261655
47.39085755324839 56.83535709640274 69.20272976994356
183.330594836007 9.429660408167848 59.46051516320563
30.53659896167721 131.1170125868791 30.06766057742425
53.7560793129137 186.1192024686775 121.5374897982229
113.3957174892472 149.6091010663466 185.606575496973
10.74951207186879 164.9263721687643 29.56578150632259
95.10728828723097 185.068371236864 134.8919113247116
122.2318598846105 74.08513131813898 76.25197687795136
146.5988400612154 127.8453476715524 9.088970322916959
194.7821919352363 172.4652987374253 101.7157138050416
103.8389108634285 18.98092873923808 120.706193173171
25.08925034037095 10.18855864532738 172.6345492363537
98.64865418691041 6.698755438694515 40.03442790440539
184.3531715134497 74.75344334232324 192.3094772514576
143.8247576551285 155.0972945267864 131.3515869787698
36.26696166276079 193.2682895631085 138.4715146972093
68.18584288805479 58.93641084031825 25.86096164705176
84.23786353390688 99.32412307331086 107.938980045337
103.979125192896 165.6501418261107 99.93215192643909
167.7626688677761 122.8180617738849 197.6320031245087
86.61055154286247 88.74434751435875 88.14260218153782
199.1185848232456 12.5395432664472 1.539745767203074
116.6885399123647 78.27225488962792 0.5728819500317788
53.67882994987568 163.5571159165604 120.8716476425668
39.61196224577702 186.8787949475161 56.11717231224218
5.178277937897652 20.58778610819283 21.73975171366838
157.2848002620652 93.45102502116865 196.2327427534495
110.431984249759 93.86174932785488 166.9076298157955
94.53889086684495 89.07447239897955 29.34188947530884
59.36626012484438 110.7190081041779 132.026171580082
59.13698458446532 187.3771405557887 162.0592846785768
129.7353802448532 83.79841236305018 24.1250464259706
147.0202296926828 51.10590401612677 10.53395110593693
50.5001494889119 76.74598873832466 2.811431116783943
78.29567726951171 60.63834331479294 181.9370386436136
70.59962920039604 117.186798013894 105.8483010909047
26.18015754804927 45.20661049225823 38.87967819944866
136.7048037805553 94.40044742957086 5.456185422034935
176.583115505219 0.3261156652967852 110.2306899217005
77.01081575777475 60.75659293234322 99.53012055731115
26.05700813480574 20.14065206124306 57.35129744206923
156.7947404197348 185.5605615067342 199.6437700756146
145.9546141755696 141.0262990679388 167.2559682063831
114.8919289762326 112.5444749364426 133.6900190021841
131.8733650973402 193.6547975880464 71.2143488975638
183.1115729299694 177.361330081247 184.108050231215
88.60740092708907 94.95520684370064 172.5646339916337
143.594670305919 174.8473526409239 75.50812421600683
64.52290875095808 27.09267029000127 101.5547232026994
193.8346468517571 29.17887141046935 129.2036914817807
141.6430275245434 151.1303756597977 10.33715222824089
6.651940612634947 54.09916858153398 45.88189387088434
146.7364925314545 174.9165422691137 97.86072199793068
146.9570235995734 74.88113644781353 188.615977187278
191.9805694482719 110.0497898824201 89.67787438016818
24.89037425924998 104.2324737982332 120.5969910704961
29.66335633134711 45.87104488814627 80.75474990093056
75.26823124053973 41.77000936049674 87.45037883673272
10.74913338693798 127.960549881255 134.3692087417994
121.4161261654658 177.656257535201 189.9417895131511
119.0528364428797 147.7336469993391 101.4672165578922
88.96187865555594 6.276762475480778 181.7686503911735
46.05710583845552 128.551377487116 48.15014892226807
196.0204874292619 57.51661087723564 4.008590810071057
91.74871822278479 149.9198659208912 71.34583115658891
73.50026300845759 178.8722546735473 84.04820408754507
128.2167088874617 49.63546790529111 139.2726782596961
27.85750862696688 145.8396477929466 46.96756044279331
27.75419917371285 99.34612595312295 92.2409667023703
4.518029036191014 128.1717945835434 175.8570118877252
88.43012171885576 109.8455488308369 63.88149309870474
16.69419069152469 97.09143305796712 12.30879843919374
94.17955479507452 22.24528452934211 166.6938671193838
145.1202228682326 52.78018001438487 32.96420743046721
50.80668986223932 130.6994009140427 18.30356660890635
159.305034167616 148.9333034866423 25.89636405390082
3.523515705300896 195.4545447165168 157.4038101166414
74.16912569501092 28.76668076854934 157.4945937797494
46.64592240500806 128.8065259835237 136.5508588068254
55.29196128463879 46.28192974332489 170.162278330726
197.8355584343869 128.8703311380537 21.84849438426122
154.2171662448197 95.901619486467 135.2664257776034
171.9646548106603 15.52488136274249 165.6703091871387
75.04733094763384 52.45258108674018 161.1531186176584
102.9938922402012 153.7418384078026 165.8950324980976
189.8631509116209 140.8112497427604 74.16559138183277
60.99588175126395 160.5327428255918 74.91912064252318
91.38929197830129 0.3328718026446355 19.63208681364654
0.8967815497925963 33.76598808921495 150.1441458944788
80.02891831100875 197.1684320449513 0.3875556579537029
160.0216102806886 91.1252431200552 85.42825604554416
27.56401438603638 100.656425197328 63.91830642599282
94.12690460184983 19.21706882629724 82.25904846988229
101.1682914848437 104.9539551375834 94.03993425939345
109.0117684287081 59.13563247044039 146.3706434635915
121.250730200913 199.3631195990895 183.2521998701403
4.137716500217422 180.7254129216389 176.6188409421282
98.91067949849275 127.7005056388299 139.009391554566
100.5910778559119 39.39255733625325 111.638733051475
18.79341403133272 182.7229557156516 48.44583970093634
100.6060558412129 72.0008502292477 82.3766066790805
15.28891920541095 5.02362661150362 107.7333674587666
45.72606003707892 58.33850564341687 144.102120286503
58.9044726881196 151.6413178172623 15.97690828863075
123.416309825336 108.04482144175 96.27600615562234
76.93554599493133 9.844675923195657 145.5031551526768
68.40448161283575 81.62267446571212 99.42306313112805
23.57817471345382 178.2712700730054 16.6494977181806
85.22758093139171 172.24259586402 10.32347371633055
17.20086061907933 7.758697303589329 85.41092710334311
11.14170385259061 175.292336308009 197.3783432541371
91.62171794407202 163.0280319965654 131.4982384288738
116.5487040647303 176.6356473176506 129.2393699902228
145.0580499051391 73.58661229932849 11.07023303865751
82.95742092866841 33.85464090508009 67.07311094914544
59.52449712719005 5.375160512808905 97.98184914976368
21.08370314824636 7.868139490808096 150.5417350267716
199.5107771238071 34.81979287095727 5.161814688253022
42.28309985308409 154.1106700778417 103.4266897306841
79.80485186252047 89.16839679684759 66.62503979335541
160.047370958233 2.724174524312941 149.7585750714058
55.13400924821256 100.9464727705306 188.8178430475838
134.6174874618038 32.03064167707678 153.5643787381994
193.5747907309539 175.1924653466913 157.452742645791
185.0680254627998 65.65049007848845 123.1783023810807
38.23839926923774 6.165193922152688 44.47343092119348
74.19460734432812 20.04087599004527 193.1493991112509
193.5239900626921 13.5703365406773 39.7516208071923
39.14318556097396 14.34145595291107 130.9090995560673
72.83772361043081 152.2845451607634 198.2328159827958
38.19003913573754 176.1683070597863 105.9175344685264
187.6988066950469 26.01253418402792 75.0734615824321
151.0892586364777 1.256592074509397 38.95379527641984
105.732020321431 35.78577103659476 68.61334006889999
181.14460179532 124.3407676277526 173.5603955901309
68.17758161826401 129.9973642837026 124.2727762161728
25.9499676295921 121.6225380115597 55.71225040953881
25.86306840210154 24.87078332653741 97.74400383633287
130.4626634523085 64.47697518338698 45.5277932434316
70.8800029361653 78.78706136091563 193.324347230176
55.94947604647894 66.49384711149138 43.25649342570986
148.2154215580004 134.6546948525811 118.3689555443741
121.0695129344657 174.6847097338749 76.95438916990373
162.8013243126046 38.66493283760675 163.9699450724906
3.525264811100071 122.8457665661207 73.82948349222774
50.93350035375551 46.67153576210311 33.69977948766773
110.1308920536251 160.0772646908156 144.0781056308246
118.1797416201721 131.1117560056614 30.28792945725852
130.4916151158933 116.7512000207287 42.60540815705637
65.18906712797794 180.5548601117788 4.025269351856189
5.12607963898042 16.83561701128974 164.4617520153705
92.77767851806128 47.98635536892382 193.7577074100102
4.264861647243569 55.52047440315756 145.1584942254705
66.74644274235381 156.4374884609615 36.59109728508377
65.17317310644911 100.4239358760369 53.425071655347
136.7029907568566 91.09211436537267 46.30465405055702
115.7807584003458 81.18254379885661 41.67153635551217
128.2344530438688 13.97717796708453 167.5310643482407
170.281880982473 0.3734947112233689 75.49844486318517
174.0031081675833 29.89694994830978 57.55588301685383
189.2758885668338 141.8670190792732 185.3246505836514
181.2317411699698 147.3652194044283 93.96672285017664
6.479784949728704 143.8322042814643 36.37259706801011
129.5856658340827 183.9836424656677 10.0107361678811
45.75394181080679 89.39778842403894 56.71523893872053
132.1601680688803 187.6526866728856 115.3704274945067
7.610510350295653 108.5153000346196 56.87533331008478
23.80387161815751 191.7974376384704 188.6147205456198
161.0512953166014 11.44243294228043 56.46047584512049
87.1810796015655 115.714639500066 39.09131758270945
166.6197923075292 107.4243958696758 181.1621089150154
101.6630297032688 91.80879458544455 71.60467389777881
180.683302236025 144.7296234815146 141.434092426122
8.107471740859422 53.06187755497314 76.5264082251074
86.57254772524526 131.7835445314962 58.90525761044872
22.34672875949073 40.0782461839778 147.0474672262429
129.6313465682787 33.58825070648116 69.19033425680392
77.25180228445521 196.5680280555907 127.2523738853579
96.02663674701162 59.9861489348304 164.8145636511332
46.53175694683119 75.44619245805082 129.3993164600396
24.35606045909412 171.1279138843952 179.5584684669491
162.8535694042641 179.1464517862747 113.6543239049044
150.2385531464198 6.149459138450492 128.9227722767505
58.33252819039355 48.71407656507678 103.4847002536763
153.3577228684314 51.90066305514206 69.17102394739747
1.923065605078514 150.8022806620376 105.7076918441604
112.3006860597399 29.01839776127289 155.0685540439926
183.359457130491 22.14165146054171 14.5388767285289
92.00013337716466 116.1796930439118 197.4272225922559
149.0040623018616 198.1245990075147 16.69729875692132
16.94978732208113 137.0260491502777 13.03836229246063
46.72473716764078 146.2914239391349 34.21180281621375
183.5904471395662 74.2387751275061 14.86316554041345
13.60756985933584 5.249840614398525 45.82497530999328
90.93714778824437 183.9058595683905 97.46773188108641
78.72227771225256 191.3612339179708 60.41625892552032
183.8532839224985 92.9233095365026 178.9259631105956
3.453351726808845 107.5435280939857 126.840351515957
81.08027932477196 37.62823167611331 177.0708269829244
175.692934396497 26.66809255917043 35.28100341651131
31.68398884599932 125.7483246805406 119.9277871298812
58.09669042285547 198.0023077409661 141.7151532879998
113.1860197172793 8.220480640121936 146.3420209971315
191.8725459160447 95.45825733923927 111.6954482872462
0.1698941518340312 106.5664197287549 24.42137278579087
154.992175723317 11.55864281547795 199.5745954756689
94.70332912683658 111.727994859267 123.6268745598856
123.3899112420693 44.83623100365534 184.7729912398032
166.1185028813791 59.8002397826362 156.7701574544903
81.55531093498676 142.3107703953659 137.6455749030502
128.7616606170652 113.7503744241005 196.9700671247104
158.4861824351418 171.9490661074236 134.5967927012923
51.02837746666543 170.0665933851912 46.2944483740804
59.37164972655617 147.4247782043611 135.5967621453563
12.44987746335504 44.40213899293055 20.98117565240955
176.4976451363384 125.3574149407879 95.62894746857827
140.6595744159027 187.8682620943455 184.0312950045596
126.7473986316908 14.31761470323317 129.360292296924
176.6086974693881 124.9183330962218 151.4551472314917
186.1465244424585 196.0316799639137 171.7946695798613
151.0727944848288 197.5713292345779 108.0616376097243
14.87759088993602 64.35558720903859 97.31944907781859
137.4162034137099 14.23408199047642 51.37045255648836
167.109372662445 178.1078203099836 77.39600687613014
181.6584813975254 189.032650270497 91.35613020138182
10.93618204984583 129.4647637573017 111.8491161355421
40.84380193680342 35.90154988831867 63.86866515158949
181.5660212097773 85.13386087035697 88.50929486564566
41.89879977662783 158.2159526512085 144.9651359208118
67.61080097240648 77.60037756457061 121.6173706985628
16.93328453105226 182.6181745740648 109.9264551687807
19.09517110986767 159.5314386140589 136.8574783210155
180.1931474972986 137.1838866109888 114.4936426895352
151.8406388688734 159.1769319689601 155.1966859847406
71.04648391202126 188.2910067969041 107.1914744575911
57.79227928353848 23.61311304286219 8.238785260418483
72.45312139680445 176.877253219994 44.27987149952934
82.72387762436989 92.58289330044244 150.9018829657874
193.0556260622264 125.9413345416885 51.635455776198
39.80943038986181 153.1112225289539 77.28232577212003
43.08659012434779 137.7653913589546 176.9956302599678
166.4025518608504 130.622072088501 131.1155020796016
143.912085763681 110.3813546240078 121.351041684518
199.4022786056343 155.9047188850841 147.2767974584146
100.914112066288 95.30895264383103 137.8165195725252
197.0711928661359 191.0817719743443 136.2144798650639
154.4262781827809 122.6031640522335 91.79488750705119
145.1105988503963 52.00487950830203 154.0539097751827
52.44127254277792 190.9656574002703 19.51378138613511
69.51618136296732 51.95794481508794 68.14621847419836
11.8404959546491 152.458269729359 197.3769861290057
61.00307590901532 121.1678140063957 85.81068332886882
5.009396885127975 77.86767649814561 142.0771988140958
186.718086702277 186.1134221765066 69.49697364041216
87.35054120884762 22.80738227197197 103.9464912446399
189.2647252546486 41.48199845961781 91.4364426789154
137.6960753524259 85.43396587035636 94.39609468751306
139.2040406150886 139.2775201924163 29.39179185726891
57.8249045289578 164.5333421794317 161.0251735439502
128.3176605489905 188.834933656537 92.9783306490168
164.6460873873395 83.94097443645963 153.3105661370729
71.28950131980858 140.5338146547836 73.02596889469045
58.63472550750807 21.6750748707481 139.6173680478225
149.0153963230173 118.95092280953 29.69350412684035
121.8475557537199 159.8782359333241 3.845273603339043
69.12677414569146 133.3548581995216 167.9141720961912
82.39405414824515 137.1197286030068 33.75894139904934
181.3217281689726 141.1650549303353 31.10260141266331
64.32905532287616 146.9593252519258 109.8883770458251
127.4380695696411 142.8285891364597 121.8426272931463
173.0081092695058 102.9319350819471 99.62156447157923
62.389502726478 32.95060407285791 57.81836419021811
4.912507160170074 26.56363803799475 184.8287344195401
108.1816049224175 132.0743256468111 169.5060388171145
13.99436255943182 98.53794416915548 144.7763093149275
36.74280743411726 147.8293960954781 14.02689680280585
61.82008850915473 97.89605332154886 113.6123197959413
93.33493771157019 70.43919881643146 198.3936327759632
175.7347190382617 98.2963449655885 70.89556119840235
125.3710973006681 181.9017014898047 168.1278756702477
192.3216677097981 2.086284150081208 20.35557914593291
9.378727737072914 26.13130200052546 113.1214760000156
134.4895823995525 104.7583876005478 141.7409480188578
130.4470985618932 144.8772683264519 61.46633662587647
5.143972308903694 2.658870791264885 182.0279213321405
156.5579372837584 47.48621117337337 135.1319430249219
84.32574805802592 152.4800452755345 50.18322977774765
183.1459789526598 114.7851313002306 12.08568841474783
143.5995724231735 193.9661303767638 162.4987471067112
171.3176976938549 197.7629887652938 13.30898195892762
104.3956074029281 92.72730577185365 115.6638848514446
145.5497353252223 49.48558716969413 176.4817006099972
11.1077941092956 47.50458776583606 190.5304317772611
79.09791937350043 154.1513592438507 165.7535452358912
140.3250523687147 32.21166275279641 131.5722752581605
143.0190698698725 67.37609306398333 81.94225376613433
100.4918147514841 78.86514868303634 153.2743583260916
58.9186188231417 35.46903315042387 121.7529308806946
184.4664360700812 48.05222178596631 137.3014847276063
58.05181105185747 2.297673940735889 0.8178573406463763
178.9417132690632 94.78914053883075 2.491486080294857
177.5628181323819 157.7630174250387 174.3856448857468
45.56164101020786 33.84099193698916 91.33673444089403
31.56358677530751 165.7255680370362 56.98558277971949
106.828215453089 66.46488338300426 59.96711823097871
184.1945208044515 69.97412525812429 145.8105696277032
164.9737691964627 32.46180641310381 2.823506186487976
93.31438887734852 129.7100974072208 15.44788743435535
123.390359242736 96.61101554226573 75.40002880254126
30.85177537949966 164.6548432019153 0.1827455720210067
64.85547107727334 118.806576072772 40.32958810024556
44.16356127241236 78.06236349227204 76.16956993523262
66.76210050483826 126.502175810271 146.5286830775403
50.20986684978443 140.1903656948755 155.7142217254307
162.2417951529255 144.4476634076248 3.969933690884345
180.5319350980425 47.66283406009713 17.14363165847843
49.80448291868209 92.45109798986262 92.6216928767672
7.63069281207088 66.26046690515541 122.895807806483
174.3395923452572 47.69909488060192 112.5763800497189
166.6519026943794 128.5965890454241 19.42441441631913
36.3304841639148 3.139265581446988 6.895323413492538
189.1042455645791 91.54813049115303 133.7537004468199
87.03522470553547 69.91396557121709 20.06202711251791
25.0793020626724 82.08124387709796 132.6504564608239
172.5225672919627 190.0731727044233 52.39925705046925
42.30937818859835 37.03536887712876 136.9590333363144
177.5763548254465 156.6785926850202 15.14119468999402
29.96706504792781 53.24367475003337 179.4798265331453
8.084575032577717 71.86858627893965 191.4392714608803
0.3033484848811061 12.41064487082591 142.8590039716651
93.33439597575719 0.978518527085479 112.0391293495462
109.241293574075 73.73378425085758 21.39218639228849
66.54223644528055 138.6037222683387 51.04265229658841
134.868321162272 36.07182876261387 46.25999099516523
26.46557067691911 27.22736152147537 25.23910714978205
197.9213301394472 132.1716323961438 93.60683513397387
41.37290025778978 56.5187891571512 198.6802341235915
111.5312396418951 191.2749007669227 24.29216842663545
131.3214265804801 55.924389900772 66.39962293558571
89.21021043208199 135.6065517378103 157.7945088953182
148.5560389354851 127.1976361755731 186.6107608354233
188.4070656221184 125.68611456707 132.0942214442916
15.06508538721379 28.90810749904416 77.82795611455131
114.7779677152881 161.066271119566 60.08737268186027
42.55092416598443 19.11059680218738 192.2083413647061
51.40274640480548 140.5714833803277 197.7920240819038
195.1317363727518 192.8658578705679 49.66890479560602
159.7312746182278 123.1606887128808 166.5177063463588
187.0401646455252 61.03373727496042 75.06034350265739
9.856921636035159 101.7322270042907 78.69310074431588
110.2826615725516 128.0763635767165 191.6196067475082
104.9042379094958 40.82446090478187 133.8260224606957
67.96738186701712 55.58061838278132 126.5684126154378
128.8628998122404 23.77342071195891 190.7636400185354
192.5862212192693 89.2559193655369 157.0932491335963
138.9478531577158 121.7536564284429 157.8221013536896
89.59470669326738 93.85767887894448 195.0890147753509
125.8765090470882 169.0751313749 104.1961692862221
73.19986027940665 13.23907858823314 59.84804561682445
10.25259695205685 138.536839566514 59.06201005741691
154.0488465067467 101.6692171352165 162.5981449941945
121.5561935778551 48.42319606495238 161.9450721816407
149.8853277239348 20.19584551880665 165.239310021608
92.70880094674747 171.4380036090517 175.411180331713
68.21703825183077 119.8775288528677 64.4604590764628
176.6655283922803 50.13348777516846 195.0417745576303
163.7376783275136 150.9097339416714 121.5862393000351
159.4011546136604 52.76126896651687 90.90162775391181
123.4515218498988 150.7186083705449 40.81506132423588
164.4340740950518 163.6204726924395 191.7861917837621
42.62153307473956 95.87242820558302 167.2060880866343
105.7916057551973 167.0060096062873 18.02018014706963
57.68302541877983 66.87561093664738 161.2379037950628
179.2662862041601 13.27880659967659 91.6926425180737
11.38282584022943 42.09480923825625 95.98076526602523
115.5715649958618 1.792099901734291 57.89040542249599
160.3670906252945 142.3519173229455 100.9728001313944
111.563936249216 0.3296951930682979 3.615838688650156
197.6506764554962 107.7869685502297 169.0151562835656
4.069721214710748 168.3968621298304 121.8830900923103
34.67356338000465 47.05781065105665 18.04855981243916
196.5012152459383 162.0162328470882 70.18669696457593
140.9378655339608 152.4235754250738 106.5058140795147
