3 1024 8.067882785900938 0.6498499999999998 1.4 1 3 200 200 200
170.4226447493874 134.0853172367959 45.35140277264053
147.9063886698224 85.24488726907283 27.04447063615657
137.6864595382701 191.909656693047 1.258060364333832
163.1654986635575 24.29847677495628 153.0430994807208
121.1082506762554 25.12289892810109 198.825150845888
106.6000445425153 54.94434184942584 150.0667664761014
143.6398673346614 173.5313941046166 99.1138047562588
120.4022217262824 179.7250370316245 120.7080188807163
180.0783236037346 20.36202250259593 53.61958739626264
167.8864246562004 118.857327830396 21.83132969994453
95.4428777942845 99.64950312929787 142.1601751040643
67.9859283711553 150.0200986112873 120.8904485888332
16.69991072196807 71.86589246484317 111.3962937895895
10.26681341432691 134.1555502715261 174.2521445954806
4.497300137786368 66.53859278033654 102.281958633179
96.36576594767523 52.3532039326388 20.59022785079925
0.8257799654970888 192.418001067823 195.4411262517812
174.8142399683487 161.9831936988806 150.3877083086593
12.32202183047302 146.8862395862543 66.25539764311766
175.5163120463693 188.2285914137095 175.9630828473475
65.6293864055056 84.84696575378501 160.7823498616882
152.6333879926776 42.76523776309298 121.1759938852491
70.47339932900108 177.1767566945438 53.00634388869243
11.74026408677906 16.15801126461675 6.963703138121771
164.378873705673 47.87648164430214 78.23106796848346
78.49569809976954 0.07095557199737125 20.29847715216792
61.59802037210873 38.32772013521267 175.1420616053121
39.82020415519072 164.9848075589797 117.6852987536045
188.2690108265752 90.43530925140963 90.05753330305319
153.1836175576495 156.6471662485172 103.0470688836624
79.05151007767522 132.3926590196079 36.37030196011375
147.2122591740193 144.398564580991 5.097376763252805
5.718493345235384 113.6245432754125 68.55772723158445
145.0534530190012 144.4820915478715 113.6093641190491
135.9782520626342 29.41319460073126 28.17067057183477
150.932493276017 157.9123409838293 120.7642380909654
126.1504477327066 40.97636269826955 84.85776433239567
21.26843664888488 23.09479761939906 97.44082876972128
195.8680788354871 158.3102356892662 82.88890126626917
189.1876571266032 180.5454532913105 167.2987347275503
189.4848584144603 11.9954250405888 80.33484343062545
28.4794516242453 54.83691241552624 86.20508374824918
132.0834308457997 87.38795450129777 103.3204022175142
176.6230739624268 99.09231781909111 83.00169778787019
78.58707257413197 163.744121615547 86.25204762492534
160.7415172127446 111.5738840753511 186.6470546122235
77.08911554290167 27.73738973062351 75.28168593402604
194.2387092897618 63.59612651891748 27.82234641410649
41.38957701335137 38.1102061015271 149.3892852141261
3.440771451649076 199.8642883533015 52.94152701029008
92.23158108003994 119.9312802371277 177.2059064520365
186.5726667338103 178.4619380228149 183.0825926524153
20.22627814646742 74.44656255307272 29.26945757965334
86.32703418853275 32.27408446225007 191.7788519296009
159.0697740517382 55.10058559316564 17.74051426367684
48.43335771712968 23.50804899899928 143.6742921255685
79.39214194530206 147.8285609176176 88.7806255584985
115.3491644236521 164.1175390912971 113.3469773865303
65.29317707940267 122.9575016829019 65.71673453849029
70.80954853617045 190.4280917539526 105.6605347587445
9.991001912709974 40.87223507648812 2.217253952345086
131.7362608749449 73.60264705502743 59.94743263278042
65.3408048869636 27.29696406848049 163.9774523118772
134.0674278046605 65.51643290668335 46.18050105207786
199.5608925063819 190.6650977192336 98.41781851710623
158.3632791655172 85.96916380139677 167.4730632534344
122.438193227088 192.2085808387107 51.6620469911882
46.38797589285515 86.64754801914161 127.0370680262666
87.37622398260467 90.62564593086826 169.5675944646408
160.5792960402614 177.0296640583267 12.77950857660765
3.926485083895201 131.9340572296588 60.62101955679649
93.54087843448356 132.3049488276801 70.92894599480321
167.9530855355928 45.88673297703829 7.236123438001281
22.59541716868397 34.85672660588763 52.18960618287649
21.18306974879886 51.05450625016166 52.99285928956753
127.9685171934837 15.82868440439186 173.4859785158141
145.7038762093751 25.39021732497952 99.67605847188382
60.57152137244937 10.0037232747867 39.33966577266753
79.50621619685015 146.8632825522725 49.74115425555432
189.8640236429065 22.70958662685472 17.46067897136068
146.362374844499 9.375738911497322 89.12685196989038
142.6891167764821 142.296715607436 97.57438097702277
112.8389466429908 154.5075088219346 30.18424072805507
121.9605878793554 143.4109002637514 190.8921934312399
67.82572888495969 52.92363268150773 4.042566848833452
41.83717471286564 189.4237906032587 52.40167049778182
111.9151047396161 75.91978255405354 20.0083063516862
181.9433582797409 163.469987309127 32.94716884540883
33.63688065012094 82.5589513356101 23.18597089168286
71.61403899297251 50.35554085337168 159.7415163420859
88.47711312191433 177.9042070187278 69.3906290777152
44.8361676715899 145.5538930371376 92.38091666969621
21.39383312857876 182.8729785468613 164.9102133817096
124.019874563198 57.40165227045315 149.7798480875721
191.1301258325365 97.12891311948151 109.9136422790817
158.0758251977614 15.10976224201269 101.5258250952373
32.93176979927144 193.2092150176414 182.3968664914315
38.81221707507084 157.4456687995016 19.80063939122693
40.46738608017557 54.57955173228084 120.858836879272
95.68909076619751 103.5228247281036 159.6504277472051
196.5246757881777 187.1391235021131 45.82955738921864
107.5978423497108 143.9273623486681 41.18006314383082
143.8490825411032 101.3486094827207 139.148090844107
74.962648189498 75.80395940950058 148.0347490306467
27.50129683214264 24.94744989597188 81.83650520569181
53.98635796823489 162.0714145630705 22.75142822902957
33.87971538496182 51.68710417891018 20.04064992558914
105.8241105692 0.3361924089872276 109.61566840832
16.95894140245182 49.42857991476216 104.9989073322106
91.74218122906591 162.5677307521792 95.52122594737965
100.7323522491926 164.0622050681208 0.6501090987785011
24.30907743828358 94.10530503924687 86.35467016471391
133.2752849623939 14.9095157646058 21.63614628031282
85.27982839922723 60.37926152065359 168.4963423765012
72.564608060491 22.52074476076237 150.1534361310314
192.3960596337512 4.070399568757103 155.705401860879
129.4379137463563 6.614519391646064 92.4263626821796
133.3252974033152 176.4916485747304 3.161685146665593
14.67244158828863 180.1148371585168 41.02457648176771
81.10473163061643 164.1961017023452 25.5998369368341
113.6618078779066 2.770592736786495 43.19020279205175
135.9778224448316 124.4359430609945 130.415255836147
155.8417496150923 104.5875547074394 149.4438860067927
116.9659326611624 172.5761134390022 4.481228608367549
24.11102768450004 62.9284131942415 140.3617679916449
14.1403053753931 116.1457458496669 132.1315843716884
150.7893013614458 77.0537198073077 192.4559761054341
107.8151842495856 151.8852606512725 192.7318054630452
115.5874850875671 80.58957752394547 5.007030222809107
126.7547020155712 148.6499932891366 24.49207520251115
167.7825825282724 124.3047911221655 196.745843445673
145.2266967760266 9.372269867104073 33.98665566792942
178.8410487617736 116.3921498646211 69.94697178659349
108.2465666683565 149.9468845962921 126.1789661788141
192.1305765516897 160.5616640023028 100.2578757747306
50.58850078935333 118.4146738834581 60.87305467549029
26.19026173207692 65.58063544736557 17.17866528215411
133.0088436937635 8.586397735137176 159.9776528814832
7.740887453150371 90.71189891029353 151.9797038820572
76.6122470929611 103.540229889326 87.06984596270897
13.34373915409449 164.0311457285583 199.0195355582844
140.0366955503315 56.22110547742925 151.3355325313791
12.63921474625917 58.49636661321467 90.90752540481782
92.21826742198442 137.51447127203 170.6199896712831
106.0585268791585 194.4235719743086 184.0053039785013
157.8296482032206 26.36339066379451 10.39806399732702
113.7748673532717 35.86142429336241 75.85533951250405
139.1508693641109 158.1001915309212 95.21775321906712
140.1871574807589 92.3538319460544 183.2205344677801
128.4486417764508 92.62361777997938 32.82774003426119
40.84510310678117 8.542153290959787 8.143683270567132
40.29000083154236 15.37915560514387 79.54465918239406
72.36539875364845 137.1638024660066 18.75033117014205
133.4085599616738 139.9233821009346 60.68606585964118
74.82407191916738 133.1624259766292 83.84271077338749
20.45114505189598 84.36964175071725 72.65239918824689
47.03336127648445 49.04943485182112 74.22561197738138
173.2067027789749 86.04232337822043 0.651443061235589
148.9310559615311 155.6428127153874 143.0320804294233
83.49366897727508 59.48192205604271 94.41172951446238
85.33445696282807 55.31205676784133 37.39056774519538
107.8009056687397 84.01779510478927 77.4968989214217
139.263317937934 182.8106604346328 166.1436861370571
151.4435212010678 107.344415100559 119.2591415434926
142.4541278957305 128.2947880622359 147.4302814155178
156.0594229715564 161.1465266845876 47.72953996889944
72.38675317598752 66.43011675186688 160.9131359727265
115.6458415623749 27.01203622276645 90.49594738075106
187.8486034436385 78.41225725542074 27.92894965355352
192.4489934247144 76.97535753372225 124.8005732997816
198.1822072480722 174.3021464741607 106.7297071787276
191.24520642047 114.6144583246792 40.66387756300349
121.292036361648 7.531600474872975 56.58673568799784
197.7763043603848 162.883401460089 16.13342991796655
84.66965405061354 114.7933530195858 41.41670190276815
197.2038039452183 107.7132354751635 183.2903070314406
104.4945813580861 107.4613655106395 45.08012753121876
8.41378672663479 131.1983362577101 131.163792182981
97.69318278073169 106.4853828998679 97.87090165395277
125.3181227995807 113.8988371345086 87.71832369835359
6.21247986218628 191.360001847105 139.296167841875
54.49495046777815 147.9016147705087 0.8465274475603006
31.82816353195853 102.8853082394717 52.36590524120857
137.353140637307 72.06817283190318 152.7479900344228
193.510835272619 105.4104768977072 93.18654367776534
95.3082224700336 131.2410483398547 123.3988654239234
189.5897770444378 107.0456690516533 77.6202571076301
43.52825018332445 9.855925699680123 150.7396741274065
42.28405639873594 37.50613619505179 52.22742474986378
77.63380528183227 114.5534855835989 26.89820974824051
4.932354594176864 103.3383493794818 44.72249024256469
100.6705074900484 32.25014083890907 87.55695059623126
148.7261787034018 19.54533730632673 21.96174671089222
56.78030092120908 189.1194544385373 1.378999480867906
77.77057357864604 52.48227935213725 22.20214222292806
109.7721783539429 30.95054180470219 105.1099152736487
186.3207588044846 182.3256059528215 124.7814109791917
28.9263199406081 169.435867929828 24.19731441544257
139.7832994611863 195.0909975437486 154.2912613796702
3.756001539853323 146.6719699507036 51.99661950673574
74.56971812431648 122.2334278462907 13.04281440679312
51.49187168779322 81.51472923442165 194.8745566598151
102.4184918063654 99.53130277094125 31.18196426600565
196.701347826474 90.5789352529446 182.8061453028646
54.06310058208127 87.72265556820386 9.543588855764034
113.4767326278941 184.3903152073989 15.01219941710708
159.8117124497865 143.4078925618143 195.0665127875922
49.73227757006028 167.9716504089537 95.56266015821078
38.26331427041769 184.9642281318127 169.5941841199964
179.7999033067412 46.39188338004034 72.19058761104421
0.3725309304983008 2.354209066709201 87.32488221577484
101.8817698032671 179.5941275182545 4.868012548095309
115.7071508752655 96.26493023262519 42.0340342414267
150.7302007391138 63.24251324550215 97.06109350405069
194.9551213560927 163.0475326699426 48.40357855217172
69.44691077299652 57.11705326586051 35.23444793732276
183.8449471856798 149.3983331373177 110.4304988817721
85.99609694883435 77.55246940194442 159.9782713228506
159.5539943799409 159.0096669741345 154.6988114303491
24.68183424416855 156.1146889609781 190.705135625966
34.62652578680581 117.4490844251602 58.72009552094931
35.26213095270192 84.35998827959924 79.6167102046543
32.28443865510405 138.9873644245992 22.40425023416866
3.08926822398913 75.98358112734734 22.47642805614391
97.03759991976945 122.5795426616215 109.2374118165961
53.50768773493623 186.0914149794585 41.7688488695736
151.7560931754687 118.4182607315889 157.007047338838
116.9682599738799 136.7701419172764 159.8147092516486
114.2639592319749 198.1961270338764 67.7137771977892
93.61401839554516 112.7074119102841 28.15072154592729
127.0502765088309 185.3118359313754 155.8994218912532
74.43802821595153 62.41776211816825 51.38280692108469
0.9605663088219131 27.50107698204018 2.749985762963524
59.2554669825191 127.0774195778444 11.51944772309122
101.7246935563677 68.08595448002427 158.0576621061238
75.11305938224081 9.060388231608837 47.84675302737446
164.4915355623901 54.82327179875021 96.76013178802081
23.20470621494425 18.39326875363814 116.6674904847339
185.5116635689337 183.7513709712612 57.12305402260507
26.88253130514623 43.81372052598115 144.5219974485281
53.60014753208904 51.70313866134416 88.72147994167328
78.49021935849417 36.12456902385617 156.4923020447949
52.65598071531618 196.2432322180477 15.38505152526886
144.8295293657005 94.59201905314887 165.1795163042784
102.6459294538734 144.1867929177707 160.27263365542
67.07207385584528 159.3606089313851 49.8927625654412
26.72384456595941 107.1655350951211 37.66987699088304
138.4059716539868 156.4847931263911 130.8329482361638
85.08583032341181 7.347227567772656 85.16671800680005
128.3375658349108 190.640022466567 14.34695548000793
51.42437190957855 172.4426300982006 146.3632271335985
76.27749114472118 19.81092369599445 189.7715385837006
122.2359951308317 187.6151910116576 199.4689784341657
119.8586511873648 108.0402623069231 73.70998594783721
186.0701944592228 111.9251663140009 105.9361517145973
13.7769300927732 145.8052705586297 163.6553359772983
86.80894261434193 177.9143668513502 38.01461963373682
1.449563330623353 77.70673560924715 41.69117088431952
68.25083399037858 148.2929576185291 34.0505753166445
51.77783424857419 173.2374587722683 56.1454965175887
100.6483756706358 48.6545283968694 167.3818063887927
173.0974042918756 135.2873913952899 75.61114642169066
109.2434228569303 49.57000493919875 88.75489353646279
75.82562848254935 130.4038609523527 178.0747804958845
37.17925061739234 199.7614759210626 68.09592025419337
88.08145627731318 198.424461437762 102.1041311304424
41.96707999216741 181.2195689678377 107.355951714241
60.36426517036009 26.56191375428696 87.81009366941747
197.9583814915583 73.31405318963337 85.09730213672806
83.58631039878932 191.0856448484421 56.07921985008209
25.08899891454806 87.65837283342229 160.017304144925
84.72956190112102 164.4229423294395 56.00985739724923
7.950418407943466 32.52920124733421 107.8589313215391
196.3016460003381 81.32325029546158 165.8062557435569
31.38413615454074 71.38630944354686 124.0080328642537
5.084150684502694 113.2091251132394 27.19608847186221
157.5144760841286 111.4723958310209 78.07479785815021
177.0692542365478 164.4057275425475 120.93759009592
180.6145378408343 95.72107916656489 173.3421896473775
117.0397552872103 162.0059007538032 63.68575312559558
117.4367690369542 58.77739212930497 183.1080274673775
82.31748711504908 119.0443151076423 97.16767159471219
118.6409726695435 30.42890494978903 122.7072325481855
139.3215988740028 27.16545503831966 184.322950798642
174.0966023192739 31.68267884900314 173.1142856160981
45.14914129158559 113.3877614265534 42.98356545196648
34.92671831491858 141.2583887054 110.0626322319363
175.021278283098 121.8717058561521 162.8530562460935
33.95714431108264 22.24912311428311 40.6248688714844
23.87171879196834 195.7359630050374 48.89724986990349
114.3103728965772 11.74771547658538 186.5872691454863
98.70566232457537 162.1061121038481 137.9005636954161
171.5115729836261 48.16573079812937 188.3404203182814
53.65407566403371 68.70389786799178 126.6583055282371
136.2108602234991 29.08529448773698 162.0309035232592
121.5034528662335 172.1098942296643 168.9308466031619
52.71864144431029 35.242275739249 107.2122634325677
54.94426395425975 165.44587282505 170.1403374990873
11.30660314344277 71.68071388992996 151.9525767292581
23.11645461098004 125.5981091533475 32.9667115656334
32.22866714625719 159.8536689761675 97.52722390070348
101.8621995423616 9.384127909913207 57.04256200686768
52.23395639928997 49.37732481633913 30.91055024823612
25.61108832879184 5.41670032100581 195.5195583267992
36.88997827724666 189.265617166686 6.575752508605872
33.93343339060961 164.7378497641159 136.1281962404504
184.2884802300973 131.5095310331381 6.184918966531901
194.1918278987089 8.376100954884876 4.437725666588574
171.3914989493161 93.36103953869114 152.0973370136524
77.39979385328179 167.3042743821908 129.3667440611786
111.4796160092548 143.1882176427381 74.87064865851596
117.6990516323902 39.78920566000034 154.748432998465
196.472296892524 41.50488690953176 16.07435163026765
47.11431158308172 180.0877394447614 24.50703188576499
95.49419589034139 158.364539597561 114.2882855608362
176.3689637597732 167.8313581372031 50.96934220902882
187.1929616646366 99.02826580624303 197.4046973640975
37.38478832379642 66.27097964864458 32.96143283875679
55.68820826135456 161.3169412774085 131.1006953407112
76.72453752044355 145.2473934562354 68.8349691166682
108.5697079364722 174.3471155789476 80.60125898735548
162.7731237609258 134.858962524364 12.18556339807392
176.5374351140374 10.96932591809301 164.4537745616893
7.436891631738791 16.58775001243662 188.0915823424478
179.02500771056 129.8649853921741 107.7876975050993
100.4740877626419 125.9377266572564 40.51224207824909
172.7479500798304 109.5303293482306 43.29480466050212
141.4006467317611 2.149541087144559 176.1961646388656
142.5195971908215 165.1722224450725 173.4377601878666
8.390866399884565 61.54744907472959 10.71437731858575
124.6712629743009 63.48759542748054 4.533850745914555
116.2753068582416 2.300350835115607 24.01157575886593
179.8221961543948 59.88677296396329 86.07589241326113
184.8142451231058 147.229866182861 43.72793569406088
133.5777112215105 46.78332676229955 17.03587702104108
171.8785922306915 17.0140294105624 88.08367419299586
53.51620738148192 117.9154773488508 176.0624615212141
43.03779281745914 67.56917362627307 85.31784751991434
128.7328697256523 34.15529896153979 102.8464246647087
131.2014131504449 77.63754769218062 20.88047971770057
73.42404902407644 121.3426524707701 140.6777751566657
93.83396045989329 33.41032329601923 23.69551791503722
61.52689741091297 134.984194039153 51.01818787428198
57.01059930629168 46.23434911329368 126.4735302065661
193.0797237702461 186.1815470453104 14.66490851073026
139.4712621032277 60.6667196345385 187.7037604802227
128.2263703711818 43.97092816197615 65.84154069558566
124.529558758217 172.0121072650948 96.41212856336257
79.42346796878687 55.50645150478289 113.5979353344846
16.68987360855786 184.1518916457358 104.6687540554272
28.51304772884033 20.02455205046373 63.13742818263211
89.54557993233111 158.2910889029801 158.1918984581053
183.2522324107538 15.58234697086528 186.0397932023563
57.66870628420231 8.163358318685011 74.98523943714343
55.51786935928747 57.65755338922698 107.0439645510752
9.010415469250251 33.97720358148914 65.95673492131877
191.8424941788692 163.0086405090103 159.538863780819
12.96845754724084 145.5935914945301 106.7658930413413
100.2369951175418 106.0868724882084 118.8607035393855
166.6133141398301 151.5530340278659 136.2888687365562
129.7696107767697 55.86290821699418 96.69721194097599
28.72557412708177 126.9987454574583 138.792962134254
41.19373178468658 120.7780190975367 120.6821526052973
62.45889447131962 174.4062381926267 113.9846519413459
195.0999840294868 170.4986941344226 198.5336457503963
48.88713958515535 151.3401460731368 153.573295853727
179.4580939506908 185.1404253885811 34.57213618630031
42.62341124795473 100.1225534297908 140.6348935141588
85.68272979332649 177.8358269538525 147.5520518105825
29.93694309754413 145.7104380807308 79.73207313079412
13.75518226551372 117.7405271199355 183.9085430037507
65.0782088615134 7.692157950665188 4.299317023391056
67.55304120682608 36.69078568628042 193.4935661853721
110.0595519375929 135.4555748824077 177.8547848011565
114.9426603804224 97.62517484679793 89.2751568902019
82.86100768051746 128.5190310704819 54.95224128020202
37.51827678706717 35.5894168953473 130.5894016837679
114.9328863939204 114.7157229263001 104.0381758411299
180.2711073599404 57.92930543817371 108.6001950270696
138.000012693139 46.51692362693178 45.63781258168024
145.7568581515436 1.020636832872343 16.52628439268028
160.3879004536242 194.5880156360919 104.2422300189499
96.17609657182808 195.8588389218355 74.21603266476475
188.6866294003671 155.8849920094635 138.3360104864968
171.3084877667494 45.67686968555915 126.461874093033
101.4415566787528 117.4113811541849 61.40745734824861
131.5943976464308 91.20268244704309 51.87727621603931
21.84333965658344 50.62096876061344 124.3746292429782
41.66709867104795 77.74525977819893 143.5706183823753
2.638302902574337 134.1522037635159 19.08990012003673
175.3825185295809 7.933530094844925 67.70417550856359
92.22033648109841 17.76120203548973 152.9361211273766
0.08259263545436075 128.423700287851 99.74442156817749
90.80085767790008 149.230189478578 33.14351763893886
145.7008439230796 104.9283092865275 196.8713927559663
8.783767383013195 99.67359877162588 170.0187004375491
2.17069058661432 118.0151599914258 3.298993882124956
166.9933824101338 106.4719481175275 4.248231448966158
113.0655958077906 71.0262287109818 141.4553512389706
9.081864559798783 19.08184997564595 82.9391212600556
30.08787248587863 54.55475976397701 178.9515709995286
108.6580529468666 175.5065690389251 187.196385916105
125.9455959844477 92.65511967394765 168.985456725693
61.97402120490562 125.3200726768849 30.60792824962428
148.4909577514078 10.19822577220061 196.073887202493
84.1829440649325 138.118380768466 109.124115523629
169.0080262778262 33.32813140977273 44.44505903734972
82.19765337146936 104.5821567987606 10.77985386512476
26.97895125614286 70.60034795666357 194.5403603781181
21.44274331698221 138.8347809127458 51.19339520294741
98.37315570399251 64.83226721778654 105.5871767407595
61.64980522644907 87.9491643062367 140.9511634521746
168.8070429126365 87.37471415446147 40.47509381511156
32.3771128062625 3.331697169302408 135.9123864245286
27.57405806491541 184.4696779102684 124.4584164906134
76.07825255981443 17.03529758851644 29.37669200556417
51.83473603414913 143.1214182924261 19.42002505962546
104.460227609599 113.9028542067755 12.15666833829859
36.25320234707586 91.59434186680488 2.078850242291281
152.0953515685993 194.1760848539359 139.375450975694
104.7434864885596 181.1218799454188 59.39388583445489
21.28643979551503 145.2555153538711 127.765286041735
192.3364176567013 197.8260179704129 175.4420150993278
134.4416654602182 129.3489058951934 165.1186496993153
104.446382610568 163.7052573081962 45.01145090760743
45.28076052570435 100.5412532687672 66.09280240958201
133.9927701042203 23.30942163684569 83.74324366215342
101.8308362836837 24.73576782548254 0.5947944358298118
186.2689194356319 84.56731295353455 56.94376305733612
191.1367800078063 176.1310128043013 88.79036761855994
106.4776419700007 198.3067192378109 2.966668477596377
66.2157481491264 66.38383238246004 89.04943540918167
21.4907035259912 69.90742222894042 48.59409424685345
154.652308682386 177.7375557123239 154.6524226695079
67.8269142808924 184.2678316146414 16.52002139352093
29.42081625490069 22.64689776063366 147.2376484555471
94.82066525221762 86.90148661598242 16.9687049595377
173.9644879522116 137.4427561517863 183.2761430497885
172.2382832393228 171.1872589090695 167.2259281846963
57.47765569136501 63.78647003300841 67.26581449091337
194.2430001838067 141.6068214831207 166.3429676565846
47.34708162539032 91.388629414951 160.9251378191173
176.3610048985798 151.8759616863907 0.4825391217290811
27.77425167370601 38.59421663659815 163.1456407916104
136.186864647581 159.1151107225151 11.20917383913222
67.62146388309013 71.09562797975262 197.3632277103066
170.3285243349781 12.82062714558486 4.359654591182839
155.627643785211 65.78985381877077 157.6759365929457
171.2707131951158 172.7349237038891 193.4714425628722
156.2367602452279 126.2578495818358 174.8571212294802
155.0528848006524 31.47401197272847 83.85200933347009
73.30334855784999 190.3303187307451 125.775093663094
2.249202185202194 54.97335349220899 51.99620107479441
70.48323409589702 45.19107479165186 95.60388948768797
156.9377648298176 31.10174911660041 136.0188379580972
28.14242136392975 109.467453497964 102.9221525910004
5.158699348990243 177.3529550958555 177.7678451661056
129.5292469704263 130.8303873943379 37.0864422463445
65.00417382717019 57.33592254970468 176.5493371273576
43.28634111280748 71.65997025747548 10.42155847020972
129.163677212745 137.8895160238903 7.99571922925089
23.63747224017718 105.2449491047955 70.5325179310843
159.140065949231 167.9890202735679 65.57770518586354
60.91454359973574 131.7788006473031 121.2513803002215
95.50701946414019 28.25778379249246 69.32924156239966
178.2429838451108 57.63117112502574 18.68573182218869
162.7356275848526 73.17495026533439 23.9895145703087
131.78890240303 127.6077735535106 111.7813336652367
185.4706810014131 148.719220822324 20.91074343995294
188.6717440917145 199.2984010668587 137.2454833056325
169.0071144794839 8.627536594272081 143.2871266745796
94.92643248777472 21.12004505052853 112.7179624701608
31.29300012460256 44.50694618964904 37.83486366911563
133.3591575266162 21.95258978751615 61.2044634642245
64.19695370040428 59.71535403283752 144.5001109031163
105.9961545804843 19.73084812535167 37.09599132477839
150.340857986893 85.87167637102219 148.7954968937347
126.5248292662081 162.2270247424808 191.0289683812618
55.56735932672328 28.70820389272008 39.37811712623922
188.3893813738864 24.70426839057682 36.68126066300143
84.46322920770879 59.45915688268028 187.8191992885669
56.38857836126653 134.822719061374 78.15963116308082
192.0598309160465 20.05804320568023 97.74982741213014
76.1101008705204 173.1742460204533 168.5931518380946
153.5736432635411 14.9806175761475 68.48911149568917
66.56227068419952 43.87902151031423 73.39722366659255
193.4518646292846 37.73900788523535 133.4814302463417
119.2103544858738 76.52370520619458 39.98601523825013
198.0075686847956 18.51678349875788 122.5244054731951
190.2294748855805 31.22569621514033 78.20043006725321
47.81219826952324 63.14212259410436 189.9996886095478
172.6920057802957 147.5501021536382 163.117826703638
90.91414583783668 143.1668791846296 189.09167197959
32.40688974686457 182.4419722723595 86.92859800810413
92.87517271515308 1.477620326911092 123.9650122110454
160.0021189968632 177.007375502278 89.37142318809246
2.218227197833487 130.5515397702495 41.38388080163482
155.1832080023278 19.71112669155117 170.0751585255761
146.7306421820886 66.61593480821615 8.25106989122218
73.7895688605381 10.85395370432764 116.3501700929991
142.2363537449249 161.377971000601 34.17305278299487
110.5681207325733 91.79926866632307 132.9687839466618
103.0014880824081 66.24224685530821 198.7971395332704
17.52350965650001 125.7914278447678 158.3717017096388
149.6507502686475 45.44706632077846 0.9326577391810004
170.5879357013203 98.90627647337114 64.60586217313359
113.1791617191906 18.65555421363799 161.3140803226641
20.51565842062517 164.6608530117377 116.2309940582527
192.1450271448764 101.8090145394095 154.896987716075
78.97010086452133 15.52478969358675 171.0842883986646
187.8465557907163 59.82316183010881 132.5159448709503
81.59283220199879 117.5289941606882 74.64326427382403
81.54343699550243 45.15920244948623 56.53810215722459
168.0806808905618 67.13351257617532 0.8888251195729278
101.5832688721936 180.6831611705267 125.3801792093992
191.6805259307661 138.29147114268 124.4910997275053
62.86039294181107 113.9896029406105 107.468682430637
53.30168247278294 69.61329723501889 161.630831047249
192.6998582561795 81.93515886706373 143.5149842882019
7.170996300524775 9.946167634115151 144.6330353589279
7.26644389183272 19.23644001822526 25.54752909593445
154.1667930108665 126.6567737263503 114.7091359186334
149.0551963261034 172.4477637034271 133.4161106606076
68.33033765200759 6.629675874571071 94.84181411238575
68.59928171841335 169.8899131440408 70.84590303073277
153.18194858985 42.3567293800211 155.2407261734735
73.50553901115009 192.1084136919711 76.26802280861081
6.516476174247358 87.71715364340254 116.9539650631507
47.52692187454279 197.9776631852878 93.2646899728425
127.9554260927648 15.49439360801409 40.24299907655973
142.3442482108856 146.7490521609631 186.5065423205548
146.9967750508065 14.84019007025135 148.1413098905471
9.0663826684666 182.6913950132595 59.89404114032926
75.48328270159 38.72688229384775 35.74843729084608
189.7475676140291 62.61973480623078 154.8504871278563
195.9760108502649 46.57050835595595 94.56056631385987
161.2554468727149 133.7088117772593 149.4114348054586
151.9087718934614 44.7005802578687 177.6704112725325
170.9823934394364 194.1276186487597 124.1857222997644
23.69921354613517 0.1724050836141759 156.5248719408432
63.07442231382622 129.8498063092514 159.4360060597698
19.62423358150832 125.8617171404504 116.3063461702226
195.5634506504567 131.7316413633724 186.6138842109571
118.565137532341 113.9879269676332 169.8138580749745
112.2494296651317 73.90135351687951 61.31081677107993
156.6321594763689 189.2479097738317 198.2884820032426
148.8170662641942 168.3256865801705 194.9018172782914
173.5010721578533 75.50517387491337 121.1088517306499
152.8099741592204 99.62151915701301 50.69151093734505
182.4316134665414 32.73790260120543 0.7064102270798007
148.6652476002811 127.3085300219797 196.1119738665157
120.4766306391247 195.3226616542185 171.1133211026882
134.5384441530827 168.1691775946416 150.908822030518
119.9814705229901 37.74269055779015 35.21657292842832
158.6441243137513 157.7685988787771 13.18820218887612
95.55095994196931 189.2113453713677 20.51908744169375
67.77905771025139 115.9698614819723 193.4705462930808
82.21774067184845 98.62139743502836 107.4705597126765
14.21818689892624 162.8802569143472 50.35513104897004
119.4420999191758 1.365147242248987 148.2020107741694
87.93138220376359 165.3637655346107 186.1824223493363
52.91309518830052 14.39803824662816 22.10729409683482
141.9609912889502 76.69148267490718 171.9787885871866
183.3407809631031 94.81095041501371 127.487096358158
94.08826982117317 157.5136866197332 76.46645156852328
70.64586004398527 193.6543465352981 36.87006106909564
42.29364200938149 1.135774336490369 36.99125054485392
99.59818175727311 43.51083634121125 43.06169493971418
95.47637014074743 137.0793819883756 89.59269684507771
41.34216841392777 135.4202132019146 61.32173566138847
16.53004187587463 91.18423515608364 54.34755669556791
6.972052686677887 154.9000624912013 179.4413917143278
97.99678045392386 26.6592735578149 175.9983407634198
22.16074370058315 75.35397034572384 90.67768925477617
133.7751290844002 108.6211291963066 153.9974934937889
150.091303356482 145.6336889802526 165.0111425796543
148.5957829365943 143.3464150895762 46.20340395439847
8.049037364980752 143.386060541069 84.81307459070169
161.9662473802217 156.4340892954313 180.9036521345977
5.223133242337879 142.4151524015843 146.619455579106
114.4899972035614 90.54943502589057 110.7572430211266
9.00909069530025 51.09169505396206 142.9584720981111
70.4655381102985 99.65748251507281 172.6684530592116
4.287911760874849 76.5263087890541 193.7533727157408
170.5854700120445 176.8009739347523 138.668069659027
18.2760323182888 184.0229875427721 194.9034217284587
63.84863382461148 136.6846694008193 99.39884061992696
78.70466879045146 84.5288346715349 84.05847030756347
182.2480986533666 128.7599297791775 30.97824891055707
33.44378316250598 113.3833870508471 196.2938709110593
174.3225802583101 39.26515157760349 147.9065758968165
43.79590530625957 158.1422531549831 188.3736587102897
138.3903318491733 26.95105097886692 7.361771850370187
104.0581463753514 97.89323711272071 176.1909219483129
92.56598306195258 80.51345081550558 141.4881090554976
27.60617837708955 26.58112662176912 3.158638189700646
197.9500858550718 119.3770515847225 167.8531522700284
149.9094452004019 134.6317873945586 72.53040754699491
104.6846801752151 138.9823563731886 141.7347976363608
117.7989624376333 69.79347902732468 119.3995689379326
139.1957178001907 70.93161343392745 110.6287098555045
18.39556570611941 38.20683059630167 20.392413099679
42.32373933136121 122.6385042684973 19.79618017751156
146.3847112903829 119.8509383384604 17.30907864112239
133.972925190813 104.9438530733857 111.2656383663945
157.5680198035529 199.3075746427966 160.6810904669416
101.7025043387103 124.865847082567 159.4416115233793
105.3481726404921 157.2603955888344 174.2968653922717
111.9410721501233 136.1919173801907 23.96947042512441
65.15848009741582 142.363485321878 140.7469558170999
193.0664464625544 146.0979012533482 68.12768206244871
84.36906496993325 171.7812675211832 7.544184491675394
158.5482276606143 59.93633771402047 114.4637294269308
186.0277992369043 144.2342210677687 91.82798763017169
182.0105195976419 196.9381949937779 90.22730373620354
95.29126183699201 39.4519212742703 147.460645540607
52.18991438056884 184.658991767502 75.62859495947872
91.35522309198619 2.566563188384061 38.24718287671987
68.66828833912695 199.7018864038063 183.4793055330926
128.0738321931213 125.5311988239469 72.48872540356328
13.32592647910143 15.62360319972009 47.00657889082644
15.50841176245342 73.15432745614872 174.4427552698333
14.8042666498722 2.8409425111482 68.32829054470223
166.9644727846432 51.41674525216146 58.59237158201918
109.5901020484664 184.6796497890212 37.62041557219564
21.30412063743432 86.16672302638264 137.7973642019722
115.9296988062996 81.16885422856255 185.6573061757025
191.5133416054547 41.29604026446988 162.4129034192175
137.1495252741 41.57647247002577 139.0066077981831
157.7312255793993 103.26517609773 27.62594225006391
107.7769866380623 86.45148360572412 157.0836885749792
123.1016897141487 126.2557200617714 144.7589105891932
164.791055308638 3.180549682835793 182.1039772812789
107.5747366199116 134.8071058976065 1.851373655391233
198.7997905423764 158.8290409501995 118.3520578980185
91.20424566867986 150.4521480471024 10.59032181091794
9.631557528854394 98.43476245789373 194.8825090928918
110.5764699286421 44.38970398425217 10.12444124893407
41.92806195395064 55.35321545063763 140.601263024418
36.65183377287575 20.77105533714365 183.1765856057092
19.26349091762262 18.49412916681219 168.9444160679881
154.447360077425 56.05713795519217 137.3263869800381
187.7895292419955 21.13138338099457 147.7091744034385
43.35983154494933 16.07199690421017 120.8364073885554
121.212418773844 133.1584403377728 92.61172801812812
163.7131191102734 11.29579592026952 48.64252039278676
42.67822016098163 135.4035982178975 38.57433115757325
155.4026099388921 87.47115723359829 8.111232702797182
62.16213525274298 24.53461443246148 130.0587551125225
7.024098025266623 91.62768470311573 94.7165482333436
55.83910097170168 93.53005686638633 47.39564492466761
126.8583882438987 149.3279946462139 107.3332272370539
193.4815375415777 194.7955571068991 70.88522427918863
44.87134804219093 124.4567891563961 98.70188603225075
12.99876731715056 1.725240170384754 124.4190090565938
148.7807305471229 44.43942307923093 101.2499722197099
80.71140701881083 96.75522941098126 129.9327072932085
161.3368327768485 92.2202483494781 186.6574417073814
132.9518300003961 192.182126336846 35.40241188195382
163.3362489327024 169.55190792071 31.87794158283164
174.4960416536947 75.4445384088139 165.4911833216348
42.54310757151973 164.3683020133053 77.94902899489544
5.489179631703078 179.7710294266909 123.8037228777979
166.343853480926 74.04432987198912 58.54502441999593
14.40774903617816 164.9720802535702 72.84697300512541
171.5066879918247 192.8734435955047 14.89443851957821
79.60310206657205 95.40759104881744 152.4548193340732
10.31019407556584 164.7293966397383 95.0596623272683
131.8495757812981 86.94964791411957 124.7564499928129
84.59954659088859 23.98547787867033 132.6031951328565
138.1573319707716 98.81743590162964 17.26366248974783
126.7545590301038 107.5428664771445 132.5121755512786
174.784054489839 38.91454661172293 92.78055465761892
59.09944797784608 19.99351359843808 180.8450635552731
27.58747498307392 87.66877151060908 108.8182573436169
192.8425539224747 177.7087953297779 142.4178767201186
41.28221440310201 78.66743121575081 62.11691283446581
5.108145030381118 74.08458838930783 63.68670167854592
39.12433859043762 38.8498806297961 88.65747724144329
117.6466728902283 55.68096444505328 49.09842866441815
62.19974912929176 102.901446650275 27.85120850725854
138.2600228947261 110.000976921246 36.88248621620924
87.18282438993582 24.38252173123081 48.69104625750791
47.59098859427338 30.26979477931767 69.5540291854122
61.31214883298925 9.163722799470509 158.5135545772647
64.82713586759883 186.416358436236 146.3439509445051
57.73619698781322 187.7322611909983 167.7490277306799
53.87021496029566 170.3763976951654 5.263358859647662
30.90111808971026 1.040402206075499 109.4760231139366
194.1391525958738 125.8598560334283 78.1026093421285
167.4098775110013 148.3531195626536 58.08493601076041
140.2284351058608 170.342910584074 80.25803235188209
104.6445917245467 95.78285628952541 198.6705775213282
106.7335979249829 139.3328024958423 109.6297023344053
27.80128691601116 171.1783145388108 178.9480234271703
76.64284586561186 5.257020694385543 142.3917242963056
157.5151668706515 12.25110995836313 123.585040772983
18.65139685274393 127.564794563151 72.4096866231055
50.00852930865916 130.0708005772603 194.7762432007802
125.0052568255567 151.5189851701741 44.94374797634461
163.7999367309149 122.5614473777246 59.42921284043533
27.92289979454786 97.03643072961937 181.7147043552235
34.44114872523064 156.7153094813216 58.30282528905106
85.68059007689362 45.6672090717295 5.892862295440665
170.5130242549963 111.3077469224715 117.4475801920057
75.92792398325544 71.46737127086053 129.1884780727348
3.717431604307853 94.79427263141979 72.5979970151604
156.2170310172603 123.7002408552221 37.27670381854875
80.74459103755422 41.2064331858698 175.039812261414
128.0018157337781 125.3917270191572 187.1870756192767
39.46841638974478 57.51901850701145 54.39054946709992
111.7067529046882 107.3047143098763 149.3559248150454
70.23285433419524 80.4207915880945 58.84856192846951
78.5063880550659 194.7277728305089 162.2835921381274
175.4172566341195 181.496690385538 73.49065963197056
189.2664281300295 95.89631597024083 36.12300858164676
148.031331468156 84.43940774194277 66.71970555600493
20.9507544921989 180.5550579889773 145.6920045132235
39.38506051406383 131.4684818374866 158.5605286512987
126.5557215026353 86.5347499315814 73.39466161818261
164.5613606773908 53.90915234784855 36.27003427313137
37.62767878150557 77.50241386982782 175.8529540156413
97.36493815549862 85.64400084580242 96.86709965528551
183.6490324511562 135.7588004166625 147.2684511757497
196.7464429255612 20.18970798516021 168.5231351247278
153.4377397813737 117.7594008682372 135.4588105706408
9.921940881344923 55.16258597732949 189.1032814120088
177.9446789605543 190.4791255304528 155.0623138578545
32.94295746344999 173.3093716103007 42.87593226415353
81.24328339767028 10.96795828878349 66.53825046557384
94.00270050764628 64.08535009646687 52.31535138932631
132.2883413964724 50.61787300676367 168.1711457320908
126.3813986480749 64.09185581693039 75.94045901186121
49.35120072694113 182.9829311360228 130.2547911692176
196.9032698077336 37.41922307950545 184.0048111540196
43.45493140780736 142.3322022735829 130.9514814599101
100.0675443314143 167.236561414967 23.13508223615452
60.61092129245688 107.0023941899578 128.8304873840742
91.67904791712137 82.11029528936388 65.73126966910603
142.6887473112986 178.9065548141318 19.9369606163345
170.4368206381095 29.97159107302055 67.38673054443284
76.97748748104848 75.94096197962183 37.75944212842825
82.10184851246868 24.50002691732949 93.70210645762262
26.60062177189859 4.263444682562929 87.53709468275218
32.90287330021265 129.0842643845855 180.0621218530946
14.32218576812061 164.9129803471023 160.5767388154443
114.7607241820914 157.4769616149171 153.0991665944993
10.56685810133565 53.05110724572164 165.4087391609834
47.55897187605001 2.597959023067423 190.9833484777554
70.80708999480466 137.5374375132024 199.4544342765425
181.1696765038935 67.80740847960693 42.68568337664454
17.01626905236421 152.9089303645914 14.43792934844263
69.87213962730263 178.6820495369835 191.654973078147
55.8612922132 152.4968594804118 64.10534494843309
165.6150997344589 147.0775980688316 31.82526608987866
126.9665184675164 7.629754629054 4.839525637826685
27.50803792878753 49.13726060878448 1.935282005260045
42.66155489295435 99.88175310465968 88.51801768768652
0.1231732753648204 120.471653777646 144.9878612161917
13.10703396013422 56.69195365355802 32.2638063644174
61.23278832068514 155.1717439680486 86.6859478429795
9.523328259261078 68.94520156850736 129.1413395758969
106.7273563925873 118.5168782187977 83.33944536217354
184.9139849707098 2.484679722606101 47.97204282347639
140.9040920039873 27.25926325744043 120.5801898796453
31.57071184549544 64.23908027261305 158.6001734511537
191.4522456325754 115.7059100701694 124.683428769871
113.2537101895383 30.55277164129415 55.54655254087068
10.44536022506304 7.985679136660296 102.8720300890301
135.4139956411454 168.4050280047784 115.8719802899336
50.94013894996602 123.4775218029123 140.8786634273747
121.7989123527811 70.21048465072175 164.126441687434
155.6042949274741 183.319789579787 176.5181821896131
66.9250184526481 113.1464000406306 48.98112810460785
97.29336807663803 145.7118139247909 57.47383367191853
97.42658889166297 197.0313473462091 145.6365587755932
161.097685557198 134.6208445817152 94.73851067053968
10.48951432640097 186.2622174961697 83.05078177284963
133.8858847968815 65.11296727237182 135.0134917028705
126.001673647462 22.3516202957546 143.0383149755556
105.7684647949589 16.4486752074275 134.9131450953055
88.0105162979312 187.4454995302737 181.4357993427244
116.6410137447462 23.96663696022001 17.6296487317634
52.2033285593788 106.8313432556405 7.036816423004657
84.617772668698 177.8400694678583 110.7388148682264
141.6878886430931 123.8342382424359 90.58882219931422
99.81512484496305 177.1639456931192 165.1600295363699
40.06660432268983 18.60968750859783 98.634545304127
172.8165745479307 161.0936179893007 99.00314168601911
125.4359859570151 192.1620241328684 106.5826520197761
22.01764494081204 106.7351297079318 147.1080183138824
192.7833253641326 168.6470852418652 66.81087567774466
147.5878598057223 187.3160333821533 67.30195116783734
35.13634293542516 144.3428546020432 4.018051965221749
114.0887081887979 154.4663577078122 10.86516255793881
167.4074400649468 73.83078204944476 99.01250195688996
192.7993085619153 197.8330407817363 115.084996337686
63.19879821041821 64.81609431320152 18.60391968878591
97.19831315547931 68.96847108913038 30.49439927512269
111.2424948868827 179.1635141204079 145.782322586852
75.55701082602464 33.25836009869199 114.0978192947346
3.732313711271088 100.1880597551991 135.5774172387287
187.2170532658473 5.026258275595278 25.6521681530826
198.5942715586173 173.3377840206804 32.4108438073821
191.13942698263 58.51892370106455 177.0204005611957
114.9046611000303 195.1177651521554 86.81955681081341
87.26451460259049 81.91728736171146 194.6936915344851
26.98446498837014 103.6919140619436 124.7293553407327
133.6659372237817 145.6465429816045 149.5039186129899
175.7753713804341 157.7026875767398 76.87040674057396
139.1891568269589 158.3967995478897 61.11556740773339
175.1394376523727 35.49143910985493 21.90569819334536
176.2917741796377 117.4606094286327 89.11139913945833
74.61263748390238 77.77743480666473 176.4436840018137
1.146637727558628 52.90659393761328 115.6180966280632
75.13309052936766 158.2915346365758 104.5061969919726
12.75620043520054 175.0887793888922 14.9035180877683
62.76689482517569 93.99733281021565 96.96174131224504
69.34877997672523 155.7342640640481 12.75294265440228
55.31493188569791 197.9964754380467 114.4661988492085
78.4755699875582 76.43011082864081 105.1436241458191
42.06456673022914 3.941278361867539 169.1178755061879
144.2883667193956 50.97088618619188 80.09827215046339
186.1175302858944 36.40166479895765 112.1580500226583
116.0735311626374 133.3994266569239 55.0440680081866
133.7453086815758 182.675012812262 184.703190975759
88.30900547138806 123.2619776566967 199.4396910479817
49.2398312944516 13.34947999725001 54.67946321738521
83.3223005730682 97.19175219918388 33.4661728982017
88.16799295230935 45.76755892235084 81.56704604333827
81.31198255443614 118.3797085362389 119.724677508339
22.22450228230363 126.9571042646646 10.44087530470589
177.4636125667457 80.59078651828378 77.36014269704751
126.491553756211 115.4689358485722 7.424583373242013
60.71926668951075 37.72932518012811 148.3357233372929
96.5466321512332 11.6599616899419 18.23646976750203
39.89341339484012 100.793177460709 24.98671602766249
113.6023075885608 49.0228784085084 110.9098150254941
84.83614962917099 145.9956185956173 130.2815502701006
51.36625689053383 141.1256367731197 175.1231025026536
184.524075210943 157.304449359328 180.1332369755658
161.3407965482408 96.85350621385538 132.1767260548132
160.829826708281 28.45497883467953 191.1081900648103
49.1696697066378 49.95486039127529 8.288641048950563
164.0549210188716 30.91450719884593 110.9780284867836
67.64769831336386 93.67857416607262 197.0985677051805
185.2991299702339 63.2539305931195 64.42208856208347
91.99817018392656 8.620531691683606 188.1972873584264
26.3031840311574 188.3757311979402 27.41130362678306
160.0438447810749 65.66320994905091 179.8286111340006
131.0164679103491 185.5720745827609 136.9490119684549
45.9901427220883 100.0556889096367 113.074360190316
96.62966773407466 62.44906417606092 128.5485406065627
95.69190482079949 118.5806703465722 138.1048950069168
113.1006784541778 123.7247959541521 124.6648896627235
171.0157494163933 130.5332451959913 129.288905095426
96.88100125350327 74.03501435803012 175.8345553153017
7.401892930893883 36.35900251100888 40.28137628335384
4.196191739822545 188.9339182558499 158.3978915286768
116.6500348769018 113.2444862107752 31.16177659542637
14.98174841333615 92.90070018637223 31.87865770333934
46.09282136087211 25.35515787456449 163.1729031777368
120.4898942097482 163.7048134978019 132.1564477430374
48.53787774338029 157.1187230861435 40.6579546049582
39.83611396971374 119.4784804169081 77.2552876016241
62.75434991284373 34.48364066737099 17.5786645583719
68.30420805382435 163.565186955441 149.7007079516246
160.7691185649373 105.1699250970896 168.1578780893236
126.3281827122492 149.6374026408403 170.8456165316616
158.4838367509806 173.1970869099565 111.5847081490334
124.4859712069021 101.6919841971415 189.6371761064121
65.22129755666172 171.7919547836788 35.16645614954438
127.7702907120432 43.00327423055446 195.5393665906811
29.28492026823811 43.48207346446346 68.86263745190068
30.86402348351064 149.9879121293771 171.7443802811498
9.164484558965651 30.84543323028946 152.9556109507274
167.3345739486704 189.6678049656988 54.0507184305722
80.36232172561162 23.84499580739735 8.259779888108477
127.9220103053263 87.9634063206865 146.9773901932628
94.71127228543723 99.7884781029867 79.46175248303464
72.28756258484054 85.47051839130418 17.62259143481917
10.28552526115241 162.4320328576915 137.4640751141153
142.8301826059004 3.491272838422538 52.27686913582303
4.643938189936607 151.595117260236 33.2926621459092
27.1443869736419 153.0948872590745 34.62778378035529
117.3849407819377 75.12971951331289 93.94072366996484
199.0548562438585 93.73483979397692 15.8820724920287
116.8897755585351 50.34336606963342 133.2203074882313
15.32958284008744 30.10780583086128 131.2356273753367
122.3723423977145 170.6556960398953 25.36284746742254
66.13591494101124 177.5978776216789 91.9326982581705
42.95307735762855 189.8489846045151 150.80080430838
109.2792782720913 96.25752237505669 62.56749394396648
27.83434266738788 10.46047343227113 22.35386415413426
59.29373806228751 46.91015545352204 52.22599792982337
180.9016214964449 193.1483513108379 194.3536374770206
60.22609741863816 113.6531694577509 85.0386172603214
30.23019321341796 35.97517433386236 109.2169402410221
101.8492802937844 13.58742280102125 92.57804502435272
152.9221622497251 38.21074378645884 24.9412264512268
88.30976978512297 180.3210331755857 88.59818992566578
86.45202614880824 60.16997982186938 149.1707597395741
61.28669569878094 194.4379087608655 57.41239770542746
16.35297612276059 138.6894680730498 192.0623761544408
178.1714846088369 169.2155049372489 14.84551656175254
80.95446326919108 116.1373198242264 161.328476868831
149.6546370087031 37.51648815439783 62.76565058075002
148.7056153825742 78.13888001442419 45.03859083459745
90.36232232252644 130.3195291753218 20.79527653960529
23.36384304647411 129.8234186859071 94.38359362493628
144.6797452048749 141.341708637487 24.04654041745754
133.088595001063 147.7000818913413 80.05236075805371
14.85841664724223 197.7901672137655 177.1754971097193
190.8531098005292 106.6428839018088 58.30312249695555
47.02306884710272 180.5104636991202 186.2765384670541
86.54503130013386 101.5313707352964 55.39881632381647
114.6472331107324 16.59070571257331 74.20917800709303
50.05008756095037 24.37948797668525 1.869544536062202
198.6323466593309 148.4723838155428 2.085358161141466
93.66761527651387 41.50094541312554 103.0564662300845
19.39446326493795 35.31220755032572 184.0138192056321
144.2698405186394 61.72859110053823 30.16627184167109
48.35378928235571 47.78175231724507 164.648128871678
31.4840271023709 167.3966616040634 4.894738662810909
30.6968326364354 178.379560375358 64.77318530066766
175.1644247890453 10.82352469995555 109.5576795393597
182.9665842402724 77.39769926720399 186.3409572766384
97.96067958379331 68.14324800298336 82.59916961593099
185.1647560511749 111.5260259165726 16.67587299658959
136.211270756865 7.113019416033314 129.8591618989979
119.2940526874857 34.15726332732483 176.5642542837098
159.1512359623718 194.9949749962923 33.68412310037931
67.78856892237764 100.94242189313 67.96777825988087
60.93647075942986 108.0345808215849 153.9824195630215
84.58505738753433 67.43400326468254 11.8209245902442
134.953872766861 50.07459539127095 118.1951148742259
16.55584849300678 39.72186185111925 88.25020194412066
141.751310320609 123.5356751495647 54.62521294643756
116.8045350845192 58.41991892928931 26.69406966124217
126.9517334571055 173.9048810907735 47.24378350714693
178.9471072827871 181.986918638688 106.8814156358263
67.07940264959444 26.72280961358123 58.71058867240473
63.74533626197315 87.1790236313979 118.4721560860891
173.6562241457991 95.36025986539586 101.7670280219707
172.3653880363551 52.96248360306726 165.759492827578
155.7615722832435 109.1899000517598 100.4756134959459
18.05905271034193 82.27476277073933 11.69322695928848
177.0126185449413 112.7574186864628 141.9621608341695
78.33342191888113 45.64894942974824 133.891755141197
141.0176953300962 8.470122803112888 107.8308068938621
99.20395234915948 2.054572873846886 167.587579432432
35.44650882064357 110.1630013438678 164.9437824044116
147.9158464996847 139.5786944638785 132.1515811768846
70.78214046689695 149.5853652890586 167.2664103488434
175.0368726650023 91.48824263514648 19.14195871903076
3.284307267375326 54.06785568155178 74.54357454563176
144.1196521925127 189.0235948847293 118.8836794842945
24.89307797467896 65.57773332867093 70.50005533513453
146.7607909233837 61.3915693875888 60.20849029217543
32.72142125496135 60.64366014408066 104.1822272989344
47.84836289158682 78.73357660354657 104.3578671848535
165.1181726669532 146.4090211911759 114.3432563308266
6.457090349243659 108.9364303110915 109.2174473976742
40.40710913145914 33.14394662154047 20.5726023753977
107.1169051437079 116.1255281437105 189.1673417687952
12.45423574591126 197.4963686954882 12.07404272319386
20.84306773153278 104.6206241018713 13.48156359378749
147.601909160245 26.20413447507191 43.32042534010796
7.081810817942967 198.2462497989131 33.99622662904882
79.89852182154173 63.27904935716869 69.93983457347349
54.94957922333219 4.036255209880392 136.228713217848
66.33348482735724 156.6359412826663 188.2581813590155
132.7724657826205 3.125900300278801 73.67498326323607
179.5238135151835 115.5670680122836 184.0709258538451
152.1092345012381 76.61716648506773 128.266607149968
105.4756029639651 182.0813054271336 103.1735270450644
133.8363956738019 83.50335528436004 199.2279165222874
56.78858516955935 83.79647012566721 77.71929334130299
140.0537393591054 110.1696584734809 175.6401213742616
83.71886619390142 137.0429369886116 153.2300155705183
172.0260982783329 71.77598398576451 143.3390926753186
119.1656803409641 14.13376513668092 107.0723646030139
122.4837181113164 111.8461734621549 52.93920389341929
140.0367795336709 77.17862091025671 88.91800880437462
154.767942558069 153.4678648646151 84.01345788694576
82.75616960975211 193.7557278331745 2.473960533386793
158.4167166898382 68.55647083241192 78.97291723605603
166.9583439786925 14.96797093346451 26.59248649019579
185.3760885461087 128.4640569302019 56.29108967878425
98.41424354023299 40.19702572828575 125.1017543123328
16.25211513851836 116.8973764762032 52.64601947327344
160.7433068134776 198.3383944058617 81.97644135457321
99.40928799919298 86.21322437834462 44.90856145684072
138.3132818025335 99.68770479566216 89.72946096768757
188.7814820438814 37.41301362879055 56.51549230088875
158.3879562369598 90.02509085049665 86.00027153879144
148.8637510782033 179.2846385808145 46.23257291353176
176.7169382209338 23.5312776616161 128.1662852358341
115.9591073599208 94.76626604187051 18.18995159770627
26.90104577390637 148.0203876501146 149.5924552362494
125.5432313956808 182.4626069384553 68.10216268782553
187.4352583360492 75.71835676774931 8.762230742591683
10.46380735108468 112.6854287665645 87.30497409937554
57.06192499085311 68.2359343331441 45.12645763827
153.3957670160866 88.42880775132433 109.0549141143811
109.5948674032694 155.2588045202264 93.86937936812592
196.6772414732558 15.42395943822809 62.27149219016161
125.7305618640691 142.0109968178022 128.6723736912079
36.28720660042243 169.5301365615861 158.0780054958543
188.0371544458239 47.28554468221558 36.21422918930993
52.51107789311882 82.31955169149008 28.07036321400425
34.95049843944558 86.81665085866059 42.02649966562495
86.03679912056037 103.6156000375862 188.5401581903056
50.47704922571754 96.54060710568524 182.7066349012205
115.7875597489273 198.2320088326549 126.0839682766484
46.36796168158092 40.82834579337949 186.8323189897611
189.4930138599917 78.36768952166553 105.4182710646601
101.2334022710226 44.43055972671665 189.5604028838027
138.1868564632172 105.644009950644 67.94375823588639
104.5548272217917 50.19460857644546 66.66650137733841
53.31865482141914 154.3134087025046 108.8105414827803
94.95710470164634 82.92594077046671 119.159166971596
189.8436267941256 55.28234539187533 199.4465823205607
141.2729348907174 190.7291567324515 90.53789803436588
