3 1024 8.065295499531807 0.6492249999999997 1.4 1 3 200 200 200
26.9439384181216 109.6642740896068 170.6468807747407
168.6313422166342 126.9658188250407 145.6053456337552
180.92545728767 44.90154505287998 134.8296332679151
170.8141614317091 25.36563580783146 195.2113380633669
26.00533170720108 1.047467101975839 27.49943457162406
58.05540604022957 42.65823826738696 137.7463936705437
46.56571750781214 174.710310468116 138.7494634859082
199.9125153447394 28.20911947699002 29.55461079544793
58.93179632310437 91.43188167480353 117.9967651692331
24.79112796033641 28.5226908466047 67.02913777404721
173.7274611283127 116.2902769729215 165.234283155014
16.46327013541767 164.7928600085183 110.1940354456886
46.75939085793451 168.2977128539044 169.9036981113251
75.01087029820613 136.6926021148029 16.71103173209594
101.0676886242884 172.5660792648854 172.5275901476668
140.5774519180893 63.31433521693779 176.6825415553515
28.4238414485666 165.6204135425159 56.74870829239521
124.063189791556 198.6162537521514 95.32748402759871
64.17501410786313 66.00085556579656 96.17728346644405
118.9067559106699 101.4029566491085 192.3492278133298
68.98697196986681 39.59807798241545 160.6281394174255
78.42735080363167 24.98612666503886 70.3949072436542
12.37652705206214 156.4534474031632 4.133878493969553
117.7213424914127 65.37789314054666 153.4004354320211
172.969021712815 27.71799443911326 143.172957373129
190.3448284360034 190.0708577304263 118.143880259259
46.61385784156644 102.1729226130528 51.57389968842847
156.6654005636678 182.9712064744409 166.030757914897
35.12575426749617 87.26450315793477 185.7458677266829
195.3790306474622 128.4716856669056 45.67130682177091
140.593251832753 167.3660841056565 186.909222614004
115.1950194553484 68.61732528827358 104.8518110699167
46.2376593341213 44.71013487219115 190.5614486754244
175.6977229216202 10.64184442008016 145.3804239339852
118.882927668781 55.11456153034699 176.251243609541
157.4459985221567 137.6193503417825 162.9860026789054
16.15617305957175 90.13515776026144 181.501930632855
111.7054277404912 39.75621282617795 1.258099926296228
75.98571812404015 34.30487716978478 107.1846832043094
71.55147823281213 149.2720811050452 74.6428256902724
184.8113767632504 53.8994158259332 147.6410751180857
178.611368683361 127.0849993470545 89.02814236110439
161.6001248108588 99.82380495813553 76.94710096828352
45.13150165783475 83.11756717049307 117.2103073046719
41.18506643193592 23.21334948498106 146.4695145748803
39.38176747144794 92.02839451642501 105.0167331697179
144.1173839951825 176.81545708211 22.40926728998992
183.0413209305545 176.188740140978 121.9041320970435
173.0136220992661 83.74564292514293 101.1660230272805
79.9089596728725 29.58904971503901 11.27681247460293
137.5375839267778 101.3423632747867 19.79720584902233
85.09093835355107 79.87395672512739 47.14951499122422
26.84857446740309 94.00912862046204 49.87702329643604
142.363986051164 77.55608391270391 79.81546179439312
151.3272984326511 35.12108156187248 26.74965756840307
187.1287216363415 103.6727776803937 90.62036775005757
68.04147178434053 18.67253023073488 10.84633226290019
130.1762408597834 186.8929432669171 134.1330496879791
166.5487890342443 31.75233707589802 166.2920461798793
48.67988108112789 199.0019191538224 179.8495550558515
164.2695902785452 55.5467635239023 62.69660978757504
159.2727744784892 178.7320708785649 17.22893830531787
94.55996073202198 174.3380243001105 70.099273615496
15.24006664818718 99.94066127975371 3.904580796083171
2.08104773420802 152.153699801662 192.4844165348831
89.95880867302385 193.2731655892305 193.3720182757387
71.17431770857289 64.58705405183777 22.63774264013506
157.6611290575476 139.4509225212963 82.86743555301776
165.1978346896004 128.3194427606519 73.9521479323169
45.09621837584695 21.640216227374 71.73449789374735
144.5694357793494 148.3444429650871 165.7556497874381
63.91284492128852 32.82004744446699 17.40342640297375
2.364367160986899 153.9283167215128 156.0300631128104
144.829568200993 29.58017559022054 58.72647961924277
10.43841628161881 98.47459982235129 34.56111742465491
31.9655430527365 30.39003811788233 82.74858405029921
39.74885828290506 168.3390781253642 115.1919176319207
28.87323149059219 41.91620133629552 41.37459961562385
35.62040856484943 165.5955513749476 131.1787292341259
129.0152000078989 58.4730227730556 63.66687817589798
145.9966696752395 44.10030132631599 3.46795639055711
60.45109328828148 158.8734369474791 81.33959952752291
101.2087047786248 137.5183850384552 93.7906488077369
49.69884295181028 72.21973367062475 52.77160905095759
128.8523272487044 35.19111668858661 164.9029023517483
168.9305074797219 17.75140460957821 60.77496050646344
94.89303531367314 97.79757611169852 194.798556051538
139.6981458446337 94.24795657287102 164.3974612094856
178.5441313289352 184.3617685896294 108.7446488773441
94.09225285156948 119.9792793149966 163.4252395458311
55.3593779577764 117.1332982466724 177.8754871049098
98.73793198532448 38.01908662379182 191.8230507540111
132.5099022614439 92.73442475645055 192.4024914083549
35.65804058941147 42.55780348266152 26.75438840031965
19.14422200220336 44.94706488644718 159.5980933286567
54.81778939126856 141.1057082387885 97.11282946720937
33.83397656934203 61.55673876017407 92.55211519421238
72.08460933513294 76.96406340870388 38.06306091762558
5.959533028394774 102.0544268129523 137.1066738829442
149.0959583410852 176.4069636895071 59.67219479909738
177.9413812118867 90.38798762374239 81.2238889637749
106.4480745417237 166.6930751000905 29.93469150637724
159.1146903843253 142.8450570309339 178.1551528399964
71.32964702933191 80.19610397962366 133.3456682885385
87.70829407571195 166.2405153526243 166.0694118665451
107.4994706975139 60.42703773952703 32.92956014763105
199.1266304257034 167.8885394738527 54.61307108280361
82.30934816618027 187.8398337112215 106.6006225767989
32.08428812000788 171.747451093666 175.6425317597691
37.69613429200163 58.44231578552186 24.82470315856176
47.26832031088657 119.7471037743978 42.87777926348268
139.9985043113847 84.74669377375344 177.4291949609101
198.6110088698763 94.7729050462369 149.482981210982
17.37831561998753 196.1627808682121 171.1943192048245
166.7889879534927 52.334793347847 1.514224911100116
175.3099666549736 18.08084238074185 44.07455764306603
172.4208072699357 22.19054991271192 76.50906430442969
90.44215584393326 90.41339944417304 58.12586201045524
94.37919800929572 124.543264525941 71.27956534061369
154.2699958503397 20.52050612792284 172.8136841396321
123.5830360244904 153.117815920854 39.02188311646976
123.1355334741869 2.794619139922187 56.74629592738937
96.14661341971718 14.32649016574678 162.8649679800324
63.64894206977989 11.26926694639316 164.3893206936399
90.23539323363771 147.9767562038603 187.6099671746765
10.02511345554421 12.56863625371335 142.8361787468118
155.3329609147264 188.0106825237578 133.9408017028045
28.31526494104911 58.18773011250152 158.4137275582771
177.5495419979689 60.76895186120871 55.1326194007394
77.67866014505107 134.6681708989709 34.29609913424609
144.6093217045094 28.30937571744642 13.63375233701193
8.379548792874941 147.4417603414815 139.1028065960816
128.1778316943173 159.7146502694456 57.98571670041435
141.4431889631126 82.43294884565799 48.7265864883754
143.3427422556991 14.94971792155912 52.09822241825754
190.7850478868614 111.1639470397971 140.6959919603382
171.6747622240403 139.7703163351648 155.6983184916887
72.26900686525627 90.64247326442465 108.7688376300328
66.43415216254425 103.5497261546374 181.1526016204066
73.00235904817779 160.4788466872603 162.7931744385054
192.4266138122985 154.9823362183745 61.59412044618906
61.54222574045519 51.54047460462676 187.5733593111618
92.17065925635417 199.8526841019445 54.7856910854283
180.0284946462059 12.11589021172493 129.7463768706178
10.83912077538625 139.9774001042631 199.7416622614544
62.86580668403867 66.50838247190875 134.4450393647659
88.87933869969052 31.67102792274261 58.55056807557234
107.2235984476848 3.483397212224172 167.3283893346934
11.93029195255135 58.17394054611157 199.2396620511566
89.70138296271321 150.022427966656 101.6719624600121
158.461481467331 148.5165792996009 96.18537330226012
30.17822478016584 1.692330009778367 43.06756605505986
104.7852461955399 44.73366479618267 30.37093835245477
104.7829655507208 53.65074690624512 196.8743963832435
145.5135274047403 101.0058069898893 76.81210329505829
93.74485118327783 136.5832645835505 160.9046593526434
157.9885284318915 8.349590723387733 53.55883644664344
99.85190416043267 145.6495363158809 113.4209921971806
47.88976051214581 60.06091514615883 185.8902610504266
198.0165092559344 35.80785649101998 166.9053262718026
109.0388793186551 182.8936664799855 199.2681977757985
55.49684185490906 25.82814472423679 60.13778980868237
35.35402912840861 93.76313942564747 140.8981006847204
163.0174473240359 76.36752945969965 127.6051114281571
22.75258322534554 88.01001175486833 196.0678127156817
8.686701981539024 23.84017070161794 107.3804458694074
11.40531099490147 126.6707610042301 45.34064651011875
37.68236199514443 140.5984114751258 131.0691385858925
174.1301948851009 168.7404965919877 107.4607307850229
178.5242855620115 121.0733862251391 187.8550007950957
21.14304990757671 193.1813926238736 155.7952113346564
3.538576717212401 91.84209958739618 191.486777985228
45.72042788181374 7.798941765314446 147.8912461943739
118.3493360916564 85.22678933000685 195.0362412528111
192.4462023025582 119.0240535717671 21.756141582374
178.2773271963497 24.37436739471811 158.0335711078542
59.5891448364162 165.3992411635996 27.64660851433295
137.0272314073086 190.3857001788454 166.5115379599863
93.72197392051136 141.765538128175 46.43779620046885
11.87930880920894 88.6085018373191 47.24093721141764
22.65360395021549 16.93619873676638 99.65611436351398
82.61810247751606 12.31022669568087 13.53682735362455
173.5140423310985 63.76648242460639 29.95057415517106
166.500040360417 117.8996752637928 23.27355172439218
61.00548874268317 139.7495499981328 82.2781351984261
110.0945769897454 131.0213459820583 105.5815649622922
53.03037016059756 57.44886530109336 143.4667904505469
24.38485415591486 148.3196450059345 197.0743778461262
29.99463573432589 157.915541840449 73.19886696227518
159.2635359089565 68.94941363509372 178.1092086160613
40.75896603268755 88.38253189232954 43.95780792467001
44.15658133968235 60.77961946056597 156.8232089128522
5.834307497312802 193.1171079237631 150.5938485462165
171.3677374204958 152.8251096645681 174.8338644934389
197.3724128107401 127.5446421796988 114.8347235227105
50.95589645000006 166.4810172399971 12.16739573699602
59.35813830134835 18.25804510034475 96.62438698410185
62.32463036736578 174.7797185489399 79.4202279368812
180.5120513742129 8.486439097201705 87.33088164905629
126.6729552585545 74.36545902797704 95.08393240659896
76.77711649477958 75.00183766000836 150.415482270802
196.5961186569622 90.24173384072806 117.5412709391316
146.7541043681667 146.2434292171966 73.1158330458088
7.630979464885905 63.9558588994373 13.67155692777748
48.80137370193061 130.9761904945149 76.42316686748936
96.63235316154817 71.08218487640387 174.3982130169619
22.74852712044679 28.579851956133 51.02827566391041
192.2393869892938 21.60921587126727 135.1020468589518
126.1673225102714 87.75990970803512 48.08420889374898
186.3618399286217 87.74343818760187 12.89880303666447
196.1985481783278 141.0229993995034 148.571265311174
8.821178103820996 27.08694651090232 135.9106706402084
38.34965567748409 12.14066815391746 33.88849235371524
193.1718021554287 98.1466635403156 180.8577508189281
41.38942972248347 6.211203471067713 74.63269739817842
143.8837235385883 12.17134521056385 141.7542800175035
10.03474342111192 6.453725583939975 160.3774939853623
63.08308994408521 35.74393186497442 34.42437241290478
109.0850481257601 89.15076154298995 140.6013914447223
114.0276785543508 83.59349799555798 98.97416286453297
80.23070899026649 115.7809413385899 38.86473708054518
120.1080148145028 51.21539275003256 146.0572800256322
57.87862207662101 186.0283790105703 14.0662879238499
46.46729774899227 78.48068045248363 193.1221229130974
69.04108622510323 83.37466376096847 23.57732251503961
91.40007917775212 27.29034303471361 148.1047003076967
146.7711815673664 117.0462309995206 102.5737027366578
39.24323712263503 119.5936395032904 181.0364766750475
31.48994091677288 104.332113246148 152.4549016879833
172.4421707005162 180.854659004933 72.23327497328803
169.9373085747367 164.1025267278649 92.56180071289293
106.2700648250058 146.3759862157024 188.7975741907984
128.7385118552246 130.7299650011205 9.748324293772272
72.77867425369853 16.17987027762604 58.11742432682586
170.860759362559 151.3213843603359 106.1142336222081
24.73882146597256 118.2107008885627 157.1453657173487
58.94117232292384 179.0101832172775 94.61409374862413
56.19017577513031 14.74927359107842 81.20205497627082
101.8092488013882 183.8864606081618 40.25739681692782
16.9957073067952 146.8544348965189 29.87566624993461
90.97018040453877 137.3147438041587 18.97125612237752
136.0426894573465 65.51061893001753 50.96717544542486
139.0151806930049 152.1690744190835 180.4091027688371
175.5573266826358 45.33101694616812 50.90223122129152
28.95702924596123 71.3898876852582 167.6596201937237
87.79422574179996 11.84323622962599 64.65395713067362
109.5080809063429 4.742067820433842 85.18288291196502
158.7594860046428 70.10790564623068 28.43941722161331
97.70610774004382 161.8869527153658 17.25901210224485
61.01883496219792 88.55010098382418 85.16822488121281
109.1962371957481 64.14139088316288 167.038210572375
119.0271050575185 71.67913504393201 4.580618518469473
18.06805429455778 191.0702831067096 42.22490886437334
4.958593296888735 52.51304946184576 115.6615788593843
3.687950634649775 184.2836853239785 91.13375748739602
32.45976627540366 26.48945802128778 38.3175525983199
184.1263887215906 148.2711587477463 28.65444053199323
192.4373870048081 17.90579194278953 116.0650760002291
77.77201547991172 2.531432643818207 121.8933839241484
91.02876813979695 61.926944101625 42.98675582851524
189.5108331280851 155.7622490409186 103.4442313908972
176.1957768274621 169.6023358115544 20.16699676611806
111.3746331570828 51.75346772508327 96.15150163517735
1.164199114028115 180.9133596528622 187.4021538612188
78.81741074400935 178.7229840677271 154.2448107109637
44.97017261343412 111.4831847523803 140.406435818748
81.48339717964203 0.7393311355089303 159.7388466830641
18.09312151810515 34.43081977626976 27.08164753053688
148.931932803924 65.23170700650938 119.3039387990508
32.24620162770998 133.9492158912975 169.9879280464782
124.5573247698711 16.56303547046349 88.09224195504287
55.81377237992417 74.95433770781925 72.41110516446994
36.84081386413992 178.5609729193556 5.414663350947982
140.2015787599061 100.1291436060045 39.39177040875922
49.96703839315231 27.04662406006509 129.6509910568207
192.1582536417446 67.99111090749054 173.4337299406611
11.74377370395321 75.62171211317067 28.5602889149624
16.87880325246111 15.00623608330268 38.53514933674534
185.6578655713253 189.3922984858585 36.87560515653801
110.6555628477223 148.7109146215578 52.73818863690804
134.3303784514502 119.2306747572155 49.91033456296523
70.06084819650334 53.88859738900848 40.596208324485
159.2518614002678 89.09920095264299 44.43234108238466
132.6132183527043 136.4618523592362 156.1865201587768
24.99491742860347 186.062483783508 187.7119759048568
198.4980029383049 48.52643263929254 183.5353600528953
191.7803814599547 165.529642327962 1.953395104405476
100.1296972777944 4.646454205678359 124.2671754317658
22.84673933108239 111.434515433535 135.8751375164895
125.837936043079 113.9124739747857 28.72964433615256
92.65625021504329 21.24800071727226 199.3346925706634
124.7975084777758 197.7663976398212 75.57814409469093
0.2867271685735381 174.9943742241853 74.48615283213765
108.79035856314 182.9793239364772 81.50197880570134
133.646102889965 10.00910408667987 107.6989196043865
94.90577300079008 162.9313166618441 45.01137687281845
97.60708608638137 17.8783444189189 24.44592365729692
8.63112889586807 75.63593670002571 88.77054774842721
73.76684468274007 170.686741015042 103.8660112028256
174.0021104238783 5.860202019776706 111.062611090132
75.30221085744421 26.56832483810095 89.45455826512962
95.64053540996593 126.6830627435311 34.45790056368455
32.24203820346905 30.87121073912025 161.833674830958
140.2612267688561 147.9049820389827 127.8385404038879
196.5837307726206 37.96105988128213 125.5822140020384
185.6128627477071 175.4464800378185 93.08474130475774
187.2192129445531 8.51799009979867 24.96970296273753
102.1168576718635 113.5983429990529 108.3158855572561
51.9801990059462 85.70249026866075 135.129414477443
105.6741764310875 190.9360694928968 181.9859170446931
131.2960648084796 78.15323217373364 113.6476969362682
156.0087531916322 118.9915484024705 157.9245473379075
59.98177328413222 127.8351954265447 25.09876773084513
1.919617385245839 102.6419261226731 17.6867168220857
69.36274134610889 92.7270214768531 148.0162651234335
179.8349305432019 140.8961238666796 138.181936193737
63.36838430098332 189.7351527076648 110.1118017886577
22.35047825777438 163.3287751295518 38.51295588743032
152.8126533893193 1.852825825132492 167.852603652954
77.36941644684258 46.36228299704382 20.59830729243079
195.7773628145293 110.3953887749184 38.75979975440613
160.8745305825751 156.2329472364608 158.9292131166535
141.4523780159506 170.2734940997929 130.7036846853935
31.45313830658023 105.9090263290993 65.93132546741269
71.70257134455744 150.2178332422676 94.55262552398901
119.7785710645158 177.2400074464457 170.8743732970914
71.5314222536705 108.491936368433 57.73364131992206
198.8106453336955 53.18563417972224 59.54448990980778
192.7469661969322 76.58393845636121 152.5579297224389
192.6545183014666 72.53228940290879 69.43339026301425
58.19452438762787 166.9121685781802 152.115131099845
173.187446631424 192.1489730562456 18.25109950533555
32.35162519383496 110.3354275752829 103.1236699765291
35.45600266239369 6.620162028959097 191.7563529870157
127.8095645527755 89.79034357641338 83.44508195351921
123.3571617277156 70.64081456155377 37.27632655227708
46.65951278509597 180.2277526482745 185.1465301890626
127.8230996716962 12.65196148343407 40.76067903304196
56.67504410725139 99.48339954184289 100.5394860758871
163.4567550794763 51.95410664347656 130.3815193876792
162.2899470859551 112.4347208277059 114.1625975886465
110.1001886424419 15.51365760032388 185.4561088514497
73.74643545529352 7.550018572676763 77.37711022603798
70.13399974671914 126.6395554324954 71.34751382826458
80.88061113233398 118.1272024781192 19.66182293603676
167.2724735234339 3.374591957762685 73.62943889679691
131.395726149775 54.0792819801518 161.5190691660162
151.0260046380167 59.48064005331588 192.8457478666259
55.65961808863662 114.3441189487484 83.5658726347737
14.64211388751682 96.47450380844204 120.7311383866435
88.13272211757574 131.3216421314384 107.7596878964741
46.41423197859165 190.3087289868853 125.0184715765391
108.1362124507177 2.092076812355828 44.06112170430991
44.80978769035234 149.0765013030821 158.1602460964612
116.3534400922182 182.498846809652 102.7752397679923
134.7481128848594 112.8576782872722 162.4343165637501
190.9051707071565 69.42833714655052 21.73222699808384
148.0078834357929 35.44024399282969 162.1308507489846
146.021636299282 48.35191588195627 96.00815019050724
195.1518710223701 16.77841872186378 44.43268223882061
47.90318130978315 99.27334772643903 177.5481357686967
12.68789910049036 122.7228612851969 171.6054091558437
186.2575813669517 125.0699071924938 153.3769998117161
147.7636769562454 128.4581296700362 65.5431227224793
141.5208942150304 155.6517495988821 90.1207593733299
22.89985637081566 181.999972459847 25.8218167126203
143.7410651556703 131.4632272207149 175.1907455798867
196.4393103346919 17.39945052272419 93.84543865122089
91.60142927121875 178.1045076368206 6.173077712458604
76.16901749337575 146.9586839080327 52.73098350971075
180.6958413387784 3.346390005200619 55.41339704236236
89.25573437324074 43.70372719729514 158.1387919148493
7.267715185904388 110.7767373262797 189.9869936934033
57.76839015585854 36.42898114792752 176.080698324216
96.62577233597551 29.86785067971016 174.3938994214554
67.39608456457583 114.112818308805 140.7872004010372
82.6366091711611 51.66252979131802 61.26777891773266
95.62180408811048 86.5652868474502 81.02145375796026
158.3117663011623 27.2914590680301 45.02705583902515
62.41092431512853 51.08395713837851 120.8729612727143
160.1212828092988 156.0693860441707 136.3596661052172
27.0260980918881 11.22604615900629 151.9928349214387
175.0293545273453 61.84129191003354 186.8036696548764
58.38079205389126 58.31206506404455 169.7175052574746
163.6553296257819 179.6037002433709 36.06279797401638
55.91943205069661 32.99464750198332 108.6945856879087
66.56962315351259 125.1490840517959 3.665946436095697
169.622875645751 188.5431436546367 179.2873614794071
16.56411950465172 122.8674983709616 68.77489182975737
3.293793893686122 106.3890795554497 100.9156696875406
27.29286189830892 79.95550610079164 129.509571320061
1.436447389261403 53.1557384861549 82.01947087515532
183.2648351857755 148.6997331160289 189.5348308583261
21.35029282132889 47.40628048177331 58.3435493122648
30.63751600872789 68.57412469280429 188.0270249779293
145.0256628325054 198.0626057985218 41.85812552236547
10.89099751950113 78.11720396345395 165.9154863381136
9.488851451293366 2.480174263632029 187.7026863083141
1.716826224149381 196.255746798745 51.19288150430162
155.1169963029615 108.0301371799575 59.32954327991066
156.3273956586289 68.87809879697187 144.1529752011429
164.9653096796636 113.5350479496654 2.177536497312089
76.62635086710739 26.71521595224406 184.3972292436127
132.5579584771158 141.5301346096421 53.00389895753941
160.1242023129607 18.17457868959129 154.0640477735303
161.3913892920727 59.27532591534929 83.58044992298964
172.8318877941624 107.7634474883262 147.8799891390088
8.396000496634983 196.0003878595325 72.76383119346053
63.68699366366082 128.8578113047827 47.57928315571328
71.17721670114894 171.970828726308 13.60347779899267
53.50225179312905 76.41599911114255 11.03653744830607
86.7947679913854 75.64102232954532 25.55171241301279
70.83373834068001 70.22725010749507 56.16631951427824
134.9418978913718 12.38032974895783 158.920505654242
26.41257895367706 161.7801400511554 16.35256597596142
4.481763677334494 160.0192491414235 21.44392200605212
148.1381116389946 117.3246831087563 17.17530870215944
118.3461517412961 199.8642777809599 199.4943770372456
48.89976180051428 77.88519547682516 95.84843587983566
84.65785945037511 118.4040077285507 126.8733814352992
152.0492782680606 27.29232342836608 190.8697842692749
141.1640929164369 57.07113136555318 34.31701756724742
68.83475916255124 188.0307275049165 66.89398798391571
15.41412376402051 116.4536553795957 29.39632437804585
22.96697413190745 52.14902857843514 13.95606167287572
173.0128738375125 69.49495043433255 7.95401290577733
107.9581076948262 81.36196482546131 158.2860233331295
18.34423004703871 38.53209771575276 115.4772367750989
195.8118238914824 180.6264659871881 18.25713404394699
46.20222074075251 163.1208049851732 63.98473164540771
49.1517790762516 135.851523604039 187.2132771554625
39.82616926160441 98.35812020929815 85.49813997490854
15.68216909162049 14.55106510088396 122.854729556483
81.20263819476583 87.08814439460708 186.2802477524416
71.39315081146502 56.41930146999677 151.3578923353507
174.3569053232755 65.14038541885736 159.4319935927313
56.11630479655489 178.5575114064746 50.81665359427836
177.9475800261819 9.909169590494182 4.42505985070512
4.06441496414991 81.16602533850964 133.5274639810496
183.4851937918374 116.6044987818532 104.555015534798
193.1343378844957 62.67637433240899 0.2980861269513734
55.38689445283493 97.24522173963329 68.81724640114452
124.093221153589 93.38604959414975 129.1341162721399
193.0597523962338 159.2469177864965 139.8901424726849
88.07959594749292 105.2724914054699 146.4220606033183
198.9274656116476 146.8630527596842 121.9404697911308
67.68937947774695 129.7867351064462 117.2304943158714
26.95897200797386 152.2489012733349 142.2026849815398
32.3262075783998 70.83640438399563 109.47240102177
158.3865672265371 163.070350268908 77.06350589952288
141.1004543657739 171.4652503744173 166.1835765271607
67.83904569315551 197.6221876831281 177.4614990721537
110.5655819509238 160.8438808428695 108.0335707048399
134.9741849179778 73.43442454194614 149.920141069508
126.1932292185068 117.2430370451506 182.868620847471
133.2937846013804 73.40988693035892 191.6135033090353
129.4354258846049 63.26990123071083 130.5297857301093
89.33736449054706 95.69561428382491 15.48550433077465
129.4296703966977 77.81248683219873 64.36918951407135
54.65812845467148 196.6933267434666 88.00775087481856
60.03605481008435 92.16997327853275 195.4440655682321
79.78310654260417 94.72351349962855 35.92456083023599
120.2007773110067 114.3932488583181 121.8184573537594
114.7197649683644 21.02577900939933 164.0491666647364
115.4667062595082 21.19576449508409 123.3346358676334
153.0314978331114 198.4776551248077 106.5974469169508
103.0980805274244 147.6385559504041 30.55453238106615
112.5404747579251 122.9581931644907 87.63707747697539
143.3967849340386 4.183742657752977 86.74751489446388
144.1601922582347 83.39089796993491 131.8518401688835
90.5021362464372 83.77115750894261 139.9558475902044
6.918662489087485 197.8366576702757 27.76607935252649
11.03627298790192 14.67702309627697 60.34639574193034
75.40383050336095 187.1374027374222 88.48167856314369
87.9639839364318 176.5743193197336 28.4082902740839
33.73904522959615 40.61659098860292 99.08716194666681
160.1487519639678 66.73699226867608 47.4495250287813
52.72299753380977 9.500279336226265 112.5604087892207
14.48641435718075 32.1335535674615 90.88009830472278
180.0623019268499 71.15686428216065 88.12902806393676
59.15736374413827 154.2656517201441 174.8095852665627
127.5435239065766 148.4854787740789 73.8954962351222
127.0894480936376 174.5841687882294 148.7496009750967
122.4354912071272 41.8354853325631 129.2859092536231
44.63890089701484 65.57546150448486 127.9886737122423
60.32748702683008 23.17806273347023 149.3404906856082
172.540408557876 150.1145393776968 9.358175380521672
8.596660923681805 73.5050162954457 187.9028992970805
199.5689653578156 174.0553702295448 112.056914239542
100.5048181919406 164.7971034758106 190.2477094204228
46.78201506155352 36.82533598760281 46.80378612068723
132.4718599165454 30.98357944215795 146.358968153378
67.33552247095798 40.52482922798357 73.58876847821865
197.3336214980393 131.0393435159282 189.1400792224539
65.1827808048676 57.90204526440013 5.488608250742146
125.7013119576816 0.9013966059020018 178.167588219067
89.98519189178 7.01698029624073 179.6961576648943
93.55649520932977 25.7867660530277 128.7236712490995
36.44735587036278 62.22226791379074 66.25175034125249
144.7963725062781 120.9182008704133 195.1323008533236
156.0558746776335 97.17018269859685 23.5846614776865
6.659787660754153 34.68886634218168 69.85173866159886
159.3612135513144 136.8085166142433 123.1436340093691
111.5823848669161 43.24367671368265 161.4989812222634
167.0328567772547 65.9337812430982 105.818988576507
21.30080063923437 143.0312876758248 48.3562348226738
84.62181652072455 156.5595900474262 4.02652652249698
85.08887863845966 65.09367474671716 189.9249400364243
116.6339832282215 169.7351319640222 46.11093832949714
155.9586542910326 85.02151198930095 188.3779628700045
37.79665126631682 84.48033533907143 62.68409312833233
85.05757679993286 126.2663909229301 54.40295407160686
184.4826871692255 75.16270650358142 116.7877344829589
79.12720647287956 163.1884097730577 183.1495343275194
125.517059249937 73.98404513003548 170.4197914864014
48.93455460891487 56.68949846244029 103.6410198740412
55.96029570785142 53.47167486496355 58.99544322475942
97.63050989153032 113.9542255757127 5.101340978380287
181.9026299046672 41.1358577858273 196.9494787259741
187.8710699891527 111.0820819866636 1.547777339483147
162.2142569439642 44.43810947413215 180.255020160584
90.58268561967638 117.9870613319224 89.40345224957731
107.1136081931264 166.2910227994344 155.243269175122
41.32525266484863 197.9552631258391 16.07929018709382
174.0200642621104 106.1273801661709 43.04722886059636
185.1653396097606 93.34678037062629 135.6315523631712
125.1957320800134 8.02321216165841 138.884997193213
127.4453638268844 33.61710380880275 108.7675486023436
99.90125008010169 149.9633876050611 133.3793072297542
89.86432333766548 161.8390552714299 117.0024130276153
154.9069915364329 138.4579188298996 46.5969140606361
97.20399450080332 37.8639144993497 13.93895544349216
0.9533618891000371 159.7656629756613 174.7229949163405
142.1936130501423 80.09395029423585 29.16446016918304
111.4583011909117 128.9255962075498 195.3736326056562
97.53541189488824 79.87383199230794 1.613098762193299
191.987052387125 86.93146551636772 99.03504680114095
179.4798572275314 126.437040534238 34.81990646931741
191.0956368768808 196.2896394212079 99.82880045616275
23.3123143141377 14.31804019835539 174.3328393820637
110.1026743168509 29.50757586111532 143.6353681923518
14.59120171189478 136.4496028548786 153.7747923813598
50.04995447767375 118.1080672905993 62.01715122873959
46.42089648692338 77.02319779158847 173.820459927894
152.4852117814977 20.439184221024 73.97487565438838
37.65470446564672 36.05360714902018 8.024532069644097
23.44150417364579 73.23069016025489 49.36662713395305
143.8274710961553 25.88772366933465 95.28177544748124
101.0265739672068 155.6506039455405 87.017787734134
96.9318872031136 126.0003693526366 145.0136171868235
81.70232559362748 166.3469472569781 82.31193353872014
95.70973309657262 174.6889501489696 97.93809247806533
84.12162663722798 44.87848417736554 121.2091688121418
75.0994677790152 110.5677073927366 107.9733805621958
197.9285853065803 127.9643144201847 134.2617800624565
156.7511578608289 85.20238993673956 111.5627474178363
162.677200474141 189.7574402743055 56.21015269165952
10.94059070855302 27.47782498146822 155.1470015065226
35.72973557414529 131.1527773785268 147.8513745570642
116.0560109737455 4.923999159970711 23.10306386517851
162.1678742840564 35.27776491924079 9.412364654339445
69.3940526629865 152.302847284964 116.9199790017955
97.34908421667546 99.62368560701083 125.4025796987836
173.6596914270032 94.89064315859299 62.63238262605678
65.04549272865907 109.334435844758 162.7329108913265
170.186163530958 85.50182279655486 150.6003472438038
165.2534483418727 9.98848590084723 184.8529910011681
120.9156240395853 194.8165136792571 156.7409698533694
1.555116681118439 152.2613295235142 42.44936593791159
116.6069833198513 28.96051073343604 29.5617683109192
15.5359207460406 66.97404518343197 146.830533431102
178.1275939428966 27.97586085975632 101.7702494626105
175.9373544988047 6.567755769456988 165.2536764190348
175.0457973214592 29.93363305099036 124.0559568494198
99.88495687721668 49.18607528117965 137.8372294900044
179.1761157185121 78.89810198797811 47.67275117620638
12.9645738287782 145.5191330237537 104.301544418836
48.91231924324799 197.4276277022911 40.71757697122828
14.94108251843499 125.4299596841258 94.17747072810947
15.66536290005295 176.8159538949349 147.0291207783761
149.5172403987701 195.2346366609996 19.90791698863594
152.0573593969357 86.57853441751971 65.68948181193217
37.53491654534142 123.1869402479652 122.3882267258813
20.29242716793688 181.2833655756863 100.8089221054953
42.22484313170526 147.5368386913473 23.90760635181887
104.5180414886078 110.9475447299063 183.6005071569057
37.60737828625961 190.3479349237213 145.813038333499
164.6615269714551 47.25362861196871 35.01933527651714
124.8172227362491 155.8937185605431 164.6481946083542
62.22008601909532 150.767585932795 13.10934969407074
123.5624779094267 145.3959079341618 21.2722397871172
29.54647041517145 17.1774897913834 17.4016821120416
28.25186445564841 129.7257740950534 193.333237504221
87.69773909358474 152.7656915871063 152.1730272655061
162.7937814439352 13.8172865007976 93.14521319896195
147.5232870086106 64.47114636967437 66.51696946957256
43.40739649820225 115.7937902232667 162.5188802926063
75.49229995011034 77.98360789921387 6.141733704453589
197.4370554905841 149.1671586082631 79.68212519539071
19.54799143188818 22.29121080263844 195.1231912485361
56.87969307721131 15.7880713680069 185.1989164303654
191.7273980981619 13.93167486967874 72.0337083929969
39.28863642818177 57.97560570866346 44.25460677205057
113.6878504005794 53.7960748983862 15.76625215222605
34.20492332141972 181.0514151579596 45.95362439447945
0.8850035417487118 72.71983086957523 48.40468920362516
117.6072457424846 132.3990497025415 38.75343780084042
110.6461300046196 108.428215607857 141.3915586679495
181.6073866748341 45.90313245464627 168.7772320117118
188.3225536368928 56.06676937761421 39.75370952556285
175.2623036469832 193.3537572597866 129.8236447641765
152.5569215786294 79.80431056617986 163.5533885565994
190.9115517907215 35.51865998819854 148.501419798546
185.9545285859299 181.5782175888349 58.32383470722532
49.60655766587011 112.5053701260479 195.7687300629768
183.747922818375 133.2274057563595 71.40527699362129
175.7540115975407 134.004870737377 173.7205296303218
110.9572790533002 126.9708622742917 17.86593762229533
20.13726937097075 156.121257318117 163.3793234785745
5.932656012038318 123.4846659402106 8.607114452530245
99.3476828066683 51.9293773311452 178.3763883700827
113.3380709499561 21.83327570661602 8.383961036702829
33.43016765555618 137.2001373943401 99.61787896213256
47.62696652082394 27.3512589153212 26.32207042830402
35.82222689493017 169.3653733563945 153.9690103249547
63.53641581650035 71.3537549482938 187.4182556158391
197.0736992188354 138.6027622473369 167.863128531443
149.8352354840141 99.01264550928515 148.611063011186
35.60677037638098 126.5572385090599 29.01010611474641
99.52635828891071 61.09869939296622 118.1140253242298
195.9295951216076 109.0425077428618 122.0984191170577
12.3874792897586 1.417809691234171 94.32068460059155
62.90850389628438 185.0543518527585 139.5205924837135
20.63074450122309 58.83263343068168 125.1023746650649
154.5031082401267 185.2925551307715 78.09782515346397
72.58637237720546 124.9959038984159 181.8868681819756
107.3305173785156 123.334876774539 56.70333060843063
175.9161971593252 146.2323130330913 88.13574971439235
121.2631441284725 165.5306243702206 88.70575239006109
20.80232461358231 91.24402212217582 99.64377825448547
30.3321413014906 78.02138568925866 82.99523109142527
46.36901011740807 187.4884825427163 69.12534275479284
176.1625955219283 112.5665970505679 76.46241911775614
168.1405132779263 167.8457171300625 56.30875058523797
7.331795810370617 39.69718365113906 2.724348360040504
50.53371999238743 42.54589721406665 155.5813941878042
144.2620318364222 199.98847974708 64.34559017332951
10.51970375083932 75.83143324263786 112.5549574061663
18.87345543952377 164.325206068416 187.6867962019407
67.31374172075007 100.6703951464912 15.05935948795913
194.5494350122968 134.743115348521 96.90283403033736
144.2526286862489 140.6909376924897 106.8145678372093
196.8696315434281 2.948047990510003 132.3930886461921
16.72383313866103 57.75318660927282 173.9097916693137
44.02535146235534 171.4588026704135 84.85844604108041
143.2839454362227 6.475469281603118 191.1988237992041
37.79033981570641 49.66233673406327 173.0624671822692
50.79486166296446 32.50526484705355 86.70636259271333
168.3162037334809 102.2258870259178 94.94171101617968
183.0615240555408 34.29405377559973 36.88248065933032
65.79900266521348 87.89467200978734 169.7861418787668
154.8680496134173 117.2884824625356 38.73332616827988
19.36413034224729 144.6605010511265 82.66149903692822
78.41460198542919 180.0461505891007 123.8855629181758
88.92235083636824 198.7282700452715 32.6819680253361
133.4255180873622 22.68941604327066 178.9554759883335
127.4628210068273 111.7234805648163 6.312051830126907
57.80168554163133 171.1087921869348 121.6032974706209
91.89084520664848 72.06417110325209 64.11643032428816
104.1210734504356 103.2368142468139 162.3785761329178
111.738932639683 28.57515518085151 72.65863162789756
12.74945301811701 45.24925237413229 141.3307682616719
164.2029709401443 195.5915088159861 149.3854087819219
65.92685970961209 185.3925704059524 31.65898485546781
9.053199434097671 194.2624027986031 115.4785801113126
38.58963883439636 17.08019918765705 54.08366833559156
137.0418329695617 33.26313090851798 40.34598626065557
187.1596320571415 3.976884868546523 184.6785014229045
5.875032295122796 36.59462604229487 45.95005000791377
49.2888361867217 16.76314917724889 6.444986711868109
119.5170078122255 143.7655999176768 94.46927091626642
153.8292960059696 160.1575999053806 17.03980803357152
130.9896743479204 85.74468780265858 10.38897418740434
68.69674543149965 165.113194572616 63.8916558670503
86.86853613421439 88.68145659789296 161.6967568653346
120.4534904591089 48.56929948342634 41.07009267953242
39.79934538986115 93.45320045135976 5.384415138846729
75.86826923632077 22.24759798649676 28.72547884726583
168.4744509116081 21.0842485698758 25.80575878221532
1.024381683466266 17.85747360176584 173.4945191040004
153.2475491979523 153.0820720530338 193.4999111889167
90.57766177906427 193.1794049026371 72.88587397521269
7.197304211557027 100.324551272637 167.6963856623875
153.704702118876 173.5014683051446 97.34133415757501
195.7539005202554 62.49894709108396 101.869100890626
131.6882394467103 31.64696839225346 199.6127868374225
173.9553125919729 81.22923015099987 175.273798624679
186.3618880009847 83.29674941406398 194.0597733017572
97.93791077289237 1.363989073961334 9.046231959801238
179.6601878595137 103.8427877680685 21.29999340206492
12.45297712276965 158.4825967444613 65.03506680708068
134.2077278062978 99.64928846866398 61.15913577595501
74.86248795161869 98.05651192814183 126.7719897639798
54.63329306270258 131.9845820890328 135.5249271185896
100.9661726041734 87.26186029702812 38.74674965064278
29.54793742910764 90.73713219102817 167.538447249967
53.0759759484242 160.354909709724 102.3159789555058
128.2405940470035 39.44454127516415 60.20326139423046
69.26523620795383 144.6222258953674 192.5525191337996
180.3334391012986 25.49066780885144 178.3525915381879
4.7420836463496 177.4661237810514 38.75692438110283
90.38789888695428 95.26608257266871 101.4848874989461
113.4253845630658 72.75832438724238 79.47884025134574
78.96765262502937 144.0645733587741 171.1398993162341
185.1808607001212 96.72859336401243 163.2846303296514
193.8640394427823 88.54569041580906 33.38337786187942
94.498173706754 171.5432587959062 137.2645626903882
81.54623326502475 152.66588895207 26.05741798559697
97.31240033070337 73.8530625730605 99.60973867473464
198.47233437893 192.9925164968618 168.5122172842961
160.8234519294724 82.81723723950715 86.1587003710893
160.7133015290791 193.3809957004926 199.4665206202389
143.4944469148398 43.4029655282573 121.2833296662816
12.89252269749262 107.0285013210914 53.10252094037978
64.40187859923748 176.0269277084608 171.8220493005176
111.7376783800368 65.1570206359067 55.84754539946055
23.12788271648834 94.13890382857905 20.60194228276247
113.9803273667093 51.03646873451539 73.32774135802889
78.00366821448502 107.1424216447785 196.2493647599346
15.4144794661757 118.4655413747701 115.6542056184975
24.04432340589091 138.6351258967388 13.83070662185282
85.20517465578818 181.8530432035242 52.61715051585644
72.83310857140552 166.3952636734298 41.72802559826165
161.6689833696051 180.3453772315255 117.3341843990479
129.3635543799438 186.7728862560153 14.23238020598469
178.4457460843324 49.71236614774018 95.0211448228941
56.7936537665265 110.4021255350815 121.1965275688486
74.8332890856876 7.688199040352988 196.4278927445281
33.93280832180793 120.4766214968106 83.00816339050269
79.26844052436412 13.76646570623741 141.4258266384647
106.7444369182059 7.353467702249001 65.97826678120295
78.21914288750432 69.06089688673761 168.7814203110334
34.96533342781547 105.2038681658054 36.33167324651379
169.9621146131553 191.9626941733659 93.14800177498077
180.8178825886031 163.5512845037026 74.49727339248641
87.29882757784408 133.4522247364767 0.2986374385913971
166.8713647374223 1.902278323784167 37.61502256623043
145.7057772788012 42.82093298238516 74.11548342067836
145.5297485307266 70.8657196003675 97.70161939850495
26.58701360889049 114.4419392321287 9.874510388799207
35.66458536597685 190.5074938162711 168.3114580440269
178.6097725874861 96.82626802875923 114.3031610522567
111.0415631054543 96.27085046579033 9.274914255880534
108.6458816514465 81.7483231425058 117.4758161774532
92.53510196338131 59.75311261878338 10.56498957455961
132.0997205240757 111.8583421407395 85.58548465550631
180.2280748638948 136.6102817103332 114.5115841984649
15.1468065286652 35.31401301864412 175.9047369070047
79.9199444127551 139.4424286424868 133.5756228433305
156.0021581371115 116.3336753429626 135.4989006731076
197.793302593532 59.51061021636711 132.2257088301773
122.0258272471309 158.8509343117817 186.8616323060651
143.4076894859896 50.40952959438802 142.7514313690752
95.06578595245934 59.30984613459213 82.48018759460423
164.9554261176752 157.067971368201 36.72107471438908
60.70386647333881 34.5053061031244 198.3891187755281
78.8695334878624 23.03156601689147 162.2301588964768
34.66285738030543 50.69198367497108 141.7343886264802
167.3999699924817 44.38503999021373 151.2894425898559
132.4309872295534 41.93628215753964 20.01133580486411
108.0744984438562 183.885618592524 21.19101647501958
177.8864427781255 68.81577334599743 137.4317951172203
15.91874684172166 88.86060990874913 66.16976700062425
61.07749162519453 72.59035968600935 114.1145406005032
42.62768077854735 57.77794791471354 4.377469327296229
110.6952603239627 23.53373327189561 50.67059017921669
51.4894882277566 54.64831628041823 81.29639836250705
93.32951078972475 65.17626258483992 152.4545551382244
156.0279159280055 13.56745576454467 8.440516825942591
154.5480949190154 175.1991747054354 148.429802775117
72.2659411818324 199.7493879481976 47.89709752586036
73.17358472557051 183.4889548509859 194.2817249246073
20.67161483871659 198.9355297101131 6.999413479254097
38.11188970582597 28.4748061889016 183.848178266316
141.7321821737234 193.7892034761657 148.0464248118629
194.3309975003903 144.2015636265718 8.924100935215476
121.1900897002361 142.618314035452 116.9607748645182
130.5884027489866 17.84673220142977 66.3676176194366
128.3818917350687 124.9487363229675 103.6077443258154
178.4431582699283 128.524543253222 12.35772858673058
29.27518370735132 159.2175295693314 96.79824692937022
160.9772754608669 10.58713603088481 132.8111527224375
67.49974551762566 46.95489806725882 95.24134238209055
136.7076895949351 169.0854779122191 72.61820965259852
139.632591020527 125.81929185417 123.1689445124159
121.1895715839527 91.83944907479007 29.80008275893255
139.1797278879513 44.44312303108914 180.8656819299627
56.79412946172657 143.1782458304947 63.69897740821952
111.0998654658694 69.12304582384 187.1078115170973
90.31154577984906 43.93276263674989 98.42379699774891
177.4504820384804 119.8115353625613 129.3463379299477
175.0149622226691 172.8068799791488 139.1905688879921
132.1932316730958 60.60330159834128 82.64169690636552
127.4378979186365 167.8282287009342 26.37218881355365
45.15994563281505 178.2420939639516 26.40688533642852
40.29585705587642 40.05464094614867 68.19253904719855
193.3935247791532 13.46854283133037 152.6981591450635
7.357032818574831 19.53756295513665 13.93215193975792
35.55044141069425 76.84249083586538 150.2965926328352
100.0020088617455 152.2764106606207 171.4604247616721
14.43835082863881 66.4988356735862 68.95235190876738
77.40766638958752 127.1072997675914 156.3077874309138
163.0646788411638 99.51021052697413 166.9063669767954
125.1180110482885 94.46593294742827 151.6676559826384
22.35684067809139 174.6101508488923 79.33361423449101
74.48530896023958 102.3396820030984 86.95206398146046
88.46861009547052 38.23327147342973 38.50670905473843
168.7719652390041 91.56932278473597 5.782649419334097
0.6466572092857158 48.05467229331563 22.6100705745203
43.44402270340786 139.3446714421157 45.89303469062094
126.3805869931529 99.00098140944013 106.4931483481023
86.10364302782322 80.52220425005014 118.0451507220879
142.6223926486336 153.9049844608147 35.6217207715159
112.528578558056 165.3585350828508 67.88164459871415
182.165937347418 169.9621017908274 182.0060185164962
102.9928008417097 44.3645822044789 54.76046721929933
15.44264529729603 55.43817146546204 37.99008361690142
163.0924187006899 130.1521576748771 100.1830964606047
4.340485602769072 82.25366537203014 8.282508969994792
178.7153743245235 49.85660459954752 17.53518124152548
14.83180308477561 143.1172438968912 181.0633572310369
197.8300935913522 180.4209442890791 133.6541281076558
99.63592372884546 187.3958100594051 158.1847679268964
198.1194236568776 0.1069481093756959 7.069573497998457
120.6972035870306 196.2952821773353 120.1179425195768
59.16456566467808 6.633174904843468 134.0142014176122
183.385071936752 154.6360242027957 159.767818913179
139.4786603107636 133.5566915217626 85.92315332270935
19.71426606686642 133.4580789142366 131.9852679000728
134.6079248391395 157.2560578572591 5.546407348296513
107.3456930557093 29.55926847529931 94.78800887007937
197.3577516132738 117.8046599702103 82.23362347236521
133.5020109132901 111.9509640192798 139.9042086312995
181.7431608257139 52.74982994338244 117.1543661791291
36.00653907363135 9.365722107752349 131.2219637612468
162.938579068214 42.6178950760469 109.825496973956
60.10081456310284 165.0959918583394 195.1635003616902
148.2342929014766 157.2227237018919 57.24305091308376
166.2335711515861 134.6195356773472 194.1892145632205
44.46116802895664 12.49472328049188 166.6272695002015
85.39672941949112 183.5863908961425 175.293402967543
147.094196041215 99.75501042341418 3.017954513906346
120.3458704655703 173.9822491959525 123.580440081826
162.4058923248502 137.7493636693581 25.30734967831362
150.2483072954314 47.05396734830683 52.40321085039334
104.2688084170856 146.1771578021473 8.04949356049455
43.95971017320887 148.8840738758677 83.10282169835786
70.68174717613427 127.6676017160858 93.90020659922216
25.90127374912242 46.8645528514291 192.0572448485385
151.6401132963583 76.72174900644913 8.93145817348139
125.6371385118994 126.4038774321415 69.56532466846686
142.12624220369 175.6680447688078 41.62905033220348
88.19163706343032 193.104381710434 139.5722991158086
133.9312038912063 63.64065995615923 13.95759497544931
62.22820629256427 108.8756698714963 37.15977687164214
131.4130106747594 139.1010901948057 192.5014882493148
42.54789997953819 183.7134362114182 103.7693067356081
151.9128456158255 136.6541638573524 144.4621045763039
167.3586667062819 169.7019409283683 199.38542408835
51.83808285737324 90.89588420547541 28.28579012893282
104.3922495003307 106.8674524183021 28.07593352881735
197.1992944852936 39.99607265976277 103.0997077105082
191.8902156108109 115.221158806941 60.47563079031953
187.3217350423703 33.95957421085489 81.49179156302286
50.86201254527347 154.2419854055361 134.919823012562
49.09790505785585 142.4959782969824 115.5527314850613
103.8617753618906 7.967246750765448 146.29044468527
107.0233337099864 139.1146170639178 72.85518222438736
116.9272606053804 137.5781307019456 175.2438813296568
18.16768213604926 196.3801571493314 136.0312819176813
178.2212643780892 157.4698322510371 122.9278747055461
14.17012310697188 177.3596156238813 5.518267885434402
29.07928351175705 152.5278032704094 118.4851116880229
81.6190627824826 44.06281191494783 198.5384887402507
114.1599239949471 166.4781589004629 8.155474762121846
24.14793865444712 49.78263193242503 80.62600054517826
26.35774322945045 180.2309836088243 122.5364835827869
155.1570991245029 158.9066508599917 114.5128598203392
139.1034859694375 131.9197109685282 31.84962454572806
44.65504291405034 161.4660117018116 41.51596324951362
114.6731445593039 106.6672548415093 70.05420948840781
155.1316260626404 32.00832725394741 136.9268290442675
146.161448852952 176.5123472205116 3.163192556618224
154.8345319553666 55.45606031728664 16.41473993196574
94.04584373596633 16.07166928788483 82.4924136972909
30.05049366327118 1.285043547987885 110.4874097023113
86.21151386782886 138.7276989991313 81.61263670545219
129.3474401574792 56.11705414162397 109.1098763836671
71.35402559876394 24.15443497262758 123.0021064892207
153.6433311912274 57.24855003905768 163.7500757957455
182.2394395614618 186.6538571145463 198.3050660191689
195.0037210323047 93.43747050223499 55.40035143557763
14.49531128589587 177.0903398095674 169.57972666339
75.75435293033891 87.13826005475863 70.30048653369127
61.6087447737459 147.8187759632972 35.49045306713963
57.71975796615727 74.23637232790119 153.7188031558388
77.27603464528758 193.7109395862548 13.99610302862022
173.2409591271155 82.76002970912064 26.22880938928363
143.9120829723327 103.3759231078703 180.9383652973293
50.79655093057764 123.352208135543 103.6949386705301
124.9567494389393 52.93353508097567 196.2150159990793
37.18601968002701 153.5870741797539 179.984607317158
184.6876085712374 167.202154377285 40.95422665017571
7.607679048393518 164.3154063510528 92.98856454504023
33.52897435456256 137.606140480835 66.55014246078817
161.1747360260477 117.8967508836856 179.8810585947264
54.30150497003181 48.66613603919535 22.98939290398956
174.7751760862063 100.9977177631815 186.1600061082416
121.3397131226544 155.9681157466632 137.1630065624834
39.59476397198108 44.88504371150383 120.4756606186857
146.5830351742884 16.39123184259482 28.75803379472592
74.4375688171685 6.580084774847475 99.92835726717931
186.5316743954698 192.2139959604378 149.3603379760945
89.97951362306094 105.7111349806517 70.45828059468059
2.114133117665039 134.640265453757 27.86731393554257
15.45652555957295 179.8858664845741 58.48826767034241
59.09613780030941 17.44659326794208 43.06510770163037
124.3538373248336 188.4929968407913 36.18503783358967
57.83563063880491 132.6778780638809 166.6098814262056
55.67898410450004 194.5800004307118 158.6771199982925
89.60338728833966 16.95786073400449 45.99356079221719
55.25977494620268 69.01984976626083 32.72524166445084
95.64464321317617 131.2899825006797 179.4263014223337
29.17309048775063 105.321458269904 189.3778842826135
126.8328964494262 180.2828906404072 192.110144643452
180.6148060051659 53.74512323689087 72.907655156506
116.9318308217743 105.0137054601753 47.64075777808252
2.722848672873916 138.6334283315701 60.41865352096475
34.25713027857853 76.81112304707688 29.86848093546983
94.41777986966841 106.6310687815874 48.33506022964423
109.7014510974058 143.9875572946754 152.8271930824772
140.7601061069725 156.6094958392878 148.6703089485882
110.107499684827 187.8371621693131 138.1816166109607
137.8357703364584 22.12221478228127 126.2919518859423
195.8944198076618 173.281827176962 157.3534819452416
12.42594357353357 163.4998289680847 129.0805623541747
170.1310301370022 73.22954646034508 67.95359909997663
102.7161919093176 88.70431215088979 179.6067587816921
142.1401400670466 199.9535616666029 126.3250976912704
44.66802468064807 130.9360939311877 8.79371906849828
47.23698953410423 110.5396360322517 18.14055169030202
92.52876806375181 155.0342601075532 66.03956096936483
156.4070713667901 21.30957697968445 113.4689843794159
42.70962819721726 152.3339293179539 1.84558121312525
133.5814493366887 12.11849086088906 10.79474796899714
197.0623776962862 93.00482175923457 77.88480527888107
133.0211626793163 160.7086624174254 110.4225627495641
72.87954628032276 61.72912443001034 79.03141874234844
165.8839365785239 145.4876284382466 65.03789371342256
77.1780489973571 47.95325502531016 176.7412326312634
194.9696786878903 22.3357452139233 195.258479560786
65.51579516702941 145.6733846322256 149.8137741211044
123.0979573210255 96.68488407370936 174.0501978105421
70.84137978131163 34.47992751153465 52.11450102902216
110.8885183281152 9.446956776790175 104.6000114535145
142.8990459507517 103.3054109217441 121.2780861838592
17.64528719948171 91.43885895349891 148.3599971057046
134.8778507905232 183.5082824504158 89.89852663990131
106.5800470761553 185.2737661013145 59.05114040548401
94.5613756332383 197.217850851583 94.91221118187681
122.4172642887663 131.3622401564889 136.6925870085117
17.3835899920458 56.03825727646647 101.2437259395058
34.77297624521183 23.17782252781105 113.3981512249273
159.9989401403147 168.1486935646309 178.0923707319434
0.6749982839111676 53.13985322548999 158.7067638057882
36.90307070467014 99.79777248804147 122.5715777395015
74.02492322342027 162.0260709156326 136.7691225935271
76.97339509755453 79.86347285663193 91.85207660848229
114.8363006090531 122.7083032984632 158.3768900542325
32.33583515706837 193.6513181205542 86.24983140683199
146.4944003967727 138.4245355161073 9.296560338295528
61.62889079335682 89.40311933779651 48.58087151949088
56.61990604389587 6.554232902264983 62.69154994949358
109.7620364036083 100.8508948888259 91.31495068205571
23.86193385381689 13.24287055806439 78.87791058115462
6.582135725512186 115.5178062287821 151.000256057555
162.5718103410923 35.62883989340743 87.29844333171606
82.00869510366955 64.05531621564339 132.9464922108718
105.1352320765087 39.45088815251945 114.9683610797037
109.4852197353737 87.30116649378535 59.66101288236425
165.6957446571587 36.37438164417902 64.94533810970952
182.8276312944702 142.4189918009935 50.42704837757465
146.7632465648639 185.8765097834347 182.6222945610714
48.12989134714727 94.89060589129143 155.3959695244305
191.2300433705964 115.9422478868034 173.4937735085572
108.8816485355007 70.16065568000212 136.8575506965644
127.4449326110369 38.92392862588189 86.81722806113704
116.3786992713313 37.02687304424752 182.6733697653611
129.1162780714969 184.4200801795399 57.88075854498157
90.20744001478158 21.17756371812991 106.8714199404434
103.8826887804186 129.8673518266475 123.8780797814958
163.2143679551373 95.46305684586741 130.7680460943394
186.8569259426789 28.91345903213008 15.28097409099713
187.0395634735532 32.01374963828718 58.99482552813225
146.2415149963868 97.54878941721289 95.84358946504153
55.21150653764496 196.6342924532354 198.0950100725649
25.38018869993257 74.11010576123428 9.28012520893909
28.0734132772219 30.30899962993165 134.1239318349485
29.54779128901405 122.0986090068405 50.30307641301614
84.23149371959235 107.1378057349028 174.4398470906205
61.00340330818219 6.011370433201945 23.68523882354096
76.30561016951543 37.02348378732711 140.8863720772121
170.1547846756574 124.4692692573264 55.64135376158016
15.86123370337195 104.7411414136998 82.22558573660166
108.8316156548897 75.31266587952541 20.62818322684171
40.79463908035998 13.54687156132751 93.81684405367007
100.1796811345097 182.8041575409353 118.5325778041637
173.7942283379221 175.1066990241224 161.622627408992
186.6772174096941 192.6736596516876 77.97965511624446
154.1837138118902 116.4704215750997 84.58090153386786
137.7918276053605 182.8115217703429 112.281524398307
28.10411270593952 198.7502141896095 62.08653229522159
79.66031294173074 61.88610246635998 107.0380267058424
91.51539020119246 37.76091543177167 76.73419890870314
