3 1024 8.061401092255901 0.6482849999999999 1.4 1 3 200 200 200
181.5673690747562 31.97434974965621 104.1909801302679
51.95351769154722 0.8964560225426733 34.73135401992312
153.1915918607551 195.5666875410187 192.7872993653271
98.01813603394118 88.29355263851637 158.9356523400189
58.54867312713323 68.09299144889677 91.42196236966652
153.9114872399402 180.1323848109811 46.93624165298164
67.50391191060129 66.67677674848041 55.59969540705237
115.7744653692563 127.6050374469728 92.61852929147305
27.4070313122646 120.4327444030207 150.592555248449
192.6728560625829 41.73185093582622 89.56198107061259
29.0167080383956 186.0511653059228 2.632792800887187
113.234540908426 148.1988822030439 150.8742168201555
17.11467375387111 154.1599286009044 41.2108811025036
58.17301278656682 174.5055371715446 76.70322091559684
108.565545817758 64.10048725796844 132.4191311598228
183.3311822583969 180.9141248647946 149.4314623276587
165.5154279958517 136.8806180460668 54.11817038248341
176.3766823602016 48.59893690097282 172.618879354726
187.3353855294521 118.136381242141 116.9065045549416
121.6801623243401 22.02580168905662 91.9142133720045
34.8807057398833 119.3171288292312 69.19017039180358
76.87179441883036 83.21751670295005 171.4208756851706
106.8082013564131 0.612105044631115 36.9191987103693
54.58062845633095 70.53418428822204 171.3766215874864
141.0186640350038 113.6053877733678 44.23608905064692
70.6966438771086 62.24417312580123 125.7947574555891
184.8711272467734 191.1323704583037 84.15617784349226
166.2263551995737 6.326014509231427 19.94543236671464
8.43012222014945 134.1769121942628 125.6004476902603
148.9850986313978 194.2843109095346 52.8858080712556
138.6416341135964 80.32654933818399 28.96247388862978
111.7394166925414 61.29880596955056 158.3187241725871
181.2744808623709 98.62565565581919 100.3946937345426
6.365570455372599 110.8474131024982 72.21511188509017
63.66319506851215 80.47158387953053 180.2490635297154
164.1933113236471 38.74262126614407 176.4851212317909
36.61233336377808 185.8833838402581 47.67346010543408
84.91877587804125 186.3356432173887 134.2096039516918
154.7328403393145 10.51909626026881 168.8287906107192
119.5035567684767 31.1298031824724 44.95732954237805
12.57115889353771 13.55651630733428 88.23493457911766
193.2840438483083 107.7300722292562 106.1237945323368
198.0089296578728 162.7677614170717 192.8012144906107
181.6224884323813 147.3009129138766 193.8123061415577
91.14902440282539 27.99922075923531 103.1855321281751
31.01685692254074 143.8000348214809 186.2601399777247
102.0724738843848 120.5962441821095 58.7502286903353
108.7787495528855 177.2954661291097 13.19771697868609
1.032715918596836 65.06148808445144 185.977007520776
111.4384928860976 47.19967746838199 51.84182299488136
144.84468524533 188.6460309336348 4.719541356096795
20.67983503629375 143.5020033094754 158.5020344231952
27.4904403808249 7.446180360962802 88.38801613626791
188.3708199574594 175.0977132561554 25.57906245457901
112.1316728789461 198.8703233240419 154.5649161597347
153.7603676339923 163.2340913237317 34.70992707623729
29.25934892365452 27.57701676014716 166.7291054185467
197.1996342214922 26.42822406260223 87.27032568955069
174.984762157104 118.5780284612002 80.31900814418438
68.30767950607714 27.42133994208052 173.2543262366618
174.8909707460225 41.21413047200147 140.8790435695298
176.8417611830282 184.4788167259366 122.1487822881888
124.4946947755707 24.37380149349348 160.3318849569808
84.05703846851827 158.8370540577841 31.44443543975159
84.30558978633569 109.1020433026329 103.5461744412848
7.457981633036143 73.86190457121899 174.0902089643033
22.14843171129545 121.3563656635966 79.63667316753485
149.9532549534105 28.55251055995274 61.50998848421346
30.31620962738345 46.37348384597886 83.79525778600345
191.2716026497119 27.36373538453236 23.31325380051716
3.801935553197511 49.49840097974737 125.7378553825667
152.8043077678663 56.57234662321213 150.2372458282249
27.1807269664151 122.2629473795423 101.0097820129553
115.6748485127376 18.07313554917613 131.2147973604007
24.38865324639949 38.09858780252218 177.9325590663717
55.38823538347469 196.0049820567721 130.8985910840576
91.40733480291286 75.83435762801041 166.7464928140159
22.06657124189315 44.22347090220819 32.89213554865236
79.91898159510279 86.41852195031078 123.3626002826976
70.66621730966382 180.0913641080169 68.17901568217204
107.4696541624438 113.2079753830681 28.74482048765795
142.0086343809 138.877994404416 78.37051595401836
20.45236942918491 22.91905144753732 151.2642075858782
140.1332562136528 19.50124672559305 97.29404625544592
91.29827733304866 169.75264360021 40.84434963981746
156.836525802672 17.48519782503715 124.7189355508162
148.1335589415132 41.1831401726445 49.81406950258035
42.33411054129843 126.1816476109578 148.5739240463708
140.6739181445398 31.09204277245683 148.8459861781811
112.7903137724139 150.1112288736178 59.05665828186137
27.50475169546079 98.90447969648039 168.5976907827685
38.72995373377322 124.1403255615615 182.8171051214983
5.861747822175864 144.33281911146 72.88130265200657
199.295767589817 68.42971424887574 43.51041743476899
0.5259167929563497 185.7197713506853 26.62324146907039
198.6423327509647 82.01825506081421 125.3619480531744
126.7566563314145 162.0714588764821 82.50915805780406
88.06169168933076 152.4218850087405 186.677181766268
183.1049181274748 117.7080853535096 24.52603633745973
10.47753245336384 172.94003947024 193.8029026286527
6.244199743222478 146.816360957767 167.5178789938812
25.32528044453129 114.6919018091868 184.1163685834899
164.314505492602 21.17342309759454 176.2194263567131
91.69324148094404 66.23469692822404 80.69660314312607
81.51015699908034 82.63877966858323 155.9905434346998
57.11211152242168 21.96355118128164 183.4922841060709
121.4759571920739 133.0980257541142 123.4644815854035
156.8768570144054 41.12620931875415 123.8022123626845
192.9052648178913 6.621188150326656 46.79410349149878
100.9986849960649 170.1591499145708 53.71606216898296
116.3043554287469 143.4394062636721 95.60772133681388
191.7046962982989 36.91751299194756 115.8121158433493
5.762478929698617 97.41221973234826 63.32263676109614
97.26283788486985 151.0495086903683 100.7771220705485
27.79635467117345 25.9199418437329 131.7767703426492
90.39480573759572 167.8418609562916 101.7405254327655
134.6777088673554 54.37022845207505 74.53037352878384
138.6730491741609 12.2846781561744 20.17762943406425
127.1039551447618 0.223456324114323 45.85723860717696
119.5786287212926 92.73850442591295 21.85206959879994
63.92747679337141 197.1195789057132 23.27150088163226
52.06650911281884 156.8799158587999 18.3200768126216
60.42206297596888 109.547909728273 161.3020997493125
177.5283908491257 31.37595557396531 30.72747101106448
124.5023165031838 16.42656311520692 184.6896276263428
36.99099526443037 159.4738537352166 23.41337447176406
117.0229658761806 163.502113835497 11.8858776134302
108.0530930796627 18.28482950488732 99.73566629307588
4.079184213264177 26.67410134611009 117.1860917359911
77.2321381332801 136.3720003815567 61.62291487899441
16.33809305571108 53.44952153497161 88.25513829962817
191.5169461298139 33.79574692151876 132.9699521457238
120.086469760493 51.23555757890193 136.4980764278693
60.91053314139149 38.32304722942145 7.826362554287845
98.27329135847458 195.7975360140052 128.8762127112264
162.1650128611041 4.202449566043565 182.5478643788707
7.532780840021517 158.6460817146938 85.52360330780544
159.7747294938955 30.92152991750927 45.44091985957495
171.5576453829769 25.6186743336327 162.5183161145318
162.6258807487828 61.17559503729887 42.94595554222517
61.7421248505038 56.74836353318054 139.7490871752182
127.0497526677315 141.7439374021046 83.70788843336358
150.738659070075 172.7062529060947 62.41805356254346
66.02955321647295 194.4247259075672 175.7202520999581
16.20321536949799 45.78838281192338 17.95504479200093
49.67205914151502 19.22579133575329 100.7133920028093
1.102829650388465 123.2394946083812 172.9216317873417
86.34939662746069 124.4020019186816 67.41421211025202
133.9509945097465 39.29196756262063 160.991232524676
146.7111321501777 9.635624449562464 48.51445954200464
103.4210719200333 31.05792995393633 140.2280868513484
11.01283080389316 119.9991617772126 190.5992114170969
197.2668721446995 30.38994570014463 54.73721206772676
179.2962828289715 155.114922718053 23.1506195307097
101.6311260633799 137.2730716405407 93.03533615752021
190.0426894411364 176.4856473818881 117.480884053097
42.33975972491081 174.9964736377035 135.207212886212
153.8943528563732 27.82657617988135 0.9170597872192014
184.8395770245685 0.8744776090886391 137.5127721514048
192.3814856577896 23.91792917093359 39.02435562271488
52.90971701336434 89.55202594046584 110.3253216554612
168.1949013707471 162.0903927574563 92.22405225864124
179.9176079327721 178.1479478240551 75.98237278959131
93.84442333735626 146.686496628118 172.7628270996829
66.07896665359628 136.6434289715155 74.00732096769552
186.5349509517341 199.3501919835791 191.6684385821637
102.3524475606833 113.7927250991569 44.02277933700053
183.79811230727 167.8944096017342 39.25923994986659
48.90836381214002 167.5661321072419 176.9425258893122
178.6867040595173 0.4116204517089114 51.17767920051737
118.7018499758967 132.9085684713882 107.5784319713969
167.0383950339787 77.48361113449674 179.9686879575895
103.5158875490522 108.7962889066887 174.5408393588234
99.85368596644994 103.728729963678 154.654511218043
119.829960119343 53.48773921646055 64.08874833696247
22.57899011657672 40.19508423650042 67.85776189497027
62.39484172486431 82.7554710818296 164.3394054322946
185.2693893764205 128.9560625510975 128.6798065508993
45.61889928903554 133.5674423703589 197.4683863761092
34.04780077267936 108.3822553641053 47.17216903835494
23.53389207083893 18.78708508302064 77.63284778914328
165.4206210869349 11.72483081789764 138.1990205619756
0.1415092499539871 106.7084191099641 169.9843465029819
92.59059894891564 61.92241362630087 132.3937592626092
159.7505022000267 74.6156110132216 95.23005919875906
129.0390062564112 87.98677661016904 72.98626520318169
183.8761858172617 129.8950491091839 144.7148035785739
38.63656488955937 174.0200804914307 32.28332161329801
28.185636445053 171.1539324727215 174.4352591158839
158.3313615093174 76.67152340409181 41.76214410208929
110.9106289950896 26.30376354721857 171.6843750210734
10.49494627188598 131.4413659013146 84.38743712192237
44.84404553202379 14.98963340911879 42.35114259208224
25.20858286264322 40.98660730859007 99.6440537731139
10.59548150054449 126.1052563443077 69.17365242341539
95.43696681256951 96.61435191787105 198.2628121441145
111.950948518588 54.19966394422994 92.38827614956975
52.2236069408951 186.1385699983021 24.81426500944823
40.83458554417339 172.2062505427324 55.33069610324664
192.1269091903463 117.7593804545909 138.0367956089142
10.83667015998192 169.7068064799222 142.3574561204077
147.9315158713036 178.0398734650786 32.1104056207935
115.448226171856 145.1640220995719 8.61222630364286
25.38932634907341 83.12625516710068 156.8906045491314
185.7599166921817 30.52230797214812 0.1684822571790332
25.68057027204406 142.9096723960654 50.82730716399004
33.90766411599625 70.46063365797238 120.9150382877671
66.12807425578083 124.0074388299655 130.5468402787613
114.7276002737597 188.1637867758934 2.88096763186173
96.36350872809686 80.65335296288085 86.19520833470034
113.2602679712022 189.803781929457 125.2736716465976
110.4140405214314 40.56789996450264 129.2462278108552
64.16008640411535 126.9410284156151 61.27449905619184
62.72826909594161 101.6811600320533 15.4690188346162
53.47307536869349 170.2461773006142 27.22565050777694
56.71101778255768 93.86119432777754 185.9349638464111
173.510546151789 179.367175358711 44.00099352818027
107.4348493661804 107.1493249875348 190.093135985777
188.4280453259586 185.5621879870028 98.86205097452942
190.4988783335079 97.47547230625209 160.9421049964036
160.270157068628 154.9664447462441 22.49466899454107
21.09718109904562 150.5101059572127 88.64713093137102
111.3380960390751 109.0184198707985 87.86743816890714
111.003400860729 3.222673196531741 138.0371548613158
63.51017112597888 49.79426176413248 92.96618443716196
67.23974188376842 87.05329073677956 10.40773221951209
93.90185253888669 103.9276109820342 25.81929451593277
118.7605816112191 8.047548905958205 23.87456950528319
104.0157929116583 150.1355829618707 187.1060906535751
148.3347507506607 130.1025345457348 22.68668220705154
109.7283167203271 77.45511436424087 161.2470544811248
69.56696675016725 21.66585065647402 134.6248157352094
179.3502313029485 75.39178199317331 68.10986469045423
25.82228635461751 59.88901814723637 35.3064977723047
59.47806481533145 9.836047174311926 46.73635033065167
67.85895099261678 99.67786573208261 175.7544548103179
108.487666142368 90.91461562440477 145.8855088551294
98.69615185417315 41.8772124166118 106.4083864094193
144.4618582565449 167.2719098211575 196.3711237266176
193.7461990096825 39.58580461891621 34.69447481472179
138.7157422659425 184.3558513283566 20.48621477491062
144.0704374577895 25.88775473222095 46.73306569537419
69.13347385570896 81.44994120814756 93.85014344137923
106.9781432540394 103.4192883920711 55.46563386392403
25.53741915868177 135.0139543303132 88.9595276531325
197.9472547154453 18.17764948011368 149.9101129828913
46.00971986055137 74.47435532872871 9.101605076554719
94.85594077834962 16.80732873173452 48.709637578618
133.6173123263816 100.5109571061415 190.0084466362782
26.34214500957691 179.1945831527126 188.287822440759
198.2923555812326 132.6567609161759 138.0446797608691
93.97717234665244 10.25265096720153 167.0135707013127
0.6870675057294452 148.2780642125953 124.5302913560463
97.25787942362325 158.2058772741295 63.86841693090285
48.06428340250352 199.8229687507834 52.15925235032596
17.36612826748672 28.41410233016493 198.7895292089432
19.37758280132993 39.23558731221242 120.5457737856954
138.2771881764101 100.8406643881708 58.51403649293806
118.3067842009342 166.6371363518691 147.4310168341603
60.50519493878294 32.06931951338814 110.3052650775073
184.5037664063078 50.85642133883315 127.1334705759676
39.94584734671596 191.0122236945519 87.50016738756339
193.3520175026161 124.068429625448 77.70792387973162
8.894901987466765 25.81404859579628 135.9047349919357
76.1944553173537 16.53494422612329 53.8078285068911
161.5394641573584 58.1330728964239 186.3419187184332
180.5673707454785 176.8616285303211 7.963331627020028
92.57005473417135 160.0731218945154 84.09561241701732
48.17908510888511 16.86565174379262 61.31622498779809
175.9774193605565 102.040723770209 172.8838366514857
144.2049079784557 74.92848817538041 106.7433207695395
139.1118505256892 148.5200399378722 26.7140489145909
133.0055134214619 154.0144551361531 4.575337405750231
114.4092855164671 187.3489797272287 183.5534636761251
192.188938603555 195.5525425823572 114.997956321032
82.06073924701265 88.11286177297583 75.51324646028579
72.88405590862925 66.56013166449185 162.4238413808957
188.9895207163108 182.0468081540572 167.8981555404543
176.3549740755232 107.6141012719645 45.79745881257827
170.4394548981997 131.2067502840276 116.4598538290847
13.47535451126094 99.5407000682555 182.0330518160026
188.1693544503916 83.81441250517103 142.7016809258766
154.2995091036184 97.45519919259772 42.97973350359864
147.0800972525295 59.20069614362758 56.78361082796595
70.33614776719072 98.36741595253891 111.5425489531163
165.1472470678914 64.04379625216536 23.97925233303298
31.90258764914925 199.0050215509315 183.4419454052888
38.60629270431822 126.5331167493588 17.84906526648817
152.2404040717639 8.853765568583126 6.818239907264497
164.4944285203384 42.84179193432254 157.2463111527904
31.58453712806147 41.1491064363845 195.630959466833
44.33663580685931 114.3925590382963 199.7035775547335
52.07276603046564 55.4699128638113 6.227650515140997
155.8479736782018 56.01874210466262 91.59074600775701
110.4798998328442 168.6569665657138 73.36963007825734
141.6280317288031 161.1349742074445 49.63371982077309
30.270335999043 87.10300565863965 102.7906134935756
126.341767087624 144.8689195839978 46.28191032475846
113.0080025570404 6.392839906889177 196.6305064256755
120.4574261803337 84.52040745655592 182.1171842895427
12.98835773930085 192.1232274757161 193.6587032781107
74.80493980119637 173.7772014042547 86.56021192919302
58.35837553700867 136.5125306077522 91.74696036131053
52.06150262212508 140.7543770500144 29.08311165096691
144.9462790986527 190.7013915929833 151.9971531249591
35.35486714400992 166.0617969043337 102.3403296874972
196.1956928514073 112.5808137692133 55.34571424611023
141.1523744494267 160.2953015478559 121.2094204421614
177.0921822618432 83.70728503917044 14.37899880316581
6.312221310910365 115.1022042908462 93.86665912095
55.49737652205214 163.362681804043 0.4169160812669358
85.87840649317339 121.9143751276245 120.2955659186735
144.5242711414813 113.9620387999422 181.38138417387
95.65106046686917 58.82766670512999 199.0733042939176
2.943472490161683 169.6101031671512 37.06135516347872
109.2294158945524 146.2610919732432 77.67949793030304
50.89453208096553 85.69434015291159 88.98751926037485
39.82100836204204 147.4119965032374 84.88701476081883
16.58913613301011 131.4804890998046 17.34322021966966
168.7939525315146 146.6289035817478 37.73092689712568
13.24897982671562 190.6540432682216 40.33803271173407
75.81789745172135 27.79522524074265 14.24939264606488
80.35406492043273 30.75077072285443 87.36728069628128
136.8415822057782 95.41791387565826 171.0585033087114
101.1010094984308 118.442032059336 101.3105602067576
88.70431424233331 111.2522185357078 187.5140046558083
45.44669736019333 78.14693152635847 186.638883573759
34.82784492070068 8.134525736710012 106.2767394625781
48.85446546105401 140.3155679964308 179.6271482949475
10.11577299426631 136.1772902022715 39.81116345855241
123.0379378332553 114.2860710933545 104.6253917647669
111.1064896459583 67.81344940505495 78.54062675067505
140.0582410015207 112.8165093884856 3.477175727290499
81.61583419180663 99.96240965480888 11.40920209833584
0.9686555054817727 95.99407224638249 0.4853110291421766
1.605067538554746 45.17627304223829 144.9295721996498
114.8587390472908 42.40979730290774 161.2754255722901
92.62183669762126 187.7905717550831 33.97406408228043
134.6973412733257 39.13245485964713 36.04522072945039
72.3844824781483 170.0276050883543 108.6864858755847
9.189225645073119 94.47960116033559 82.1368775475926
142.2882921100189 134.1604277657679 191.2051918805226
135.3939305459382 9.969604846591292 168.670626174289
73.27551087360587 29.21803609171716 191.8663723641138
197.857894623482 20.73613163631896 169.0872846953343
132.5529619283284 127.314062760758 33.52542134940278
5.841857449138844 3.668673667945222 139.0263833996662
26.85249005321003 137.2830634334804 141.1015933640253
149.0098426107267 192.8052828144505 174.1002384738062
61.59857811677409 31.41083885996837 149.3169014823565
142.2695792213041 198.4681986880739 33.23475517669849
107.1656988427042 133.3080054004388 136.6090036303241
128.9635390124183 101.0638156311903 87.24445954813821
66.36093642406483 197.5257026513474 60.97991056568461
71.40466192366756 179.9006771740217 27.95332182764206
152.4813051098535 152.57898613974 166.3086237786133
93.30203375179404 38.37299599927125 23.83603481952196
148.5376561918053 168.5335037553867 15.24212818150635
191.1896499412922 1.103524429976332 156.0032841354387
108.2086193161414 132.1227351737129 42.01408715015201
156.5812655050681 131.5304474650194 173.9344135769215
159.1904857247021 29.99815063274828 139.4588558393219
83.71702316546624 100.0012043045259 164.65592881442
164.5879761872936 41.05905310254398 106.0582481646498
42.17519102326098 153.3396820383601 124.8034475564216
153.2941561276415 167.1745228551611 103.4685953398919
26.92450362177803 128.5839220443716 197.4869347838641
138.7233434590765 172.6695506148764 139.9300262539641
150.7861111214595 0.4329213263367307 132.4861483033131
66.78216110880848 182.9473424441308 140.0319977194567
20.16091664889183 59.25238653899021 175.62098352588
158.965202297716 173.5823280402394 125.1652641879567
175.5918887835887 145.98498679608 99.98425705729703
175.5620726080674 86.95111248551804 36.7474185887839
94.32759049722101 33.40885519916669 163.9089048160504
12.92671918911883 158.7971564761029 104.1031266551172
64.46076049517279 156.894798730301 125.2463523391829
35.52312870123492 162.2470186711879 189.9640696916488
8.974678940647385 152.0346863487895 23.78837088223568
57.85486803990747 32.40720723140092 86.63945694773781
77.87675965416869 18.82087087401041 158.8051055449286
59.33649447054003 167.6304879720977 58.6562156632519
77.33312409360325 63.93060596721802 93.45584547596769
195.5352719111737 16.46812861080395 191.1298506569328
53.4131962719364 39.78552883649834 190.0508063641773
15.09297463591575 69.85138485081886 76.08120477843255
139.7518946375847 184.5915399727026 120.7911679459747
19.96200357132883 149.5637730581279 123.4610693840628
149.1722186559298 90.22782881465997 90.90857696448538
145.5177644778898 30.64288256193518 112.1665064615236
99.01001209868298 90.33032047256449 178.1499034395652
175.0026697679844 30.73093191415118 123.3677637803325
102.9841950511387 163.2734759133841 115.7755860529845
140.1431807288522 171.0718475495881 162.4002543902395
104.6850066162473 196.6467161561944 17.07620734106122
34.0288474826397 131.032766298048 165.3610781926264
184.5977932666784 128.6520068956449 40.69660167829385
73.87426760420433 87.51821989925554 28.57603214986883
22.44936791142606 59.9219425574847 107.103815555909
182.8665635294932 65.89087959843862 179.3722085675094
76.1468719663396 10.43143928150488 179.6882452766311
14.63890050622761 61.52176562487324 53.05962710949136
106.1171700158833 17.2273439060263 153.4856415739336
35.81647801286227 98.55326345488983 186.0651450353735
118.8422953476135 120.1299003824994 198.7934315386306
132.4818453090058 94.14264835418841 108.4385380364191
112.117071021802 162.3227362036476 95.15581004311761
119.6031999335177 166.0146498428484 50.39742655267236
95.73036669220738 14.57992928244887 133.6214277434577
155.401216460594 92.93930255187406 183.6635349185657
126.5830759283892 9.712151643609431 147.6417218129538
195.0265290549317 194.4403920742495 8.344990251111126
119.4328923312769 88.6324152837386 56.20467976719301
13.6894633030696 39.23639087437522 49.60358502179108
157.4551722950397 116.9724060036002 53.87048557104283
45.52036703215409 182.4750691869843 190.5695392535635
189.8406507743321 99.50385352982545 24.30511432270188
131.6949534463289 97.38103859684306 36.20340196376219
193.5537950527218 100.6433211226406 124.1244898528147
178.7085265495326 168.8156034187838 135.0124087805647
11.03700663149253 76.69300090121379 97.20534424849836
166.562437847023 63.17360325083099 110.124404778073
181.9607919128682 31.41279442864951 181.0363433029062
25.56156465234886 138.3718408795823 69.90584919812065
6.379693574098292 35.05415241731706 184.3144469668569
165.0011716436345 13.94893506389576 53.11763018554392
123.4526223464686 148.8955472494464 134.4600770252052
37.0922506982541 72.70489644057311 26.1798962825899
19.2620622420055 173.9481474277212 88.61762860918637
146.9596061703838 72.8757600164296 176.3145562346884
51.9818392116356 68.11771730871507 127.5100945047651
120.5506039509463 42.25883944689246 79.82745006017814
47.08693723408773 22.95671445960184 3.69811279828407
130.3060768880533 56.12688076904423 152.1809998845882
129.2757201931445 70.34524992247245 65.04685692562001
6.357216878745791 44.65592484311688 102.9226532744129
89.67510135270302 93.21538082662418 141.9980896082479
24.53422313384068 116.9124205381974 32.64467877823586
177.5755367619145 140.2107765550319 77.63545360064674
76.21365390941743 192.3507467541536 193.2000513453991
172.8364699425859 93.12867484744631 129.0037116419979
143.527849799489 46.0505545174385 136.9121790727328
95.62146618304295 22.23538297308403 183.4783251927151
2.44282794251443 37.23306732529274 7.38259527342976
191.3366489991775 15.17709891098976 126.1172470370543
55.270673484448 164.0701096345269 144.5732885246404
55.71902640056025 113.4002924377566 142.9347222974764
127.9240072282118 3.065016290884542 126.1125563698771
5.479581379054966 178.6078459513721 58.03856745636075
17.84608273767916 23.50719311440841 103.9664088572237
50.28570237922196 32.8654257762684 168.7948202567306
105.4285529614529 68.26368906548387 177.7196770046975
126.6110248803129 195.3400405056996 64.5716233712492
195.851148033644 142.3964773152417 90.70112321012061
177.9555541710253 124.5610606722964 175.9487278550435
20.34281159317811 107.4737249170215 2.017842566019383
36.91943760922904 68.35583266696973 161.7072511456691
177.3537085031154 49.82270161913522 36.55903574676798
85.48825918093867 177.9016406373482 151.612569540556
61.35679355619816 70.55978802853487 20.2130117255543
122.3330916573113 111.1056716837127 178.4008713093002
39.85985307705751 169.5534684746042 80.50006407866734
90.10966217053792 171.7120133673977 18.33258288058148
5.559985427328603 131.3406625374782 155.926779533636
194.8578569161067 7.671926220527353 83.14274215112704
69.54797541578398 43.11463832948188 128.4570363263308
134.8630671831776 177.8065907537408 183.2867853191266
61.91249509735655 192.5663470533032 82.54618741721599
129.1961196370357 198.2014907469171 10.89493510253532
60.17810233865205 120.8319169843247 14.43680567562108
30.14766473757683 159.7248415128787 142.8262912186059
40.7297021030241 123.1601639004395 87.22800733817685
49.38759242698382 92.77573328496217 3.812987262749693
93.39354135437461 198.9616170777438 149.7489576236198
169.4095611435287 171.4596585555381 26.82627630015294
31.65709048805012 57.27001388390703 67.26499891914973
145.8227509857698 133.1859724657306 154.160794797747
198.8151082904246 178.3401981717226 80.12577339799471
102.3356396332458 49.98449610013777 144.091602957608
52.43267830091821 174.8387545868943 118.7018506571312
13.8000235185843 195.0270616084471 82.67336532450101
90.14448844587592 11.33192013867956 93.4125042779326
189.2944459555709 34.90268337062966 71.77803960833836
167.5911841199285 148.0638329199808 150.1597329991741
60.5072787756464 98.9223315271675 44.85986529157196
49.20799323965263 105.85957358949 98.98799756802228
166.3016319072429 26.60180122514594 15.71136288421758
90.45301998722564 196.15929179431 54.82470548337985
17.94643877809923 65.83327820882137 16.39703371067975
160.226448332129 120.1213920503144 10.50333129057979
170.0626374004555 156.9869205546026 5.931359013840038
191.7834122534401 83.6578251636806 106.706948416412
153.5415460074019 92.86285448902275 140.7132705482574
64.60269219414975 128.5642307406541 190.7350696967463
156.8246867343059 85.02267489629187 24.31040853865036
122.5656969932042 32.94260851258208 142.2895285993762
196.985079105558 59.12553515319625 11.38634682742336
185.5231984336124 14.52300795204775 62.83733313153742
73.93952919800017 137.708688509511 24.41082818933736
6.655534289014173 117.2885889584314 116.3294510012481
148.8374613035868 138.4964127015363 44.44593571486242
95.25723192080284 145.0937980786585 23.69868508311561
149.3491510834362 29.2136461110397 166.9613074727086
15.28655682873817 76.44716715519854 36.139243199681
44.3231180097598 89.14744408869842 166.9611514345842
60.22886253608486 54.61209469935825 111.4144753519952
56.24924286373946 10.10808596727758 144.1152663183333
95.96131059345684 184.1481864693953 0.4276924260696102
109.4453811077965 199.730084992102 91.87672226524265
132.6902707437388 132.5568451141896 11.5716361099345
117.0748351802139 38.05003078114991 101.7292580262481
113.456901704885 28.93593276672352 195.5815489270382
168.5856366861739 104.332466882491 68.89819191301865
66.88799534591666 136.5303541546056 115.8187041569062
121.1925744419642 172.1630243827093 125.7210455699448
75.86324632845357 156.9817112933928 150.50556594479
194.1665371005428 139.5150689290262 180.7519469335159
74.35410742482274 106.5725540619116 132.182781769411
191.1720432966223 80.88581780748818 82.40603696647334
67.86744584545909 47.59819896856296 23.31483290001377
148.0699394466443 108.3020047498356 77.4326495124822
59.37359006356802 155.0943347018599 166.1951077215393
110.5420241019952 46.1548392590579 10.34894107717775
69.16485703649856 189.9888299345037 118.7195222908412
78.02189174179817 156.1353240477209 63.96740208973016
33.57753210641513 65.38351951645984 88.24047772402264
45.97854615757763 131.8129508121824 130.426672264058
101.7077335758986 153.6795861233349 43.6048166143993
57.81851986335805 11.70362947609623 166.5758700452726
137.4468613714446 131.5820881098674 102.9759432645403
163.4459810940853 125.0783062347392 33.6741370268203
129.8702623299793 176.357102658437 5.251639005520625
138.8741959174422 82.57917422971344 195.021756487404
173.2617109885068 188.3560355667796 182.8085287765306
76.08230042772946 75.47276207416692 138.8477722280156
32.42425285151481 3.322844126630495 70.14042361294
93.53025538840807 120.2250969422259 162.5412710081505
179.2973116118588 67.78198356305812 50.2080564007714
8.982971222816788 17.37938371395812 46.50481270298712
1.722992093416115 81.46857663610004 17.74588733395563
117.1589852576792 163.5832897531699 191.6597662947003
83.43094781781686 167.1903432473339 131.8508448809222
186.6322860971304 68.91728016583463 28.89139814344719
133.0421648975662 115.2105594502085 158.96002097247
180.0920343290371 22.86238087388665 144.1167307733316
168.8154392427209 188.6565294593844 139.2498012575427
121.3794884147038 80.88359047432289 93.9325220207068
194.6194054024779 51.22759002484463 51.02962600246323
190.528985414606 49.0206673233734 192.2630292975086
133.249725649072 199.6510295050917 188.7373631234248
167.8849803816881 104.6837731408169 25.08119419975464
83.74414577089956 151.5093798588474 114.8239101257384
191.5558890996001 157.6795355314133 74.65527247906064
25.85452290322084 181.901655154194 142.614874989455
131.324345997621 150.9677638246865 157.1521207079657
73.72877621117783 49.42518138805344 76.54174021137419
169.0893723564622 17.63269032359173 194.6309034239403
116.7222624740964 13.30056479907836 75.37307447751624
93.62638654380196 48.92400026222147 89.11808398954146
59.39377428738482 142.3911822932962 7.798398596893788
150.9886310034067 44.06789914483745 73.06898493127093
83.39035064363549 195.9347312655789 76.47666135552481
67.54822497651936 118.6558538412543 102.0510314544559
17.81364340371033 60.9805678926035 152.2171148409376
87.83370057229462 101.0052672719722 43.95640712138898
8.012579673568805 89.42481852136554 162.6084820357826
169.3259048479992 85.48023547754441 108.0593277080304
84.40703128708351 133.6320797562933 101.0599025722285
121.7463187951601 28.72956855387573 19.31002849385465
72.11995528204338 197.0662863328739 157.0518406934324
47.49409917248963 114.2073205214475 34.53944269571356
43.3636493758432 47.6169061600835 98.14342585740174
38.90429611306387 51.34346576330113 119.9542593544411
117.5191804081587 131.6829519655599 62.57159614668377
12.8599913030984 135.0165645319819 103.5745446124131
40.56607401819604 154.6852432824367 63.53204226550601
194.7307512831479 161.0338271446915 173.812605208308
140.2168669383483 59.92374593449781 193.5269866699109
144.1564321968389 30.62929645018977 17.39838857746696
23.06632423609086 101.0099967762871 149.8844000970861
37.53238920095631 190.9709381381099 125.407986849421
41.06889286704424 110.3133197961976 159.8265150560493
128.6363770818388 127.6206641599112 140.6278693186584
5.737192401829583 180.1413669331843 105.5942028094786
91.02281166655057 123.0568843293751 26.13401115074911
23.67289171040279 103.6448392664699 67.4298177099414
110.1956862733591 54.42389738877938 115.7450789169285
166.6164752216708 134.3452801418804 194.1835253008344
35.95526952410071 104.1177444147247 17.97007421360157
111.6942534149543 8.777013984733447 53.83831229023517
128.9218081909941 75.84738412559742 163.0745394207055
25.30547483137785 181.9833258152582 68.28678536625057
194.333348369516 165.1157949166876 151.3508285259334
39.36579433030331 26.92263548314962 149.9552656924047
41.47681849830538 93.32855394113231 56.79065480604704
179.8145188662138 9.393760440052628 176.5594191304797
62.73869440730353 11.60943555421319 119.5729210292779
73.99937213654121 152.5533225283604 94.49079712976453
5.751401895933905 54.55103170224498 31.67711144351405
14.68593973341155 188.997742919446 124.3283874598514
111.3708131364001 31.06090042105959 62.51208767514248
74.98868241993958 66.58639588177746 37.75916219389491
17.5227680329233 115.3347776475708 166.4238332387424
184.6284512608176 56.98719208245863 70.89045029787167
173.15800647317 115.0685647829549 134.5766009833181
108.2889032523402 171.6998198294898 31.71173030309372
122.4933973921071 188.1914330360938 142.1990468090501
93.16457861698817 79.96843014542146 37.54097302605406
168.2692286314436 125.9521275532981 155.4476147959446
67.36808329627338 76.00548013262845 112.3314949317787
108.4118334644124 64.59331106472791 23.19305914559013
52.89363912184272 111.5207870265648 179.0150560636641
29.75160126350356 143.362757962487 31.30890556602879
140.4653078049104 80.40794863848755 48.22347218716206
81.59469109427697 166.9554955275936 197.6894521809653
106.9096171120721 127.5680883439625 179.1714178729887
166.8503137133846 185.9609192871226 60.9267171288658
153.0611841473448 49.94961069035305 9.854175968628169
67.05599300992429 95.13957045424641 150.2247400791921
28.43632985798731 29.99315372606306 14.99905754058956
1.091629487029691 64.10950847905322 113.0872659321836
160.3657958680587 76.86277852450273 198.8843046728132
29.73653049791096 4.173712713825262 47.74540739594958
95.54924132709165 141.143490451954 154.3050975336421
48.90541335987649 34.31085822842962 130.8791647648767
26.19138043104844 188.9601581367675 164.0519784878127
80.31824460482693 162.3723423176228 171.966610159694
127.8930496267479 196.4873258188588 104.4726936904369
32.61046070692538 64.55355196201569 199.2854305451365
14.51006291491159 102.5008144989895 46.83312311613485
140.4557786741809 137.9634968364837 124.4167444959998
19.89471397611273 160.20546701579 70.72271422509225
127.203277183951 60.75495788867499 102.3236080865725
103.0693042068063 69.39217914281264 100.4266915818637
179.5557960744447 81.75323021291835 163.6586756350765
47.95780421581104 191.5363518146601 169.4442027790507
186.3437297925034 37.80473327930252 159.8368965099912
37.80234829291699 20.79106115559572 183.212302503569
31.41379385357769 107.5010276449927 112.7777003354764
33.44837878361442 153.2377078239632 169.3724783733688
60.9713760728933 118.504665582311 78.39109744548392
99.60188289498807 162.5417755943894 160.2361460136184
143.8455563210969 73.27100119124371 146.3375377017469
12.87466427663672 77.66050811474524 194.6575660000385
54.25030988323426 154.0781310127375 105.313922116806
156.2956640883783 43.64130115153299 31.28390414596616
117.7631376414281 61.37045368505989 195.3215545157391
67.87719604865025 150.5101834658497 186.595194081655
108.9305795143212 67.70801958311654 55.63397233706763
160.0984597352338 178.4487313917717 198.582981595052
115.8039880738085 109.6947799763084 145.4725845186843
30.85926252270911 27.36250625614201 37.28579792491621
81.4721572502468 144.287626519033 3.505138467723957
125.8654720190532 56.77967776042345 174.7604554836102
19.88779465313533 9.832808126499419 28.23996097763643
54.23388560900148 53.87614865013833 161.5425563953291
86.15887034818144 63.64435846264087 114.2284571446925
84.89319616701286 46.66258224223748 183.3963467194745
165.2443358521557 18.5201286533483 107.0842718079222
27.44968303198898 12.09196325994098 1.285390415610843
145.1787228183672 110.6310390980218 99.69709245754552
79.22431997600957 43.82421246152502 105.7329950348441
176.9261737376334 166.4092908154626 186.6028298181187
22.58459691459194 122.1277505444135 54.51902141046433
139.0696095324785 69.77868919694298 85.37522016514627
173.8339286728453 43.74622717468287 85.64320538522909
28.10547243028409 4.355574452191386 143.1100944178504
127.9668792055621 41.61022617664067 121.1759982668242
75.05655501671221 122.78381137171 149.8265767075661
131.0905836393878 41.27567921497736 2.384130181078389
159.1092645242365 127.7214914930648 74.09931641828912
139.1932956418688 21.74007711516605 131.92063880366
145.2641495547981 63.04962905901318 34.61667286430777
171.6110068858704 197.1544744993292 3.783487563770703
37.32560273571346 147.0694132421275 8.569613253411527
121.5703032345505 189.907185880595 30.45358088355288
130.6139843293044 169.250200543164 29.45833499002382
98.41728824611086 171.5067706765674 181.8898211284489
89.54116117397437 175.8426239166247 68.23288953659194
64.63229244979749 57.2991140136075 181.2820338300446
25.28507015588123 81.22844937539077 176.1442981433291
101.2640092681786 87.83653157946929 17.99673754150523
86.57212034336084 4.215784071797161 115.7834119765198
94.07384646045766 115.2858298118256 140.255098233761
18.7930424410441 159.4051605089251 4.847274367034322
146.260522537344 111.1169618088731 25.7794447382591
161.841286053028 66.20175867682109 72.35857298548555
119.0524349480993 97.85963816349491 2.464569779779216
185.9756145417822 147.5453918230903 137.0743791527935
60.52431437753422 145.5343595433101 54.20219119271165
82.49060620029788 117.727032991696 85.1588662986436
21.38391852008797 170.8866412210106 24.10734543416833
42.08679250596129 56.73022203980474 180.3519196719535
157.7873462005893 146.9563535134364 86.1442797133212
132.6130802972014 95.01413987666766 148.8899635303661
13.24477620848435 82.25497654857945 141.8550979343173
122.461418968079 77.14787094518196 10.76431574146575
109.2793823552494 115.8564902353356 122.4503079983605
76.80811916402496 178.8818885047646 49.84502979845651
197.981054833154 60.32038947061675 88.78144784006622
129.2576650144401 54.58797773644595 20.5201323023677
44.21987396776692 103.46296051762 76.77210240781955
64.15997521648774 140.3366353562989 140.7352417843446
85.70818232683651 139.8224907076591 134.0345251876445
170.7887749549204 108.9056912616943 112.9919456079055
184.5538640250693 14.29266948699522 10.7300178098072
34.79781371986436 112.6318675792736 134.4966549425195
120.2496901516972 75.9930805522944 142.2356424389535
82.29533866741716 194.7660086653891 14.91886421164637
154.599954131699 109.1384943434236 161.7675146127996
193.6787501284773 16.89382032642539 103.7329403844462
13.40287693982599 7.116501605445385 160.0127756510802
199.3947346797653 65.58589258503974 135.5467322932184
64.54323345366316 127.0205556620545 41.93121103186446
43.86518516878447 157.7872715476175 41.41946656915603
91.94413778657746 44.32817596671109 124.3727495559635
3.954238094116081 156.2627720040411 55.23589738947491
14.57137911899795 34.48918276827219 84.52026720883137
72.91381623757445 110.0449084535406 29.63301258442342
84.46270871528645 139.5649521785744 79.28193947092359
152.5755067445339 96.47472941506194 118.4531914209799
34.30906427227457 74.3365937786856 140.0992688860881
107.6947427087086 19.79297323824245 34.54738188484144
169.1109533236537 85.55664992315762 81.41553166435953
163.6905425604877 55.91096124945761 134.257011630346
41.40847174623507 132.0367975240125 46.97177033178025
132.1800485535472 16.55696257661054 59.25031177518007
154.7932063241971 152.7921886220794 188.760763179314
49.13288414053518 11.16246033626043 83.13475372614833
102.6976651891349 18.67353454856561 12.56420143723729
175.1468603509789 164.8381385609971 163.2372712314373
80.17215590288185 54.15361366038407 145.0327924382127
41.65328450775294 13.2669958558852 23.34674318051973
20.44532822202945 59.78137391735676 129.8312520111602
110.0556377136198 95.82210370762819 106.5063761598763
95.56990148898356 57.71235820529984 40.43328689370274
145.8076447573473 8.075363342521516 111.8393820154117
102.7013509908583 28.76223356085241 84.33785435941829
0.14977985901856 199.5984877304521 176.6657128160407
186.9403713980364 93.11791009271759 62.05551165363035
175.7309836814031 92.48270427873334 193.4604745141672
197.8077819786479 69.91262472021745 157.6458894766986
165.6122226364797 64.03289140421086 164.9389557459446
47.6378636176314 133.8555204780419 68.59051363902404
195.0243020804198 184.4016093289234 134.4172010937567
132.2619328443235 62.96552291269033 127.0914853045398
65.62613464522892 174.7786478698197 183.7866714457101
70.13006723129791 14.43585493138033 75.44812455829768
40.91858742411647 172.32316526962 159.9156481511165
197.3198680140995 88.51442802098624 42.54750223679573
85.68627911238589 133.3817418300244 184.1973547964621
80.95851610782815 144.8546111929841 44.63832339261987
12.61462909194891 36.55616010515555 162.6488559350248
172.7261504307075 99.29510312854099 150.7167048900054
92.79074156876158 55.92697766741941 163.6637764687379
100.9157236302532 111.5032077827939 9.456674156728603
95.50400685720065 199.6710680229216 184.0473864374847
23.74266049733046 41.44921741438963 142.5806280863322
90.08115237650122 181.920553054938 116.0940011696042
165.8575658737356 184.1233867308468 87.8537490042572
115.6210175474614 94.97155940773135 128.3647922046069
156.2160564448315 28.74080667741062 89.0976938061513
63.41399026202179 33.15705670967173 64.77568753725487
151.7168995730571 119.000220719779 119.6142650531028
16.72295363658948 79.26092176490089 119.052710243887
122.7172877899215 182.2534037559453 86.59364359693637
191.9926778017305 136.285189256396 112.0846120957046
55.26122314682742 72.83629210650858 149.338162256972
78.1609853087518 192.8155947977027 98.21172745733325
15.1172113121534 162.0865873919081 159.6179774703522
191.2450090089553 150.1126640297125 37.62510921169623
193.468604934655 112.6014725624963 187.1649187238292
156.1133208454434 75.4661586499894 125.910366261014
192.3862435778338 163.9832228848273 96.31316011860811
23.6011726701521 171.5852034355775 46.559140525587
111.617801938483 129.8628761429863 19.81586503843963
87.1196473375139 84.53509678859803 105.5041705507204
16.01759549024824 191.2608118544829 16.009534132469
152.3639952306538 143.3615452922799 9.185511422620339
178.547694576498 31.76106455442273 50.04392107286976
147.2049342550135 151.5594485264366 141.1226506706855
159.7816614880765 169.2544419872803 147.3033281453422
165.9076769749898 152.1603593536588 126.71133990939
185.4853025899249 157.3855738292232 116.766334821459
180.801164013325 57.44311019184541 149.5974264300206
132.49631371169 18.74879521903898 2.154498446877235
131.7902578843654 173.6117085110947 67.81889016350401
127.1749960550191 34.55546237405554 178.4832782036221
139.8184865143168 128.1915165378316 62.38896478134499
171.5513976932131 2.34669268700817 75.72176176037766
172.6250170470058 137.6921794689995 17.3607695529968
67.39267475465358 70.98916797052021 74.45985130644445
131.5630619260555 151.0458010289852 67.35485743032331
34.47353618884492 71.30891760578245 48.55588061176087
75.65379775914664 83.8970698512322 52.22940844888829
174.6511194599865 174.0183969891389 106.0211418982869
31.63071728562014 92.01013897076442 36.52242729067507
176.1118569238114 65.80682485679749 89.84228810522399
1.972467583297834 116.003406971217 33.79564454978898
50.75678821690416 56.90090821374694 34.7238493050008
165.7097859117362 105.586255199299 91.25096397331518
73.3891523780968 118.4434946840434 172.5734428491332
19.56265425517184 10.97319549489014 122.659714427799
42.80888869307035 53.52016915150411 142.0790519470547
34.6609632736532 47.24907754529055 47.26383712470351
197.2406778778047 134.9328649155176 58.30894155829431
129.9890962758603 17.06981641400637 36.79112588150912
71.10014974840402 159.710094859023 16.31348172038997
85.89538075277738 123.1056464129827 48.1157599178137
9.883533537857453 30.06290818954328 27.85518617330062
118.0597714490271 110.2966861136834 69.7703344954501
61.16667267342329 91.61316795491663 67.72367781000349
103.3901672468424 184.4613072708661 164.0667541937402
147.4988284383208 83.38888555486926 69.46313503956337
102.9230867621723 124.6027147434442 78.47123210422221
28.9325152454603 84.68777052766053 8.879062007684425
86.67544336618637 59.56379098902431 19.77062631850774
167.5751982775728 29.1574889392281 69.59679803269232
26.69545602323295 23.43175404467282 59.11930627146628
126.0561592284774 19.32167801982383 110.5651735743298
84.16556256460611 32.18386351130789 141.736071980353
6.461880140700245 20.57317325163577 68.70684652988808
53.80455614852027 3.381902203481859 187.7468211170666
55.73433235993685 184.1834495952862 43.7395471860001
190.599274297269 76.10556262697887 197.9557728833154
130.9281739597417 133.7189894689692 171.7056822022513
118.0487786802345 76.3793600136601 115.7981437808217
74.13327873220378 52.80316297602895 2.264179063716664
134.2879022400594 155.5862719978377 179.3255414977069
184.0341273214503 171.5703122262893 58.25926754648386
163.9495085451481 164.1339356685223 51.13221327443106
86.78083106943201 66.85794769925963 61.99370218635973
63.44255406420454 15.67672372012725 28.72276519794458
33.07405628859693 46.09017884342654 162.6022624413783
38.01658929026974 30.24729715236452 111.5297893038262
166.2863718467745 185.5276640314473 161.5285962874583
92.89732287002454 100.461920658912 120.4187921706014
12.95023191375619 53.86817585554775 196.321216305825
68.31434116147305 14.85454720297665 97.94280818672134
169.4981376851982 7.317233087420334 156.5909458434286
82.61692594506619 184.8775547558834 172.8865221989646
131.8378886374635 123.0179387370194 82.8591889360994
5.609927307478939 166.9788851650413 123.9304534493686
121.3438880554232 113.8064506400013 47.71634715395949
108.9490544777876 96.10298009538035 37.66375901783136
0.98031779293671 102.2037307911718 145.3824652948057
45.08519933727437 145.2518527895924 151.7572030489929
197.8793162674593 4.821542150881319 28.18394022749313
193.4732579642537 89.30628365327615 179.8734376013461
135.9452782037078 85.16469327522475 128.8558940242513
160.5955121806685 126.9085459018929 96.60755359283105
7.098672626061852 15.36544562649242 10.48318237439255
97.08917637262441 86.67216876586279 58.73392979029585
190.9651100126073 187.6860480928842 43.32781395942568
44.70009027556403 93.79665420777665 144.876530416793
51.73186577670934 55.27808648080315 78.63024955769171
34.69228970622606 51.12338201622094 19.95764836484133
98.3539430593195 79.39363144056938 126.4055438784518
113.3202234174889 6.808820160131989 172.1685239260817
181.602005148432 72.99081321894978 123.7962616940308
146.9561820882098 114.4470173347156 141.2033853313302
113.9584348315239 128.5451303280358 157.7506055988564
144.0196021988951 185.1591855481641 93.46818924421734
110.3891504636197 186.6110041123666 49.78250781962004
147.4814989910489 39.58764029924251 186.9575922303417
143.8065160962052 70.25065816009156 13.2742830296525
101.104084084303 50.43409243518033 67.87477368729095
126.9130270318677 57.53438558815675 46.5453624270753
95.72847711968055 181.8577661671956 89.09013371846525
167.6188923326089 49.90045113960553 57.85434671423697
72.73421423453563 109.6131512246187 60.53460447988378
10.00138265465681 177.7305275555559 175.0640619637976
177.5464814637554 12.38405672725047 34.41865140083443
75.69364633875495 139.5534247812309 164.9217762546069
60.5214808351172 88.91318205180841 129.5362519156418
136.0079742038783 25.81421074700244 79.47709107597134
172.2321442513694 3.268979051782468 122.185988159371
148.6113308232794 13.5485095491634 150.7271365716151
41.56185490427477 13.10448651959343 127.2396290398594
179.9516231101892 149.3982019236987 57.15551219057829
188.6748998155259 116.4791564011513 157.8031396220003
131.1397518616705 111.1013293833482 125.4510408727948
110.3870895835107 182.349605867438 106.2473671172792
110.2029556832317 90.31729226816795 76.74023695268809
46.20752304710749 71.4330918396125 105.9428192409172
16.01907468515187 134.3008499996111 178.5692713929106
47.33566305981208 126.2888610377164 108.5834551181784
63.11301167184636 176.8425404941048 161.4505529913102
180.1182456205192 110.0816973686652 6.896083290366226
122.4689607345495 151.5324217308838 112.0643347317624
177.9056103990503 21.68305350196931 88.22222986725319
175.261449685294 60.71821718894487 4.076377048393974
146.4592308733216 53.19239820059445 112.5171451150142
101.5964390357628 134.6280605429544 0.1599149458635757
189.1548894119643 192.3852947541948 65.33073071991224
101.9299611556751 155.2629272886348 136.8519037095831
157.6063340701607 86.76971350249826 162.0635711852691
1.509544427136419 115.8373090286525 11.22916031429676
173.1850522872886 146.6180431762289 176.4150833140367
59.73870732930633 154.6551634440376 77.12132446175342
46.48244889733873 189.9609194987824 146.9757887074884
126.1185361712824 189.8358848289495 164.4171664992899
6.478514993940297 184.6364138687037 153.8654115672832
51.57398844197315 90.01863760914348 26.14059772460941
80.38955558845214 25.67010197354868 119.0955629437754
33.43031802248392 143.9150233953311 106.2509839752862
137.9716930791209 152.7829055167812 95.24747810241807
63.76482252504438 8.209079322308071 7.418637604916938
49.5537671260229 34.40784295375313 22.99261023104107
177.573289220625 123.7134534524282 61.57140465057973
137.5699025607861 93.43195131323012 14.77029062225868
76.17525393811223 3.520479156566562 135.8060809303519
102.422077621878 178.4386403101052 136.5734940871155
157.2064888446665 171.9961412449016 177.1472705274192
193.4815014088764 181.3694156192825 190.0081407689779
6.069247838767521 49.94603010223673 70.43923239432058
65.63141399782208 106.9253358743599 197.0737847429023
35.52647784026122 9.509575997657377 163.7947867828989
186.6863973772431 103.007441152542 82.34395739029677
165.317024577172 112.2051181870096 189.9873361375158
147.2833579295124 189.5905800453023 71.57776375288677
68.69639471034534 100.2012473688133 89.10519973304253
55.86709592971157 76.85075799310965 43.96376434684539
54.66445865338921 52.22940130767294 56.45844047593538
134.7113966238486 182.49099945328 47.27353879208852
104.4846603392888 79.52009185096149 197.2615958536661
83.56407280400153 69.43424321556624 183.2340157334451
74.05712536658999 43.33776692803038 163.8772212333635
187.9330718791966 130.2219050797565 0.354805670091742
51.86669889296257 32.760304873209 45.38515443437951
2.544576465347086 173.4410598389196 11.80858407506024
194.6339126531473 134.7649217629895 21.42494272199746
177.7573909487038 1.700163187387211 98.71763893342943
14.25295835816305 99.6807145778873 22.30760056626685
153.7544624433445 148.6428708007703 63.99988174325198
104.7337982067178 26.79017740115776 116.9081956830662
85.95552632685083 33.83996220614106 65.7208912310093
27.28307770418679 186.8682094920918 105.7201907357724
38.74051058082246 89.10737444926421 123.6166704831136
120.8714638125073 141.2490130856258 190.4580047804087
16.82128047703802 99.88587025477662 128.2227923687263
61.52979556334711 183.7400713676847 8.022742418275442
86.65212622605608 13.98286109981159 28.63024819786435
66.04618480237922 160.566595439536 38.29541209594067
146.846909358482 51.877303423478 168.0355853944918
163.5359924007956 195.5017683928849 40.19300754553615
34.46637281287416 192.6149345687891 28.943645117548
199.0832920591245 52.23556436192018 171.6238283952451
54.62686715124365 197.7179842004426 103.2795258159979
56.17990592243911 128.4149006661988 161.9014542177821
118.9252766998251 169.1430491834338 169.8547942990267
132.4123559297797 39.06801190605505 60.89053470640446
148.0987020784955 17.04750104241739 185.9325311612332
27.85684539368302 170.7070967242652 123.11729215916
12.82946737242535 119.8911452863692 137.8837731012657
197.639400739536 73.24330575608971 62.17600058508016
14.91706482459531 156.4436204792996 182.8087404159969
192.1868321361362 153.5333903501601 8.774623829572812
50.03579468502439 114.1917055835854 57.77048732902578
166.4497527354473 84.93263258828432 57.29922594132049
43.79964530639909 197.6821174668795 7.160821268234526
26.66962855038465 105.8601716265118 90.7624519747835
45.85997294577174 74.74353201641186 68.82681236033757
73.8908974080788 198.9826389121923 39.75110945980332
159.1382863243115 132.7059426088448 135.9411436920807
47.29139220523946 186.7209020172698 66.37393558712878
159.0566674092093 189.9376529313161 109.6094259074985
16.10729626955225 14.95019814519459 181.0444054186601
96.27713861313204 72.17079135343333 148.3839924613758
109.0527137141018 4.846470871677263 113.8574509152151
7.816344880949733 149.3329499561306 142.4852261046944
84.91352184171363 11.88077573403286 0.4373910556702591
96.39295719304056 139.2441669069476 60.12333573802376
17.90742046046865 83.26814397456172 58.14913287285646
113.0096370904376 147.3628704927393 170.2021509891528
130.1842466479829 171.5767726997761 105.025780572237
76.1887837590295 32.11886501234795 37.47912303735932
93.44156266496013 106.4669809007703 68.94859595432257
148.9708462933297 167.0660817094314 80.91367129331579
154.4255846820356 17.47641647527946 32.59827559077291
54.57741236118347 176.2197182247462 96.27458258420134
115.2711783532466 95.87608733386539 163.3120958322059
121.246500645124 77.1934713950852 36.83082588841837
41.63322411329887 37.11349852467863 69.18408746915732
96.75012550376508 35.87040030215946 46.00204447054055
116.7150178044743 151.3173888954653 26.91103604041666
154.6514701401253 145.1962560927505 108.4277266449389
169.4966164262313 162.1370946706646 72.92059893219113
157.4415882682334 189.0967534264548 19.39725604633491
124.5050182668054 111.3315955291221 19.76753252362923
182.4751379246483 121.5171447550054 97.9137792555875
182.1735231402952 42.65051566869106 15.70678352543221
7.880677996860421 140.6454969806904 198.6441760740506
30.09884686018433 86.19564169575547 80.22524716289678
64.19708169043551 72.59789416468092 197.9135865101605
35.79307678520573 28.34884141128927 89.14816562520063
101.5529793420876 137.6455404215486 115.1807248796886
52.50223013850218 108.2895511634863 121.1856266983628
26.06225603953062 128.0346525644476 120.4991884010492
156.26635314763 4.079899108656186 92.23983875036656
92.69783511321108 35.58130661765395 1.445709992670281
10.71781949562734 2.090686589866066 103.8886018657111
135.111177229833 3.798364562059751 84.37453131765841
184.772550593032 51.05069021079752 104.5641325159552
84.16258677712324 77.9797653670332 6.96358744903216
157.8144835304926 98.14156281608862 5.969052842232961
113.0684491848359 44.67209621280963 32.72978276014726
167.4891505044036 75.18269921988301 145.4035082290628
94.69804372260076 99.47086737435302 90.37205379343196
76.6221346230096 49.27057079280366 52.14612288414823
79.25320488997912 90.81225585368925 189.0551311891224
169.1193259561475 40.02368173134415 197.4811249030533
41.20694303401324 175.3246122796295 13.1519373643841
11.7593452059057 0.1147262371801347 60.77738564127256
179.3993987529013 192.2038902572725 24.47806067877582
137.9889928454926 42.52872706899088 94.5162881695621
105.3424176549467 191.6877037260467 71.18925460083494
95.21165680570309 13.4468328895548 68.53540893844776
151.5554656879985 11.74962383292474 71.11370558157664
100.3050425860208 156.6428378072502 4.973620910566682
107.4300998496125 46.13339003062106 182.2620639320219
81.05592986979343 121.8489528441593 5.917850359389774
187.9512754171811 145.0239107144295 159.4178292051174
9.956532900152974 97.04389118732682 106.9088877467289
