3 1024 8.067328211455715 0.6497160000000007 1.4 1 3 200 200 200
168.1415990220716 124.3649054444173 92.36817966525088
170.2245185896099 128.5870984458375 107.8006512070686
190.9461156838666 184.8242230792304 178.148149033971
62.8884125196393 157.2650748903775 128.0681886930554
84.51192826793184 26.14014518617513 109.3690166716354
76.27913360780545 64.91120893302572 2.231294196102594
97.92393136166841 98.21643645862106 55.36717078424445
199.2203107527856 37.92286378072574 127.074889339402
189.1963551250278 191.6817394992237 109.5076810083459
191.3778631038533 40.31077754946846 187.6887918405122
23.03669583644971 74.04889907256634 108.5397730869638
90.31015224937573 35.48409494634787 146.0396504027688
174.9584487182699 198.6941656135532 106.1253359975758
193.2265271564456 177.2990629369996 155.6141733568885
126.0727596949309 22.42119524539112 60.82990631543192
186.1781705564525 77.4605500278619 103.3514839481729
132.6895072336029 17.32780204402789 0.5490076490477713
170.4162063757279 195.3727246235335 150.7981378007312
177.6678040546219 36.05267948923697 2.802061795135882
97.04193788907519 127.3784986927938 106.21547158707
114.4032369140805 105.5167931662229 107.6797263591675
182.1869300449067 128.1508635242117 118.6190274868676
23.71036574880039 162.1800195432355 176.9153097902556
26.60486049754753 149.4937231399358 107.2314081833328
128.7077136708427 3.145780894339534 89.53826899708804
87.0891405904576 19.9110454465525 62.04152970235553
199.3388962625873 26.78257372159263 112.6116351064646
143.8650282624086 48.5618495812092 2.834102868935605
117.9516800161922 199.8602713029262 128.1318515203604
131.4283422103083 42.86342853310837 65.87973870420544
134.7536834557699 120.5891232270553 60.18081047186378
2.836967977139289 178.0468992360784 142.6755845891862
118.6641094716716 18.03188707827228 126.1444277348699
64.49019091821135 175.355214173726 70.00121116704793
187.2460476268278 86.64437021338536 167.3745129082579
82.98714205089664 28.48803655579612 180.7263615591533
7.07527082760274 27.72214402814026 140.9707364963164
168.4750689916476 97.92560700098518 106.6744240400374
144.6606204120987 2.325717535946437 181.0737558250852
151.316678241895 155.9539490402312 11.97220309225189
85.52677225048258 143.9358053482018 182.3040134598735
119.2489445995228 141.7674565167924 175.481872769279
153.262205906192 158.7070783440417 164.4378322947456
18.98041793379204 134.531108467907 71.94681905334222
187.3096882188891 71.54571058906924 126.5115213758644
198.0444445970234 146.4671843664332 99.07419127748874
176.5481785993247 192.8838194216738 11.31302789812304
43.51378200121738 17.69571570024174 82.59099371963509
38.78674547026527 4.515426039254789 22.31718924518047
39.91035611295144 187.6693434565169 129.5746641115335
176.1142759733748 132.1029207181132 153.8416461458317
42.08978299211695 116.823690542833 166.0542064827722
185.1452976756449 66.458175933031 141.7866002187619
65.12400347447571 116.4234689396129 81.22980061774882
18.49193670894215 180.8124521265959 139.9187114043901
183.9185877378408 22.58079141615886 58.45164929111191
31.41919593028601 104.2534113880864 184.0879059454996
40.30830634538528 36.55154520837589 155.1129430289605
28.92539441953477 175.8887662440429 128.6392108424378
181.4610409307298 145.6117895647218 80.10481294643132
42.47036267793153 181.9098726670591 191.4184434431277
107.4607557510809 186.5351634825888 24.97558744622782
9.335197454306741 175.8755248934242 4.739062282236895
184.2824937614223 175.0862327950431 3.033932241974883
102.6871428707774 100.868103248808 16.30420913355625
169.4827540540074 141.7373681068051 117.1198352093054
140.3414689543069 77.43163947025188 76.84591545543486
104.1217938005136 56.84697818304518 31.67924922236929
87.75332349537057 98.62271275277961 123.8382832000393
6.81847246641021 50.68108868801106 192.8252811297924
91.62376897463736 69.05282125501043 65.45000102190869
145.1684579326197 84.09231930448532 91.95861148937526
131.9192222243433 7.928965737647173 127.7700715692794
115.8328470354128 97.1862201719032 55.86180466217998
6.696516932476082 66.76647097372376 191.5711992163489
78.75997877474768 182.5218156900255 73.49718708482082
27.28051767748607 113.4860091697335 171.5197896892896
82.50372056983467 120.4660688875771 11.47808104721337
95.70102708790265 64.5322594536039 137.1607049532149
47.47655975206188 133.3039167804677 139.7397311251057
72.00170460976648 64.34404025153941 181.9006079536554
68.33204819488854 135.166278117148 150.5660351089356
57.18890818145093 123.4096905943272 154.8388346996871
99.72982852349935 103.6354835750009 114.1201290919457
11.22116631157268 107.8952816682847 7.89742754913695
116.2374141863015 189.9655726724633 192.1690377945477
150.0157529842721 54.52512817679884 189.161711978054
120.7395814725453 36.98681271800469 55.23771299914819
26.40627573195079 44.73882666716637 154.942799779139
37.57706283022387 114.6509861628417 46.55441597808611
152.9252146967839 152.6494545251373 67.32987778858872
148.0329402435349 126.0809423039717 189.6386772691187
24.83390721403695 97.99000326693722 167.2282936751217
9.416746797159933 25.56705138469781 125.1530206164216
198.9963501492275 120.9366018283538 183.8483504168569
95.74313481102975 180.9400005702747 11.93241010420807
78.22298241385415 124.773108832637 130.7722787246054
169.2721990905577 157.0462027914844 169.151953562474
21.13271906048418 158.1615941873659 161.5031392748884
127.6351332739978 193.2664748403497 61.45031885602867
159.3879026452329 84.02997423279655 162.2579808734382
64.18985152045605 70.67913104360562 72.34086974301974
78.91964702444744 186.0585320112619 48.59175768956563
29.43427287154064 191.0637816382693 92.6381071786666
139.4647389154004 31.07170183482549 58.34991181145705
109.4249304018114 143.6086097847617 72.80701181576319
114.5698866019319 84.27983805626435 183.4764675055598
98.41210164920547 10.06026718215471 28.3392584621582
95.7866825630195 58.84903997405093 77.92660879701576
46.79709335337864 28.81362794935091 93.81323412410211
103.4363589536502 104.7096688201191 148.8239902115505
143.1593127667231 158.1718768830784 132.1948688956188
134.7175915392725 3.707361663150791 14.43442942371323
50.3743130710877 154.6492516868236 49.94344424847608
6.616687923273115 191.4604358473471 134.5442965670113
86.71855715692514 88.41593417787617 87.53855852287427
157.6689292195159 150.5577585515084 123.6743223840679
32.03993764729535 156.3800503962372 51.29239967552886
186.5931821680208 181.9961785096471 126.8526367839649
140.798482893256 89.18870135289457 120.9192715756832
47.58311563090014 173.613297586093 4.864888515590182
192.0827593665084 56.45943026248361 159.8636736777664
59.63467734694311 107.2565390456756 184.0889746041969
132.6941344744668 39.18606180962916 101.4725111802475
97.87896113325966 8.003901695687077 63.49982285609318
150.227103441521 178.7554507319332 105.0274041005852
196.7926593800978 112.2730818445429 90.08414119555056
87.57136392350273 154.9875660543936 78.47397798451313
47.84505275806307 129.5037141596171 47.33438863941088
9.97589179850891 91.91092829921162 9.707628084103844
7.982605775051032 188.4201613314945 80.23477899395334
166.9975105086923 185.3151819414171 0.738202727530699
170.1929497677759 135.9987500358553 184.4285905833464
196.7578955935713 167.0208919246091 9.625797829923856
189.5809931709617 63.30778357094081 110.3118700246839
172.5781849537876 74.40511450253784 71.77382047199023
133.5084658797185 10.4343890783931 29.84533049786572
118.7326648727583 53.11750951360959 148.5253284104429
78.23148380083119 167.4463551635524 83.71807389910808
27.09479222117587 127.6096503981846 159.9634972120762
49.77725362762657 76.63121407253168 175.4639457377138
40.24459708747133 20.91906186400716 23.35651733723491
33.31149851604886 79.17516244411546 38.88895734041909
152.3248368612907 122.7599625501219 85.76345741559487
26.56447457041522 115.4107276270348 194.6837861843565
154.5526593310624 1.471067408726841 49.32451464049672
6.232456104443254 35.54352820504548 157.3850620845633
103.6403878472337 195.5773924681505 121.9088514086898
109.7922787964126 173.7867985790928 15.36464888156116
25.72497281115498 127.0016596876224 31.18595743816878
121.4397233495334 139.035381481429 82.55673390087044
8.524006948715138 68.59742925010245 139.8783135965085
15.31561405902188 34.10359789309554 2.132688993466346
145.1456523337528 90.87706897420064 195.7363891413752
55.09590062962295 56.07955713649309 108.7290963071898
62.60874054620376 128.3667756009827 137.0998705311862
95.67681625010771 195.5899948047031 18.69260617235091
175.0494805334889 32.40077875687064 111.1244956036392
19.4915254848778 118.7512380514243 60.91299464034472
157.0215912817284 145.2705176915795 107.4988588630598
81.06374629082136 10.17443881214282 9.810744101818811
146.9216358429434 11.19832093113215 194.6312444627389
177.9988385301306 111.8561805051885 188.4768283261743
176.4272700700841 72.8370008753905 9.870400606751115
128.0730147799278 25.21830568234247 113.6078506312612
121.9983050811008 5.910075309142461 53.16221757928595
128.2096896954792 132.9768431081717 110.9717611196994
190.378543883989 148.0605304201542 139.1351632965375
90.70797228081258 150.5424424346557 48.41625410716435
26.38474049907113 135.292325534663 195.4098440787416
124.0823123001746 156.5519110671777 123.1512468588164
180.7680062021572 119.9688471456309 140.5238158814063
158.0882571709169 42.55389085802392 7.517164066621797
157.913051841208 161.0149537506868 138.0745965966149
106.3436086625858 7.837609067562363 49.76486183497046
88.80040965543274 104.7239722780699 77.56015971604776
114.6002674262518 90.23624909870072 112.8920183730674
121.9406462178592 69.62132455480079 76.64963701432775
120.1161844285791 35.02868417339469 27.76820156313282
149.45668326839 130.2500503902503 10.06219170136835
79.28771072876785 196.215968675961 1.915598678871217
164.9640698778065 52.93171214195536 28.21490995338589
42.63316783151674 147.3118613246733 106.6209747387407
197.787234513639 111.730756470947 139.6236677702394
169.9606424008436 152.8715283745015 190.1834675581113
73.92982616825402 116.0263197538015 198.5512101654828
101.9474383002574 81.30079909236582 173.8671649797639
86.34507641809327 97.0905784495348 107.8384029641256
111.3731826779772 96.22177925252755 2.283023808632237
92.78582850806438 80.40117397401917 137.2389319300273
100.3549037466889 83.92924132106585 28.23152662208724
31.95201307414096 198.1620573112624 107.139090167922
9.314255823893109 196.5053009480166 172.8821334084722
6.356123495310355 26.59552109175054 13.55918653093727
36.56159310648162 177.9712801991335 142.6990313024698
60.16815486808533 13.05595374971089 148.0011066828174
151.3855941879476 93.65103067452422 105.196449780914
189.2602855632121 40.39898810509836 162.3202481077391
32.21094177671976 112.2321152562092 31.53174909855915
21.26357207795038 130.1949362451043 105.4852602903955
51.04205559240455 28.73317404706215 121.4663074264872
96.71342927602176 26.38333921433934 98.64763988704563
16.29162475672077 78.60675999824925 155.9278138920575
177.2110804202741 1.469703375461135 69.18376731688276
145.0016240426397 162.4429470797402 147.6444936178051
163.3683059319502 83.09338707900075 102.8991075427385
131.4102192796983 87.39176643555724 133.9176740387407
108.5447024739614 28.32839671203813 140.2178771009452
138.1977021874221 60.74484900170533 119.0457044204747
28.58541404836838 110.8231563312101 116.4471791462851
152.7427640820431 198.6837286920725 149.9190611281729
116.9145249032723 46.83943398871719 71.69930031511734
116.3306670092723 155.6852800609801 167.8592160105732
84.22016314375851 68.43501035053316 117.900414173575
188.4886872582335 185.4241975251757 142.5045617795872
139.3556902336244 154.5390320687007 35.3291631296341
9.767765855240278 138.8900895105102 12.5260449734069
80.27488077857316 43.75780974067602 8.974384693255951
117.6473285681484 60.16583469934745 0.2853994066037738
93.85438860572624 174.0056992135235 142.6999765092964
87.42619869379782 51.58465099055163 147.1815134622126
15.68593547838003 163.9624400448967 190.9418326818151
142.2164965049778 67.6874663703027 27.91057267441404
162.414505739694 51.29123849558298 140.305533512432
27.16635989015523 87.76400751796011 148.2981305112032
80.70102825007136 120.3696509599763 82.68257726667531
3.657431305003453 4.557260270982767 199.474117364705
172.4686790841466 140.3262667985296 167.2361717684583
134.0190788766289 24.00365476521239 128.5576342427008
108.4152266068803 64.40823221609003 69.56347349427429
169.7458436312495 37.47190681643266 125.4939552197223
71.68473779651433 141.4818198467171 134.6608280114874
70.00785964139848 199.0776040999844 98.80737418072582
107.5610324210351 177.4906624748143 94.90412670296431
186.6860962426785 190.4213953380223 192.6688601346356
198.8153501876969 136.1582512908492 171.3940719871158
94.98445705356606 175.5919655476987 27.13602569455354
69.63369000874839 143.5714782979942 179.5464818101939
159.6383591947739 167.8945155681533 152.566734122856
138.9374797023127 3.587737609294678 66.55472888182651
98.12078114088501 154.9371397783139 121.2205617614369
127.0791664755497 73.14623262486583 26.7315243918451
10.0207567860909 26.56513213626365 79.67906743936649
41.36994393035671 125.5850474114313 152.5246995012978
146.5802010178092 91.49336899352012 71.08628617061962
155.8137905219331 81.07779968299074 79.741038892052
125.5264719288129 38.2475858144576 176.0974296171953
39.45311765970023 11.84602741642061 36.67495227600819
20.82332102175402 149.2932405558769 186.1847713583149
158.833421227382 92.57143634331109 90.65457634347581
73.84852348914185 133.4520439353927 15.66412969339766
119.1267707203232 190.1824709887537 88.84177064788875
11.31662869725664 34.33614584243644 184.2130996901545
36.99550571187766 125.7171793504701 66.25909300436479
124.1008233009155 71.22390480288243 183.1538971996933
37.3838850524667 82.15151509810876 137.1433642053638
177.2217932430733 83.70812579239021 151.0689256828932
121.9570446412709 15.83446517514148 146.4533083522302
99.32911743088634 46.29736442655378 63.61659681983664
41.57675426975565 13.00978156076919 153.4145006331961
147.8322362561375 107.2078982695803 121.7589270980635
155.9204669938263 183.2335979984022 87.07183534954953
37.62548788379832 10.57409797302087 129.6385424194309
66.61063041930089 41.8220776276906 29.49314998153598
69.75477357406804 183.4322895404085 164.5914357915601
96.90552801015077 82.89628404648778 115.7041135583238
173.4755877255118 57.96420902152414 154.7275565510196
75.53563361143124 52.43807661512242 162.4378809717617
51.84639733502816 28.24981516106754 191.5489571518483
27.40857843414953 61.82858686753781 69.15407014941042
132.1254415004389 92.18232291778389 103.8697216885087
35.72163248344926 58.55168994419392 164.8068612648011
2.620345993507816 28.18224617770078 37.76950461991473
192.5922639147984 130.3555454912261 39.43520910701941
57.79619679894203 26.11791277465937 162.0947162378146
100.9477046693931 152.1583147951742 32.06365075831123
71.74298157396245 31.60144129536088 122.8597142495367
6.627668796325493 175.5445009130952 23.93771426653837
172.205524596659 1.906058395221993 186.8799346651088
170.7458725988133 77.03801919323367 49.29591624142201
100.0928703107977 84.08474247700403 154.7862601604404
131.0614514768292 105.9098985286289 163.1248892821413
191.659544170967 41.18883294415177 74.1078172977263
123.1714675578398 54.96044344389654 107.4188033180718
112.3635141436798 142.936688758557 115.9286416217663
155.9117457307222 35.15209912036717 112.1482867153543
176.3401166089554 55.9082694649251 43.59697658114373
4.000360657309943 62.27680895157889 13.46803927636081
142.7417324050794 20.78101958149103 74.60389495459499
15.68388403133592 163.3350395400951 122.1633939174688
44.09652870370952 87.83796379310454 192.1271703578682
195.3611307379852 86.51400624979205 135.784856687629
66.60356105195235 39.11044851877762 178.3385920675652
57.64616666606739 136.6117149155344 100.7059254438584
146.9996315285534 74.98392519784193 109.3157882658953
23.7515106346602 20.06918891197554 67.67323046677632
49.93429215880867 71.33819965783498 149.3630999422791
123.8907781328903 6.62352847088411 110.1999173603146
78.79156867983797 170.8289944494148 36.63702443459744
47.9194729092013 88.50772178937217 95.75956503568085
133.9987141766 188.5713614147632 101.134063556229
47.64946380455245 2.279421262322218 71.63178207330657
138.3667417398406 154.2205597815417 54.66285219697913
55.53565294029799 47.04879469449565 125.8499138418967
50.32463080860192 51.20803212077789 42.0195559997272
136.3435248956487 124.3291975795384 149.5973271999425
92.64152224326011 138.1968366112381 15.23721967113925
159.9328957044534 121.6034525103164 25.49925036658348
42.09596889484755 192.675039917365 37.27459924053873
76.6623234934153 104.1570165751749 92.63380352003851
87.03112131499439 190.4178025329606 113.2720437488631
159.4359451806423 55.90278383102582 172.3025411837944
65.81012137705012 72.61209238464369 165.381093956344
154.9221393403966 62.82669891007555 41.68770926844243
30.63101693984588 93.46948058576945 81.84174185609074
21.83287704188264 31.41125665037122 168.2217234053221
105.9421619907338 40.98993711179693 42.63874861862712
10.72334747988098 14.63403258432695 157.9581403778166
47.60314865313929 107.5990964581794 118.1211069312934
82.84141138247973 86.98270345215109 169.0771477470163
174.1150063878457 113.1744308163673 157.3892794659697
150.6111627767091 118.8182181220616 45.88524529626323
98.8469505240103 159.1887988679163 175.4034768246719
170.8656161528375 128.8071507826943 45.4180713238628
92.86311089925292 189.3738356707365 61.87743567746579
97.70703022146066 192.9838119326738 196.9004222542129
166.828418967465 164.9508398315893 79.46955122608108
25.80571543173559 180.8442541323673 181.6192071938041
102.4296456012675 1.908113429392079 176.6941639384926
136.7058757237759 28.14877080185477 158.3306168054255
88.32039194850258 108.0611644483308 163.0839427710495
13.00945467421021 100.043143128479 60.53467547078061
125.8998137783816 37.17727624918401 140.1939663040363
167.6820401080145 107.6584388987929 82.35063889833788
170.2631090713926 181.5468282758534 137.2448320066472
30.38334879929954 1.094849261752281 190.5185292231779
127.3788075293093 181.2076897099828 160.7796039448278
172.497259211425 112.3281288983153 60.7810137196191
38.51106630013795 46.1001855783886 109.2044605157288
63.28388255709866 39.99159881306501 56.73308186427432
39.24728715833197 146.4160274613614 36.33769760150865
60.90012538763275 161.4974940303347 168.2299585864718
64.36045242478755 192.2802021801886 60.18631453032283
29.18189006372332 97.3973262312547 43.96537250806644
93.76613084080797 191.8420942934853 37.59163372416173
5.940147577067731 59.93962708971431 35.89546333218809
198.8752608181697 171.2013458070903 47.51926948096372
19.61852054354417 79.70417654051259 128.5459526891574
187.6618088127391 24.56566731356822 19.82235145953673
166.6261442712877 69.8463978640283 136.7223535333737
194.9451315893818 71.64734059191994 176.9782869802708
111.5448254683399 75.66268157078021 136.5200434577257
23.57796850041623 73.31132263395379 89.19981415441994
172.1323017440392 8.111147659589511 22.42604720893043
54.55348034940786 175.7394268733538 125.3171304656617
9.518654075646323 146.9478244859796 136.4353892529145
58.02381617671364 144.5796126980564 14.87154832049968
12.49170311326274 140.3831542342273 35.73412538651524
138.5973346770175 147.3685680586823 79.23343206780204
59.3284049786976 71.45181777538964 195.245701694075
135.321951947758 19.2830350604477 181.4041736125979
182.5841737278353 90.16152982951687 117.5162041039008
172.0775404551533 70.37659557003323 114.6167593692717
153.1385613731059 33.19176269904184 134.4799687373076
43.72955115763954 73.93879235459458 79.01350695288195
75.72279645124516 57.15268599172109 64.64562336144868
156.9840403107447 55.36573287308435 122.1732648239188
122.721245567725 147.1708218296126 28.70529121091076
153.3882195676652 104.1061956300906 160.2090398289706
79.98930843310433 30.30582268541998 161.6848407651663
74.41326475629626 55.05320034766346 107.9193015324038
36.09951199557115 35.21729772427326 79.00023531464679
45.77470835788611 93.51697200425419 150.3831230014311
19.74232261037893 153.091610611207 80.85092548915776
12.25394230848183 99.23485848595995 143.7254409984156
176.6325382436874 52.68660148653781 12.73696299291252
89.43038521142675 133.8755042589152 38.64630485799609
72.21997089611695 50.41835505922496 85.92048520732541
56.64039398199731 140.0210406556043 61.00547321556311
102.1970982088239 26.85234844760084 182.507669164823
133.3062167196256 193.054829741942 42.9391281802964
181.0441610279676 53.91469733774088 178.5773180022883
125.8025989922711 102.3741049572684 123.0110199575476
90.27679236648162 179.8703742650366 178.4143782990149
158.0507253622364 147.4017091702716 45.92882382058878
39.66251175549952 127.4594347663995 110.8579715248448
94.89415691167859 137.131779437549 83.9097143426073
152.8419137769191 128.5537984783981 116.3279282761251
166.7052971127445 66.03419483848349 191.137394760309
14.47516978289804 157.911226066175 12.20210695452524
6.729060442022186 176.9436678094814 170.16902059764
103.0807183225742 123.083906112419 154.9175699556295
7.047955182770866 18.36965507292497 96.96989386508406
78.81968166755735 79.25978937287627 102.6595314942723
113.9192027470038 36.35026619815012 120.7226178359283
177.1088645779868 167.2965909367203 42.91302534730688
190.4505809918369 45.06201836965004 28.89766190227811
184.1869594878843 15.59783119282671 108.1181983591209
147.7280457757687 134.8856251820008 61.6460227080706
163.5703669392306 60.07497671015467 62.37289647415782
149.790382159458 199.3754376410316 28.84791981143298
77.09559246474228 148.9289324064538 2.327979534498817
7.532474926677129 7.530352854374083 77.15788654006388
160.3762006977314 161.9890826156197 28.69725928060661
156.2739702925455 111.9882809297978 101.3597987779213
198.0678005035363 97.91713992227069 103.012854141238
80.65059498279858 5.152984739953263 51.28906275434619
193.8912213483842 4.887254841057151 181.3047258515961
15.2033233462538 115.0713359180536 42.39434208063447
133.3048145238097 185.7605420476481 21.56084147971961
69.40217575365155 192.6553388926575 127.2166683087822
74.68893771270453 174.8613835353413 140.0877458264992
194.1139284952875 44.50723716448858 51.61859832431044
134.7174825573649 163.4140074833458 18.58162027408313
76.37467980078804 83.36862466410696 127.4033832872578
110.0293261368369 159.1015699324834 136.2234787709515
118.1241248212969 111.3766716217907 21.41692727979457
50.35270320674944 144.3051712924483 181.151341877412
37.37834588798726 47.71506434172908 139.2703523450699
90.01695441490409 65.97750479286422 173.264454123627
173.0008222111716 162.151808452974 125.994129552954
57.45601369419364 28.85541259115965 13.42145435291996
133.4782433083307 69.03224446810532 45.13569358896057
29.37344818665859 28.18138934348624 189.2680195545539
93.61310390131652 62.64237703687678 98.75362774182473
190.4736242849741 161.0186190296449 87.66603784886289
130.8476101842126 51.81337591889958 188.8459934480611
80.64602156521606 126.4501162112086 173.7230208411047
96.28224365619097 173.2212666692656 79.75711578555307
162.7159911788639 185.1436864815112 42.87106101892448
102.852057050824 61.42686446875532 119.4381148164131
68.83622024022284 135.3545046256099 79.58502542205936
134.6182220609558 196.3680538694746 196.5180909165815
9.186439662967034 192.4594801148835 153.9375266486598
86.44152287797678 102.6482671212204 5.005791857938749
162.6895296989986 182.86967821174 20.39734138873733
180.4519236384547 111.8330828451638 100.5094300981713
132.4187098454589 60.58788070514463 12.79535567485077
25.00871127374684 193.9528734797426 72.63338629620411
35.72775048820659 107.5531577041811 98.75072173945202
187.2105508551348 165.5799705188418 169.8036502563212
99.05460969311494 20.198443611891 155.0068215816721
171.6413776699106 181.5842641050326 114.5585509463853
26.28533241844666 170.4533035224698 63.2798545628261
118.0931340069658 157.2287334901142 187.078540459499
22.23778129558976 52.51858696390617 4.38986128021754
93.654662257844 29.40555675140121 127.8891785180324
10.15859911908016 111.1876730203053 162.7774567180493
166.3753341265759 161.9371505306995 104.4002000816979
33.21748490748656 4.442561245922333 54.38999218487807
175.4117059173645 176.2184343355786 185.8613415230115
143.1231496548073 173.3673217343177 37.81365186053218
35.35261424142968 145.0521884690238 66.64088841790434
86.46229199264144 9.959716234519576 98.91625077237256
11.01588505796674 160.7963646459326 100.2087612693802
173.2346849627202 35.78299803908325 144.463554454514
154.3805534069428 41.97229931782874 155.2549076832906
62.59009141172314 12.96487375936294 84.77863077803994
115.2510456121388 182.3488166994941 71.56510441894062
136.2123917974019 61.62000411818178 66.29749404511635
139.1537552450954 190.6060142734184 123.0321502023719
115.7888082406854 2.447602791717587 32.20805881124905
28.36430774169464 172.9284284112886 2.620023297948697
50.56197773413349 103.8029007029888 79.34875616491698
57.34506016165387 114.1051178577795 98.80773289076228
103.2166900720655 15.24481820213797 113.114804070181
13.43093408146428 121.9221108453841 121.1402938911974
90.71794933577331 120.2218497198158 66.11424341347812
193.8892861807483 4.010102872958366 141.9867478426211
106.0351061284167 195.3920025583221 102.1210690976014
137.578464807826 29.2891605611901 33.85068407769745
111.7320004804356 45.30039779581055 12.30483336874464
53.99865990517503 117.6015771080631 61.79810424157881
119.818305099684 93.02520024089206 148.3662680403689
194.3604996987509 109.1057218175275 198.4569046206654
166.9990199081799 18.5163618548036 122.6632138104935
185.9778052674459 61.08327270228888 65.04307063971534
51.81322145439915 112.5162369798823 139.7622128601147
35.35558548785527 68.18211924012155 185.2362566062502
165.5019223945241 75.35995671271121 25.6546293335121
11.92333683686943 43.00706479277635 22.19400567682471
15.79791257552367 79.6612260011661 48.03238749827018
159.3085381368792 113.0337708529717 140.3221464945037
188.2964716659463 22.10088317859686 129.3564042210011
6.336858817033978 89.71079443443638 168.6408161542602
134.7324616385187 134.6531227391851 43.17170635085308
189.2957634306432 187.5648859475509 75.2406682126651
199.6808171128074 145.7061489917034 73.55494437763616
160.2437731921178 97.14420457064845 22.81924190962731
180.5111383556948 164.6912935744418 148.2498042912679
99.63350092610989 171.3358977218761 45.44293737332734
53.20868802773816 83.85655175329335 13.10382976977785
102.3184723541451 94.63011474318266 97.1768996981894
51.51569661045242 142.3042196494596 123.0798702682974
187.8684454523716 166.7305930685466 109.4310185357123
192.6788208903106 1.178193157332727 92.94582566587928
127.1645532078155 151.3111938272566 98.31190460715149
146.8531136928354 179.2356900682887 4.705290086386152
2.904537009261125 26.19500930161366 61.499239489072
20.97704971307118 161.238660680872 33.9216332928121
140.34210594374 85.69373554543724 159.1984746184498
46.10126407698105 179.2916424399666 102.8957669696781
59.34259161786862 168.8645906390971 87.72651598288246
185.6108685025298 131.6368983368778 62.86224820963468
193.115973527104 74.67304736423235 47.24030294730002
33.37786465959219 83.88430710821024 61.57307990139279
54.10288961819507 57.92005044026656 177.9240313716769
32.24705626843078 142.0284061374639 147.9138712163645
157.907316876375 19.19404073818977 36.02971970288161
72.70187701240222 144.5296117276294 115.5677087338109
1.921135616910497 78.8732444642245 114.5333622581047
31.65707874486137 99.96928985711457 132.1834138579585
185.8135907026696 127.4054207922891 85.04994791191639
1.448559812387483 88.02951800784231 191.105194333121
3.750026305002814 182.02927164385 117.879769836476
77.79958384724955 166.2056895000642 119.4566109727614
171.4820639758535 35.97113034461329 168.7368866811234
147.836977508351 84.23018455380021 36.58656804365103
156.6200278719391 0.2703605306748499 7.335238875560083
194.8867428674186 164.9585441108319 130.8283002701489
181.4772210626768 33.69708158112739 92.90709968665377
105.5348300419561 96.79664182266416 131.2783022227805
196.0299593079063 113.5449846429134 54.23881544409782
98.56134157936451 94.22940264985336 187.9039431533113
52.15900379099528 56.17571498850848 67.89335613888386
13.38042470569565 197.1800120607831 101.5676506742715
89.38250136497196 83.34635369226929 44.24887485267426
158.1114236171074 199.6501648088841 131.3418087080987
68.58137726023533 180.6653106581058 104.6270726104714
193.4565578566809 5.768497678667718 59.56736022082123
155.908909011835 196.8245780775685 109.0392193369101
118.308433406027 122.5203746757479 171.592025062197
177.4056997679993 97.75161702508188 8.144905315661038
186.5350957058828 67.21986929138174 26.91316023402467
149.4256696854622 110.9452644501875 8.580553048372314
42.22057524189659 39.07090089541453 174.2144173615949
125.4238123687243 137.9465959974235 63.48778013066222
112.4110260108002 56.8506259787447 87.64811133024912
91.5336111462463 161.8366977473078 13.95441183274064
86.56720619444641 87.9322142042443 68.18360748163471
196.6106446938064 167.3468109221216 190.267220190234
161.1688200671405 199.3444719954779 167.3384539765485
180.6439227909192 167.8236034211945 20.60907483082404
73.56628411627432 29.59423993669756 197.6051831684423
106.0648140724958 80.81985052692301 59.2674653558234
160.679259398914 82.92854877956688 4.867241529661231
85.09074731522065 167.8630182105581 158.8777897717561
54.94602060476515 8.695498370464611 47.85149764953895
21.09424791290669 22.65083060499112 25.62277918949523
146.6642281386767 163.615742375842 93.49631457606267
45.45192110900915 23.25925168908369 62.27367480673645
112.0913116267319 72.90823448469025 38.98626095891826
23.90964306866123 58.97613791761662 120.6608589939292
150.3091604712873 142.0390685508326 25.39722831048996
116.9496400904626 17.11727877224698 168.44241176549
144.8542498322284 15.64291586380501 114.8620819397891
50.66270782811785 148.5838355954781 82.86948813127898
188.1754724658132 194.9161800828925 161.8586802364084
158.9581504809316 167.4176986463135 56.35839338992179
188.5818806889785 104.3080404324041 74.46325160294515
142.4526388185581 52.51734282741891 139.2309854761301
74.54138594568774 195.3648119822803 183.1641027762119
58.60308812392426 160.8405866732012 108.8287883882908
140.3045795911974 67.88619339086979 173.0956195303709
188.1154922352686 19.07153347755817 77.02424054924096
1.784669900212355 78.57866509039172 91.94718428454094
109.3454673434705 115.3614284990297 54.29767493284542
25.67871454904578 27.40596547135395 146.326376507872
136.2878862081049 157.7556400118427 173.7027039655513
90.39378976954983 191.67229790178 135.5735277339382
112.4433423761258 74.85976354110979 101.2829943939606
64.65216304819074 191.5959329799679 36.73233446127933
121.6979804710361 159.4152312341606 70.31543554085644
10.68041104211115 56.02226598791065 154.4414808129607
37.68519646836975 163.0868264252351 117.052717771983
171.255262678911 70.33473583052158 90.65642959172793
93.59466718376673 57.66778059698243 6.982673835515837
98.10834740041088 83.66171575213693 8.698602438136591
193.9299590860323 124.5518664194489 154.5149845775336
80.36001429027698 3.599129005413709 74.18814724394335
113.2181436270342 132.3454371214804 191.2845835349134
73.37055573572353 151.9362914015216 94.23851385126152
37.31168339621619 125.9086981387071 182.4707476434859
21.43296735371262 175.2661498937595 84.80963367102572
146.9363225817138 18.61243499437637 16.28147226674312
118.2793408877435 22.07400317472328 43.10950182869959
86.88583374970297 97.7886665725383 27.06088855683134
176.719194800857 146.8964608900403 33.22161339555988
45.07114973170997 110.032807084077 196.54156368708
63.43161478520869 123.7130525781471 118.323909425998
179.928204199792 53.72249438510914 128.159979251762
100.3475984432607 11.77695506829142 9.151297986923343
87.39581857688199 129.4937878923613 195.0635112275687
3.385752837497627 8.309332242222736 19.18666614110037
26.93007617492526 118.9775680245868 81.3632372552636
67.38236210721608 61.89424694827828 19.16102111814355
0.2200651612448872 23.19407465057953 195.5086788073078
58.64390878899977 34.1665119182838 78.05863869285831
100.7586701498378 136.6904511034516 172.7980251193423
49.35792209855355 71.90206671160921 51.02303268566238
45.8926017390092 184.0956973847896 169.1320773610262
60.40657559903349 73.72756869174302 114.6633470804713
133.6816127168367 115.0796969709111 106.0097860846164
164.5114139441113 149.1682661321506 151.8944440414239
1.134910946375608 4.432206164262363 119.1088582441722
148.1091729470543 4.401468008814562 89.24035124520533
160.4180428227498 88.4521661402258 121.5138528395991
169.2069302352154 138.9243607894993 13.4217882293102
64.44180681593159 99.34128636111586 1.092244091065934
159.6249459686257 40.75034598853253 42.55775605175494
13.91849883579122 122.7003153508236 143.7101297197921
32.38594687751759 42.13199163217238 31.72062706410727
126.4831321763698 90.16443410572819 41.29690912417742
191.2714380476847 138.3253649088947 18.22133128261101
7.560032115186955 61.35079949033522 58.38154214856895
177.5627458160314 179.6507692299467 92.84589534360941
157.3642972289098 128.3187538846774 156.839662216264
155.2977645237092 82.79410870566188 181.1422010978072
118.5882682421536 172.6315211338816 32.57414957718162
55.62684477155262 113.5320222677116 39.63897132779626
196.7955063084672 126.415040975009 106.0314376126881
83.44236930034646 8.480711214326224 166.3731588962343
64.14598080128297 49.95513164060231 0.2381300077935899
116.801883131036 156.5817607029474 48.36828587230817
199.9671981557193 179.9766344184355 95.70506374781355
63.8739818135473 88.58089558441075 181.2395095592605
122.3683714889564 56.97294247293996 129.9031131264752
142.5007911033089 168.33989860052 71.80330034644351
104.4325200220229 137.3922011699663 55.16322904445991
2.278626124178186 96.3376147313397 41.00624850645336
159.2244481384476 145.5846617886338 88.26557287798275
95.37701873706344 116.6851654714828 134.6703646907741
78.0632144425186 150.0734521896781 27.75346876919742
74.70561570294764 119.6001642274955 29.17865101345925
26.35823178411543 178.7356413511815 159.1361251780181
88.97175708965023 112.2221289857201 45.06203506278459
29.46342422657019 25.25060201910643 46.44195800481422
15.33133522460881 44.40326257393414 135.6370037516299
152.9528167970052 172.1230973309119 123.0121993854414
60.15085831869748 37.8709571898401 104.5142486417962
149.1406423630292 177.5871036929382 165.6328242378488
71.65242976767892 23.59446299573117 41.84525852335992
105.4724524525879 114.6486435175013 2.992205926533899
6.011507303146461 187.883199731625 189.9187696166142
106.7152549543163 100.4326495258002 37.55094097362131
118.2178698661318 114.2098363839537 140.6922968904201
73.38426298052943 198.9172625313318 148.5514218533208
195.7588126259992 42.45966732414676 6.425397355964819
34.02235198208585 81.07395999937755 165.1239700310529
191.2927848864775 24.26614923402658 151.6403256722502
80.26606967105363 27.17540036820725 19.0411832713893
52.25425008775922 197.7126986535905 185.9946797312489
47.68236436289023 164.0729028754438 66.70015647141143
123.2052320204172 53.61976620060426 32.20663643827717
64.63961930976456 100.083251953833 23.88652430390927
99.06821556281351 115.8443596663809 181.3636046604412
14.69130144978591 13.62306741644999 180.1724079170158
28.0487566982146 67.33321058349485 145.4612954895508
40.17410744064171 160.8654852010528 159.2703949231108
50.2099525048913 197.1033282979956 116.1661327330896
36.33142698666784 43.47269781202105 57.97560724441613
42.27612667121094 48.45252008312008 194.7892002109176
168.1021709765158 184.4199272512858 68.08659798135767
28.42568659067268 140.8911864779534 17.29540339916171
106.6404966987416 98.8839488623446 72.81729777295995
40.32900465328578 191.2432606308913 8.246199143440066
17.83152669102887 101.1512907732351 24.7998636478483
124.5511737536341 197.3541848729475 176.3210032090844
134.6811525768162 178.291639092733 182.9726015237798
130.2356627063284 99.54335530537516 5.11931352624834
30.51086960065573 143.7297327985577 170.3711955022706
7.220319385094547 133.0433103498372 56.43629772290953
64.49873669970441 95.33371397977147 109.4990631324902
186.6359116030961 130.3157085109239 197.6155510822553
190.421400499507 81.86344692914699 72.70331330271685
167.4883129976166 34.40740592744032 22.35440924588386
139.9892977821182 147.3238154217087 116.4741321992041
102.6037946974949 61.63742255727472 155.0168666415179
116.2951703221091 57.13471378585352 172.4097234051896
29.60856108027961 61.83824549048624 46.67294790244222
5.486175881746893 119.2896174517154 74.27079603831362
48.35005176006408 126.133421887294 81.93617523519552
166.016100721064 23.32732287772397 78.95882820054523
128.3551921843835 82.56046659481481 62.4845285661387
112.2697076535764 189.413547213217 50.31795552630423
109.3754271827779 100.7885677425715 166.830181475394
63.62213752590667 9.674333879243109 1.419667376760223
33.22750527276298 122.7327073545035 131.9882762182629
183.4124390953276 187.1279955845957 51.70055898738512
139.0247325702105 103.1681707098506 142.1635583113135
171.687317834493 149.3976883944915 63.82566537941391
111.5846351242332 120.6364752561505 119.4407409093716
28.76890836447158 180.0152201113733 24.07446463356482
43.58786148508226 131.4911306453977 3.439450085409582
103.2099874074739 10.26811424620698 135.1482645750648
114.3806711821579 129.5189608985062 97.86939832632189
68.41388601500246 156.347218669731 71.25634964884476
117.4775125197358 88.81134471160185 20.62550341379933
117.6304753582479 56.08998392808069 54.70562445575339
190.6295360825593 43.98117751375477 110.8155597888484
128.976141854425 112.8117637651152 43.41765698039961
4.187279255378727 161.591033167351 152.7875562651928
165.2691460798428 122.9930390351515 197.899968018393
16.51779380213965 42.05952677313162 70.05705516060443
94.09428271638605 42.95806978172961 109.8232845836625
128.63949755392 174.6025178472321 55.10350924541446
67.14290136392184 86.67964888572408 147.7581758585223
133.3350407340353 88.04024070258139 180.5441055562259
12.82828992496159 40.643608513397 113.4941556198738
12.04202840619783 140.2160810108297 157.8493332469139
133.102471168586 48.4094381197696 84.35431831673338
144.8675003893888 39.11276186790113 176.3144916545205
107.2156449546701 171.7651091547807 156.532065800828
69.39159208173817 166.2591367476176 14.59795997858583
6.772457730484355 187.5731508125535 60.92964927316694
138.6289042548634 160.0600287371609 196.0510798461806
195.7420126501799 102.7442931380808 20.35517368640886
16.80719428325368 68.35690166937017 172.3456591933754
155.4739515696507 186.8181839150121 185.252118395024
41.75576704890552 13.61731072427355 5.488348538435714
98.48839579752047 174.1086982244358 123.9014119435358
145.752318632716 53.43100057633178 102.670812092703
134.0355729018457 50.50927763942676 160.0963083394545
150.4274262394729 35.16208474561684 90.23575810924223
50.06371724469028 28.9883246180678 37.96276765270613
143.9570122753061 13.86657236573079 141.7238040655929
138.3879225309617 101.8409714065065 26.0596920151072
63.4817693258178 190.4911418534263 82.68668940577901
171.3696061106449 179.8295633288511 162.3034440350879
75.70381263046437 82.6992405028692 11.40971353720252
58.21716533310909 2.850618784245637 164.821907910928
122.8295654281745 87.59181252574275 83.80100484175813
158.1152099934316 4.660502450155424 68.99060300272667
103.3513229535064 171.1126909407712 197.0861945103397
182.8648789868042 125.5433326843275 174.1827442680508
21.5453512003598 0.5301190963354931 30.17349493170276
78.87539243527242 186.0501304232045 19.94718464182451
46.41515572846792 69.10397759754957 28.80251173529932
71.19486423360321 98.29693698311091 45.61967215664252
102.312163851556 78.44926906502023 81.41556142763037
35.71188871164177 152.0183542034164 198.2584923218817
66.12515253102023 64.75064378413148 135.0557277621647
94.10591150792663 20.41041211992348 80.40682167655631
134.4238109178409 139.6560989509013 187.3197095780086
61.76483729956272 136.8012247641245 36.02701184324435
98.65737639530926 149.0675675675681 195.596679592435
66.4038895292923 102.6312406093937 163.7344504278301
156.3209693734409 164.3912464168283 182.6917330264396
179.4377171554111 25.09160846997884 186.863789251379
6.60615484511586 122.3932024039151 22.83116048955029
174.5640968585381 137.5586204907749 135.329415612807
39.35413175657367 66.94109054332996 7.433303431209469
128.176868339613 104.4620151367774 68.90454065104092
34.33546312490689 106.6847305285452 63.90090992931595
76.70716052058951 29.09726075638257 91.89869951851389
103.2019751434662 70.54581556050553 191.0274902128015
84.44841336346252 115.4963944164314 114.937323934259
120.5955282224252 139.0432373453852 156.3603104601567
186.2503511067471 146.510724760555 181.8734686695844
126.2208572243897 160.4636593947316 151.9148757119357
180.3939646296276 90.99172638078871 90.76891536417909
43.91695822353794 66.27876108808701 128.1854359733422
165.9804482266411 129.5656612442313 73.84383369578437
156.5022730055927 88.94695170873248 143.754829256032
197.1560427486285 156.1934894992763 30.72496879882787
46.50367038263646 0.08680517862212649 94.08440162306935
179.7417634392444 199.9929702203825 124.8417468308667
111.277411571499 124.4484828895106 74.88727581868157
25.54070872228093 50.911018627902 91.34763111766397
45.85750696328386 98.90571974701065 172.3487604525051
192.3343610669823 100.1757402060174 154.3350347512135
143.5455972583789 98.71481351054329 53.37998889791507
30.21748297622391 109.7580989268222 152.4897287256067
162.987773840978 17.1544676186434 100.4754688200469
79.37882161771951 130.6907968840743 99.01034871591469
16.30828309871336 43.58136831758249 47.52084234669012
165.013408855314 42.28320543156436 189.4384594942691
9.701093420191993 143.0779237792153 114.157508945988
39.20556978263365 160.6824614123026 18.82464664142697
5.298143478193879 167.4437181966991 71.07223935913184
13.93412016458937 113.4873047038911 99.00417005482095
12.24844669003944 106.8563515477346 184.8480340123473
101.6425384699074 199.1018180224911 80.27656809639319
79.32817786673867 6.826009929843669 28.80143582846927
197.4492792415889 74.32843152832983 154.6896825299614
19.08055605314024 75.98410246646985 3.256312546009679
193.3685595643631 82.09357786669041 11.3466750524694
165.3405234150096 166.2136123598746 3.431645211981629
10.46241333329892 134.666694422615 90.05125108674454
30.91539125872882 31.58256034105045 124.7538664383362
84.47611539938012 188.943855412716 90.87703916433986
106.0862019732222 48.14978660952045 190.4453995918126
191.3911236639644 104.7474867069996 176.4359237581359
65.61211045041981 16.08779242921894 106.945162450913
22.80860188902524 86.91362726748856 183.8427004526754
77.798515296036 161.6645190922685 183.218539177024
64.21575094530776 132.2164352976146 194.2631341904596
32.74079701379915 138.6701786429447 92.39658102095385
53.80164462133966 89.22705176448964 129.7093251048281
4.156851310360677 146.528585261479 195.6428748230148
44.25757117733356 127.0734699819476 25.58164429744563
124.5234221230927 176.2573653378686 3.04553111133673
94.42791777608262 61.60846597375861 47.74872353558965
19.22737592215011 14.91974697420013 4.480743749739585
106.9597856691159 25.07012928763295 62.42611687166292
189.3692315681036 9.89745275609997 36.91529006615691
152.1566064852858 66.93592435913793 153.8437382196819
130.3182591350267 121.8726329215525 1.683953896254645
54.38026667587505 175.7425024093679 149.9376906593032
90.93139649330638 170.0775174465672 101.4898268503812
49.77750664074751 90.4014287910844 37.87297091834571
182.3122568551416 88.57948352543742 32.9277145116231
79.20274953302037 105.0140214876949 183.524691110991
154.317716741485 143.8469611551677 197.1639229077105
81.06288624999307 70.79875125392677 81.83599016866626
138.5673649847695 47.16559429278703 47.62369399971323
140.5378036380176 82.06894571912729 15.05660144929517
7.549892092813825 59.72314021155572 80.91126384765379
133.5490788523323 123.8440497510297 127.1875982331693
195.5357540371483 129.6349566815868 132.5645259486466
67.07894160910699 88.39615695337156 79.59559267580711
78.60283957737083 19.80962854018328 141.7311958109398
10.31276828856735 79.89188019483542 26.12120720932698
60.04279452857685 13.16422160898973 128.640232070768
17.8118412918711 192.8445107455471 9.054707627476212
42.64515365115905 16.98528994648475 108.568647845923
83.70923116712764 50.16347076390433 188.1093125543432
129.9574899331911 172.7163620393793 133.3097858715965
188.3685452843075 64.24662810778318 197.2814462253212
12.93897339193184 154.7611398824168 54.01321019104515
94.71492422351187 41.9233724189799 87.26703370926811
114.4102178419497 132.3304560033383 13.84160090773507
62.2913848489535 187.3600794039672 4.666626938519578
185.2779388676284 8.567536510801904 4.054791790223836
146.1336481336866 48.79280590760658 26.32374321421653
157.7262267272459 19.88325815309253 158.5894119811736
21.04452945000961 14.04942884137868 114.4876122104048
197.4267213998758 26.45004834986943 173.2700422998388
93.36201798346484 147.748186598488 103.8843597931559
152.0362958195755 137.6693446295312 136.9796975498568
36.77286267791985 85.93716776335944 115.2373730953011
125.0631573991748 171.7536449775004 88.93478629048923
29.583423573016 195.9068104311589 144.8186792051538
188.6316131735333 146.1770326369035 158.3255626979259
92.14581334883425 135.7400394680143 122.9779684728853
115.9807009642696 10.02580318528607 192.9407995052435
40.3752282981031 170.4505007778892 40.92824734053967
92.02139061956144 189.3433541175668 157.9825838355767
131.1088492548872 195.3821367411543 143.5920403048996
162.0674228308835 101.4241054770861 191.9743467673256
147.3685852161213 186.5689554591976 59.38368862562594
26.95303373510829 118.6278025485141 13.77218321491921
15.55615120099971 128.0638698701006 176.7882075406968
142.3363752999007 145.1597226969287 155.9545343708078
173.7740133028183 40.02314483091437 60.36046136550421
115.0573307239952 156.123646295164 9.434813255269125
116.38164358786 195.9312826601584 10.58803162528652
151.6411086608742 62.36808227445938 82.77882118768689
113.7947805644004 36.62603188170023 98.13613917186537
61.34750859485504 177.0842866490541 184.5729356070881
81.63870320029893 169.9795427032928 59.02928024458846
133.4387236419288 123.8568398542543 79.21928782142233
112.7445248081938 177.6770594818171 177.6204197163691
88.36294095636352 46.9862329144393 26.26689457350367
114.9056523498586 37.93298418914323 159.9119357354723
103.7713639947027 46.94820138183844 137.8966014039961
173.3001385318433 13.14578694764562 143.6797085214921
142.2400461639807 102.4278900854382 86.46387383152334
111.6221406585157 164.223722596474 108.4084429719182
179.2477046450744 29.66392951276416 41.04814387042173
188.0635047400258 146.5718766164452 119.6206274188031
183.7194129291866 168.5037386226119 64.47881584002769
136.6398293607818 124.1852621459618 23.24618319032432
179.1309106231577 84.84236850222287 189.6891381619498
42.123076364349 15.19155116521901 175.890744926449
150.6623405433863 113.6486753554005 68.76077824868904
51.95341920588798 196.6652488800736 141.7774526460771
118.3944803226639 183.9202336558508 117.1505082912036
14.70975516338033 10.50755558870259 136.1104687199966
57.18403623267016 9.704479116453621 25.39678361455903
42.5312018184866 182.2622295588904 80.78985785608751
97.70423533183613 115.7804541165741 90.72625460038539
177.9954233664493 14.41095937750286 167.0122449872231
181.5788541767672 110.782759528854 37.01635223002153
95.66595104319651 44.37661224033855 169.8393885234841
96.71707843526768 117.9483075506091 24.38204118830711
182.6919955941717 188.6250847040379 29.17323891735435
100.5793291492926 150.2486198523841 154.7319314932615
8.571612121078882 98.1855138909319 83.0168967441958
172.4259568756006 8.495764673486011 51.78813255572064
33.61584297768282 34.04200356119522 10.66646454566342
82.33286232546307 11.01732864288209 121.261153234073
140.800918862953 124.5947036837315 171.740074575356
155.9823921485886 61.56648440951839 10.51002617587487
71.34640091623852 41.14092847371801 143.3312040842519
23.60428401803684 49.14834201679083 182.0960384173627
121.0996679388242 17.3689814736312 16.10256463222963
43.04582407449355 103.3906241446448 18.14131442585757
9.06716851185762 60.54361252030447 103.4338166979654
61.22261728725645 69.29531017229846 92.52904388363844
40.99805020705914 67.78463412097051 102.4751857183979
12.79307590404767 79.73369507174512 70.42003674707078
95.21741470420882 32.93021356594411 3.113110394804247
169.297301760075 48.41174108432582 80.85021855162279
2.495686211508605 48.44736043304898 174.0850848455877
70.25239672320185 105.0481352385521 129.0634467787583
57.75293132313421 158.7720406779659 32.4507912253381
184.167853091918 153.7333528249421 3.309140123257232
19.76998629920347 91.81808309930828 101.5787647758995
87.73553086808661 69.54451539609141 25.2817039601018
42.29185086799904 165.4059135350599 181.2962721811441
79.5536788514714 146.3863172134232 163.1592537595761
166.1444478879775 20.56330027660562 4.556229610405656
154.6750706011078 142.1828108064072 174.6396540189735
126.5644327484096 76.22630037806921 118.8604225170151
129.875112525788 69.11475014209753 147.9815247588402
122.2589226222385 29.49560555548715 78.44461388632989
60.17281181859762 118.7065507255341 11.90903846968665
141.0361627966975 108.1850272637972 187.261218927755
164.5066904353831 98.31260286051155 44.97103211989711
54.27793455613548 49.95714310834828 155.2132202343716
133.879322982712 168.4867404614653 111.4701359987587
188.0557972004907 55.25456720194219 91.41126090728855
193.6661913384067 45.40689346648716 144.0457992693162
22.93299589127203 184.0396471863268 45.54812779476106
141.9414748320805 134.2519819019256 97.38196705469541
107.4848801221365 155.4304998991699 88.01718863560257
10.34058512051052 125.0618056327885 198.9864382650989
184.4573810512637 94.15202368930335 54.71271624499236
120.9609996843041 7.767795125369471 72.40653661440795
48.7326396028869 49.21867768167736 17.83520238853313
133.9182458551587 20.74569655853652 95.69975457189028
149.9360202874316 77.56197345144217 58.06608594227666
173.2780529910066 73.70037568652192 170.9317221699349
6.193820724945156 154.2849693603464 174.5258166940394
118.572935163832 105.8488198463255 186.8311117767856
140.1790250124442 6.251110779058576 162.6515557539365
100.1808785040176 157.9181109631723 63.60619764413369
150.5370988391389 42.85651375202681 68.99844404449748
121.7479986754446 79.08383316791166 0.6911880682506535
43.20950523233375 184.5710347792455 58.3298979564584
144.9254166240371 73.69485160725961 131.7718972503461
25.29928168800646 62.32978545912167 24.50475052979554
139.4803117518395 13.60551364675869 49.99515585369072
35.85640443758681 160.9298192142556 94.6419202349784
102.2273939692542 28.57174302073375 24.13933261496417
11.44467125882614 99.42115451596067 121.1522404117038
80.55373994358813 35.93868195911153 70.71758182571185
147.2626891945638 30.4088717621279 197.0206735750886
74.05145909840178 116.855856111025 147.94159763693
52.38669037492372 178.5544106334376 22.95859212814223
190.6532124362988 150.5642820771705 51.61194907035431
22.42867103332226 193.4006122669821 123.5403028682888
157.6353055567394 24.39446641367149 58.00976546625593
51.69465329891358 30.30572575827233 140.7528848819504
26.53480026033192 29.7599169540932 99.21417398248481
134.0721438180083 142.6524163709034 9.705789062313725
119.3274790326181 78.46769117059986 165.6311789655609
71.44923227589479 152.3614808892713 49.23042698584628
161.8110735524919 117.619724892665 176.2303056097732
169.4121007024868 113.6804455755558 120.1295665402916
69.07731135200348 79.81234339050235 32.81052210480708
112.3654288448259 14.80738412327972 92.46655463757247
48.58312110006465 50.81380740225311 89.54292892503162
130.4419377631893 144.2915796867049 136.7199556814696
135.8947701989832 41.5677609943947 120.4186021554104
82.20055046909987 78.81445850610061 190.1273146368974
24.49405108156165 162.6563148841742 142.9518841223032
170.9985872353489 96.15234818408227 171.9073898561973
113.3141718521881 127.9648804757746 35.97711922840217
66.19883495041145 155.1750496218113 147.2016090349848
71.29107757440457 59.59105041892733 42.63075975198483
57.24587208406543 158.7403888136727 197.0996661730378
29.13706710622301 144.0181486111438 125.6291462237477
111.3069798711378 67.36968953779699 17.10132720677125
54.05636934470209 92.8234101246787 59.91988469734067
142.2045011484986 71.11729925659739 195.3709569594953
67.49196768748615 16.61193751953715 180.1465669140988
94.15400758468081 21.77774175038175 44.11183274547969
84.04174005284673 51.99268665439202 128.1223990780408
5.029788140981995 40.3770251112099 92.2962233421314
31.72822326408995 83.94978060202993 20.19223864120665
178.1865573869067 101.1542623656493 136.7531582342303
119.5486117665168 109.2312068897328 89.38768432446665
170.580398060574 0.4165379440022838 87.34404272823004
83.94899725617735 41.59763681684702 47.75457715520456
111.7110540748363 184.8897478979298 138.7058281850684
109.9125402052194 134.8709056122458 136.9000054595722
27.12446429307025 97.9657633727297 3.064143476934863
2.722959858633024 191.812181570126 39.11518392527395
26.87481762614727 9.825124504674056 88.59678561447822
60.85223421147646 172.2820289506341 50.28657121233727
84.34706837010108 141.832765837014 64.49578810489963
169.3101528833058 51.03239239696967 103.2861682900898
165.4133876762516 91.63085786277547 66.59593685780366
121.4147355450034 31.92857985792941 193.9309600858965
82.25100414402318 70.03292997670762 149.9652822728611
112.8321434619283 198.0733922637301 157.0136245309361
86.85571974128921 135.219776325181 144.9320993057695
28.74800523594937 131.5827729525537 49.75324556447903
195.5192821475566 189.2930747279912 9.872865528289745
23.94393466292062 177.9931408403929 107.0918392351378
27.56112166874732 0.04468443348837373 167.1861156268286
72.78723157986494 106.0870368486774 66.76247258706437
87.55101556641793 156.4926917028671 137.3677284066203
178.8959150245462 143.6051652498062 99.19048374262299
1.687477748411835 58.70511091836399 124.7035124664839
132.5604973687864 36.58801751708011 13.0176664409173
135.7245088253853 188.7838530910802 78.61258620436413
70.59950110201112 78.05430183608792 55.62577994749456
67.57677451022137 18.89161964559526 63.55959323492687
132.6447592456435 69.35062948983393 92.80991897023225
12.37727145119243 10.58114971913467 48.20579053545316
72.89376199460384 126.2307165073858 52.64564662338846
86.91101472476142 12.55977102255349 191.0105549451607
86.32150957248484 97.67697556150773 143.1236695958515
58.21535748503702 123.8229324045024 174.168750388821
52.04516623085812 141.6540436697916 158.7828944204292
148.5114031887416 180.9838213791804 143.3100271585164
180.1984375453495 118.7705506615646 15.93245903959607
191.7453824100109 110.4743365653152 121.2179780359658
158.4795899516323 18.90427446041558 181.1441035314477
46.08315232908225 158.7586196992631 137.5705405237592
81.69752228865656 177.2065481630125 199.1397148590218
