3 1024 8.067508249577832 0.6497594999999995 1.4 1 3 200 200 200
24.07522477636967 145.1518685762819 163.2271595903601
16.25607741531305 14.14961733974192 154.8959482922186
186.8573678611966 37.45376374973637 18.00952671467628
12.91782366608747 70.93506456166199 103.7458043347241
26.38635071214664 165.0412187624669 32.39915580298371
60.0395768553136 48.34244563396847 104.2993843667834
111.6086970344485 24.74041657889978 160.1520244111202
55.59382316341922 75.19170103261017 92.48632079602805
107.6799125707397 53.0595985100009 43.52630759851694
192.6528398211777 42.20180520737677 3.13214704647129
127.6705832685812 101.8473444219648 198.7756063773261
160.9027083480318 163.6753390508693 167.9378928374526
103.6525662017387 182.8875724102432 79.72590342009669
115.5635442334483 77.90594929227285 67.14644457845229
1.954826697727443 59.30796270543947 52.73484490945187
46.68925090411482 166.6365596212076 141.4395282654678
40.97081777762521 142.8411959229867 171.7131962987429
58.09688199844067 33.49454475903912 98.29073658332534
3.948032783707655 115.4672201405849 89.71197335719418
196.5303477200092 130.4636852690581 97.21132747911888
108.3646111783472 145.117730656579 159.3634023918802
76.05295606895446 146.276489567921 160.1127288703209
110.3250682705 67.73648937157316 122.8979517984771
135.3759270765396 153.6810785192047 119.3400807740331
145.7610618042083 179.0451240756705 74.72745206893143
62.27498810451139 175.5369483132177 182.1591216804491
136.8850271713935 21.75936539684603 1.058193242087439
94.8560186418152 43.55631680577161 89.32451407034426
64.15002227273472 188.4763488728435 18.99499540036225
92.01906952164013 171.2514554628277 69.92900268595616
30.27433464430633 139.6764800923928 107.5637427441834
47.18184429757049 10.82043559575716 174.1340766339291
28.83827813477662 45.54722794221558 44.68879072040739
156.2248372242398 180.1128148849382 94.1168770499242
163.4934445733196 58.77326716861879 103.3151971554644
190.2450590541154 22.85187816034278 12.03901083465176
101.3776825214591 145.0639931941602 99.58375547680545
194.8768040233761 21.62244590812555 131.202581513901
121.4268256544561 97.36514322435441 184.5888641636529
62.91311249022206 25.16224673836551 50.18877291178973
121.8468089795702 63.2180374804462 133.2502766487014
0.7473105855288651 28.86814864677989 118.0353673510794
20.46244255638388 55.33442290217323 89.37961217041924
54.3499496616515 123.9848993090146 31.05670151718375
12.60010581957312 53.08112435511899 144.0922532672996
146.3722079716701 15.97216744979904 47.98582569033371
177.4683583549687 38.87383948042436 56.47345052932927
62.50916288249617 194.4859175069429 116.5366315647063
105.3932009451922 99.9464000472551 47.86614884742281
89.36421597672853 176.7480173970016 48.4608992712493
199.340248052684 162.9642068317455 159.8896716434518
5.674364273914741 80.38827248408006 170.4297151558968
189.0830165318019 190.4265477550578 4.07858122449734
27.84411818136205 137.5958199474876 182.2390256676131
52.62733901495915 81.4777583532868 177.5926573151962
122.146253705257 45.09311815375038 78.2754904799512
70.46367351781869 55.15370727534636 165.1171121654202
103.5867761552202 131.9858882035269 65.68074086175885
131.0620858122888 109.8761929110987 69.92724760600034
92.97323655279962 178.7168743353695 167.1696870250184
89.67933609164618 52.00391844865928 76.58962032648957
146.4557709921185 68.49454992962933 13.6197472895898
129.8091046805166 108.0158358110722 110.855291637522
101.5726330270291 165.5356669006185 34.94270636043488
54.13095591216529 97.78027110756382 68.00706767667796
144.8921392231581 167.7789977435836 63.20974002005031
164.5561018008704 193.39656937583 182.481991640635
129.7892483608403 38.42501967669723 95.05902353789074
125.9272711793754 172.9760480934261 87.1474086551857
6.578056702987467 88.56841457595787 75.29312634272934
7.112477390812886 186.8008239871767 109.7968336552922
65.60265640371954 102.5162807756706 144.2374562949576
107.1951850091863 51.12143997393028 77.59483373752981
117.4587639278342 65.78886742245236 77.63084792995285
37.28641556008665 36.2397319745215 159.7561178239818
126.3069423113881 191.6222271673322 184.4350904091461
183.6324285282171 74.72075396439062 19.30317864053149
125.1111289799925 74.09961445474369 121.7928091433206
20.80506235682338 74.84319066841599 171.2375468983063
157.792090596412 119.4916631876619 126.5278175721729
86.59428406048352 122.6892776693555 24.03378019822633
88.94257072700644 180.0879855812429 131.446096064956
104.0942303156315 189.4517368483571 157.136738035304
151.4685447185723 132.013598108869 100.9821952696591
39.22459388648628 27.63425631096516 104.5928893473621
134.8284441096222 111.7701685061098 34.51945272898637
105.1694142750219 117.343252591919 97.22121923055585
120.6576771732081 117.6772156334297 101.7312936284503
160.5448384319292 56.09389498600498 189.2038221869802
183.2454768607836 117.1588893464697 116.7189641301352
26.76166445566673 55.32811574756506 190.6506780036439
135.2000630478688 180.665981302515 62.63711920905642
178.9052251897605 2.849314354146931 5.635949514220546
40.59147001831498 93.90113712816193 93.64484300852097
83.3034761791243 174.4415541540899 83.38271752768023
185.6976084238665 133.9202035483176 111.5116689901917
104.4523608181441 54.13577246174079 183.6709837360964
121.2429105737991 47.20137667530822 131.3955588616649
191.842948263757 96.50684793303124 36.78460151238884
85.84220441486664 8.208170224337193 135.2050590494981
88.85906508612702 140.4943178887298 108.8006870280284
135.7936805212903 101.1190337879098 133.9326313777553
183.3290392766097 24.56959295306428 87.6553815235073
152.4980979316001 4.000693981991378 176.8274552666072
74.74931468992204 115.6801398913904 178.7153154232973
134.6409971340677 98.94823499970416 81.24579304731122
65.3688745311069 86.98935930786978 41.16783283387642
39.81097184635921 176.6281470355439 14.05631210618062
56.22532612005293 38.24445126457685 82.98473277764299
69.52853629539842 142.9326894258893 174.4859533226725
17.49028659715369 33.41570611329802 19.52737435138726
147.1574346872961 172.5506194730978 173.0075441860441
119.9137032816088 87.71061344115802 199.3421916414036
164.8346791318329 59.05785286488263 17.9455658479371
145.6091785189583 71.10902807324364 156.38316076875
195.437147690954 148.3511285888765 18.1909966718288
163.9745923449212 44.88795659699452 113.820864336204
132.2524703843631 167.7922546449061 73.23851133626077
102.1052460286974 16.40502273935589 135.4417666415173
21.04841589609252 3.347472603335052 5.017051475828222
140.5728329981632 198.0092022551661 28.59546186856089
82.78435595853871 106.932686225805 189.6358380587282
61.71243395546025 41.37400408080768 50.21182179999556
77.21115876657079 91.07515786219165 30.99902140391703
183.7184005304444 160.3033917970098 162.9255253355247
194.6260631284194 104.5703162986186 182.8969609759546
70.70071354738874 23.43475786502422 98.82135894084458
38.94315925500362 145.6788234841739 190.7133868815703
15.43196081192995 199.3486187336686 52.85662387755485
50.71947734485906 117.457937726021 160.391023607023
148.9349333332069 15.64419224542478 9.875250082069003
181.6376403034571 146.0720904868839 26.23576070533991
178.0111264813903 134.005445527045 97.32543361694734
20.74754905100205 132.6127729011631 153.6336183168677
161.1218655213233 134.1767949780916 72.38830109672051
107.3082031834163 198.4042765108327 116.4570166619486
78.59119609108035 94.9330555641862 13.11814646658374
20.54676340242894 1.501112423045157 37.705906367828
108.3344788931067 35.19285359542465 75.28817477397766
110.9992127770231 132.1199761902553 100.0497190140023
3.109373282162955 1.603675552323992 104.7779361650552
52.44315092863889 180.9596209077979 27.16728081948442
38.19858691946411 140.2983483551268 156.0228778592692
48.24134826063144 113.0850877914099 41.2653801697026
7.834907658267018 27.47776885798465 52.12139879743238
132.7990116548033 18.14116438890753 119.2725058042073
196.6385676807943 135.4555646630511 185.0282127521125
151.2252784726527 20.08054086818845 177.2237240918575
101.1631025037419 102.0555691920584 156.8158457744051
9.086197966731371 7.854422902267703 141.8524663136696
186.1013448913171 64.36617925813648 123.7280629218939
70.77771971252486 44.75836929376786 1.7543281902894
11.05091578376832 155.3058373379318 7.518901945759708
41.62245598558217 169.1345697093561 29.0163188708493
19.53025423369934 47.16945248606807 57.76808034192167
18.35754126278496 71.03338787598288 118.9358843363469
88.48981735724431 5.63909736072605 150.912591646461
62.17976892124624 57.92271766301496 198.13301190585
5.830945399567113 163.2598018349154 57.57418382368184
36.67976969349917 4.878330814950187 0.705563111110123
198.080930587223 134.2239077070584 3.451290422543028
33.34717126723521 139.4734085367272 55.13452777283569
56.06735165182341 176.1427782614239 12.13567596091335
107.507234505365 90.86393226234625 189.5200986847646
146.1895810559214 12.31200476336771 128.8867287433989
80.23880725247338 44.35048983211529 15.01370030647145
105.8147869812531 94.46341291856936 173.8830285507857
55.74358892834916 64.7553261038652 18.03922031695918
195.4727292439338 0.4332642496237051 55.72154429543551
164.5589469467373 141.3424194561189 102.3796820147261
12.88572674269566 126.2887037247984 4.901209387491591
166.2172767087254 191.9834549919024 98.64354241835599
115.9739816195199 172.0137289958365 38.25548050946973
195.4928375885023 96.96032669976013 168.6957410223023
195.3915230267707 151.5381965417535 36.43119682699388
109.7561020450642 73.06863154823854 138.1157920266157
167.6366732319806 150.321681750118 19.43484680280568
34.52137994429769 54.98514160051443 56.4771901871508
14.53085183776524 60.07346020477468 66.06454210334329
72.99496815140999 99.64498057207416 179.0814200356154
176.0810753532849 160.0296848661148 68.81360334927713
65.46324506797029 86.98725282419745 185.6687610919818
54.98368571366365 11.96813195412324 23.51940484428746
156.5034885930592 123.9102137923497 165.4395844330803
122.1767821902006 76.48201393897159 21.83593396143667
171.6689934152971 48.09617120017796 68.37532306892177
113.9253699793369 128.3294427756207 189.550781832894
40.68611347274949 186.6208971338268 103.4765650607439
132.2202814562654 182.7512584186403 38.37752755780672
173.816728055226 57.69727366580203 115.6687562596658
177.0916536335316 190.57489102815 129.8054466362875
148.5092910568579 191.0884361842945 64.34751789122197
3.207992803099419 4.806388552855522 156.5661968349008
174.6591455116581 71.58222394055333 138.0722041962632
42.18290263036985 62.55270711085503 165.7278637729183
118.0133553397415 4.170015491444515 190.5607828879668
114.0553118666167 100.4527628600215 7.32060856115499
92.15678773875082 18.53385157913446 36.30805267556035
59.51432957133999 117.4548932224071 143.9087129964423
162.8312383635057 119.4934047578991 65.76940698790361
107.0242618491606 101.3204794466791 96.81077286114025
133.2928472466118 192.2159428302581 198.9672258423664
177.493228335334 9.762942882361058 191.1257286993943
0.2708134342838744 140.5645123237382 113.4645123236516
35.53186789455559 66.04897596754623 35.63230159780792
10.84570919902364 124.2710946532606 101.3417799275406
20.79684804087213 7.542923050674725 130.7573942195522
97.00221380638263 156.0381137923702 67.05663807294502
168.2734908837758 30.35725667554061 87.24069639912668
84.59976361764065 199.3430327828358 3.983899666430387
190.1790478530145 77.33412437434353 133.9726892114263
138.9004886217835 27.13857182251154 184.8802499487944
160.1506116749927 76.38718046262507 130.685360757299
86.77354517514166 163.2064033196733 56.84251401403048
116.5515734016789 126.9419352100259 114.2868912625279
195.2936488478825 82.25150852528219 30.06028452915264
104.8180246448621 198.9797214859055 79.87736698074204
181.9690744525222 140.4957847184724 189.888579558251
171.342735832827 12.40111598458999 110.1301000611066
182.0905911757938 156.917663693494 14.29813429071937
171.3926062676456 121.1276175814829 159.8799738362521
79.86299030761261 56.34399574689867 195.1535650086575
112.442300695145 100.2278335297088 68.5802700968152
81.43292781131612 65.62612526121377 63.85870228291515
166.8691176510758 137.0195990175868 194.3881530128503
64.42862178341591 127.6584475994727 175.4994122702298
43.82027024542788 55.18740989873415 23.19946794551994
12.39431195391212 130.2840332774274 116.2342195039668
91.83600081731795 174.4928566399998 25.7043328301681
32.90673525580269 112.699551072187 132.9952481204436
191.7097318726396 82.74169267622936 1.421113972801359
142.615762892843 124.6007445370056 128.5063965992244
168.1463584789674 61.54418778835277 2.351042763150599
193.6030345526037 109.2315557245951 27.02129504355263
83.219987256775 13.95058584713507 176.1783527644696
46.41684949391117 135.5594439298482 66.16454825979906
184.8777717792318 29.04750633524304 120.9446439439965
148.4626381237165 18.27640375000016 114.0679113613307
159.7839194192977 164.7160000307762 34.10675556710002
9.91019576765386 140.078779595319 12.73176290454608
95.71663619720843 3.265900442305693 32.37333301255607
118.2294813484866 54.38551730688972 146.2594808756012
101.9161246953851 121.3787115405307 78.67265438501782
152.7034766284829 197.6592978711039 143.2589491315989
21.68370133698551 159.0408146572372 195.9719805619465
20.01537328731861 199.0734764632938 150.5467332946426
73.99656942438207 119.0007405363772 56.1995938773276
41.65407747256984 68.24876176176501 50.68589976667958
102.5163941528026 175.7296012042927 115.9282062570797
73.66008846262677 177.212758493722 44.78634950972001
152.8511315151249 131.2185838709248 179.3531170864579
90.22856333028793 118.8950148706033 132.650397499863
195.0621389914954 191.3967215407497 73.90232147631311
84.51917757701227 36.71756394899121 198.839772776281
94.04378322555456 118.9784112297931 37.85670156747999
197.300888890008 124.9385737235298 118.2223089822595
82.51666908779396 191.5551052901587 24.29359331622129
60.34188192249265 116.0491264811335 69.60561392959877
107.7202539061065 7.708456499943313 151.804646670198
62.95460132421682 160.533157690702 160.3709677373529
38.00821531266939 103.9932264314041 166.492622318195
43.85796970705611 173.2904179846933 176.3505314706954
15.1107778861634 22.9740115965601 81.72282478255771
138.7590666826248 50.06641630940295 139.1326637528379
181.6855005945779 4.498831179055329 68.69341731584076
187.0245628673388 26.47641244821434 193.2939261277277
52.55058855392595 86.30489893404149 108.046564223574
127.8686386316719 152.2056173950006 83.85575550397878
175.4002499035031 66.18904466914057 79.28394820043285
156.7833452012989 60.46626553291708 67.84203759626131
87.48878328813824 46.99886906453882 106.8960431413038
18.59813691955901 164.9692522585315 159.9151066610208
172.0376517429481 129.7630713264579 177.1975586817428
68.82237335077578 8.173141431526751 57.35387711511314
141.1799562299207 112.2977231752484 93.65226062466481
46.29113309495658 82.67781368232352 77.24479417040165
13.02567090209534 18.88111979451547 106.8824188075558
21.73851394069342 180.8126341579046 42.62384528650428
93.85718669819491 67.8755370216394 112.7157827811834
138.794309253454 194.4643343265612 130.1740562951837
107.3025449254186 196.8102205979908 18.26740650280307
145.1244486915378 87.58933743259117 10.69863523443571
172.5910501878437 43.24353281874015 197.8546639377375
94.33713949912401 86.22155575301009 39.848594566178
85.47175024054862 136.9521823699343 127.532123599347
27.18612978496922 58.33505174405661 107.2870286370964
46.97020777041781 51.78245671001607 41.997658388205
54.46248691200722 6.040752947684203 191.4266854146086
139.4661616009954 50.91871424397866 52.19970853285585
68.13946844792694 47.22509066463495 182.7321372590891
21.81929889698041 129.8824294295747 134.4951020501087
69.85220157227775 34.99912801240166 114.3271247151977
50.43541428343646 184.1119728294499 195.0559791255183
51.8611294372179 24.09041276193791 150.9497531277357
81.50141245321078 113.3393026881952 7.862036248018586
190.641736433624 83.88035035385965 182.1221338983216
119.5094840587634 189.0390340994703 145.4283197472644
19.98024089774036 35.2577883779548 186.3492299692009
188.1698831445644 175.654382710146 150.4520216218089
8.696173527512055 116.5860472393819 188.6780020780904
93.62486855464076 68.91953127166552 189.9234471711161
82.4530409878131 129.7048048033055 167.8136348267665
27.02117201538293 160.1597482489787 105.983883237025
53.85871838328372 131.7798171370576 106.5459978583602
41.5277768033821 171.1518982167176 48.32146780691578
90.86769701348116 103.9060808936056 26.12535700826523
153.9741107033051 94.66871795305126 132.2736528127637
179.787344376211 115.7525675670903 14.78178318623163
129.1963317034877 173.0847173791912 189.2204432305637
185.2737375627516 194.1107844659724 105.5731906118523
101.9509663084822 35.05189306936444 39.30619267470148
177.7621759456358 34.17062448204044 103.6817594807919
174.920555713401 107.360053612938 177.4308308587071
25.04801729629479 52.25293071275023 26.92492817095468
4.617328683146965 61.28037215928152 128.4738468670787
103.0437013097473 37.26370342935728 193.0643917930713
187.8969281840908 153.6820960632335 145.2171952957127
115.453062109424 73.49636094721269 186.3394656516693
0.6229339981350991 134.9568434175516 59.05082550136586
90.90679305023696 197.9219393333848 168.5048612852574
65.14155090203823 138.086406451886 70.86303796454634
87.9417652090561 54.41975433106355 173.5612589596616
59.2074084771619 96.83494393722677 89.20331606709458
98.69879685773012 187.4960952880428 61.58460393857309
120.7417686543519 23.46205685321242 190.5044678547109
82.85382394180021 161.6045746646444 37.94922967592826
174.6878985850206 87.56051189320715 166.5595222211303
71.51555722666507 62.44880554511758 110.9476581928298
105.5631658089162 4.926122149784497 48.96171404074332
187.2550715244674 121.1643901047713 194.1166357067835
134.8396862950171 58.68942635204167 72.8992173437321
18.07443318060449 73.73826743994447 26.8152248601488
168.9863651948481 131.147829067711 27.66753203938275
24.18781104307413 113.8628148866698 150.2438574473543
169.6860313797912 112.0501070355782 139.8711243611093
196.2220126390739 129.4065515272629 22.11205830679937
148.4524079399707 179.9056298554039 48.54156572169751
131.6373635652299 93.45858234420216 40.94439018173038
6.22111827144945 183.4012516588906 58.83403823086751
132.0679381095388 77.09839015760497 171.2721734421873
56.77312428934945 137.7657760138128 160.866472997321
124.4286830891489 26.05741369175084 80.98094690130088
90.15206572515272 25.51531032185314 100.1891664012408
102.4081007912993 18.14905495167922 178.4251729960589
0.7441340569786947 27.87542836968209 27.5122007376388
199.1814474416128 63.71608781283494 34.08640905294379
86.52798600873737 186.3429837144985 149.6100940239624
125.1401114928148 128.0347824470077 27.89914265817686
56.97033466825908 50.89230932182829 123.9043854277494
41.19636645158925 191.6214590360395 38.77428818702354
50.1952552462195 29.89391942536407 172.7168045141777
26.2642341465418 88.52668051032923 2.464045220630722
126.2791568295508 71.55932665446674 150.1518192091776
88.87239476312831 130.7701863637647 52.31691282633274
77.25030041192559 80.94965611757148 199.7932177232218
125.035139783867 57.10071701658152 93.18721694372456
51.7510245896502 154.2697356309873 106.7022066498875
90.04974368610513 8.069317538195625 65.0771710219806
106.023320035109 69.50823784104198 30.13459654928386
89.71466145158628 80.06765371961771 18.61129617789775
36.74534003818993 152.4132252519805 69.13093276279724
156.0069640423002 137.7518294926495 10.3995596992567
96.30062421352402 178.6025706248811 97.11762432654146
192.8351563355741 74.25450503008429 91.40229763240717
108.7800062917235 74.3872824599673 7.910519882812016
187.2866011907748 23.21580198459756 50.70151397468491
119.5857425939346 6.308630915545924 129.1719842916285
1.064131015388187 69.84796968969162 12.42724259666156
152.2525459567094 72.40914066310293 195.5653813837683
141.0424106054743 131.4506213344171 194.6954511828211
20.81250649269981 170.4272240551818 14.65627224340929
149.833304939887 52.83053737344798 28.48437391042853
157.3419744250212 65.2732817094258 45.77760606982892
119.2850759756133 185.1838970738323 52.57789571431738
110.7593029085689 35.15530147223743 96.49349319481047
66.57004067713454 127.8984431954685 16.54230714211835
22.11733178689818 177.9479399628258 180.3399331560141
130.6917933284442 72.03574335996808 2.949968239378431
140.9290018876772 74.80249143011265 133.0028385553595
144.7813037267142 152.5902186069986 136.2289791464683
132.6243891699609 58.91559187762412 184.6637446967048
104.2165770215747 24.90917147079967 59.40811320376126
160.0049988014099 1.192280041380951 121.1167029245067
132.2349546917059 56.41981234274621 118.3923987248165
150.6540387820198 9.579274816309821 158.3784702181203
105.222814460508 144.0197676947846 118.531346012665
9.273112642964163 88.70799740476014 96.98384282374556
85.37563641839799 162.7921725174808 0.2073510400828951
62.0732226522949 168.8528753633853 57.85322449785979
98.69452084218088 88.3335654535295 61.91604509523737
18.05432316555986 88.91667001498793 158.2276423806489
148.5889192859774 43.41816392926544 180.7616960906805
84.40273771850471 196.0770952254966 46.34483165079352
56.37780506464432 109.568755546686 178.5565863159672
10.3820342049031 67.73692975098153 156.5491900031483
126.95765651052 39.09444049159307 175.4296553374981
176.3665001149767 50.85034051886949 133.5993295109837
195.851400737032 61.3624743875931 70.99448650294312
50.21817072613012 21.49155439811388 7.349035793423742
199.5691595642453 22.63897833926622 149.9598284019638
13.01999532742438 71.45397974861926 81.65584882881484
147.2695663985056 163.5325366212862 86.21523000931072
56.89497225072524 18.38189044140761 86.17733095504154
64.29812015366561 198.9059083264123 77.45140381318025
127.3295841959572 148.7370714418709 157.9082908695792
198.6304174671869 41.43040217760664 137.4593290892078
27.65747338229649 21.22063830242764 8.446034875541949
15.11359731459346 55.89542488719832 175.1946910607358
5.148758661994038 191.2449851719394 31.38984147796982
166.9023863921616 188.3707669174259 1.032562706576885
8.043201225999534 23.92750188742029 170.8768345382358
37.82020699552564 149.4171949925443 32.60381451717004
5.770123214359745 192.0591608457357 186.9658590433655
118.147360893525 162.5090323343762 119.6999126908766
28.93148161439653 73.95829114708627 145.25867094434
193.8509039457323 99.72654167048205 84.69538644381899
139.0894555836649 90.16241495390192 149.8615628493314
114.173787381728 16.45775206534109 108.7002850534974
125.9265256243733 108.5027506551772 149.0669634714044
113.1138063068066 199.1780155153089 172.4459937367955
72.71838580363524 16.47785319659054 146.7923413125137
122.3150982389118 199.0408751869862 34.99779206376765
110.2795638681657 173.9420742241013 19.82955181005093
44.08435267811159 173.7248895964438 70.6173750946059
101.847559351488 85.00609961899168 125.0835513358499
139.4032156610407 23.92962116770929 64.20307251766872
70.25175147725754 33.45086467646724 162.9521397196972
32.3070881901766 73.46463152309764 186.7516903042502
11.56106386049664 132.6157988038283 173.0222724433476
21.25012527308582 24.91378016831284 36.51169896223775
6.322197060921619 164.9008932468474 98.28092699212449
178.5132826777871 24.68754134158926 29.93795324734351
155.1960311776149 82.79185618164377 113.0978877740982
146.186531595746 187.4535528798856 185.3304995154567
166.0399859800121 44.77137137205758 41.9993735990493
103.5991324498293 116.1798912655587 11.58813435624953
25.87159413121495 149.8205527251778 144.5225059627569
95.52101538573716 96.10043764950896 3.795816093543935
71.32852214197636 114.5145340018178 128.8532614999509
138.0304902188853 4.206951344285029 75.12980610628469
164.4495484871217 174.0298189805482 75.41594845735052
180.4471294095111 9.430096660424722 126.957776073398
174.8201367386144 108.3072775056679 76.06622733403341
164.8773505387758 22.98870231703311 47.86657450506275
190.4490675017751 148.8347076152158 97.8521074411296
126.4406912622455 8.464262399175832 10.49444169792374
166.9032528881346 167.9439717797734 53.71334688124055
73.72221298355586 180.7775292185366 167.3668067191918
197.2034920685737 76.54719626450171 113.5667198376818
116.0063998931958 151.8643365815567 23.12733098097177
65.10294665419086 40.03444950543051 141.9662527339117
194.0504161619018 6.869614471027958 87.4484710170004
137.4436166278434 156.2078392910381 176.6741013104423
7.957576486986554 5.222040219350801 69.72446872103738
183.3318173344084 189.841270371795 185.5997088241865
50.67206383555187 157.9181545821989 16.08635446175042
89.86168665155763 22.58762497009746 160.1728441991252
130.5971211430382 1.01843386098668 110.1712928974677
187.8611196776617 44.28102292488037 36.18086324410291
9.480844826498776 73.21006806866289 188.5639056130534
53.28225196407364 47.95753390098307 159.5092961224765
122.1773144190896 126.9180278033355 67.57692549109467
183.3330261660752 55.87371159908931 13.19582168403528
124.8770798963678 59.16911319585886 37.05542416912314
72.01760306618363 184.806652115756 1.688319414816411
47.34513926023524 94.67157762907182 12.15012373568282
54.52526468648892 153.7548229549392 180.2018040243699
143.6523357753013 106.4054895720914 55.63297897744012
185.9082284450498 26.85286594836907 167.4493020186403
57.63831045545881 129.199524146276 51.43917286516425
12.96248200240992 9.90607715799338 21.34156536766348
49.11272264311594 128.5543751055378 84.69802686699749
149.6819163310217 157.5650788987342 19.21713835784887
128.7332033542159 174.4635418311442 166.5600484249581
3.806571530858806 123.2637235771032 152.7917727217017
191.0675792944588 46.94201032543005 116.9000409107968
25.42284025619004 90.32954511176909 81.27332177770539
167.973934813406 199.0160050208781 21.15045854855654
40.39176886047868 137.1300713354657 123.8745085302848
22.51381769646773 181.302165761662 99.43096488673973
111.3084971161318 103.1942713391559 115.5996419621088
39.12345036948624 74.66794843375077 18.67056259234209
110.9740133792816 128.8607810433341 48.05839137717489
146.4805639103738 39.07947091015349 120.9687376427888
165.9997194368253 103.1235019164668 55.92690903002602
100.5761171883818 113.4645657168082 60.9076236835883
99.56272560566471 146.2558792999452 190.7357173642843
74.18748075064292 40.27333287489586 89.92246260027052
94.7509352878278 54.67591810241348 7.419540306194461
85.31906169929134 32.86010822344229 179.7713807564621
195.0506163722738 43.07264753930306 180.239795667476
35.94137045277029 47.16472673347632 175.684760393095
151.7530917381947 4.937228354049245 100.425080218011
131.0003223950918 78.62335142430008 82.80670947580757
194.5556025473816 95.672711970035 125.2913465233517
100.5314413565381 195.3280366696262 134.3315666376004
148.1135605334717 196.3186633530555 10.73162569831936
116.3981296212644 90.19189023713108 158.2422347582877
84.90878437682468 103.5515079609812 143.1937399628736
157.1433686081174 17.87131232631775 27.2690391936995
28.18365887792292 53.86696675943995 155.5561983316683
168.3825612751798 155.2522104079238 0.7259927109553846
135.4827013998839 73.15004901032867 52.59967603441928
147.07646037074 185.5979181565376 111.1200862209489
185.3914003099143 93.66093607083498 104.7430122779039
53.38681967835819 82.78291029626907 55.78369310603902
37.87754116921801 33.87339179150558 24.12152849939873
133.9295367972796 168.5023563794573 104.2013318782052
188.4709810724821 78.06784397680153 47.85501848070925
171.0026606947673 8.938940671700834 172.9026297748747
165.8806197235021 102.2651195976656 97.28913311673762
177.2752483826492 112.3028488387027 36.96398703074421
61.73224419604616 103.2343218520756 51.05537174347531
158.529325433397 38.59355700965535 140.0698766847017
21.05304663329273 152.3131625395385 47.46104520677878
72.65548045179897 149.4805970187227 13.81458543414265
13.16412700275341 143.3971049278378 99.30023783553413
198.4412837961832 167.4888907103844 15.73215011087405
44.87956973687647 134.1246996137205 17.55179912711484
102.9993581876098 132.4627646773438 27.23325980899856
179.8381377530869 45.03111479720227 155.4924767586615
26.79345242689748 57.31055540500584 130.1409643272834
197.0451241974754 175.2061918636749 174.7137483332207
160.5654950259553 148.9407120334287 180.494304202938
32.5230026821 190.0818370119086 60.17487873470486
76.4161745193867 185.0434304042082 64.36525122279754
102.4186064709442 36.99236270958777 148.1276366241719
47.51882361140169 38.92959698525242 193.2461876545987
124.4625081095412 37.35689300651948 153.0463082346337
25.32960882478189 29.342310052445 62.61041840243961
158.2240693763169 61.0637611294868 142.3629847434112
151.6911171379502 51.56553004519142 5.816807182689918
152.3625699823001 87.24413054410245 47.43361340644277
22.47123934105078 92.75262518877406 180.0459279409992
89.38893699188495 103.412674576362 121.0539070546312
121.4129707801666 109.4853388649122 53.14543455329095
134.6903416037683 17.16264025856836 29.63979832411376
158.5160822907742 8.368053696038672 194.7046919547874
170.9964794109996 147.293761885105 85.11466538680693
43.34845268875223 170.3107798985078 93.19871753271453
11.2515593919916 108.1792459927569 167.8680264225591
13.67021754848834 43.28474393180677 118.2531560130731
135.785204931834 126.0473403105376 47.72322480780133
2.560666756668798 169.300190218528 39.47152527677736
122.2730233513222 38.54916837038241 60.05187027096837
92.21041989467312 159.5626121354437 108.5635903817414
1.296150487706296 111.4426413299233 9.391422514918203
30.01746970921064 150.0550644591598 11.41480491751381
38.49549984805683 81.5107603064631 164.3571994517256
171.8810706186838 9.321754610336884 91.02211162144582
183.7752661103824 106.5944616961483 156.6637481551873
82.85943086595154 25.06678675591598 52.05223478472926
147.908611183287 141.149424703145 163.4837257054286
133.9532840096776 142.5784036179099 13.03064437665855
178.2708911837669 168.6556416319172 130.9003053404593
123.9531123374727 150.7138630097642 193.9392178620802
149.6544114834617 100.0237083160574 29.0051147629694
12.11726758185896 110.547941665508 127.8342143108454
175.7794276080661 150.0547496887991 115.5357970927592
84.1154097543685 104.5097326697368 48.29351040279564
82.1691417205936 139.8517226895648 31.89879262838968
28.63220070217585 119.7648939871618 115.4824872231424
0.3100813754377468 136.7625464655885 135.0204754940839
100.4823864879649 1.414617544586187 98.58994927614822
27.53399070271685 131.9910496674891 72.0196734274473
22.41312488626293 66.52529024720988 5.836207797593246
186.2750952809101 43.00226563686893 80.02002766869651
172.4619357388403 90.24098131271408 37.56978609376589
171.2924308748121 20.33472359850685 8.981459800598444
72.68695223414902 81.56658818959185 98.97266844159222
57.72330001015708 95.84804525419113 127.856485801821
2.885958321361203 107.6988009061237 107.4153949304071
135.4416921060822 20.55600592690197 99.92061798027261
135.946680813186 0.4321805803984436 52.95620054913764
89.97693720947086 124.902789974783 189.1573298064332
71.74853701359987 27.53333903537392 10.54316577173678
190.4931828731371 15.97400904993082 107.813131114773
143.667736216333 30.594700248142 162.8284595518979
7.024609345273134 91.05637327971472 17.42119517307644
151.8036597613959 64.82121181701454 174.2936941574775
177.230598422711 5.129818752104975 41.64408020955782
147.9083406757947 139.6930545207155 32.91794078067671
32.29011119043071 19.45723957912774 120.7154364703718
138.7758343087405 89.32371564403309 189.0432025150645
154.9179279985979 138.130260843814 122.1427430376134
42.55012426457913 44.88955176415226 96.46382582972703
160.6456686417575 121.8386253080849 87.3023716330911
4.35691634985561 53.96862122893322 100.0394171455196
192.4934351227532 120.5356214449302 172.1523993974942
30.57523358963853 48.57432114231985 74.3157834700224
176.2861151485779 80.82234765316555 120.9456722360881
191.2086314525922 116.099631118838 134.3358038112562
145.3692181407617 120.7340669741324 20.90226509085144
120.0446408842982 184.9034205341689 121.970241614748
62.49653628788255 135.2933960491447 128.148753331044
71.7340396455277 49.89411564641517 69.63256979843355
103.4852582705383 17.98956872495128 83.53951919365983
96.50479427512764 120.4077168679161 152.767891313855
136.5051224682741 54.67343615080664 161.1317008414454
9.9422873292521 90.3300869645476 39.80920151344604
55.74678061171102 43.12833911818746 13.860039594019
166.117584195112 168.5542992801777 149.941023025155
89.31255840455476 89.97112804862094 182.9595479380524
17.20025032473968 2.7413084814893 91.54775751161492
48.4312359094812 62.26632064653098 67.80803603641498
137.8015656770445 171.6092685003324 126.2380409670719
139.5058392491145 75.0653444895233 30.45450624963017
50.15322395167773 81.69381400712599 145.0096603742638
84.97738570881425 16.83247770834775 195.6854593039756
99.66222242396776 47.01871663664284 60.23657495364766
182.9511160134461 172.5031185723736 0.07406666090990857
40.06607854956508 117.7212050566769 59.78944078519388
152.3095057397861 87.10472994969663 170.627452341942
67.16370095662117 104.0879949070933 109.0616754127546
28.57581189754667 186.1208016187064 0.3837623710273474
82.47768643871512 118.1550908651461 73.58472594272635
26.35443856482359 95.1279600636032 137.811280497499
100.9520605774318 76.30404318493132 169.2485068078301
125.194559274139 94.67925985735552 97.59900184741906
79.05898684603864 14.85852965259299 83.60723330130101
21.67296520501082 199.0500458193568 113.3796065765969
187.5537096770598 158.8178906502007 52.98105810885374
74.19379685804988 62.58343285514164 12.58391766735637
67.85875889497667 27.65793318310509 68.74139620399927
36.70952101920043 39.2096306251639 140.6319817520559
77.36773494427449 6.124618791108453 104.3706535727168
72.3885971204342 120.1230918317795 36.9371833527562
65.81431789161113 195.705991839975 152.371294025564
155.2017400418786 0.1552773714476322 41.14827372288705
94.24902715520994 87.66412630125612 101.8291221753426
156.1625104344561 38.81764029712971 61.42233177162273
59.74447563658521 142.5362505928619 32.33500202850759
170.6971194514525 102.6511357122564 119.3552781889128
107.1924188179422 128.0632976534932 134.3986694078013
145.6019364175588 108.4172310408507 1.967418064341833
30.81565477255885 112.8906815038584 185.9698847962302
80.80522592585932 62.3276683799604 90.3575963017604
182.5661138462746 99.26782690723641 197.0859385777565
179.8053753068892 137.5635074796569 8.904564606476768
108.7338275837781 177.3656540715725 179.7049625701443
188.2576846653565 99.28361957617071 55.60800769139019
3.230743987727843 168.9166935022161 75.90792753313683
56.00548044142801 142.9820716482479 0.001259345041905427
2.676311253020575 5.554541951483287 123.7275799995962
42.18612020522052 126.0832734969747 143.4962174510283
31.42765634287635 18.86107250568678 165.9645002440251
112.007841116303 136.6239223097041 6.940760689160911
17.55417632392205 120.4691690958644 55.34910930035501
36.86477287926843 19.74985539046423 187.8712780363911
73.71703869000007 171.2664523675084 19.68924004386366
129.0818981570715 100.6991849769731 19.70040116141959
97.09882152701486 102.2633049990698 80.21306391246185
193.2145117814115 9.428149931054586 179.8290059731795
8.167447393317985 51.69935437250302 196.4813550551371
23.76551835671497 110.451897134792 7.291502534297514
12.97130163607257 109.7375456429841 28.65395548481814
41.62176583185675 107.736914718105 80.13938523494427
156.6571384231579 188.955906027951 165.37134000073
80.35135444801574 49.41492574459992 128.1911682705569
92.7889743268437 142.6479880745256 148.1301438804135
152.6865567254491 103.7956240195171 76.17154552842301
36.08021520119216 159.1291880954097 126.6510062313458
156.7329525606293 8.582228259499248 63.24123824893415
199.3130996068802 32.49286094484649 95.1799404966974
175.249497422365 176.6376815583963 168.9549640806223
125.4183732668714 35.40619778982988 113.6780981000338
21.12343311475416 37.83427189220856 97.63759585157739
184.095108833211 115.6245066848623 97.43659259698316
117.6151018490626 111.0034896196582 83.81228411544825
51.85386594221762 27.53796230716033 128.60371463187
154.2276763354813 61.27367427777006 120.1312887628285
137.4906521531117 133.1418816741129 145.1096990736807
189.4198322820106 63.79099166374957 192.934266594516
45.79976193258082 103.8575210641508 145.2903695090895
28.3608144978446 93.69793563045477 24.35288826350517
161.4639627395936 104.5091902894045 159.5127934925326
186.2547839652212 168.5885225982482 107.9742514445892
167.9233937419285 182.1602445628531 36.18855027145057
89.148941873464 32.78757415221072 74.27957218267731
107.7524004756507 165.6268488829984 198.9793078935567
128.4950156285071 115.3870961685643 184.9596132769272
181.9091061857613 55.6869326986832 98.19421529697141
184.7081879695095 177.1190405436954 65.91294649014294
50.47035471180775 150.620426693707 51.27963309187682
114.6068638859493 187.149631402 199.1996087767922
12.7464034742395 142.0413155124587 193.5165918279638
188.2548782380741 185.7646252229471 45.34759333465981
135.0208812499048 196.2551634205386 167.7770664650735
76.66876346768341 72.20258932035571 35.2907840599858
55.06357966513671 190.3095172686823 58.71402760771071
59.12231420964783 56.96531745543364 86.9877620482925
35.86426478199932 95.63254580672449 61.95704421637762
183.1086969713794 129.0686001219848 79.31073439403369
37.09022316214512 65.18062011322658 88.17394536507953
18.85997040901555 185.150489107185 77.47421285520063
175.3130995461758 142.0018331585253 61.7928078469196
113.8439664281156 147.9749359640719 61.9353373660648
193.6813033891069 152.6371042620034 199.3911289503223
165.6199281400996 27.08851052057453 121.3736562106341
36.06070489414783 76.98668757005835 124.039200999072
157.6791617427115 194.811124820861 81.12208429233658
31.6492500208249 17.3727150663842 143.4257124277428
4.475767717384866 48.24895627215601 18.49791870999397
171.0920054412232 72.60624686049435 183.1034918981518
15.43883286084312 90.17224036352208 118.665696871559
126.0378790092173 136.2675031015705 176.6992816132671
67.22857252186773 5.370210800283187 10.05031091123768
138.2702307944912 187.5744574140672 90.41259816022625
198.2136385222586 116.2306582634834 44.475273103557
89.6512219373778 190.4954548600361 115.1344507171769
178.6932214543752 91.35472445960231 140.783395740738
164.1049555580431 99.80020963253305 11.64448173764756
14.28509416921973 150.0168565534632 68.88961175522358
93.62957379434533 65.39471622241437 48.56651725525411
32.4035259705272 125.8508539544558 167.5368841183021
180.4647275011821 120.3699260523982 57.82087679776248
160.8020208492541 77.23930033681725 23.24272391130324
101.9349969844905 33.61029190275539 117.9554691079363
76.36778940250895 159.7806677625014 72.80717754770525
104.4384364673817 130.8793077965489 172.8659473924282
80.16044217537394 47.26271010130876 48.83996507696082
172.9380561450883 66.14888003863558 159.5779270160423
6.400206152174022 154.6798692713981 175.902618713535
28.58555722132144 126.1488615428352 93.81458406671929
56.16112005371223 197.3000237110008 98.46264086565645
155.8296812074457 118.2884715417517 40.77472766102012
30.03129108814273 8.111035299072238 73.55402717340803
91.28654565908919 130.0518960745803 92.67773895099027
44.5834331074627 3.078422269644041 156.5785538175216
186.3216974896148 135.2145938725469 41.56747691200868
126.4773172853148 119.2785551333368 7.119246550016286
102.5353567295838 52.19273881810498 131.4184706591003
57.62758328389973 93.42023127056915 162.8109646968313
62.92933296791414 164.413017523475 198.2583050857928
121.8436196654742 187.4432646556191 74.90747064656692
65.45319331625916 63.88388553167673 53.04664386988651
188.3779614436843 82.67915394990473 70.92249387251657
58.70102028858121 29.79060160156498 31.86599182233514
148.914264223783 81.60484168588603 69.06660973540957
6.92626231832615 28.98253131270918 3.825839537477689
73.27154125068775 97.62833360234141 71.54449112447632
51.95104137327881 11.10943608967494 42.62310713465546
147.002048471267 90.45639060464356 93.49243106030532
183.0427105623935 166.3930276810983 85.72302851181399
128.5415108536936 186.9276179526076 16.97683525694698
5.749675777787119 94.49840904992598 195.1324485605379
74.40554101987797 198.5466054597854 183.9184364672841
144.4365680272532 123.8765745301114 69.93007793470917
124.6755200800932 36.64723233389385 35.32688251410481
19.18393556108958 33.24328248052791 153.5747639570208
3.361823427948666 101.5418769639132 146.6090277643731
153.1631115820395 69.2802939332598 88.36482541174752
137.0962637645632 72.97299176312136 103.8108546558863
67.90220383324861 117.6196030296572 90.8338239579015
87.06905459237211 179.9141247061993 185.5706237959643
94.36770683929885 157.1779446449754 86.20466247037271
49.22340723994324 39.86582074012929 65.00611389894929
6.444770764641347 145.5647599955398 155.2343917043748
111.3309171965042 52.79827797096996 110.621046399784
77.82758114889495 84.0078142085584 120.8330054284624
161.4926713210787 170.8509410940912 185.9114694295715
89.79916322793196 158.847904468447 131.0121608795088
65.31788099332364 25.69665581301492 188.9633255182935
111.4638726380371 151.4249108594173 138.939084481271
192.6848882989823 64.43214677191938 170.4130437295129
7.637917892660135 188.2057287871045 9.145160527773877
126.2234862052586 167.3528651667887 145.1612689027141
83.37541956925793 48.41442152700276 152.269338257339
180.9225342357682 57.81397581546872 54.41742105397795
13.55442932337273 98.82461898387156 60.42613697031837
65.53000159124097 11.95879765646105 168.0565521846411
69.44128594572216 112.5178945485212 160.3656370256923
139.1659701807328 26.98048824959571 139.3934412761284
23.65122787143901 169.389863427679 62.01768620040939
199.4562250748097 114.4944531962648 68.54764791380667
180.6987798215721 159.0632320491606 182.0585372285684
179.1287702326408 188.6090348363755 84.54392229668655
6.332961405984976 170.7849712625775 194.8247073800705
151.0965762218737 110.4833530497449 178.6723940675892
73.08459639591538 69.95349314289106 180.5060599001264
72.69231746900469 84.55454615827254 142.8237119757282
168.4573203490858 149.0389309556228 41.44765212202912
74.99321937850041 128.9212046682806 145.8615252983149
94.07804111971888 12.43333040445681 118.1990742858896
40.38522194495692 163.9667800558657 196.9067365677378
37.06016785793435 28.30841503757274 81.89872360713861
49.43599431609803 116.4321582498131 123.6283579674294
157.2284570222445 153.7984716320456 68.42952852175809
172.3799061177727 25.07853730044511 69.07046257552066
15.24982392919234 13.39795455072904 189.5169992179169
51.76225114614746 62.78178979602887 182.5524935541383
56.0998686267639 177.2381889270271 110.5096674063263
157.8839727144877 162.756340286524 120.8916607510007
135.5702433451402 126.4984849559686 110.5589605607647
121.2582298698996 88.51186871377875 136.0925153598966
126.7471941416229 17.26389155631813 169.6290980785816
1.100974824895326 185.7798223364837 91.42003259160046
110.196501394717 17.01445406718802 28.41546846894768
174.3280775622602 51.24824357561189 176.498393368221
39.51673085866716 190.8525121767135 84.61879268533427
196.3554638282015 42.00124731626082 59.36902216096595
147.475290761255 112.9159399635717 143.8954332020955
96.49820894559062 85.01754349262472 148.8892253267655
89.42359975934798 134.9975625714953 9.357652174936385
114.0747679039806 111.0044337616158 168.1337103633226
74.56011577095884 184.2390487239717 99.53383267607737
37.33212185926774 41.32653615199983 118.1511240291829
80.97608426184364 33.44043646999474 30.99225868633251
195.7698216197525 156.0518361508153 124.1776656525463
89.25360817735069 54.39569722051557 29.32762348694862
111.0967388243997 111.1285950546155 33.11702119052777
86.94861159165825 108.8877382722869 99.27482477506592
197.2562366491086 7.855116007166646 1.997725438135057
63.85058752784976 176.62778310847 81.15905193918837
35.92155462374301 10.80924716264651 26.7099592315788
53.80245084699838 72.45751000473115 35.6969703038025
100.1718565127182 148.1139784362929 43.27394274956337
106.6816201152576 105.7045435298244 137.5748966763646
93.87726679528282 182.6075839053119 6.940153187095025
193.7807354802562 83.01063558521493 155.3780538418145
96.00218521893535 33.14249497671539 14.12842356850403
110.07518964236 48.51989047789982 22.83165584371855
149.2106315827897 107.3071686970749 114.1672474012254
40.86498042778592 30.45386845188932 46.24947374843317
7.630502745751599 77.03596717579194 59.77595537330891
166.0781919859132 122.381378560257 109.2686901935877
19.48003439941983 111.9695633789672 78.6933095955909
158.0463892024116 47.88713514203566 160.7098107952107
162.2659470786367 14.07742787978179 139.5319620602586
23.32630542555605 128.3409491511964 21.07743134085992
130.1165938558143 8.657098245530889 149.0176157066609
49.05303160379883 64.00086211004431 107.2988285012658
48.5529520206268 94.44606814627602 34.82834509651946
125.2142777393045 116.1388522256921 127.8197174966946
143.0030253651367 39.21781365101774 80.92908677879814
13.36038594212018 188.2670266603601 133.5893727804837
147.739382879827 150.6349116551945 104.754132993899
8.238462869163202 184.595623272387 155.7025855483212
25.32568326724909 104.4487789468975 99.17573045728825
77.2210107883966 143.2869753193256 192.250748347096
169.2282194526726 78.53156043224317 59.67717719734737
13.81035420434185 25.54028671096057 132.2308465418681
40.44424099059374 159.3068883950142 158.9416298394928
72.67745624305822 146.484495963969 51.29409399959072
145.3298182990433 162.5715188276295 156.4856718061206
147.9420878487544 179.6354807087471 25.96000449544207
121.2229259310488 5.663995052691164 90.15122184526643
146.1374126148404 153.3005343979829 197.3193611870347
160.2316952441975 82.21049936303169 150.0471653093766
74.19261754321521 162.078000439055 95.17349671589916
55.15866011323359 17.42167571147111 108.6789830963747
87.15327267621095 12.68276804399423 17.78308710014974
175.9789577874068 63.53711503292598 33.13202684145156
167.5627297580249 30.02370737760781 180.2417848236364
129.1366624572864 91.41311811638326 64.28080116467763
128.2291839195226 130.2334401823856 89.08610288595786
185.5096729580231 184.8202394001401 22.26340811710276
123.3817494825253 18.80895942573213 49.12484349100763
164.9400870159326 117.7627424859211 194.9705686847112
114.5960672490182 80.40130862477807 47.97030275227531
189.3389337421126 193.629335662042 164.1561417736102
192.4663647844264 149.096364994254 74.66508473196909
167.0889548962405 171.6447967137611 16.21378738326213
124.8085705953672 145.6367614125191 105.2508313201798
28.8589965394272 156.4980194003938 178.1692951908904
194.7081425751742 23.37068112564533 72.03596616826462
76.60299321419599 172.396630874267 118.6608559706523
168.429425571177 190.1950666699788 57.29420383514115
171.7623404630542 75.83366756679213 99.383937237024
168.9650200681201 148.2585327511263 159.4403072747524
193.883777403386 195.8673862835798 142.1425746457784
23.75020740743015 163.9492615383076 83.941483843776
34.27539364782765 195.6251386556668 137.9115681087612
106.5230545064843 173.2527638875413 135.8153899411327
146.6038075444257 33.48591244484513 39.73343265192956
19.94923432106966 63.26407377771252 46.78186369928974
105.4379076666097 167.3805459136397 53.8250504497426
4.321844055197423 11.07305686723558 42.17998428732547
167.2002010789151 149.9283356573578 136.9823515233023
112.9159528473478 163.3118878785728 97.73973269170055
58.30047251707128 73.3741823148985 125.653354232688
80.20475471537473 92.77082524197263 162.4786583674251
154.7773558400837 136.4014324166063 54.23106459639592
47.22448173782441 129.4330844429678 184.2031968990597
101.3240960455575 62.11666893796536 151.6746109900536
125.586587833412 138.702079726507 126.7349218347022
48.33503141270263 17.31497376280784 64.03986363997313
133.586974949673 40.55608753077919 197.7885621583469
180.4831207396477 10.82367438580707 152.4861584965314
68.51421736823573 62.35741849204503 142.5226539026189
153.11957462285 19.11663853597981 82.89397108942575
179.05640773501 29.18790274527429 139.4102046410899
132.8120192066488 164.2606889002441 32.66475594972181
99.62542307934848 67.36122913325964 70.25619488074693
127.8344055711935 164.3830326993697 54.69816984632776
16.84255247833367 148.1615351148278 122.1919253323497
38.01261305041994 10.46732615550902 95.72088296911882
86.67389044041818 82.2505421785165 81.24820254955739
75.51919917146364 126.4877392860509 110.1625164233679
145.6208436597096 51.76300915145526 100.8028071327302
8.625729037238731 81.14442151850974 138.4544910694453
8.767596048912624 44.41021799880373 78.48105894658902
6.58953528946434 166.7606409378034 140.866548610843
52.84155947964812 184.3580466339976 131.6980900140634
167.5852117561837 87.35327577723541 80.407358363276
63.75754224947585 192.3835302163136 37.95460491674466
64.77773342704289 105.8594386989986 21.16111108221714
31.00221056799123 10.72851225677063 51.13818933166269
10.64202387297033 134.2250492795061 38.81856495390329
69.83385138138736 140.0332254546538 92.87339733894812
87.09151979648226 163.9932050390859 152.8400664801384
156.7742285568032 181.2742081860072 133.7803631010661
113.7845018935449 77.29223758875179 106.4174381020001
32.51127038401987 180.6099682908441 120.6429072249874
43.91053162239257 199.8183836001114 117.2733839526888
49.31108588803777 147.457846938645 141.8758059491
160.3224176101301 131.1467503534557 147.4804475936641
59.24339557582549 164.8519402617968 35.80225812610468
134.4993231267511 90.5468770022138 117.763521209229
73.3942628562413 12.68875668689394 35.69814929362914
91.8725229899716 109.5818920102672 172.044998821898
97.9237452615811 199.2372573975825 189.935893193378
43.26748300802636 94.24784284130487 188.7374225290628
147.491192841487 141.0248521101728 84.31289962828744
28.82227738713619 174.0795110782727 141.9503751594815
107.1124618288542 110.213589880324 190.0864303118668
93.89040034426351 154.683729682078 19.49501875928404
105.5357710133384 14.89050787705584 4.841999333534423
190.9041418805383 62.49035918120703 146.3832712551974
86.45828081499818 193.5337270015149 82.73187646515585
103.2998723625688 63.17803396117218 92.23559301013817
47.02515537981439 114.6450252142031 1.604344828212782
148.1798707362592 156.9336688423073 47.51080966262823
30.84098918606568 82.85957137664603 44.01603979004376
2.057899646982081 46.89408464319611 159.1079129370955
168.9798674017539 181.4570203132204 114.7737997789247
58.52269222617762 161.6801157851851 126.9381295723761
54.88461238585977 77.8644086674997 199.075963256129
133.5055609702014 99.58083834025071 169.6195252658758
35.33542710471324 197.8746650062745 182.3167640477774
162.7021966684698 48.87680344984317 86.30592048455929
66.85146953387893 52.2568461404455 31.2845931366019
56.59053644716515 155.284671404853 82.75251894192171
102.404037310325 185.7963594325577 37.37138601540204
183.2755288082877 131.9034254823274 149.0373575784073
25.81278662080148 191.1088401310988 22.24120562774909
172.7241177480661 80.2565388919668 4.294818320769973
108.0435920037005 170.525954530152 158.1874936333926
50.90936886134979 179.0579577145261 155.6798488486001
9.847419306981502 43.8058133053268 41.34199060591808
77.86580710761007 82.62219911154513 55.29731333462504
148.4126915375186 174.7888707562135 3.902218149025501
88.40443798823711 69.53117904655467 134.5741661360076
31.1131013404516 130.5970631137124 199.9933759147386
137.3696477579339 121.1853114060397 164.2743669738249
154.0537916759698 30.33096260943919 198.3434914507964
43.47653201378616 58.80641666604005 3.187576155637869
188.6857283657041 142.557489890238 168.8664659177404
71.63724738146655 150.8936520945225 141.8351602283443
65.04941825716323 82.29501342649039 18.75613075442338
136.8455725649804 7.902089990113758 187.5355925546398
59.36804289360987 70.89952216792881 162.5833227721949
109.0919177577066 90.84437869420698 23.38080547697178
141.0032143237086 183.7537404485745 149.9392399832739
54.050267971518 6.430850049757786 136.3448927678654
131.0031945132542 53.62338181525533 16.03221372188535
175.6213238345145 131.0858696750345 127.8004008372672
36.05834916657486 128.0556292166687 39.73423133068403
29.62957273807082 80.77113481157545 102.7182843890011
92.58414749857722 149.8197379933415 169.5494584419483
128.9739517177818 165.3128043122838 10.42917347121225
71.24701496881536 14.78626718632294 124.3149077177797
171.3588805953572 190.5881188188355 148.2992847078633
136.2361068075077 145.5003327867357 63.96100231774658
12.22347959559922 170.7599700078331 119.3600977087869
104.8813655424484 39.54253159390297 170.6652038867836
36.5033280949766 98.73665042808985 117.9558919356919
55.36831205072407 192.4970542091654 173.3709225821601
190.706328608726 6.763358451130934 23.58864934003019
142.779166224345 34.4019724329383 17.4894346730486
117.4382009642443 128.7135497607775 154.5198775400533
165.6557037482297 39.7457491241025 19.06620454670984
117.6229763786173 60.59440763688045 58.40039082352735
12.09954175569586 153.2602549351737 26.74393215932468
46.8246396418498 110.8219537702704 101.9034852706182
184.688090722846 94.05093306539372 18.96152232796127
181.7317887152619 164.7839804342047 31.98651102921594
115.9016945617251 54.7678266872301 199.272273384285
64.78473518187222 100.9081999429789 199.120282526845
81.66601582403227 70.50054644035325 158.991196385554
97.5442650033005 123.2637198497005 114.0049149281704
112.2203792985539 166.0893082303209 75.33296940814347
29.46116809197266 74.15963039590611 64.8167789552426
125.3473944751302 145.4301844723146 42.66212974081563
117.7072901083216 185.4069707159731 99.50821924288906
193.8288725800216 183.2258723735885 123.4222909191987
66.50276624626217 123.5175044661411 194.3823018555554
155.4283969168013 31.4334986446312 101.6882466456269
117.3820648547793 28.35401510185556 133.5765139270348
108.9143446513833 139.9942844302731 82.48455352137196
86.88574344606306 28.59717961595293 134.0381108758681
115.7607014616543 59.25195601800733 168.8105317930589
16.85452175265536 2.087269918532179 170.0296593105704
74.46458806627574 192.9416066828621 131.6881479691179
72.63302037716284 149.6911159003938 113.9988617211779
113.7588579770539 155.9546348852341 174.4746557177715
69.15230647333247 173.5291491603064 142.9653890429625
87.55025796585589 140.153921308989 72.82203321645237
30.14591344045152 106.404813830657 42.9433701530245
165.3887860441496 26.69679339397706 158.0052112186467
6.482692229821835 132.4258077878631 80.71925379580159
75.71420423827777 161.5085228733194 178.9856094310815
37.34601834412711 146.7784581785062 90.99748234808708
116.9707405653808 8.436573740228162 68.13998329669901
26.95911433688908 43.67805220200097 6.114296036138352
30.15136810196239 186.2547720456067 160.9308561247515
120.3698256132156 30.50935083817401 13.36293039609917
40.33079860306382 112.8396774597522 23.59476903295456
46.09649634296996 59.73197506387977 141.6210567302504
46.58783668976281 195.1858896979882 14.36473406211178
109.1685922704886 83.85952838605313 85.30050797267168
165.445790293699 163.6907209117023 99.62650571687075
161.8151410851815 93.8895932951166 189.9631174189101
66.93809679009493 73.86014427169778 73.96838675008327
