3 1024 8.065541880690292 0.649284500000001 1.4 1 3 200 200 200
61.551674743379 11.42336218580932 63.61660426580305
144.0452084484442 196.3491739588374 82.47119184023066
12.54312382587718 77.46551851881929 197.8632584750058
69.28353939853979 105.6450984017593 67.42518942061864
108.0975750655726 16.9443775497498 22.48399995514062
80.14915110740758 173.8988924381397 168.6711393881502
54.10265713023153 69.89587926976063 6.326161435940254
55.21780688618541 132.4004524028308 196.1230331929344
80.12373189094579 47.31752909763318 7.996472832370942
147.5866332417664 91.79357064961316 21.04612831823449
173.2569005944565 96.49812086247486 86.59810210963734
177.6411439622989 165.9992538330316 111.1093821160042
24.96655352339882 149.3675841663493 165.3343287504771
148.5975080181737 106.1105209884085 177.1037804949968
41.73684822168881 180.7285586333457 81.23167203036056
113.9374154171623 143.1977952211271 182.8443127300241
106.5396679019399 84.63544716937675 41.45224008256857
163.7034296520976 166.9571062642136 53.38547158043776
87.48680033908968 100.0061604474128 183.2207782151295
91.0523578629499 152.0617239049191 36.90792371760541
97.59372619262187 48.2838307524902 34.06029596573237
117.7936478246958 41.02176386221458 117.8434207274899
12.40655342699982 109.2153467921178 4.360288387674126
154.7651127986085 57.2964923899897 162.726496674046
18.66909876143466 159.6794279442226 98.11262514483742
132.0335833074177 88.84418280462978 24.1468156782263
1.245378277145683 135.6290968730862 114.8065637434758
42.95770034756541 126.8934774051989 25.71022760025573
85.1718401282172 162.0435240696366 25.68329255982977
143.2869472570922 140.2176326977335 43.91812944043117
129.1851522896277 77.46603217139267 174.2312295914809
75.07728807362614 154.0197045409168 37.99154208030843
185.0954115579225 70.90563560012947 105.6093529955511
185.5890684464722 45.92110358529972 15.78876818725378
1.109473973461989 40.31200498952445 52.1991112470094
13.41064248862706 78.71667913702028 48.21264621535183
37.87720543634642 158.767320775448 163.060846449658
197.0998675821535 63.46453995228595 175.9654195276486
13.98223067036402 199.798666561352 37.82785016618785
99.12559301718511 109.9162903228483 125.7665699892778
164.0764928683365 127.032883312938 66.65993613348313
50.5437792551116 40.60317105137879 143.210809387117
129.3714259692212 8.719919618875288 171.2586248635445
68.46281133582102 154.5123557267265 76.26633651722847
140.083622238448 116.8049652595022 122.2671472482258
185.1948195635416 89.39232114025816 57.82892122645363
129.7950707467842 60.95096795983294 168.286134370471
112.5198151149784 68.40724651856648 28.4443121543152
41.04337210415883 38.32342807905255 93.68274194866446
163.8398163965333 137.5135930549529 41.88899217027554
101.213057140758 11.5662804776716 142.9940660343682
29.41632363824105 50.45408103871184 149.2455297235322
51.90593205426678 25.23097098439498 72.68586734828776
101.8957353276515 162.6636461618331 31.40962855078093
81.15836388067392 177.9498568525083 136.6424923920536
96.94156702115059 86.01124464082088 28.56060450618376
70.62333939069553 67.97939104940522 179.6826650404105
128.9767896561725 132.3851840481451 17.03820458404932
188.540538722124 159.3803731611073 57.3875050800466
156.4552505810642 181.626531807457 167.5861989583054
126.1897348487085 21.57986760966637 82.7534761541289
156.4797172473692 98.42316667666768 196.9671844337194
114.8534283439186 11.41468618532599 77.42721881769126
178.1830238563693 126.0040874221326 96.92271400634482
57.24743058108763 68.81801877305334 131.2761872252656
163.5973065698455 1.289064591567496 137.8290719452565
185.6415953003719 105.1925567824932 49.09793263564531
104.676946433579 33.96395470555364 18.76308400735819
191.3090608827336 68.72470553369619 45.45728596365226
45.22159188164736 97.57762282147496 95.76102974951381
166.3759907543206 81.52441380063425 49.89624944448389
128.8072101623877 64.41050374824562 184.2257352324031
91.70108201429976 86.40635561986923 76.34523827542654
168.5114295369088 27.08624920815033 151.2481087505622
147.8221939810314 126.9984967266038 70.78427497458
121.6418989997965 157.4509205937374 102.7219441186498
154.8375865010393 21.22103584327404 61.63771974876833
74.64729526543314 36.52741307591005 104.7931429116948
169.7805269312174 73.25492977583656 110.0977585974949
14.67873825548594 63.77167110760166 25.63485361607087
0.2697549441431243 78.62539938128103 171.4585735251779
192.585674882931 120.4962283517961 39.35840171886758
30.22237890383925 20.76188965526445 132.3756199009655
130.2002473415909 18.95248330726249 104.4838491891593
175.4270799697738 33.57165581771179 22.24565004448107
168.6473737043275 64.81133863146621 166.4081031087555
69.55991315308344 20.49645277228131 198.3573810334472
68.53134306585517 36.83679880520708 36.05793566018064
9.838965131435764 110.0463488242965 87.44342882305943
183.9484760291086 140.5688460464015 164.2858866368058
35.8503371791852 95.02650163716532 109.1882473062956
155.9606900853397 174.2592305040904 41.26359777774927
32.3462928066668 133.0422995606905 72.90355802948355
175.0068610832931 175.0651888952361 144.7525461378442
21.48482896207658 93.36126787971831 3.811926542558124
188.288393350154 139.7983311613558 130.7850352537019
39.73271118771655 117.7097503162998 162.734542126128
2.043981557206588 119.2491712915369 76.73092816161869
119.0908799716359 112.4535603912452 69.54769947968263
136.2210423821601 94.15520690253236 157.3878479701351
57.81440869284399 7.527499615461648 124.7205416490528
104.2531249495863 72.91721244344497 192.8444456372323
125.4745148743452 7.274530684545378 137.1117594913576
62.52233277067092 71.78269095610216 72.92548974945825
148.9458734978778 103.7058680366374 126.7177192048511
74.54361719657204 53.0859151993887 114.4474505734885
118.177138093588 83.39290423747227 30.35107391570637
32.18917240666102 191.2586290615102 73.6046625297823
72.16661490722909 36.39366004850373 199.1895053852422
6.601758434051989 55.82542203412535 83.50766639870201
177.1550206214743 155.5312018937294 165.1197806916577
49.33251363526425 108.0918047446786 52.91599027581755
72.97480319783654 67.20006664256323 128.0756551694508
73.50356682919939 20.22257260376119 57.29701462439589
61.02185366790997 138.9243068378942 69.44903652996317
82.16782805145075 149.3987514340768 162.2690928125596
97.81976302923604 179.7667462881432 129.0713524009281
4.786966310189301 153.2237085973879 103.5802510919607
179.7667830026661 86.80915340800223 117.2283077584106
83.53747755758171 40.76513515518499 31.58989635394578
183.4725771909452 1.467390066283609 149.7917853692805
133.1581272125879 143.1517590674833 28.29912497022884
165.0548119527908 30.43627385373382 169.8916809781837
129.8556967160464 34.27058707636556 109.5283939965404
56.16748707060796 40.48710270041939 67.59017839724859
179.8782410054801 62.27282757808336 92.94900218625259
70.91791568022342 48.4714392704366 25.1423276571389
199.3251216731908 143.197596983054 160.1800889768432
170.6518229735632 81.49384205493335 162.0511664161352
113.5850813905664 11.31066388141133 173.3296861094109
40.08878210388891 59.11447648385112 46.51325543025506
123.6240834426453 103.3608047161211 90.5429291010888
144.5618218557664 152.3567040092778 173.1027700531783
7.426257952282597 163.6496655793744 171.1609371356914
65.36530452384385 53.63629424192614 99.08677361950846
41.68027706454734 13.68278860119001 78.33128216521105
49.58329236181792 190.0005670491603 137.2669723643721
89.49466666017307 76.78833054051313 198.0801805812149
64.1983631293775 44.39237310395477 53.18959459933482
46.84465124592516 40.19711962615047 180.866049586711
19.45453476912976 82.55182847025476 102.5735879011272
62.74333393213933 51.81264480224057 154.2723889940285
60.05997522488578 182.156219743124 23.30535083059359
194.5273284910033 39.65619591142222 66.91150999000698
196.9793004702117 182.6037881745991 134.1055857385982
121.9533097339012 15.85309357361704 7.191334157150901
6.300773719985261 176.4096123226582 161.3564358551836
175.5491697647187 176.6892142248364 58.40301415269889
99.67436097867288 98.81480071790642 37.98454548359743
47.68649259426288 174.2428280509767 144.3842263890998
102.9931604459441 126.8710174311854 121.6756887640795
128.9630077253147 114.9092893210661 180.3953647040475
55.12142199831855 154.2483768088669 67.20270355055185
50.69538499233148 193.3174361839798 153.1086389229856
78.78383807484101 5.633814521257607 52.88151962366036
19.00488166027579 62.74782295787657 148.4241158501077
183.7268738518268 197.3241313121048 165.379607913846
146.953640696816 22.13191794040639 109.327862949509
173.52259352313 67.49459275045439 43.56899008975218
184.9102242505194 56.34236739953813 114.5813011010956
146.1278821058802 7.931491507021074 58.85546814242043
2.832139166295078 177.2111677086565 81.67574519799859
30.09653580030218 51.38568109284022 109.7109220348044
76.68702097347942 82.58353003961582 182.8704881095933
180.728392647137 34.0940052234288 159.5875178267359
9.857427659486815 137.7594468491496 172.423052719774
138.3542912186768 23.83869620968242 60.57549276261032
67.64937000568767 33.44100538163847 20.28295692544886
76.80321122926928 140.9550345130442 72.32494021715354
45.56535297453704 172.6766383365903 160.2983481920468
179.8466503706331 5.199281841678894 76.12807430308071
58.57104059794483 182.2611452355338 49.67218400804504
172.159704786083 12.2995542278134 145.9325159693543
151.6710070667244 198.9488906423672 154.8125248609193
127.8527079059283 169.3722229361303 13.670547419503
34.90963745251115 165.3643124170361 148.6426905360118
66.38953007873499 139.6851034274831 84.64178144642209
112.0737594130912 98.16097687206026 48.28197937890284
189.5526013220589 12.48376676898082 111.4791022684317
101.0523932596688 61.30532652235051 142.0789569915228
172.8298176980851 0.8974169927344284 40.38453259392979
100.498499453222 100.9575947168754 63.09313997700018
5.102840486903025 169.8971705019544 139.8292302721055
199.6299294042579 150.0049868584753 174.8012097543217
163.3068473855513 125.9113999152641 103.1597692362271
90.23937292671087 84.60465745946225 43.16587003374212
152.5591877468877 197.2238938204666 7.591944504533794
189.6155535726802 198.2423623016437 119.0547105434347
6.226025031181075 157.4758949945465 88.08638626259885
11.81981182185246 74.62061126865846 181.9832502375535
173.7680328585033 175.6487322297499 123.442194280442
123.0905780345789 48.14059342756161 159.9498050031192
156.9191615104499 70.33014653023079 100.8111123154397
61.0169630132404 116.63213116835 118.0706916549919
82.86776781468345 156.4481687342438 69.26907287023104
81.50627370289813 91.7895727260579 170.5321681512855
6.844368234211272 4.554560543694159 176.5875821045147
87.88867180278285 167.4822773589665 79.91100397384402
120.5763871298074 173.736775147502 179.3144122101657
149.9286359186414 95.26710230766577 52.51676828832383
123.8387895095071 183.3903044009872 6.771736960187046
115.0380000041435 8.090616716951702 120.7765880597966
54.52860382951318 113.1130561882432 170.5716330618927
156.4396989235117 73.90665121093602 160.920364079771
189.6619640675546 106.1157954811699 167.8272404684448
177.5662797104075 170.91047068789 160.2699768306027
44.8048669455622 192.904790252716 116.750080635159
172.204839874979 138.8297361640896 131.5548054200787
4.568980099646649 131.0155661895003 24.88313252400683
43.77018714696538 41.64734228622294 49.58326299768148
68.38306879657597 157.2505199911609 22.46058747881145
12.90042291166911 140.7218171184483 97.40893480852101
162.1876220755728 167.7816113714571 27.86671923258184
112.8081727762116 19.15776293106223 91.42976669662004
0.2499640438316082 179.8315100264739 28.432865459998
43.1882100302561 159.5476256628468 136.0791494153912
1.81407626639983 182.2441245550874 5.928981679397214
48.30225460940293 4.824649365626173 181.9737760138831
54.31796132448596 131.4923590105929 95.24844990583107
108.6697685196281 75.21732708083491 137.3386850381054
74.64956173114696 77.5513801418565 166.9218526093907
102.1255522136717 105.6022573617041 142.7658880177106
43.65649015341087 38.54525779337087 77.72557578523191
161.8851566732573 67.05530860847173 73.06151549318339
186.0374759104702 71.91756031583516 167.8179341760972
132.4661417294112 9.170609528909496 91.85885467360474
84.37370854384828 24.80024926295858 110.0924184188828
100.5070893631558 40.39970596485983 4.571424606838961
18.57033577062278 50.09600328561976 120.922295000365
100.5032117437702 89.09356393134044 146.2634512649317
158.4625700311778 121.9123175729086 195.4123136904915
21.22818596762408 15.91808403998246 27.54769412669394
62.93345619976544 123.9466145562184 83.8885837875293
154.034867688562 191.3834715771593 106.867759068481
27.59761990898945 161.9720200391393 17.3977000013884
130.0400193732538 147.8873403785025 112.6325698172916
61.6163942212444 16.55734399262964 144.608350773402
169.3596591479178 84.8628891026019 146.2410008063864
196.1786827231405 123.3278400441077 128.0576030421826
157.2198127324962 141.3132568494752 126.1241052236423
27.87814439611958 58.91646449515503 134.2986973703227
173.3720982566468 179.1452312692774 97.85460155924541
194.4313132631418 165.2414763748995 32.10518049241104
147.2411509948984 142.0461476731961 77.26792585426908
11.5625542506354 119.3963427043207 145.1477598389864
69.43315020173802 185.8233071557736 104.4172833752353
134.7246721878912 147.7961066186336 67.35848145147425
87.56814311712741 44.73894131114987 109.8757368607907
59.8777623109301 41.78443230035086 190.2377400966645
172.1343970336884 51.19863043295232 41.70603625401346
123.4457241544141 181.6348878089993 61.62100175409343
50.87796694159154 128.467504067069 167.2362316041156
189.5416417554925 177.0131679175678 43.59475020988448
157.6545679819893 13.45872547626909 158.5371926422185
96.23905515942629 148.5900523222596 195.7328966798444
162.4457822483029 50.5341794117086 175.7910577169854
156.3929116552708 5.487952355029223 120.3599364776471
102.3370249241142 157.7939396059753 71.42067439048948
101.0710049371981 2.619700981207151 186.3281267437785
64.47058005842048 51.24936492604485 135.0006151145307
152.6586727774849 20.81654491858412 3.679204734249961
136.7153002102698 109.2632335298355 140.6544537956442
165.414739860331 180.8621241520521 10.64612015778457
198.6577386727846 2.413462759065526 135.6542621315873
196.8709350827189 71.14146110905871 90.24754018668396
90.74899843366516 57.5199556753068 124.0613061507687
118.5646015480084 93.35948673292445 65.87502736111534
16.28846607611905 109.7166429819694 52.66548419435932
189.2757597512713 10.29177814669853 92.24833598539078
92.82198126639197 133.2245143498507 6.999115547078099
26.17543916185812 108.5533884399369 173.0817738574274
62.67787050898259 3.554458890700888 164.3482210032015
55.40321466474283 51.01060229161803 37.26636275944598
148.9239088110777 126.7313461316418 90.23060132177241
155.3139514265116 60.63431838726281 39.57820923128497
193.626689366204 49.85556176355531 98.56102751782601
54.30019007637613 157.630067715686 151.8128135659353
35.34159734449362 112.1506481519838 37.66389746738896
0.6390992014950714 64.75435160673217 154.2009405516145
104.8474601137553 40.8813725487341 50.40936017174405
95.67072239197137 11.42642480445108 101.8326899809062
128.0029280025073 53.3587270456316 106.8989439234516
13.01743357255178 46.83133609800106 139.1763669366789
151.1066145114722 72.88589329534767 58.07713614104136
192.0937120581923 20.92534969963465 72.52544363896158
145.5937528075346 3.789309571236877 190.6342015856448
141.1595540737107 44.26856439198517 33.11057821616791
171.2139306393551 13.62428087374401 105.3883732729381
177.5447163896897 39.26275606245779 181.7575616152576
51.8971492576 185.3047059095618 193.9332344063062
30.75493766522396 121.7440496637904 146.0663506759288
197.3999431348494 124.8109310953568 98.91971404777645
189.8213045964758 24.97619576595659 194.215185175335
145.3575169426066 85.61250467967778 120.8476563389611
41.67665448799323 53.07961467051915 65.06302792543806
59.76747808228558 82.97715328227568 192.2660880759576
88.56967144947521 185.3979106416047 72.61247471560597
103.7578192485973 156.7277767192573 95.35038354949091
96.93744101380109 66.75599599909368 39.80950453351644
64.19466100403935 168.8151655456306 134.7737454455018
54.19818594647246 165.9767613341741 82.5744989385836
123.9500255622414 195.8257621693898 152.6457975041435
22.43577233506503 148.5085416500539 82.47076762429707
197.628614532097 197.5713839443458 75.56203088482705
136.8506444284466 68.5256774397138 134.9871521850682
189.8004642579476 52.55624820340372 138.588817428012
8.209484914170519 105.783553048989 106.2550577505776
34.7333743644819 24.76437051919994 61.70910227354403
2.897491907677296 65.96587314579776 111.3876250442578
51.28872607130843 105.5806129968795 153.0368933879809
126.7356903935091 130.7709930526069 121.0475209580673
83.12392542351853 130.653490661736 157.5357720988012
49.03347811964405 119.0654133926662 133.0766704599576
119.4428073731576 63.20484351353294 148.353806299169
14.3404020813998 82.14910002884717 158.6404119606755
48.67358842783525 109.2074098851813 19.67480647264889
117.0277507260293 3.512916887006285 102.0739721313282
8.917570990788956 195.1833780888089 193.4004321300426
99.89093666784815 36.87015921250186 123.9229138388174
20.95677101328523 126.4544867384607 87.10158069515693
78.85785231589638 92.92967177964471 199.0861750597515
11.41904931432409 58.58385211465427 192.8167675768458
92.01156621545854 188.6495228037354 12.22370046212415
23.82246642324599 89.50747024687435 184.9867558683068
178.739921802046 105.0622687314805 67.18251250027522
106.4933488345507 115.276067058945 30.41944888197062
127.0040583166808 164.372716763849 194.9892996508773
73.47329514272695 21.33202805648725 173.1477667878297
27.06830891663046 78.39298427091154 140.3673846468419
190.1621089909245 166.2122335397582 179.5327555949041
81.5217651774332 165.3687094788294 151.3491012108071
2.639582478712417 14.67478408551121 32.85287920614159
53.77503972595835 0.4561609272672381 23.86355050580121
124.6320305179613 195.1170261641779 81.09663475599309
13.15567800465712 132.2307615713821 130.7449825707302
146.0391917504988 68.16057957553336 176.2445819352118
161.7881910015504 27.41633873448463 120.5846834328528
115.316686895461 145.7083205979964 156.4534576543911
168.0441218242795 46.69815429511115 151.6798771080223
75.79432499032252 137.3525725114622 105.5630837150579
79.69949004037267 6.16256103476054 72.20980169001687
150.3770970269209 86.54874028235086 142.8462701642144
92.95373969836839 102.9336524270361 159.6020234709892
54.1887137417233 27.84154110718673 7.54870892728566
155.4546771487607 154.9177162421889 40.66874508470131
197.6935655062441 187.598281527181 174.6015156208261
87.39406410707666 195.7534772487279 132.3010728630962
23.94458119199163 132.6957498389363 192.5985459142277
136.7241789805347 49.22196568267451 194.4438358561649
105.4951279536384 51.54323341167244 107.2251994706251
110.7163833041204 0.001268198159850582 6.630755557808923
150.9328500156702 32.90990575670891 156.8857148232613
127.9633257449989 88.44546209492165 140.8375057998357
6.783986212201233 164.2052539722193 121.4042307023336
59.18934137827387 143.6825024189597 11.34297701583658
38.3346810859412 16.02536550951705 18.45937282665722
88.10498963155851 118.7996257110213 138.9701209141677
38.87914377141442 89.4031526409172 24.3513655426715
69.93934707975407 14.5429616961451 16.77242926641736
157.8813851332953 155.1534909850493 13.84221588519422
20.58860081533797 148.1529332000726 113.5450642391472
104.9203160123145 170.314954860036 113.7433636950008
186.9181430812415 86.37400285908062 76.87149265285457
67.54893917892481 69.70942453149851 147.6403983861708
41.54317000513063 146.0523218901077 197.278487912397
94.61317918620202 147.3561452753158 147.5842635427067
116.6222021201403 192.1966663297089 173.6967932999322
167.2425239641347 100.3599656629436 45.51723279836887
36.08707161602659 91.52136996917554 162.0509682500692
60.13155675609139 187.2235453818612 87.4089677462559
43.60150089819214 57.12520184423424 122.3353022662094
177.252337863437 148.2049138560404 4.542397959692887
92.2667663235278 28.72380680864505 143.5645824258527
55.41337994789902 60.81874299026705 189.2788170003186
112.3857186339187 15.38547353057973 47.39764307632176
137.41149101929 178.072231811301 45.27501421316169
142.648105980825 183.9143942629767 120.624898321175
101.6609462072972 180.6362254488777 54.83721501935533
11.50989625137578 186.3422708460533 121.8749578579846
173.332976376612 144.8719318410406 26.70890074236402
44.17632321506362 187.3793904993082 172.8122685938656
40.4564735260191 6.980017363303746 162.2301130333895
154.3132670669884 92.90462193368307 164.1563333061104
120.2201592966502 47.83955385164456 179.0907326479238
147.2876505484777 54.88557982210996 94.22299916966888
15.14493934017161 128.3579244076278 65.36220916960428
196.1780560824454 23.75363754588046 125.7548526545465
136.2746797622468 111.994348476672 78.70532658614547
8.905950911202083 130.0299612538343 43.7223917919211
174.2752820081785 107.7682588862635 102.4182554863807
45.32504406897022 100.1102486471991 181.5681844136693
55.72990504727722 26.99321967693918 53.69738978725783
94.0901700662386 58.08438730758676 0.01420704092457044
95.31357766868344 1.01424523061683 43.93012531749658
138.4106832258965 13.05045753843343 154.6984838414261
61.91952009644916 168.7472173207451 112.1627842907876
174.3590530668605 18.92162795893747 9.63849739602518
42.81249948394805 79.6156564650417 124.2231624309038
26.2987629263138 106.9171788906942 17.6427018422587
27.44098539757226 195.1110378009376 108.4838855768698
116.1823703259065 16.98531149880335 154.0421630739301
164.1985354391129 53.77105867127457 59.1734174795851
120.5557371247176 187.1962984931365 117.2835233269871
7.042696954117967 89.95444159116524 138.7448318029871
74.83288041368142 193.4104622420172 28.7647987767044
147.8592782939388 154.7515093739638 115.8043611098622
147.3775429681062 132.4078733536839 112.0342230316473
104.3571025009214 123.938041707011 153.7849661637954
164.5445787425327 128.9297155277514 146.7497612973168
31.30319056651354 192.8036848243352 130.6207273596733
147.6462382150003 104.929004884649 35.26439878505366
165.5912269347991 140.2284280017701 83.1564894257134
101.1320348616007 120.9147690260311 68.0871527710116
158.6471468412279 57.76100617321253 196.9644134022839
171.9358415456016 109.7140707279747 2.518795384336695
173.3447668328417 15.57003345066747 61.13221870923083
192.8537817932358 144.8732599077872 38.06441621068042
191.1668731827864 165.4469950855812 97.272691352466
190.6618802600824 51.27695184304854 197.8922227087756
47.02448083199266 116.2550281580003 104.7001028443258
115.46096673273 117.0141073580941 51.07310910347806
7.790144525306008 90.88629852278267 89.28725984237707
169.9927851293535 196.7157744428601 90.46804059279843
69.97706130248145 128.9029220538937 130.0643171502803
152.6939952476033 111.3889207926252 14.22160320917168
11.18008608593142 163.3198190545251 69.29700983835312
17.18374281242967 30.79373126946269 121.3717340686081
38.49478287240468 141.5937933762929 153.556009314377
40.49784827490009 89.95157547784376 1.759567228984382
199.9972181026372 87.53295926866609 117.4256182984977
143.0924362354131 166.2281959281522 134.661138830484
28.57556833085665 196.6702026341184 25.50098079952062
179.3709948082548 146.5431818135321 182.1200627268701
102.6506249925386 196.9986712302658 85.922637329685
178.579624902386 148.1249612154706 147.2921939653005
83.58529757096868 199.9893334029739 172.1057771702371
29.68767490895398 108.7391200247878 195.3895173190311
57.95049948525396 145.5235518802207 34.95958777397271
152.3826925983538 123.0863800570602 47.82944261413525
69.3257375914034 150.3076125071901 122.8931855636859
42.02129568407044 119.4722799832642 82.91417882099698
20.2417387094714 15.67380278403731 46.96579927747099
6.354566054522009 97.73160958899521 172.9029487881536
159.1193669948003 107.3713091450783 142.7728845061287
127.1889408157136 8.192346822916775 62.86168439915286
65.83331924604528 140.7338546087928 167.9967923492567
136.235854048752 57.34075942046154 51.20526025954506
72.98282641428021 101.4474626071069 117.0965341089331
28.30716219927707 107.0587249252268 96.03415223234927
103.6271664928923 21.30017623011648 4.160676863143236
16.66053975528828 17.13858515876301 165.6133151829891
137.9535617323279 95.78783503080658 101.1268922900587
25.64724218563563 171.1537878407938 171.8523841049306
96.62003959846957 33.46683176555822 97.00323474185475
161.6844372188133 161.1059170326418 175.3319609940357
158.5921651386145 13.45533150758929 44.1647458674711
82.86463046700604 188.4401246041396 191.4991372349885
117.8898116202026 177.8166493458091 96.8457695102035
35.02010531581825 156.1324271590257 39.54428316434667
141.6793145518884 171.5859145603091 175.0401172919986
20.35092630116028 95.09420271824203 35.94146874775436
123.391776354366 7.802982054686593 189.6462214023908
9.709782626629279 116.2477185742153 186.5284761708074
143.0214293567397 179.9125918479961 7.881357584593688
36.17182464098835 98.88145559679373 137.654749225728
16.240543798376 137.9371576115117 152.3765295836408
91.17114678500616 178.6167491758955 33.68586630965817
135.0630251174836 26.50902675933303 16.64067475186732
143.4455582300829 14.95589400211837 77.00342121377571
121.5376268996902 81.53427598208513 191.5421711821949
163.2645747278717 122.9579869185263 125.007762560628
63.65118022229503 66.25840508351493 22.79258967085325
15.83420600074869 147.6796090776162 31.14986320493312
75.69433898057987 15.04916566630031 131.408555787471
119.5684791143067 37.27389835682268 3.307992823722922
34.63147483491805 25.503587620731 150.6995516860597
60.56517615678735 90.09562557703812 56.92159382159122
86.17217660605482 106.4436025587054 76.85074690753703
188.2986125084949 54.83266223921456 77.18686813909625
68.64603475441648 71.31393678804812 91.5029486248733
28.90230816294121 27.31993316285015 83.37654086213581
43.05054854789014 42.8676455907143 20.2043608791003
187.1042173230078 84.11399040917961 17.23598097524903
66.43348247192074 197.8954551469115 142.8102564080345
57.10689126818973 1.577922509723016 104.5789339773034
106.6391796659649 160.9833550719901 185.1052459853155
186.9773235285253 71.43636648192297 126.5229165918732
7.489617689055588 36.7582797821635 1.897962942417551
199.8758368932012 45.21050028899026 119.7597137690154
81.58698397281724 36.37787356286565 50.34229601918465
34.15994221286342 23.26972962097454 195.806160408054
174.6836469677484 99.83363205356883 157.2969889966771
176.9889747661128 88.28772441043401 197.4807730485105
15.31882150083859 71.91202586359741 77.18807648886281
177.4646900856278 33.89451822251353 135.494045398605
174.5379979154306 120.8511099161125 51.59192639485519
33.81186282522193 40.10336466521333 133.4897962876688
131.7363071715226 186.0076065929249 189.2937319348517
190.2590290298697 107.3753405440727 86.46909460565738
24.51864003003478 68.19881402172189 117.51529561972
143.0128765370048 138.0214150654775 160.1875292456431
28.56787901298514 164.5113204428156 198.2322452836831
167.293002606295 51.12220003620631 22.96411994843186
138.5244804736258 159.7144928894336 155.7968497445833
59.03684412199684 86.75874094776192 14.51857652780259
141.5527486422901 181.71138432068 151.6766906188573
184.8983672362873 92.38692997069538 135.0400615551019
16.60687548543786 8.298378515036269 123.2766265140528
98.21686695236662 134.8120678678285 104.6806745424539
137.4458218204288 144.3452758413675 189.2236776398852
140.0511789754968 146.6486805802137 96.11157982591061
22.33171484677408 6.810532865079282 67.63193119327774
35.90561054537611 26.16714954931503 173.2372134180393
76.73342629651889 51.04773133586161 187.395179503948
169.3166517054704 160.5447622152488 94.35019438462884
24.62244784542323 175.1854353144603 31.22730530424348
159.4643475327015 168.153352834001 153.9915623605992
53.49707203915747 163.5831154724776 50.26553737865287
110.3847176200465 178.4855336584971 75.55637906386131
85.08842456874402 8.785865451421543 1.044442206415002
92.83537701393644 77.93343146912072 160.1079330139561
193.3671291834292 129.2541064276089 177.9397531426534
119.3621424217293 193.9073067959553 47.21910138483888
58.06003010054868 95.7649918820365 35.20538387203469
59.17724120908074 104.8202480198833 83.91416456491164
11.53676886418695 187.0569437530176 146.0619204923726
130.9139679453881 147.5697957847568 138.3440266208565
131.5691858787951 37.8393659444918 73.73159936732715
30.68731761021801 110.9175790709968 119.3500795375387
191.2896648182497 23.7586403530203 50.13500176989313
40.08021615847021 11.81783291992064 117.5398390780256
122.9415309455902 154.7992839798136 83.59129718310129
50.01181058114167 74.29772033502248 38.89693701040969
143.065883098889 199.2050924958527 137.4750128908526
10.0824987556184 14.91698074316539 84.78574733193099
111.1548499507976 148.8222783725913 116.7774182400408
148.4587602345043 9.449969031983683 22.93016082115721
2.547449645848914 77.32730201516715 32.25129120401787
54.63326909570844 23.08615036573494 185.476144497065
96.73142198654959 181.5875754912456 175.0440640217399
82.45406521172524 95.63469432098941 57.37368405268476
27.61584946564532 73.71163221225669 36.05274021203719
157.4952434965741 29.44907498417659 28.25856565578013
87.38488962206146 28.48679325314441 190.2124059772802
151.6376357020848 137.630493896663 26.64745277996833
27.8547769502179 130.9171817729763 170.4274554302323
2.225245530270723 68.33788216245608 11.53653853252345
68.05600845040986 110.7740429124351 48.80015653436128
164.6667759212536 140.7662213709295 165.9824018184513
31.02515370590674 133.9887097890275 41.46899794853247
150.5593659364591 160.5769894624922 81.77370363887532
114.7886015299396 82.92393717304256 158.3289117866479
85.64126808403255 120.1350278986932 116.3615736661882
189.631740798905 107.5370750930186 118.9751417254082
195.813991629095 23.43089663812125 171.6001363822845
184.8478624815719 89.26142683336258 176.3314084265753
33.30333423174726 184.9375977247601 151.6952611912478
94.39801336290432 102.0753071562231 16.65515320157105
189.4179537543479 151.1831131842226 115.1704846051549
67.8910690777313 100.7617350137952 180.9643872750473
43.66387705270201 122.4814343641083 184.1722254682956
118.188840894007 53.31820929052056 64.17199683448351
51.97059415793856 27.40766114953322 129.1201344233763
187.192802412873 61.6233477836963 26.9946513072369
110.3091868649557 135.4934346194698 21.10787357525516
167.7336460085766 54.48026008272618 105.8519573732538
43.43601695599981 141.2509194169473 58.88293390524924
168.9709565244612 19.23581958327092 187.7094290004778
137.1026603426254 112.6672356079582 162.9764512376545
109.2177638319062 93.59245849650047 129.3431608117812
178.702574343284 68.39156541502282 150.254591735977
119.2816696044108 137.2297309190869 41.75949790251316
19.44436882140113 103.1856039566376 152.2038247559352
56.81537054577132 120.3707940279808 65.87507251559997
89.50969324126847 139.7674606706385 126.8314254284549
7.641610267798735 93.50624469826276 17.3414124244108
87.45006719464963 117.8569169382572 175.6338101322975
182.2549513352451 84.6819130459195 39.28523539439626
43.80142674050013 154.3776375241526 117.43518522612
162.2662681017817 33.70120860532362 98.89867383266218
186.3211418347639 52.52664900286328 54.80860279564331
24.87004473156626 65.85900254797856 57.04813944290188
74.7516112162585 131.6070898239701 43.21747091701728
126.2888846154067 127.2272445371629 149.5198593349769
23.62814789146711 108.2736087645213 73.97419734473284
120.2818004135095 136.5197446582107 100.1834178078772
83.23570516178398 137.2536092695379 186.9520745688916
176.9358564647252 12.01781424452598 127.1758241724331
22.85897979450982 77.11046888635086 14.2390925623779
166.3531528836807 95.91859845142687 23.39264867172646
129.4383329023408 184.8049281994531 25.24732976674096
110.0693238208261 71.26358166233304 76.87296721560111
173.8484506671005 181.4422235655418 176.0801385002993
59.91798108141857 87.96839645858235 104.0114814458697
169.1652873748022 77.49765883847839 87.64436937057684
113.6169351125441 139.4758308524555 63.5052548714509
4.039634797881023 36.63864742032225 83.49798982040818
56.28404917090517 64.82203075192047 167.068364357077
118.3457970676368 104.6480384294959 153.2871523330672
125.1209750066579 103.3402505139344 34.95350513982495
27.02861179494785 51.25580248613723 33.73015491681274
71.66291796136598 125.9183113522245 4.012390950935951
5.418302216723468 1.043370408760294 105.0505849938418
133.1592863717579 0.1899096123364683 9.139270708204876
188.4532860226362 40.75712953974298 35.53993985229813
179.369932991228 165.284988721861 19.16771273100544
188.3643373574026 108.8846474405838 186.9414335404678
87.54646122325875 74.67423652458727 138.3958868171118
186.083098539211 126.0661979292496 21.97149979448599
139.6451582207254 53.06353989490675 151.2082104892223
44.79722229203934 145.1480427469631 174.9490097699416
10.02737749185001 109.8074987773761 128.4026228738244
140.6688981913103 190.11560879711 64.09940837946876
193.5913181562468 109.2434342069472 8.908743407932496
80.78719611183165 141.8830810630047 24.034528642725
146.8800427698705 42.70467864163563 113.235360339249
57.96125500359184 87.306659062539 165.786367110681
51.91801883206438 125.9914883158168 44.55753510584791
34.44056027561684 30.18808850451876 37.07939697267744
108.6278910046035 35.87730054838222 163.8417632782537
132.2135157365722 87.13574067770696 48.99356752712734
140.4176913910555 0.2196779504522243 42.03987166831944
70.64597099355379 106.1855739078922 15.42175578262657
132.7391268260431 70.75184915922124 33.37473375970615
6.349178357639783 57.10471398097625 41.78644231938269
95.15622975598897 177.5996833192885 94.72739071384562
130.2010263722258 113.3499973655972 13.74171165624061
61.29951665527597 67.05821781139913 112.4297511348125
155.9416235207002 109.5050505035981 65.5181953163747
91.36048956127401 141.9832957131625 59.60749569483031
169.8165316918374 199.6051358192134 198.8419771640716
93.1461860392488 37.77696223642791 69.69278049029165
75.69759623298206 90.28792144543978 152.1281316187909
177.0071910897329 67.35536392090557 5.957233182333837
80.01431722119868 186.3498545559943 51.73399581838333
112.9158673943493 27.31848316498538 66.56368690975623
37.83641241988238 158.0365706732434 95.96330312317761
58.34743090963321 42.53600339837288 113.4065171820133
175.918527549326 15.28446787128827 164.6852567093567
115.2039815003213 70.12724931054323 98.83560432526311
77.31472894505804 36.30853171325781 123.9645172398055
135.239741496588 26.99985249875185 190.7037602540176
151.0730439931486 7.777973798967668 97.01121751884681
193.3993668150416 28.2807771306002 17.37702646538617
78.11157013174966 2.440042684260705 112.8296146806105
183.0374880855802 130.6354098437848 72.49737922834892
159.3700717764478 191.0710915844824 50.23246756463385
59.08775563565667 150.8807332721284 98.64334073486755
166.8715911537143 158.032537641831 127.5424026337642
25.26023803885001 171.0412037228578 53.41802730414938
66.15473709459845 123.2401165443832 182.275366864574
133.7266521262861 130.8577602785574 57.90730495430566
108.2179180080001 192.1466515786164 27.65604778665931
118.7690958614356 156.154134954629 24.50908281521798
167.2297806552318 103.1410686915292 181.4318379306468
42.23230547486961 77.8905095649029 178.9753343068262
63.19240687854815 192.2383398091681 65.60331981416927
46.53384481899688 142.8748137483593 81.66346483162548
125.5352886661477 155.838246612782 173.8595439675191
123.7537910435083 79.0973828335803 119.9299935848938
185.002525097648 127.7672295414429 198.8642616973524
59.74692542247087 63.03762287111736 55.88069631526536
17.48455752917381 152.0803022457927 182.9797640049604
124.6199578107953 131.6035464056066 171.6122707525996
44.8341247775143 175.5290599609453 125.2815747216941
165.7769872357849 79.0509225454167 128.1277710371294
10.49411066027037 15.73527188295899 9.605671310104029
75.95859659432898 52.22918745342814 67.29868732978733
26.58124839018092 149.6022782177019 136.0362328190899
27.35404490599989 169.6597071151244 112.2430881871743
11.51700920695268 24.51703287168883 142.3121949671784
111.0292749483075 43.06212566702908 142.5669748510567
101.769202758865 75.57540843161742 116.1513960667026
60.88150170825276 49.42488748999052 7.99494662203985
36.2862393564335 136.0016055661044 100.6653965497551
71.78376742634336 110.6642245387424 161.044564730908
195.7181443201681 130.4805909155263 146.0389444680897
191.3288386035838 4.931622135762738 4.508641232258338
42.84476881997017 183.0530468864802 14.50013223796841
3.787854524618068 94.55500728785272 195.1139801142354
198.8439081820297 144.7603551058819 193.4178536927578
186.7232293801643 185.3655698757117 194.2146403502746
159.523181459902 115.1907084618818 163.9554327305871
81.7668241552288 127.9857509314208 85.81065170233332
116.0790110084554 95.83243395154344 15.66909473453498
135.1707574033058 123.6424471444926 33.21938351450198
69.50464072850464 170.4771286941851 65.32453387896683
94.59340057765866 113.0511376719947 96.87589030538379
76.04983740163972 17.9945517529356 38.23774429123355
163.5000994701741 88.46858363909654 68.73514839601049
86.08923835259783 37.5640015306808 163.4105604340064
79.15933854351425 96.59216508148984 95.92373801779458
22.01090036540285 148.0413185097928 56.67680271744066
154.0737646957943 99.81841993141907 85.83303060900677
140.8454811171314 91.98169085051535 69.29185869369829
102.2413862961075 91.35276544895206 198.3929412197772
54.74613366308176 24.41761030755183 160.9090734126915
130.6007945546657 71.9363072540071 67.49109544294629
95.87480727401012 18.92907968053597 171.5956552183391
77.81306887351175 58.55398112304256 164.379927443391
36.14598707323597 56.14903857932683 178.4632995963275
114.9608469628383 92.16846937100091 103.7484055082067
87.33438400234971 96.8052544441917 133.903907574095
103.3748327867272 51.17448950082511 84.72248818847869
149.5180448863988 162.7473244923741 194.2871475665398
66.0874172985887 86.07129544622646 132.1311697331435
144.5889281224555 130.6783437554192 5.722253542098771
18.30988388886512 194.1106411324753 87.85300153723645
97.75938447387179 46.17396127407881 180.7493949610793
131.9251798846865 47.16469544493328 129.5593904119171
140.6710038502575 30.57202681589769 93.0798473452647
44.69268253042957 8.696395775908531 139.4610683459387
43.9565031929991 3.513922366637391 62.01820335531477
85.97611416849179 157.1676042278684 109.2653634920914
28.82163302638265 185.2218939563016 189.2313010823762
129.1532131437377 27.93618513111419 168.9366959808625
43.44440493978291 43.96966300580339 160.9017621483122
162.5748135643677 1.010211572653257 176.0078004569669
132.9818660914536 174.3221102724349 78.29404937017463
23.7016163067183 48.62563437318779 77.98863607890384
121.883105045457 174.3878092449483 160.0123741059433
191.1375323022601 195.6655698392149 36.89791334928962
167.1140677723268 117.3218074369069 30.55774399259363
43.47162242351423 98.78785962907051 68.84922601104043
196.6988590931728 146.2205182430214 15.85161800634134
98.33105937291754 141.0600129892901 170.5918977800435
40.66397435752236 8.718065838140626 40.29059002126453
40.32944201523252 125.3926262189557 6.317636264513364
84.67881245114809 119.8006834977759 26.72285345319872
149.8589410424975 19.65321011287964 175.1372133699508
168.0385213167037 73.52131439257288 25.74488174115163
68.1425764256895 107.9109104036522 138.1869810019932
35.98379532374182 67.98709709435201 198.285497715221
182.731103083386 129.3180482748795 115.4884623833345
179.3993432148778 190.7051138111821 134.2262596643096
9.606355023256071 177.9413649865562 100.9987662206851
50.66626777389082 100.4423816329688 120.4070092909405
98.64079103856514 153.689987303341 14.56979286033578
89.95022911145446 68.6836967033698 180.5071658961695
60.09445395391872 35.28681428011961 92.08965146006437
157.744814899727 82.22961107887393 7.628084251277037
6.478264497775433 196.2738710336398 20.33584065853047
178.9140252589107 175.7378294108884 79.36329306157904
61.53515202355668 1.557219853105524 45.0991133513064
90.73536838189084 8.406847381411289 23.08775851320871
185.0337907787228 52.75511091600276 165.2688656261157
187.3577991238633 165.7019343390753 133.1556992153938
67.60234719871845 4.693432635693978 187.3514037641147
138.6546239534165 22.46470423059104 38.5668818459228
159.6844028245167 141.5628773900663 192.0018499184238
191.0370597274927 179.2708228696337 115.4819850821095
27.56804933363869 193.2912727332464 50.31652921680445
154.1509763978597 148.7503703949248 143.7300982713638
36.79944999330458 160.0796498098556 69.43986810557354
116.2200393834585 172.9659204558556 39.3708486165926
101.7656636958837 0.2411992191803995 158.7108644144683
111.8106878635313 159.6004920573151 137.7613509014458
141.7719106808094 111.3100311561927 194.4552879938246
186.4854628667472 5.974560467786571 182.4753245790199
63.20875253614584 178.6787654868285 155.065218581161
130.6620866262136 32.78982827442486 146.9312096808829
152.9079614247274 110.7080286999505 109.1116145870365
137.9636500466859 73.31490288199161 103.3573625412411
89.06878204381995 113.0202839189588 197.633625095729
171.1446603616818 125.3813500615289 181.1927924526152
126.951673495546 57.06341552561893 84.64622323317759
70.58077778412981 169.5173023095059 192.5223433374539
83.78988799027563 187.7683547634811 153.115956483837
199.4365345829603 143.5394775754706 59.63689461617717
107.0135139427626 53.15879824393245 17.86748187550863
4.312928269244457 48.03553333248856 21.20449410442545
43.54302906661484 76.79565640038972 63.50695227647099
168.0823125919253 117.2871203717367 82.89797576279923
2.16077848077227 4.459698426849354 54.53772825321035
190.0346786858346 19.54360652085877 147.5794932647507
118.6420951275011 30.33128339797955 31.66575807067185
166.3931315950396 129.6723199923594 11.51620899734583
160.7535760474045 89.53809234671178 104.7989439093417
11.52505117950477 19.89212514918855 187.4320796450004
20.72134831723249 182.0668410615732 10.07451849569292
177.393971714583 71.79538871716518 62.49206504198337
29.41115259883677 88.49684969793257 83.21812105266785
175.4837022006469 36.71881984118176 68.7587729949814
166.6218381212765 143.9304341402185 109.4071753552088
116.0467417296749 23.5180751195301 132.4247223170256
71.972106443656 30.85424212688783 73.40053787549364
72.15359474539679 78.68186467927416 39.62613218697279
135.9975557015565 92.51102783584233 5.557963627265956
153.4821153748997 181.3095966859101 90.23677423191101
182.9608987995781 31.86233743915116 90.04649753372505
23.56989731424043 171.9234980023724 134.3917247864184
39.49569205675563 92.29453326977873 47.58806569588463
153.9569530820925 34.87387924734185 75.33185985917623
60.00543732457073 9.330954353561269 82.79823898826271
98.9115918637234 192.1868727101433 113.2055347159231
159.6026128778364 0.4611665397597068 70.7697365071937
92.75285192176719 18.36880759532232 58.15233745985579
70.53882644753143 33.48179490118272 147.5507009927383
136.0959257500916 108.6181599067279 54.77688939305466
145.4999222680568 55.49994459476409 71.71874335557933
111.0536878355597 137.0370636800129 136.0415809862139
150.3289088070311 42.17943085410635 11.03677221841241
111.9941651480523 113.2548770605157 111.2697650742237
17.35937450426472 126.1903185920653 109.3946656940101
116.1447356706585 115.1038197400487 133.3914013515185
142.7275913769553 166.5651273322227 26.09579613270539
56.3225511968225 110.3043807459653 198.4544483235673
149.5298216072502 37.73263716112911 53.0412241296825
129.5129295298551 53.14963679430932 15.92068080540141
167.8408955832127 100.9380844184826 122.9598658036396
18.56330844741909 192.0947319414172 167.2361575439415
109.0690080681972 112.1493526930749 172.4621969409188
51.45528290362785 83.60141771585916 83.53410564718173
72.96719578539219 67.62171295883839 2.265527495639489
69.22138928437226 116.3389248258099 100.5405923254804
144.9588749721021 162.7022232696008 59.99940860208397
141.8109227531899 193.8998869408393 170.686702781448
120.4229375103412 103.9678893157964 193.888082129381
113.7203031192241 119.5632654260056 86.78801357767261
62.85608231001356 188.8376173347537 122.4346005039672
108.7181862014194 117.2111306667746 7.946052076782751
12.4879876232764 26.9550390404929 64.92750903013496
180.4422248498619 36.76645893524731 111.9467173706765
176.5930228541183 62.16658698559757 183.9819329525033
22.10611257053228 39.68640320694039 184.933776982192
14.82594796087419 185.5140142477925 67.26254841751164
0.85063452422818 2.811102062037082 158.2120242475213
136.9240154684803 74.82340845404656 156.6861356892795
96.55812572196879 26.80874342460696 34.81271864002805
172.5824036931688 191.913225154871 112.3824965085409
186.6434982692365 89.13463106612052 99.2838324462749
51.06319738210451 165.33327360634 26.58385515836074
23.06505712473236 32.64790204027474 17.72582953759046
79.63861556156441 79.95705737515146 115.1313628062014
147.2318962066807 75.07921693068751 82.83917579253055
75.02885648060249 173.8984880649787 14.22554476508129
80.93108390698393 194.8828857666709 91.73579996597111
37.59733061708773 33.71010572418292 112.1636913699988
79.24150017742737 73.49090428294174 60.43031383467924
32.79153335388307 69.24292748847833 160.371538661733
102.8207811576439 90.70977073295762 175.8263195289276
22.22342691518554 89.28925998608082 61.82365597800369
112.4173937751771 24.0956702447124 110.1424261334107
70.34990313880347 149.539404671336 56.22005095107205
3.052058301084029 100.2347863117743 69.28305842013386
0.1741783229817992 26.68417976317172 103.7178215141384
8.567943168494555 165.1927882826521 18.88181458901268
186.1261238593918 104.7848710405537 29.75107800778778
92.05788710045222 169.6518841068656 0.0131728276132218
128.8839706693836 101.0578869530714 121.1262290084955
159.6907829460565 173.2074900176285 110.3817697854921
8.936229349091317 120.2091571204414 164.3087455535293
169.318861539936 157.8281362192274 69.50477875816418
124.3896241983956 8.270359923888487 28.31771405700221
108.8882829679563 173.8144438983886 14.48451865885038
133.9614203248342 5.364522460236413 117.7473951938545
27.83825732588757 2.530765730398147 3.703668707390723
24.09257455681661 43.41108815528197 54.70282562097209
94.59348972520772 96.65897398086385 112.4098203418858
180.8652044970451 121.8036831227785 160.6712033995217
57.92207841755577 54.64976854697343 80.67175811243148
83.40611808159642 150.4152611941807 87.86876593201944
138.4175662036859 25.7793797682921 126.3142221027329
100.2051150688522 81.84122776159771 59.52896475714852
184.9020261817082 143.9607607754133 94.25498226670166
138.122913526796 168.6363964116467 100.8903539848173
66.30982659460952 184.9023165147958 176.5514351014803
169.7297648041398 54.03916374144242 128.3427343760108
154.7007838257684 142.3367090277284 59.40807858791733
109.9360240107541 181.7422066281874 193.3642110380518
164.3136894632061 80.77205014615558 180.3675577512223
199.4723950782113 38.57286674093685 155.2493096277614
131.9673256833476 155.8826052965041 42.83222829146446
144.6718100062457 129.8390517024921 135.8231570356809
119.1353535995436 37.3705068289639 93.15244684324684
21.98603251724677 90.22406223543285 121.8144920251216
199.5938180172748 75.80774296979105 61.45409973628202
41.2472032472663 65.37869567306312 20.09153409165146
140.5216780722125 71.18722713224659 198.0658260221598
149.3730358035116 63.77073226143628 17.58783290559912
135.9136306025907 150.9066541367063 10.77845889147921
6.451507662245079 127.5669238771734 5.928834910221955
86.02902838348803 30.30001571698957 15.08419478644918
192.2895759866566 85.7082952214331 155.3076304407188
80.67027461168102 98.90931541106127 34.30514817956639
101.3815655342649 74.62959331395265 13.54573682853448
67.79233223648546 194.1457687553809 7.319469363255696
23.51452921828761 16.62765690209848 102.8597367367236
81.92433191182698 177.8806207657591 117.3005469405962
96.56385721015019 59.01366133863539 61.02107298265819
19.03841717213736 38.61055657655131 100.2655897644751
7.366069917539613 112.4569271129146 29.62173539331488
49.92538641065675 6.568328548343634 1.280672234430389
193.9034809619516 74.57557616043701 191.490425907053
123.9567360718537 74.83977452487883 12.97452805280757
168.8559702421524 190.0552375275437 155.3435514567521
97.0771922276078 14.46398603066481 124.1667285386341
101.6568866755496 138.1940208409007 82.61860722128128
23.3897781463244 129.0905622925964 20.78765759748703
116.9732197338139 70.47906116661909 49.54184125366967
92.79621970681687 113.6005783346836 48.41407975692464
23.63318805139834 6.093973146933391 147.1901955121562
125.9583616027115 84.83544467438799 85.4373613414446
86.37769305096199 62.55816892017129 102.4085649441688
3.116979200889402 150.6561654955433 139.0957217237861
34.34160984053231 132.9101260692414 122.9534253020902
171.636529715592 40.48917507427505 3.519890195834634
177.8661457307072 161.4399854571407 41.37058928433378
151.7851407797532 64.07570367214636 118.6418754636831
115.716916945408 146.075003874366 1.903668471624389
122.4961535267341 162.3128438258883 62.29909775831936
127.0121204736829 36.73146801672312 51.64047100484322
179.8798159113782 114.859343922032 137.9827726938094
6.235032603498036 160.8309598380185 46.7995460493709
173.0263678527585 182.3939624421833 34.4774457876984
18.11238122491664 147.4378705021816 8.682009524660645
76.8130303397142 56.68026184845927 41.68071333520209
166.5265799658838 17.9033187817273 83.33308822427443
181.8445891136217 194.9703476091621 57.46906274907806
16.44745077946374 161.9840871892835 153.3782174921837
62.91528797412217 125.9579814443031 24.83270020791391
143.3193314409569 89.01109802795845 184.4829574507666
35.37604640630881 120.1549942209655 58.78118491225798
112.6286244929203 27.22139835580543 184.313238131546
15.23187563263494 59.36196734613738 170.5711377864063
123.8921513498722 178.6799109904001 137.9317800612123
44.89684064073704 179.9196364810189 102.3945311149403
55.25932014046671 23.54354894411742 31.3839330857041
80.70711112394248 82.05099569676793 18.79018925677757
45.01893001162922 166.4439786790108 182.4622757044605
86.22370210095056 164.6573407796756 50.79086360816457
12.28836121592092 34.5621055303025 37.47944822952505
23.63063955952072 54.29740104074828 11.32387395408842
141.8052882537576 46.27287849726337 172.6378731650611
10.01336359880525 172.7756940780782 188.0686142905878
135.815204069832 191.1025165873948 100.3355823045139
97.08700553518126 133.8308344959187 39.34034252634994
170.4949962893938 32.50849754430032 46.47009929923301
38.30969359819487 146.0040672860507 19.629260693359
85.82676896851234 60.19628609514047 21.2747988681737
79.10214279696518 123.4944943429031 63.83946408569011
96.9711331185424 18.23041479300068 80.33783653945711
156.2327226217249 183.8789457382388 189.9999577211368
90.43209845965491 161.9661647341107 130.8785705987557
197.3047917515759 107.0956131517618 150.0696585742141
6.771817018931794 54.40215437105315 64.20360175720032
157.3486845647753 64.94496356061281 143.7630751107502
125.223075452295 96.38322036442247 173.1607890015782
45.84984292898132 59.60296379401463 144.6695033835331
39.84963758179843 77.53198804141626 101.9320844261184
7.776112731897462 183.3444203379567 45.91769437216281
169.0835834476653 0.3787578408466997 21.40030334603937
77.02256925335773 20.35288668438814 92.74551931282753
28.65124059289102 6.430623681090869 181.4744460509301
85.36468560244458 50.28831100950975 144.7670175214473
44.0240303854259 185.0718659141609 37.21474576810827
113.0638227794861 59.32390331200349 127.029001686807
8.285712652765193 68.09369153269823 133.2154247540839
194.3648322860777 176.9891088986642 62.94009405319905
151.780939521474 187.2071792896352 27.49463276307107
1.153359977190188 93.69164618267764 47.75199889854484
124.9645005229571 126.5455071235892 195.3390127709841
52.00651736863466 142.2135342745152 135.4631753319093
177.454326969349 143.0578688479705 54.48296618856892
96.05784389898373 81.62998755495285 95.15778249970599
0.7868365768244096 44.18236908256531 178.9934056534691
46.15901854812657 55.92403132040798 99.90769640046926
55.07188513728028 135.0671764497631 114.2578355551201
63.47387984647708 42.5085544908636 171.2312527512395
132.4045798150331 117.6260132542402 102.6489617141329
103.6409457859977 127.6318284186079 187.9811615833694
151.3304248709049 82.79101821709372 37.7829828491531
51.64646962411798 165.0951906768476 4.009224182120465
103.4524931147999 178.1714969603283 147.5221040347332
48.66676745030897 81.97589920101402 145.9065184161577
166.8641170178768 51.5185249002306 83.47895912379465
152.7536949603478 41.25151969763644 135.9784349958454
119.9475991245854 52.38191454619318 36.36399264354709
190.3499577044026 187.8575228578778 94.60601652255875
193.7977798491072 165.1166217729308 1.794735773993178
85.00291028662053 158.3833614939417 179.1788964160418
64.35254480405777 163.0247962195274 171.3027426675286
195.9753077315316 118.6894828182991 58.35806350628672
79.73542142227916 45.92459320324031 88.65287347449039
109.8080780916798 196.0951971481463 135.0405607174443
80.42228488829072 12.17394974407863 153.3536537523193
20.89064245568352 39.08702287244041 162.3910336740759
106.0758319807769 98.49999546781672 83.9751262336238
186.378802860507 186.6178643117572 16.76071234819684
172.768104788459 167.6127347099541 193.9012543826358
155.2619708938191 37.17171243072342 188.3252363969008
72.30370641702289 88.17869645020933 76.11915967959173
126.1368197148545 165.4545050601418 119.764244856176
190.3435927414443 183.5094485387729 153.0098726070034
116.6598060052271 59.11001774444872 198.3342560492461
45.11773284833742 19.03447456707552 96.73406632370961
73.87748016591927 170.2204783368051 93.06177351789297
36.63205404696762 66.59908631726357 82.43513935047547
100.6432533806306 162.3337943643679 163.374197469155
39.58568993576096 45.41807009803247 198.0344491836566
78.90570440472293 151.6835096940985 3.775905971326919
62.2716390057639 148.8568182423113 188.7654787911764
130.0142527440925 133.6536350204943 80.00726898616809
24.56179794708475 172.6063154469077 84.939902684519
154.7469112771545 18.36224931445338 140.0384061156688
194.1192671323559 161.5200314667785 156.731812162689
40.46335572247022 198.0783199097488 89.72093319239328
69.67867821152218 172.5879829821631 37.11222887776056
87.7205464619701 66.83221756724551 80.27403075693331
65.47507641107509 21.14443847144906 112.1373656141898
60.67617868952922 127.3125189871035 150.5819825571479
43.68701003254471 180.9037039555898 61.97367627104052
100.021096266067 56.53515366779099 160.8108511298517
2.454036618327431 138.0468650521167 81.33342563902116
19.84890883204337 61.21272228881765 96.55344236981928
147.9649732027846 126.9499640512416 179.3870739699603
105.8442265143715 0.8904136779452716 63.90770309217804
158.4436858225705 182.6636355085831 136.7166542903307
159.1685557179613 177.9831229329651 68.6356113841409
72.24941635218387 145.8340891844944 144.8352015431862
106.3521565005557 154.6830336213417 48.47281027121227
111.998695547328 68.66836795595074 175.6207287951688
190.7858280041589 156.7512601359667 76.43396921982334
179.8728577350474 17.30480707557556 31.74978809085209
