3 1024 8.067593092343937 0.6497799999999997 1.4 1 3 200 200 200
24.06816897775918 145.15561858272 163.2231072675896
16.25450619757012 14.15149202604648 154.8910834538546
186.858750915691 37.45516742835875 18.00448807310315
12.91574376210874 70.93659230498079 103.735707913858
26.38218122465055 165.0460170060944 32.39508539991157
60.03823293358814 48.34843550118254 104.2991027951899
111.6087231859227 24.73943055372035 160.1499547422446
55.59324989786337 75.19347826366578 92.48435460889945
107.6908740297865 53.0479004626802 43.57290873686316
192.673795940853 42.16776649723744 3.19195392718486
127.6712502788259 101.8472482058895 198.7697742558156
160.9029566597904 163.6763135945117 167.932099338412
103.6482379615912 182.883718998746 79.72135426077553
115.5631267188059 77.90743707665281 67.13916873403915
1.955939094838846 59.30292279780153 52.7351966666029
46.68701764686321 166.6356649509578 141.4358867816706
40.96734718118825 142.8410581321867 171.7067265441894
58.09541805985864 33.49945021904806 98.29286304142002
3.946883625103549 115.4623159906435 89.70820177286024
196.5359975000669 130.4670984170261 97.19097167924087
108.3578887482411 145.1167786822529 159.36431743157
76.04864741158633 146.2773087201287 160.1062172697207
110.3216799552246 67.73446634114127 122.9003693247994
135.3680581749498 153.682052276307 119.343056293518
145.7579722229501 179.0428621520839 74.72048949884177
62.32484933188729 175.5213055277355 182.2161412570668
136.8851207726406 21.76276219750408 1.059880280579265
94.85467187897056 43.55954946564696 89.32247391714468
64.1466365557544 188.470319839836 18.99428067993545
92.00401961383008 171.3294000227199 70.05367763282608
30.26670670390983 139.6706657276355 107.5578638085385
47.17946574102911 10.82228760644784 174.13314545088
28.83845019292883 45.55089744811629 44.68116177872437
156.1441621417461 180.0321393885743 93.87485051944329
163.486947378945 58.7743832355907 103.3136268625986
190.2381222092824 22.84584574302383 12.0470447546149
101.3669384712251 145.0642621972222 99.58118949955148
194.8723264407034 21.61883016866242 131.2000336931082
121.4279749089274 97.3631067386421 184.583273724235
62.90805137458166 25.16684712052137 50.18789015166266
121.8442140129212 63.21321996515695 133.2506966306382
0.7430016873331842 28.86940122976467 118.0353870115783
20.45923838587861 55.33338230081112 89.37896795212275
54.34732072302766 123.9855872946247 31.04601256301713
12.59975763820973 53.08084706918005 144.0860563627302
146.3636065920149 15.97387883010084 47.97767167370721
177.466144108216 38.87150666797602 56.47185572725894
62.50953337963428 194.4940713334705 116.5343308183494
105.3947164751066 99.92846436678093 47.92263411457012
89.36130878960259 176.7475417006247 48.45702714162985
199.3365477390502 162.963061086145 159.8848256824529
5.671656117208301 80.39594613761017 170.4249803987881
189.083115151661 190.4265578932952 4.074463837972933
27.83947434737661 137.597211826246 182.2336767236467
52.62719915655261 81.48171785623134 177.5888588832999
122.1451239102236 45.0917994187517 78.27570510398776
70.49580551817472 55.17378742677048 165.1076897019166
103.5852229679105 131.9854885274685 65.67785221940127
131.0628672262007 109.8753796359167 69.92400000889559
92.97487573227248 178.7203198403675 167.1693609347436
89.67610015856535 52.00691676845825 76.58810201221834
146.4547475180406 68.49518124658765 13.61725728645976
129.7998518924398 108.0133804128033 110.8497164905268
101.5666251806258 165.5392329447338 34.93929979585416
54.12822826934454 97.7787226518689 68.00342143837308
144.8848554091879 167.7783134771122 63.20137666005838
164.3539469169404 193.51941386748 182.5350623078432
129.7869957151421 38.4271713796692 95.05984120163993
125.9199688148693 172.9717504924197 87.14112325799711
6.568713859681871 88.56513915896784 75.29102662355989
7.110299354967076 186.8025113949388 109.7935961409672
65.60209388773485 102.522793344848 144.2344193522618
107.1938444118027 51.12004273466319 77.59569631497283
117.4614029974104 65.7951461326174 77.62874246284662
37.28411902433241 36.24157209366409 159.7535140194048
126.303599118291 191.6274297133773 184.4336480056141
183.6280274431183 74.71716066262479 19.30424282755745
125.1067205185295 74.10082254891987 121.7982963487091
20.80274338641147 74.85191848902588 171.2357880208502
157.7915362952899 119.4931045384748 126.5190510708721
86.5856567558277 122.6890437842501 24.03295719241479
88.93981207451749 180.091848327778 131.4430326858568
104.0910532432703 189.452293747229 157.1421266593168
151.4564841139169 132.0135594198071 100.9806794413823
39.22245932290453 27.63590718440024 104.5912558233415
134.965937005691 111.6366984801363 34.68748067589743
105.1634294191614 117.3440143737146 97.212486043792
120.6513690608361 117.676434394148 101.7243216880568
160.5427284878775 56.0928450820187 189.1982103830869
183.2387308571062 117.1579280859399 116.7104633269249
26.75863477235709 55.33118591660453 190.6475128503984
135.1959998470167 180.6680304517699 62.63143823262047
178.9009388907425 2.846618180628464 5.62572808604902
40.59191933857765 93.89636283002484 93.63511775896363
83.28938010265405 174.4466609935807 83.38709604006586
185.6878394407169 133.9119050243856 111.5142803606071
104.4499954505845 54.13415986451689 183.6687899238187
121.2398572876096 47.19727455791727 131.3890194809327
191.837964551198 96.50804502736113 36.77924540373721
85.84089816060141 8.211889143282475 135.2035569848369
88.85131586630418 140.4925347496921 108.7920684953247
135.789386252761 101.1261157895396 133.9224924394856
183.3259919448298 24.56820795938313 87.65473121668029
152.4933440496197 3.993869598417158 176.8233238066398
74.74680490043642 115.6817263617441 178.7149548848365
134.6376616263499 98.94478560080364 81.24149208428514
65.36603207071694 86.99057525906096 41.16316911136347
39.85478157099479 176.8667694738386 13.96190214272641
56.21889680503048 38.2452156359015 82.98606147953221
69.52989134620114 142.9318738017169 174.4818160486314
17.49042141774105 33.42016764731789 19.52583522179587
147.1529693707273 172.5482749101208 172.9999597818971
119.9136763798375 87.71074998651397 199.3339726053674
164.8325598157652 59.05942725988172 17.93347102639965
145.6746640818786 71.04415644162434 156.3536580071902
195.4369133051042 148.3488244539544 18.18775984636761
163.8437462494739 45.06418391209639 114.0497132214084
132.2462686105739 167.7906958241849 73.23164506133759
102.0567488513777 16.51107471183474 135.4268374684351
21.04827548028011 3.349162022229215 5.012740334487839
140.5429437881419 197.7815499718709 28.53635016119643
82.78362580855871 106.9319075964077 189.6323974217741
61.70547140621851 41.2938437436653 50.17881577947989
77.2123334096794 91.07576429076184 30.9986094069988
183.7139499867896 160.3022869204757 162.917584895295
194.6256110640524 104.570162705268 182.8913222792327
70.69780250846996 23.43738222098346 98.81708783581882
38.93999973775237 145.679179663028 190.7073591705109
15.44341966884937 199.339885459072 52.8555118661634
50.52878717725193 117.5406693209011 160.2196602349461
148.9387956141611 15.64599853923536 9.870541855943602
181.6350834958969 146.0744499133546 26.2301841441034
177.9978270864374 134.0096698898163 97.32986769543423
20.7464723400294 132.616573516598 153.6271893972825
161.1184580881467 134.1777009443113 72.38205781434769
107.3072536019912 198.4083250964923 116.4541754593724
78.59260698978986 94.93585292832171 13.11462561557868
20.54830871311591 1.5029476970822 37.70278353368683
108.3360946561722 35.1920608593413 75.28522657700809
110.9914983118162 132.1220092960652 100.0387615439268
3.105645884872433 1.604050062158154 104.7715836017271
52.43744107489388 180.9589899119775 27.16843327252111
38.19163930637106 140.3007738993352 156.0165503323573
48.24131421772032 113.0904742351432 41.26144387350492
7.915584023756381 27.55844435434853 52.0407241288047
132.7183361584394 18.22183947140119 119.1918298525882
196.6336228773944 135.4536916751136 185.0225579761543
151.2231302467876 20.07401451816555 177.221934025448
101.1553582156444 102.0525625086665 156.8169770593299
9.081123825123578 7.858886239161795 141.8464835377034
186.0996421273867 64.36320283709482 123.7210013857716
70.77289448317651 44.7639558311333 1.755646733407039
11.04819831013389 155.3034411021744 7.514723256843516
41.62177977585506 169.1287561879172 29.01473784698622
19.53790441369224 47.17710583028345 57.7654821441201
18.34978263689127 71.03978550685696 118.9279605260316
88.49167698113273 5.641423838822483 150.9103044252406
62.14861500397873 57.91511956472544 198.1458250736146
5.827146229072894 163.2666317444927 57.57218854980939
36.5508334826768 4.978074015564261 0.4827061954324581
198.0757103339985 134.2220719619766 3.448488463999501
33.3453454951941 139.4734502252857 55.131739974426
56.07294830440168 176.2296777053011 11.97191571720852
107.5061577757144 90.86573508525123 189.513647982387
146.1891624653858 12.30656185863846 128.8835762719266
80.23467770631996 44.35377176474547 15.01392993889366
105.8119847013936 94.46493920221835 173.8765384534586
55.73320776575117 64.74716650473039 18.03598446334898
195.4738436669541 0.4314438044926946 55.71579689578251
164.5456944300685 141.342437215277 102.3906126350743
12.88335791857596 126.2893523883606 4.897276626776643
166.2119697522803 192.0868611062158 98.58616106861132
115.9686278249021 172.0168685242002 38.25082471188186
195.4876425508897 96.95980600738169 168.6899023151199
195.3012737455297 151.5804382927755 36.30966860524288
109.7541482325338 73.07237652915992 138.1163620796133
167.6331546100392 150.3197041587803 19.42817624827358
34.52275937481203 54.98226164777008 56.47438017614154
14.53038043599051 60.07417498126505 66.06815389986447
72.99433014864572 99.64613823799722 179.076338039198
176.0818773655925 160.0334476473624 68.80611051253683
65.46370635720064 86.98880385770008 185.6659442754502
54.98205361346675 11.96404756583941 23.51380212773916
156.4966610610897 123.9126874805411 165.4346651716549
122.1873319817082 76.55325239474148 21.75897085544641
171.66874115047 48.09929712159339 68.37067677448175
113.9141106474907 128.3338460992699 189.5468057986785
40.6822043287838 186.6237193688507 103.4756103086526
132.2174509743928 182.7551361118193 38.37122810864568
173.8108417446665 57.6957199802709 115.6666069277699
177.0857286915474 190.5648288815656 129.7995530019693
148.5084051247364 191.088337275789 64.34362817980804
3.205119051880402 4.809823509379314 156.5609787444557
175.0625222485177 71.50154927192565 137.9915282860312
42.17881479715582 62.55626162611357 165.7253949253692
118.0775981607211 4.226454640923903 190.6182848015023
114.0563707359141 100.4517174050695 7.315343912486593
92.11422400775477 18.49935283496832 36.36054840480042
59.50766434526663 117.4587654191425 143.8944607901924
162.8312327525614 119.5039030125082 65.75973593603611
107.0209058957405 101.3214280293445 96.80210116826925
133.2915105340203 192.219184269584 198.9650411642506
177.4916017612499 9.77433895877483 191.1218056996896
0.2608696418136661 140.5586215478572 113.4616070609619
35.52984711623931 66.05055545117567 35.62868615224746
10.84512050177218 124.2692048054524 101.3356053205812
20.79480723045268 7.542734169595083 130.7546929773625
97.00147131064455 156.036479064304 67.0530714192472
168.2726639600418 30.361889168554 87.23758048508114
84.60072409982287 199.3434209847617 3.977865239608649
190.1748034694896 77.33183360926522 133.9718327820292
138.9018101720344 27.13966699783832 184.8773435232249
160.1502674111418 76.39160697723106 130.6857489059919
86.77100610317711 163.2084808954907 56.84313811233591
116.5475120583162 126.9477052979595 114.2759766642845
195.2978321016809 82.25395841998333 30.05662286804584
104.8190427456811 198.9756373843659 79.87207412795934
181.9610211181979 140.5057158151765 189.8766115121445
171.3406312268127 12.40497035327532 110.1305257847269
182.0857035161075 156.9209466909209 14.29309927273133
171.3855507343138 121.1284482892316 159.8749790129781
79.86126980832118 56.34439364497774 195.1496642066159
112.4439327423543 100.2319287136136 68.56826595398034
81.42941426260144 65.63666277304233 63.86757555271677
166.8646978197006 137.0225015137102 194.3835340142813
64.42614412929539 127.658561912603 175.4926529201286
43.80783776934136 55.18083295826371 23.19493925006842
12.38915809524401 130.2827514424386 116.2284216617473
91.83590875165049 174.5005328092327 25.70065350852206
32.90242632113343 112.7004950909817 132.991724140125
191.7090297791966 82.74174651254042 1.417430278798302
142.6131676166211 124.5927632547492 128.5074076235993
168.1546614540111 61.54128552111521 2.340323027510721
193.5958882625477 109.232215893249 27.01463874934741
83.21754518699304 13.95452792419872 176.1802067770363
46.17143698018556 135.6796774618901 66.09506051071526
184.8729022559079 29.04416297994386 120.9425964486212
148.4634841852231 18.27363621423099 114.0658985109363
159.7832736900445 164.7184131788815 34.09998827120932
9.904017619654587 140.077363015312 12.73011592475814
95.71146862341541 3.26986983228298 32.37137360623564
118.2323295396534 54.38607090001685 146.2651672142846
101.9960111575848 121.6161097676505 78.58169423045253
152.7013490487468 197.6550311314069 143.2540672122936
21.68422091273177 159.0345777901733 195.969442165853
20.01082474865303 199.0741753532342 150.5429888732311
73.99834226326701 118.9984583135028 56.20060359618842
41.6487736651805 68.24934006878263 50.68247805401155
102.5531249438863 175.8599544249498 116.0062447690135
73.65603236810222 177.2137988754578 44.78717236422418
152.8432329417317 131.2210590783071 179.3480745785138
90.21583647797125 118.8945349694318 132.6366162198058
195.062319645659 191.4002812286762 73.90168209667303
84.56826700093379 36.69597508574153 198.8756970046708
94.03979168795836 118.9703359836553 37.85146540979268
197.2976150178544 124.9312787085413 118.2153759171943
82.5122891880019 191.5569120864205 24.29241433241706
60.342419476004 116.0459912627937 69.60514507505715
107.7227359297935 7.706214271626625 151.8037636140429
62.95331177811997 160.5368959609836 160.3622747485457
38.01437061760934 103.9975647985658 166.4871136096243
43.85792225713244 173.2913584559311 176.3447165569285
15.10962103007227 22.97419609611113 81.71632182273845
138.7549799178499 50.07046853587543 139.1257842720205
181.6863626883879 4.498644359547818 68.6870044283104
187.0412559574756 26.47639749898727 193.298926867655
52.54984777885507 86.30836590174368 108.0434292061902
127.8662627721571 152.2053206875115 83.85260772800629
175.398060638436 66.19299150657253 79.28038181109991
156.7819377065727 60.46822729183952 67.83864403325579
87.48343083228428 46.99858504928053 106.8930996849795
18.59491324271787 164.964934251731 159.9095451545459
172.0298533132143 129.7646649319794 177.1922852528352
68.81859791305855 8.177439899969466 57.35176185098345
141.1762128902061 112.2947032791471 93.64796837461245
46.28927390717521 82.67651432883548 77.24199241785169
13.02050392097553 18.88130922449091 106.882184423874
21.7350083986641 180.8166008517376 42.62124369191481
93.8579177114824 67.87385420349111 112.7112719225666
138.7930767570702 194.4589141519655 130.1682675036165
107.2989005664001 196.8171181937009 18.26523822154226
145.1271051753041 87.58931790271575 10.69384072176782
172.5990265802274 43.2395488287902 197.8475010491189
94.34173611529927 86.22307145617012 39.84435490988644
85.47401848135796 136.9581052780937 127.5269341044453
27.18178164905856 58.33670640142105 107.2865486004802
46.97113124879527 51.78570114963943 41.99287000362695
54.45578602568209 6.040668901158543 191.4272267642564
139.4622463259677 50.91638661450897 52.19912266319457
68.13284738438412 47.22519412163582 182.7328165379284
21.81125334470079 129.8825680532886 134.4886992525958
69.84617071997224 34.99948273351036 114.3242376988692
50.43641745305688 184.1096702834086 195.0518485329631
51.85763645894096 24.09052484666441 150.9488243046127
81.49960144242715 113.3423176351576 7.857197484999481
190.6380790723045 83.88129198093775 182.1184651768126
119.501112558237 189.0495156265468 145.4262361891764
19.9782093434144 35.25856663853952 186.3461563195464
188.1664167009298 175.6530471508928 150.44637391959
8.693792944843519 116.586725113621 188.6739624533806
93.62402252377288 68.91961221565025 189.9204214688513
82.44587124150202 129.7048395458581 167.8079417494117
27.02413170590786 160.1638132835483 105.9780957643623
53.85362033266074 131.7772772051936 106.5434560172254
41.52740568455354 171.1557180113315 48.31988708406032
90.87041486117748 103.9010650261281 26.11415810654471
153.9694678072796 94.67185054394757 132.273612549993
179.7892163781377 115.7526265835978 14.78001523140783
129.1866855472856 173.0869649679708 189.2120532702788
185.2709400813147 194.1092461499445 105.5710065374512
101.9202708343079 35.06187869257057 39.31453078283768
177.7596807586956 34.17249853540257 103.6802753954723
174.9150371241386 107.3619276917706 177.4283190461753
25.03383927403361 52.2554402044013 26.91975878279822
4.615804694281249 61.279315499257 128.4676362256671
103.0413956938789 37.2625909669763 193.0634277834629
187.8923709664073 153.6814537487978 145.2089249276019
115.4519316252233 73.49767311254941 186.3353385630872
0.6188397323646505 134.9583081866569 59.04570030848088
90.89933204966943 197.9246242881238 168.5039462087102
65.13483645476524 138.0848081071566 70.86291415161254
87.94177729150661 54.42285713984216 173.5550418894819
59.20855073634438 96.83331453312981 89.19773087402838
98.69573276376316 187.4960943740558 61.58068777229126
120.7431929934812 23.46561401576074 190.5041674070043
82.84908461957163 161.6049580769462 37.95036395467997
174.6843357838066 87.56293718899654 166.5557991642299
71.51531926731145 62.45190584880666 110.952051193509
105.5597577948024 4.927327042899234 48.95896542396058
187.2518922639276 121.1619234117268 194.112255411256
134.8396278384249 58.68726725384757 72.899283899046
18.07297861126595 73.74508942435479 26.81828498357148
168.9849344075867 131.1491488381599 27.65958228980697
24.18173274114072 113.8651764563449 150.2395040524469
169.6773837997128 112.0483200771342 139.8679194137849
196.2258487913446 129.404501226768 22.11021507338668
148.4488616556894 179.9075461934285 48.53614009129471
131.6402040753811 93.46510838303716 40.94167795791259
6.216361827127907 183.4009229895315 58.830970597193
132.06076431786 77.10166968980232 171.2697537573494
56.76517185387456 137.773458035592 160.8675479647981
124.4297543579637 26.05590624957378 80.97900977831775
90.14994240092899 25.53378177126043 100.1671783839004
102.4086420140233 18.15803704375419 178.4237793806016
0.744737042722551 27.87992639885313 27.51180437177573
199.1818311280671 63.71889377664839 34.08855736713853
86.52752215454913 186.3452570346015 149.6079506923514
125.1350717307664 128.0349419699533 27.89354204586663
56.96938185995097 50.89637980384481 123.9020695382905
41.19290001331175 191.6256584679865 38.77347968146341
50.19208016373223 29.89601599860001 172.7154054589682
26.26199073068048 88.52797904054675 2.464155648279927
126.280304844568 71.56325360810695 150.1469392208656
88.86897771851022 130.7703770237272 52.30529272637993
77.25070907449337 80.95132260823304 199.7907509450972
125.0316384527032 57.10246569506018 93.18567198656376
51.73939364836534 154.2667402613925 106.7013882027937
90.04634566980356 8.069152738610446 65.07413285656861
106.0233361004622 69.50640877969848 30.13010095042225
89.71885299678389 80.07186509938943 18.60633556058137
36.7417447466137 152.4146209932328 69.12740837096375
156.0008866397654 137.7509579297703 10.39421766873558
96.29779344625136 178.5999313685716 97.11394200758618
192.8261135916354 74.25741766955463 91.39608655831904
108.781515239173 74.38664993444793 7.903347154480258
187.2864804328408 23.21491026762697 50.69896864003542
119.5866631364847 6.307126506753958 129.1710053960524
1.062309441907398 69.85176879785385 12.42923826324102
152.2457680770113 72.40490885844018 195.5598501461864
141.0342679675294 131.4534841715727 194.690405802468
20.81145614851106 170.4253915063274 14.64906356941908
149.835560906151 52.83109843497795 28.4781981606828
157.3353460948513 65.27517145563753 45.77415308763848
119.281058956591 185.1845874454459 52.57132812773403
110.7570007292125 35.15414758025568 96.48861216971648
66.56397134859746 127.8946066738863 16.54192665933978
22.11797300474799 177.9495955704971 180.3380964324444
130.6938171260608 72.03759500911572 2.943079182352303
140.9712392292614 74.57176821795544 132.9921905108511
144.7776527902591 152.5951387920416 136.2299505695683
132.6226699117055 58.91631028807092 184.6573441642311
104.2157480988217 24.91179816478399 59.40334903558039
160.0033017901517 1.187841969522818 121.1094311326653
132.2271547928341 56.42178626208643 118.38597526388
150.6577262824993 9.575286837770001 158.3742615205131
105.2104888738011 144.0217321418821 118.5293169332627
9.265384521952177 88.7097982924457 96.97750884989489
85.37494820604459 162.7947930570277 0.2043329610176169
62.0710782808 168.8516232105573 57.8544102326745
98.69938804925751 88.33099787457178 61.90884686166008
18.0522051921524 88.92100357272483 158.2208712109612
148.5860391370263 43.41711282342112 180.7567221747017
84.39872741008128 196.0802676397832 46.34349369548232
56.37588298317372 109.5682467105755 178.5553966781982
10.38122642891061 67.74012615484934 156.5489091954284
126.9583992489192 39.09381831849788 175.4248980972982
176.3665115102223 50.84919353659819 133.5966629186254
195.84947325454 61.36340704244653 70.99331851929256
50.21590967698755 21.49476845792957 7.347781605539338
199.5658113198769 22.64318104916679 149.9566226413535
13.01561195163381 71.45455129387661 81.65943231823344
147.2665069806638 163.5335382593391 86.21263387182205
56.89508084337926 18.38598547845944 86.17464528868472
64.29765549080251 198.9092101173316 77.44964357181723
127.3224461148946 148.7375486300541 157.9050919133315
198.6275412572759 41.4328140368301 137.4531987954947
27.65511412241273 21.22284577933006 8.444377790273075
15.10862517775026 55.89381636914418 175.1926692198909
5.145967713402828 191.246211279099 31.38408982126664
166.8975373780233 188.3674146036475 1.025084502271195
8.040078757770944 23.92956118612643 170.8733630820047
37.82123815297319 149.4257313508057 32.59602490202011
5.768740672754704 192.0593809039922 186.962172391558
118.1386040185699 162.5085266988114 119.6998642089203
28.92913919396186 73.96008075730039 145.2547047802512
193.8419789991518 99.72709643241916 84.68955402154847
139.0890702423991 90.16755939459182 149.8532248853175
114.1702441346433 16.45660443373081 108.6960758853986
125.9229289974206 108.5057011532544 149.057658144348
113.1059082745123 199.1809877114683 172.4479085604202
72.71566905441696 16.4806793577232 146.7901795379833
122.3123738610337 199.0456677949144 34.99492361326644
110.2812506354586 173.942930446818 19.82895824580318
44.08148163544228 173.7256694169481 70.61666543166871
101.8453875247035 85.00540491101467 125.0799209303646
139.4007840654359 23.93204989445538 64.19740565108295
70.24857259351884 33.45389107578626 162.9506545142815
32.3044600195738 73.46798877756848 186.7497479521773
11.55682446045994 132.6155741568008 173.0167786614182
21.25145308766735 24.91375378181419 36.50776611817446
6.321903463675722 164.89399737262 98.27685849551702
178.5139242126841 24.69133526370175 29.93525517406019
155.1939585184713 82.7946536957018 113.0980142487399
146.1789351851383 187.4538428971692 185.3231523611374
166.0394359306941 44.77540032392749 41.99880602136948
103.5979345284599 116.1768708238957 11.58497513428368
25.86464979904173 149.8261592395981 144.5187290250311
95.52084997146912 96.1050102235352 3.789303774003266
71.32455343595407 114.5080164077604 128.8429235942572
138.0285715189318 4.210624173398532 75.12661320153374
164.4481181027504 174.0328510578852 75.40646317066009
180.4492743273513 9.419000507025935 126.9534730411586
174.814071546735 108.3153764986012 76.06136359071881
164.8771315163189 22.99194503453609 47.86315928062355
190.4425853422863 148.8338254975485 97.84401870374508
126.4362011589744 8.468132871399987 10.49197955449915
166.8991798863371 167.944465440399 53.70699785385069
73.72388032097578 180.7826411857264 167.3672878858893
197.2011024940561 76.54441511588414 113.5588243720049
115.9983763884203 151.8713244041847 23.12019947223021
65.09734703382473 40.0362029583761 141.9649118244818
194.0462283285476 6.862397810042567 87.44655608842368
137.4362505919962 156.2069957625033 176.6716736933411
7.96035324843463 5.221219140106902 69.71697250037199
183.33017066381 189.842329585613 185.5959094445157
50.68033803524918 157.9226468111323 16.08186295824755
89.85774710240766 22.58938918954366 160.1727280050379
130.5944816729542 1.018106030110119 110.1677112771132
187.8607510595675 44.28423252256772 36.18165225537358
9.474104683124917 73.20693364491208 188.5631550831606
53.27887742549019 47.96065194857034 159.5090464517587
122.1755134246183 126.9160416439781 67.57354542632723
183.3327564584031 55.8748757475603 13.19042155925161
124.8786881887076 59.1706920719357 37.05164711147673
72.01753921631325 184.8068796538331 1.687671632338339
47.34430106437249 94.67375939154975 12.14693371529193
54.52440237024545 153.7543172052369 180.1919322745604
143.6504759426086 106.4087470796597 55.62628386028459
185.9045029566796 26.85277334917077 167.4467950757782
57.63422897971728 129.2013984111481 51.44290961230231
12.95581061069413 9.907874223202604 21.3341822284769
49.11290204877679 128.5551874035068 84.69371458954454
149.6777551388418 157.5621430410401 19.21516239073177
128.647209961709 174.5186734872937 166.6195423775628
3.797950525550287 123.2620141981063 152.7839726613228
191.0622529847534 46.93778501307925 116.89313612293
25.42126414200395 90.32844489450535 81.27271835224909
167.9748072022343 199.0187654060719 21.1454340850556
40.38458744919765 137.1304855446837 123.8695567008881
22.51073529622749 181.3049422132968 99.42544111039372
111.3072305030972 103.190799505791 115.5911068460311
39.1198585625681 74.67152693429499 18.66751021856967
110.9725348321054 128.8628088140245 48.05511916701747
146.4751900703291 39.08312745389814 120.9613605649362
165.9989189867754 103.1323573653407 55.91932102654656
100.5710368994754 113.4657224739941 60.90058591304776
99.56082080261559 146.2601719958938 190.7341964579779
74.18351423303575 40.27577985271311 89.91742041803798
94.74712951201677 54.67831240772753 7.418737473693851
85.31575611021667 32.86484361828424 179.7700022863811
195.0520988017783 43.07198232266963 180.2343339126352
35.93827566969567 47.167348886978 175.6816734931748
151.749147284133 4.936853953987609 100.4193137344844
131.0083401280885 78.62596285436663 82.8002901164412
194.5552641759503 95.66751387359622 125.2882282479786
100.5280948959416 195.3326219488689 134.3280674783422
148.1133107306688 196.3207902332045 10.72865564227152
116.3961803394209 90.19507864980079 158.2356390325793
84.90848187925974 103.5485558349158 143.1826715487747
157.1447061993084 17.87398811848625 27.265178041264
28.18160772074886 53.86889835076395 155.5524293757419
168.3779268846698 155.2555721112474 0.7204825859734745
135.4875476872673 73.14935227634493 52.59574741723851
147.0725467117662 185.5958152820077 111.1115369977346
185.3891921000171 93.66104572757651 104.7399516722539
53.38349240211052 82.78265810961958 55.77842556824951
37.87298359007907 33.88243605515189 24.1160497369256
133.9237536650518 168.5098303427386 104.1975487200899
188.4681180471355 78.06939334845381 47.85609223929364
170.9995251317955 8.942913825131519 172.899368528329
165.8814331604887 102.2716625399516 97.28503239129408
177.2712847190166 112.3058150625139 36.96207868466205
61.72846211125724 103.2348493628155 51.05180530239484
158.5264210599364 38.59327671916963 140.0609859811234
21.05550123257326 152.3162435145132 47.45609412393142
72.64286313411648 149.4794732830828 13.81981736752295
13.15436249636292 143.3869641763345 99.29637230405
198.4400762237354 167.488197923083 15.72814233604784
44.87566256817125 134.1298873974311 17.54522969976782
102.9931894570592 132.4587815537655 27.23104765444391
179.8349878762845 45.03099598707833 155.4896222703956
26.79048649520501 57.30941275210481 130.1400498183928
197.0467116822199 175.2044680205497 174.7103744335228
160.5587469180746 148.9428477822591 180.4898171944086
32.52391011383984 190.0833147195926 60.17106171762711
76.41303344247603 185.0444317495322 64.36312493626488
102.4184731940858 36.99406313252483 148.1314489098779
47.51335551517749 38.93212763324693 193.2444971162948
124.4643121263089 37.35294977299836 153.041781406096
25.3238969283726 29.34372497467329 62.60162464634035
158.2225803815114 61.06332339528373 142.3568913075382
151.6897721456843 51.5668916700655 5.812296223152327
152.3645840204662 87.24757447028446 47.43129843342685
22.47020792512074 92.75110890651706 180.0400356181392
89.38666260885108 103.4099200551201 121.0422355037694
121.4101495345583 109.4873178600325 53.14399052150537
134.6917051244715 17.1638832879506 29.63623200582268
158.5147600730121 8.366680231139554 194.6981173838836
171.0057897586026 147.2881712904599 85.09518526381088
43.34429912132703 170.3123938165665 93.19851339530217
11.24484319725652 108.1811059609242 167.8630742021316
13.67001105203082 43.28257004443429 118.250126222053
135.7803872790214 126.0498416271781 47.71787353313615
2.559463611200996 169.300513536867 39.46671468733514
122.2568408053062 38.5473109733823 60.04974071317931
92.19682292652442 159.562098975366 108.559551165749
1.297184029217154 111.4406823045087 9.387963852793467
30.02740793191857 150.0586760617844 11.40336156433349
38.49092484801229 81.51434950354792 164.3578857027935
171.8778036745186 9.320677408014692 91.02311761576289
183.7678831026581 106.5944849203078 156.660269882296
82.85807550061737 25.06744743390127 52.04874075983498
147.902633018062 141.1524718231778 163.4781958396958
133.9444704887263 142.5813851744421 13.02547339807847
178.2675503218588 168.6519204077547 130.8908083935697
123.948188287177 150.7125474876256 193.9386651212002
149.6581865272103 100.0237890867143 29.0001174455215
12.1125208319111 110.5512326542298 127.8337418011814
175.7757725179133 150.049457438912 115.542294695742
84.11154233581743 104.5071178513608 48.28762155935453
82.1651555948157 139.8517715970589 31.90036254266391
28.62712774592099 119.7634474523799 115.4780035027573
0.3006464743802499 136.7582677317164 135.0107219130721
100.4850155698877 1.413464647131717 98.58481993716025
27.52892566973988 131.993291939634 72.01690677987672
22.40986127465809 66.52630326921346 5.834639679540013
186.2718790152172 43.00336067647837 80.01828539558656
172.4629921425071 90.2427075704322 37.56484076666064
171.2863698953592 20.32914184531656 8.98287500706151
72.68660065940287 81.56677178117174 98.97212031571986
57.72870221854213 95.85316447106247 127.851074574591
2.883081990346294 107.699648499828 107.4142353057318
135.4397488954787 20.55817241634056 99.92171769665555
135.9438898734478 0.431614917145374 52.95381662687199
89.97157068640777 124.903946153975 189.1516163752018
71.74683783891884 27.53630001068465 10.53942934710482
190.488325970576 15.97323611800442 107.808448932716
143.6678316759072 30.58909774481004 162.8259146454469
7.026148289790338 91.06105212397621 17.41632876376597
151.8024735889422 64.81936459639564 174.2869800036179
177.2271042131646 5.129986141255106 41.64270143413056
147.9259743675077 139.6878283172705 32.91606872517987
32.28543701555292 19.46082887225894 120.7138985408654
138.7805410688717 89.32815447295522 189.035794061621
154.9038429922036 138.1311747740733 122.1399866425797
42.54647879151795 44.89066820534887 96.46023620134726
160.6386424424028 121.8440737821821 87.29993072452525
4.350562454184583 53.97106120370654 100.0344511377566
192.4890378129389 120.5354046523577 172.1474879976244
30.57209803106316 48.5761602570311 74.31376066075464
176.2850144148642 80.82027928754972 120.9415926190339
191.1994423267774 116.0951084466013 134.3283495824661
145.3372099800001 120.7299934371477 20.9088420385377
120.0400423981351 184.9031818736474 121.9654643092964
62.48867348966371 135.2854941301351 128.1447405569591
71.73133314890248 49.89937501871167 69.62888202727093
103.484631684522 17.99187983093748 83.53743350226873
96.49860958002888 120.4044065991495 152.7649974838315
136.5017156911839 54.67381535743775 161.1258047890216
9.941198564757229 90.34298769311714 39.80512308919997
55.74592094728899 43.13236068700593 13.85620499959175
166.1216870645076 168.5559134668376 149.936424342211
89.31103860387559 89.97058635382889 182.9547430279572
17.19942046556174 2.743353358591536 91.54467847010058
48.43386211313784 62.26706835311282 67.80167995610942
137.7987056180948 171.6120968334199 126.2345322695949
139.5031404067857 75.07064695692519 30.44957867124149
50.15147837822259 81.69457282010428 145.0117897234994
84.97319728875988 16.83371815354619 195.6805276839813
99.66445852572954 47.02188370324132 60.23465863396766
182.9502764619014 172.5034491890298 0.06974267396150433
40.06426614634438 117.7200234291272 59.7940436333085
152.3050273939174 87.10293675131295 170.623555882237
67.16743168032772 104.0901494550765 109.053926805466
28.57751861863209 186.122492751866 0.3817480923655753
82.47780089774656 118.1526233152947 73.5867368467967
26.34824363968436 95.1295664094703 137.8082997275382
100.9514080783812 76.30439302703914 169.2435904306554
125.1893080270763 94.67504354205462 97.59354093645186
79.0591647378793 14.86190419603183 83.60450654043133
21.67166259580156 199.050952152844 113.3764614163645
187.5511770514763 158.8212577095742 52.97751951955677
74.18367360067637 62.58392166015959 12.57745492208216
67.85935137950453 27.6625711119002 68.73920370435465
36.70763383704634 39.21069937058137 140.6291898067283
77.36385952070852 6.127165114317403 104.3672962155978
72.38212410045917 120.1242135791295 36.93899101057982
65.81269206274534 195.7090299533058 152.3715679623843
155.1976358057608 0.157826800966879 41.14358297912918
94.25010728989766 87.66199650136164 101.8237225593418
156.1617335980781 38.81894958873865 61.42100283951157
59.74033716514057 142.5370874522067 32.33136902222179
170.6932459359942 102.6485932474441 119.3524935154326
107.1799433274422 128.0610994198215 134.3924812907517
145.5998198256973 108.4205721590911 1.9698906164377
30.81285770269893 112.8903536249391 185.9633169372041
80.80177360139176 62.32495296365097 90.36037675427769
182.5658499113132 99.26426292915596 197.0792720721631
179.7964082208798 137.5602081492958 8.890636867536733
108.7360474658869 177.3700509891399 179.7034681237202
188.2563148504383 99.2876430440605 55.60292978327706
3.229457388853734 168.9189987281524 75.90788649389152
56.00163624581732 142.9853211240925 199.9937440622838
2.672480728284343 5.552720514438108 123.7217499976823
42.17738974499451 126.0835921531533 143.4915760075577
31.42475444686001 18.8629201655156 165.9617817698457
112.0016093317797 136.623644912706 6.939719334761529
17.54920868034361 120.4681084286801 55.34870537404118
36.86034663847445 19.75192670829622 187.8688733692906
73.71599389789928 171.2665250007206 19.68839732190147
129.0854809366978 100.7006018876342 19.69562971246024
97.09901233822308 102.2551992506663 80.20157669233495
193.212958925008 9.428188601365257 179.8252926872478
8.16635486593287 51.6999122352367 196.477190830559
23.76689771471894 110.4547975419066 7.286908795380592
12.97779337767905 109.7486891569395 28.6484112496594
41.62341916405534 107.7371463488773 80.13459936846796
156.6554827916812 188.9502030855147 165.3667697816825
80.34755727004844 49.41276132645304 128.1891272581965
92.7830157286273 142.648439950809 148.1295155605742
152.6822014504519 103.7948457048564 76.16552715418202
36.07744589020677 159.1302230884483 126.6474719859031
156.7290581811122 8.583298239379021 63.23361227523296
199.3096257131832 32.49371267836839 95.17827633937691
175.2507656978708 176.6374780830631 168.9527172828128
125.41106265933 35.40650575437341 113.6776312442897
21.12111888580511 37.83174683926883 97.63396117947413
184.0948198703488 115.6328707317301 97.42755229781382
117.6103998499797 111.0061973496456 83.80358707040247
51.8512703326938 27.53817816326981 128.6010989552999
154.2178782946883 61.2851173512577 120.1265786698059
137.4846498100137 133.1448759437297 145.1042144803606
189.4134896625906 63.78151681122633 192.9226782440926
45.79651499375575 103.8582494662836 145.2812775504037
28.36107290034101 93.70340035739873 24.35171021315274
161.4568104107282 104.5100034115416 159.5114223986618
186.2548357259893 168.5880339823864 107.9685044104706
167.9205438722227 182.1634941173114 36.18437559624421
89.1498864889446 32.79061973334645 74.27661984544112
107.7517782997751 165.630798921082 198.9776220047814
128.4906863301142 115.3874162344613 184.9537955297143
181.9025045475731 55.68927403420626 98.191079499559
184.7095064488657 177.1233253856821 65.90926614711555
50.46626005072869 150.6222039433985 51.2757663604277
114.6050642754826 187.1540595297446 199.1993348213849
12.74130988572619 142.0380558938575 193.5127051145318
188.2526669402191 185.7645756840032 45.34161694809514
135.0131916955275 196.2657782192303 167.7747309625165
76.67235792042896 72.20122089464196 35.28271403659485
55.06486046332408 190.3097117839336 58.71254829327211
59.11877964954953 56.96668483076441 86.98509311968671
35.86082153609151 95.63087882499698 61.9550139357846
183.0826267731912 129.0842559714397 79.3082734244431
37.08522440467728 65.18250772184544 88.17301755140429
18.85762798322025 185.1545161759781 77.46884325386569
175.3082656225775 142.0054633371167 61.7864221215812
113.8417361327354 147.9736351926457 61.9257535552689
193.6777021211273 152.6358038618803 199.3882384904024
165.6143377977118 27.09181327988913 121.3733566302628
36.05503011983607 76.98558075693774 124.0334918203275
157.6775144287832 194.8133554632694 81.11550068415241
31.64613948818674 17.37392152057938 143.4229561105506
4.460997174251728 48.25414526825209 18.49233143392969
171.0870260630575 72.60949724845052 183.1004933130572
15.4402733292561 90.18020990092086 118.6565147244947
126.0301682157546 136.26867559674 176.6964474046407
67.22749337707003 5.362499639998692 10.0468472506626
138.2661400046744 187.5735290520757 90.40450253360443
198.2125049627487 116.2323743772029 44.46673627650192
89.65158402401927 190.4965467160839 115.129563469142
178.6893236751346 91.35491413638273 140.7784561796349
164.1067181420995 99.80160434780848 11.63782201253575
14.28123465919165 150.0192377475608 68.88271808108719
93.63058328157091 65.39694252135519 48.5637163801623
32.40013337628145 125.8526631706509 167.531569102314
180.4677545122773 120.3753628538818 57.8169550629488
160.8014270057068 77.2382118774577 23.24149233576689
101.9317197979463 33.61137550937168 117.951161429447
76.36674593693472 159.7815233440683 72.8085861707581
104.4319477247712 130.878368646369 172.8582358370608
80.16226219721464 47.26420664770625 48.83853476299543
172.9401805399742 66.1508940365861 159.5735674533031
6.397117671624629 154.6758481881928 175.8974895156208
28.58580980539332 126.1417500457972 93.80873145084509
56.15881402443003 197.3014726371532 98.46014636631568
155.8250420842585 118.2932056403131 40.76689179390218
30.03315870229174 8.113113337917355 73.54980747776939
91.28037386607731 130.052243270017 92.66788442745931
44.58175129501785 3.080107405508929 156.577458921121
186.3188235000318 135.2158417895635 41.56141818901728
126.4708098316982 119.2780839449083 7.11358297433637
102.5320064744484 52.18798117749144 131.4162825665192
57.62999607986563 93.41353216522977 162.8163569380009
62.92920117692107 164.414951472696 198.2468591922962
121.837854989363 187.4436068272429 74.90117996547868
65.45545700592035 63.8873108788288 53.03996610876359
188.3761482317217 82.67998064697538 70.91360647199639
58.69447245647237 29.79953916603034 31.86634147734785
148.9130663507461 81.60652676450539 69.0706515686871
6.921689623743068 29.05449643962129 3.78889466700521
73.27341969097967 97.62555682147574 71.53915010255483
51.94986419903864 11.11301587598035 42.61797813351636
147.0007031333168 90.46429511739987 93.49423806010577
183.0388230187514 166.3955592764374 85.71793181718404
128.540657789958 186.9320093925786 16.97532618581932
5.748876129664527 94.4978590003052 195.1268295566613
74.40178259184876 198.5517218771238 183.9213277144311
144.4354241225367 123.8778477902692 69.92585838687539
124.6751566993873 36.6485531139846 35.32389991463076
19.18153551506625 33.24547125673413 153.5717019750748
3.352792936737028 101.5393124439001 146.6037836600642
153.1264778825664 69.29385151860852 88.31602755123644
137.0983956821272 72.97313495622559 103.8055293960123
67.90007798134816 117.6188952263673 90.83422189847171
87.07157488383632 179.9192556748253 185.5706484445394
94.3715693247111 157.1860545431752 86.20126892409276
49.22035138843232 39.86557402700669 65.00591859945932
6.438338256534218 145.5627465170077 155.2281885724097
111.3265897684768 52.80028683626781 110.6185521312591
77.82104220906564 84.007296743718 120.8339891481261
161.487848499858 170.8536527087678 185.9052775338295
89.79485326980506 158.8547071309422 131.0095413164987
65.31130313419889 25.69675095760637 188.9645732219612
111.4529463825774 151.4323719442569 138.9348107989262
192.762416519134 64.43330043236348 170.4601997105964
7.637768465321659 188.2015403169041 9.140529037870023
126.2208984126904 167.3526920368507 145.1570549168791
83.37256808119686 48.41474478195951 152.2644172379109
180.9273825824034 57.81001044947759 54.41103700672625
13.55075283975588 98.82389212041386 60.42828272480286
65.52806034627433 11.96204739060845 168.0567434765168
69.43910411493566 112.5216331651556 160.3647573300655
139.162218427842 26.98193481304631 139.3786261587074
23.64924734733421 169.3925020806891 62.01406226732368
199.4564428644501 114.4982763545996 68.54803139940117
180.6940368326867 159.0611984123373 182.0562640860297
179.1268862276253 188.6120038158514 84.5403100095501
6.334417489972474 170.7800104352172 194.8207849467237
151.0901981086761 110.4907374155344 178.6696437589359
73.0836174082349 69.95384517376381 180.5044141786949
72.68268008878729 84.55716276875755 142.8239569584643
168.4537747289984 149.039540883238 41.44085647957206
74.99375343855043 128.9149683046484 145.8502408104412
94.07431136450992 12.43493643307185 118.1959089431412
40.38441749371527 163.9655766294915 196.9051251294554
37.05941268444428 28.30773238734423 81.88834907939713
49.43132678777636 116.4335704596991 123.6240792813683
157.2234247344882 153.8010046727181 68.42477607982458
172.3763988684412 25.07632543169109 69.0687512055151
15.24558460613584 13.39890718318303 189.5135171915733
51.75965385000892 62.78579155017581 182.5491659199846
56.09567590405956 177.2483828680546 110.5057951559574
157.8777702513506 162.7533362135004 120.8849612263188
135.5638595462328 126.4954636608725 110.5654212295249
121.26091438788 88.51062760693694 136.0806461880193
126.7454050079841 17.26172967551702 169.6293627491844
1.099640807854019 185.7731178459923 91.41680340329869
109.9107721378445 16.87029762132612 28.4752305834368
174.3307429613556 51.25223510013777 176.495964858244
39.51381886030835 190.8537780461631 84.61726859521022
196.3525943083051 41.99876629819985 59.3732150083738
147.4673074030296 112.9178886955778 143.8955853975844
96.497313654254 85.01575748840185 148.8833054983441
89.41839111795174 134.9940739306657 9.354507550810702
114.072527355348 111.0053664918734 168.1257515842565
74.5587512640796 184.2417141263464 99.52970684466355
37.33162322615731 41.32928670411016 118.1486575010076
80.97099369454871 33.44122880934341 30.99101104449923
195.770370553181 156.0515920081553 124.1713596585873
89.25637300078854 54.39028587072615 29.3285858544687
111.0959944281867 111.1258377968089 33.11396542032814
86.95142846255307 108.8855182057776 99.26272896201861
197.2519068975387 7.857465168756641 1.994804156314095
63.84888285474523 176.6306674191495 81.15522358049691
35.91982552777863 10.80630267305528 26.70529031557584
53.80112342342765 72.45770571910366 35.69130190715364
100.1705339372339 148.1154084300114 43.26720862904441
106.6810398254253 105.700887715592 137.5616863801381
93.87685133379915 182.6084028910117 6.941854481835199
193.7757838694073 83.00902249628213 155.3732291455816
95.99723152426878 33.14447907181385 14.12719736684799
110.0768082948117 48.51923010376942 22.82446218623395
149.2070042943772 107.3055597164017 114.1633916422954
40.86496685658161 30.45765529961383 46.24593933419889
7.630102804954966 77.03447112634895 59.77291022444513
166.0710071030059 122.3786376522001 109.2558447822672
19.48123360883156 111.9692436324795 78.69106077969118
158.0420130125314 47.88486223141318 160.7024643248543
162.2677756683939 14.07069428153059 139.5259299574481
23.32556745974507 128.3444114068777 21.07230603169795
130.1188145483739 8.66202660494295 149.0153913369277
49.04828960156507 64.00474334834122 107.2979694772392
48.56505782002866 94.81302003375144 34.70877734426335
125.2057064156199 116.1436491912635 127.8110652607856
143.0027668309817 39.21631256184359 80.93132036755178
13.35974222101443 188.2671347717514 133.5838481147594
147.7239236790338 150.6346984232392 104.7510157130335
8.237096153690262 184.5917555200227 155.6937302088062
25.32635354837871 104.4418481151275 99.17142414545754
77.21908783521565 143.2900621523753 192.2481672485886
169.2245769511778 78.52712611534496 59.67747041492181
13.80543016167585 25.53904801002506 132.229151186957
40.44273177956659 159.3088332017027 158.9351142947068
72.67320294630798 146.4848556344624 51.29566273317187
145.3248917373207 162.5773958666584 156.4862450070844
147.9409880781905 179.6352251394889 25.95453872170852
121.2199748630808 5.662118931929473 90.14742668392789
146.132441576875 153.3025595747483 197.3164107029883
160.2290012855611 82.20936976122145 150.0436202768179
74.17626892429114 162.0801460593576 95.17334558400493
55.15704443145494 17.42331158617701 108.6761272401848
87.15003186672357 12.683275523898 17.77788842775335
175.9707871566514 63.52894824025054 33.12745705957134
167.5548203692309 30.02949418601384 180.2317337575362
129.1375222894884 91.41328571031312 64.273399994497
128.2283681425852 130.2328440467388 89.08235121443462
185.5071591240036 184.8188376655064 22.25852696220161
123.3797654908889 18.80851605649863 49.11956494401087
164.9362667805771 117.765512133039 194.9679239482633
114.6017642922741 80.40111366139892 47.96233863591219
189.3410456488673 193.6279308168601 164.1528642335517
192.4622957358659 149.1005071088414 74.65762193329731
167.0819845369704 171.6455106434769 16.211017981697
124.809625357895 145.6356187794546 105.2481204115373
28.85840683465012 156.499489712049 178.1651037210071
194.7043004955902 23.36447794490218 72.03488200499936
76.59695771909377 172.4030549009815 118.6594830629033
168.4265838561047 190.1950817336113 57.29144345832074
171.7540202431392 75.8353758186618 99.38051770591662
168.9601823275138 148.2574348823948 159.4329844527902
193.8831728110954 195.8660094655511 142.1386358044021
23.74971595268696 163.9468867733819 83.93679163125326
34.27355254731619 195.6260332078384 137.9106484440236
106.5196634614067 173.2574199866838 135.8158623358053
146.6042426008283 33.48901919381974 39.72814453471874
19.94947218955054 63.26132163957827 46.78052239072488
105.435316460346 167.3804498250378 53.82145732749773
4.32224448470856 11.0738461579385 42.17572423297646
167.1959358184456 149.9255185435234 136.9746864985715
112.9119998135742 163.3080090700126 97.7383023288937
58.29551094037127 73.37853077772527 125.652553440066
80.20739802348552 92.77641938835588 162.4730216403589
154.7723504205691 136.4044875405104 54.22548342439489
47.22216683558649 129.433730473465 184.1970913749138
101.3228873052615 62.11490508444469 151.6712721644176
125.5738993694343 138.704190054946 126.733847602973
48.33878420312377 17.31437028832511 64.03687611416353
133.591141694784 40.559235343801 197.7849800254971
180.4835057803953 10.82191847306069 152.4837730987631
68.51177140317454 62.35880452870031 142.5186327465715
153.1230783180465 19.11613575537258 82.88850707540674
179.0534571743714 29.18656217098791 139.4087333385839
132.806214354434 164.2645958685366 32.65759726783785
99.62761402547611 67.36005648851443 70.25336843159809
127.8279306250087 164.3824921128336 54.69106961378355
16.8424798354746 148.1608384843836 122.1808679848336
38.01172552997755 10.470597809283 95.71598388987293
86.6705993863974 82.24458892373647 81.24516937843136
75.51626196529698 126.4937431139353 110.1601945054964
145.616288144136 51.75942744210489 100.8002200928156
8.622109104140183 81.14268631928505 138.4505534593554
8.76463931249801 44.4102734627615 78.47887193378969
6.587795146725024 166.7628404003072 140.8604431015339
52.83946628017295 184.3585844279716 131.6976702031158
167.587384606109 87.3588860191601 80.40399383453072
63.7541111398352 192.3837977379385 37.95273276974557
64.77758916147624 105.8556391968345 21.16420012927856
31.0061554989459 10.7298930624984 51.13377028370924
10.64483282413505 134.2262821145882 38.81678335899073
69.82963418314357 140.0329034043341 92.8728588429783
87.09154999206353 163.9954866760698 152.8392289588458
156.7752820486686 181.2715068416351 133.7740069610583
113.7834114251152 77.28879732711232 106.4193116602066
32.51059924553038 180.6116054236792 120.6407829232043
43.90903013356622 199.8205090174384 117.2715482105575
49.30760094742916 147.4565641598051 141.8702804483805
160.3181805797784 131.1467963218184 147.4781102295159
59.24359930174723 164.8523970557363 35.80282033444563
134.4945538668267 90.54581065255701 117.7586735364305
73.39425552390801 12.68728946796209 35.69540041318094
91.87188694441991 109.5854386630247 172.0474718162371
97.92634071539784 199.2436224902634 189.9312428254775
43.26455875072419 94.24800461851378 188.735983480393
147.4897459367388 141.0257569398779 84.3091551050926
28.82045900393161 174.0799531216466 141.9479204182188
107.1077360918493 110.2153495928997 190.0811514844001
93.88007036732476 154.6805718232838 19.49398368727482
105.5320999672416 14.89507283397631 4.836717249998775
190.9065069416879 62.48667922446435 146.3804342279827
86.45726552903834 193.5365570586286 82.72784028551943
103.2965959267776 63.18060310934382 92.23283353599872
47.02241985560757 114.6450234699668 1.597839747562013
148.1757665725439 156.9357240487738 47.50107451160096
30.83536005800734 82.86009378516451 44.01293979822415
2.055049411668107 46.89718414085721 159.1015947705019
168.9753783275055 181.4521066265216 114.7638217219756
58.51977797638993 161.679564260962 126.933598357626
54.88511331012413 77.86653318815182 199.0737562863768
133.5042503589737 99.58327041817519 169.6124553537733
35.33188223678604 197.8746335518645 182.3115042091669
162.7002301336119 48.88130915092542 86.30455138219594
66.85357510851773 52.25500814773363 31.2818800596559
56.58124771060969 155.2902559747255 82.74013400899935
102.3981754496064 185.7990704547545 37.36642372725325
183.26732037582 131.9037616817135 149.0307040287846
25.8100722334018 191.1054297883442 22.2399543141604
172.7237957524704 80.25486519044392 4.293432145480049
108.0440049736467 170.5268133390205 158.1871938832545
50.90603236849456 179.0610678554021 155.6732631403861
9.845967664125446 43.80201274496329 41.34687425433521
77.86993757755081 82.62501348336656 55.28722872781165
148.4080721854429 174.791767586776 3.896168190370722
88.40316025034623 69.52878839238308 134.5693576798601
31.11039946920491 130.5967640430416 199.9870513266493
137.3625520375096 121.1889183633365 164.269153876219
154.055768351463 30.33494850928308 198.3406717801828
43.4743515208827 58.8102301441908 3.184612759764575
188.6799826575459 142.5569498749405 168.861576105017
71.63472206049036 150.8875708735778 141.8263770269773
65.04975547446091 82.29925098561826 18.75369450226421
136.8471038867311 7.905487502856501 187.5371288364983
59.36894366033712 70.89259753602173 162.579598792535
109.097429797085 90.8416713534958 23.37602204194686
140.9930988418993 183.7586967170396 149.9399313019612
54.04864883150702 6.431683627864031 136.3436482322361
131.0045838273313 53.62720515436671 16.02780898117194
175.6032436294174 131.0743816020735 127.7975468442531
36.06192702514328 128.0637223454224 39.72639140776677
29.6226848542484 80.77579545339651 102.7137474346543
92.57664706292223 149.8196917927582 169.5491287304451
128.9674559932125 165.3187778572482 10.42232407134033
71.24481477545031 14.7872171694522 124.312775248674
171.3564845958832 190.5881555771966 148.2946163936475
136.4044019775029 145.4361235269695 63.93464550777423
12.22350990427755 170.7604077399284 119.3539157189667
104.8809285930599 39.54035446540405 170.664722324258
36.50194414408266 98.73707455238359 117.9552308348915
55.36745183421289 192.499265442515 173.3698343518131
190.7002375574533 6.762839243477771 23.58511603714513
142.7768161789961 34.40349072481705 17.48441026079109
117.4308578662634 128.714947824271 154.5110883427051
165.6582219748563 39.74761264919611 19.05840852504373
117.6261333317346 60.59617008390189 58.39717277226753
12.09920068544007 153.2603314965198 26.739969909522
46.82458776434234 110.8177663515878 101.8999078840882
184.6883377254121 94.04709153107655 18.95472646360547
181.725319276162 164.7838628665007 31.98308474411474
115.90244981898 54.76561604059548 199.2679938527249
64.78342798816311 100.9096049969154 199.115110131024
81.66710206084326 70.50571330954264 158.9864562570531
97.54124876051461 123.2631330828088 113.9981926894114
112.2105927308027 166.0817765273633 75.33120055621269
29.46087105911986 74.15653111773705 64.81276340708922
125.3436219606686 145.4315890636867 42.65118886185456
117.7045629170547 185.4044881818392 99.50323648827283
193.8275196351974 183.2235028770449 123.4190464127837
66.49946095440794 123.5216651026824 194.3801639067489
155.426390461355 31.4310513141757 101.6847379564035
117.3743980604016 28.35140132859006 133.5750350482135
108.9038758774784 140.0066591342337 82.47844450189523
86.88829563650117 28.59768835808282 134.0393171976478
115.7584203891897 59.25072076597588 168.8083474943427
16.85064548491544 2.089388222800548 170.0253204978684
74.46206230936181 192.9458009436743 131.6878002906199
72.62236738176968 149.6831191468398 113.9925922463688
113.7513856874886 155.9540005079639 174.4757514879601
69.15613844118147 173.5294272588671 142.9558421301892
87.54461648636808 140.1524021531001 72.81118398187613
30.14666709136847 106.4086339244841 42.94311254851137
165.3882856863686 26.69638294969541 157.9953822386651
6.50352463431938 132.4126922187162 80.70589041137033
75.70589699284444 161.5102954786971 178.9820946996026
37.33914839209374 146.7746250753603 90.99254215408266
116.9686717068858 8.438813383064137 68.13636686791588
26.95859928929262 43.68005463178294 6.110402698427437
30.14839585720645 186.2568290753236 160.9275978132361
120.4208810420185 30.62582348197266 13.28291952727607
40.33264551430588 112.8440716691112 23.58982078047367
46.09400469455652 59.73331736137791 141.6191795544111
46.58510720012832 195.1805940464206 14.36181272017521
109.17678582371 83.85989928668853 85.30067724207954
165.4452122721536 163.6697207161432 99.62100331847284
161.8143890947796 93.88451892651109 189.9584853359819
66.96683143476767 73.88896522989242 73.84317241498191
