3 1024 8.065539810323102 0.6492840000000011 1.4 1 3 200 200 200
61.55513601379072 11.4232365195514 63.61845424427485
143.9720907779278 196.2924262068312 82.36657542016593
12.54052194969326 77.41609920345562 197.8648987779937
69.28517746437196 105.6432475000048 67.42726320312283
108.0975210717244 16.94485447380261 22.48774827173276
80.14933612335486 173.8987643301017 168.672584429329
54.06743625969388 69.94616535981601 6.307282809648334
55.2188777464303 132.4007195350437 196.1268202897694
80.12451900830807 47.31771453239034 7.999416383531018
147.5850907399328 91.80129937951854 21.04176071430423
173.3374185164861 96.57699067244224 86.51490464985721
177.6428216639797 165.9994355551532 111.1113536485822
24.96657985930264 149.3687369892088 165.337176632652
148.5968232527088 106.1125557958403 177.1073269864612
41.73758809476076 180.7288554330089 81.23579725194685
113.933085746215 143.1955165797612 182.8491327878203
106.5412432727228 84.63438954840497 41.45436041211033
163.7047532383638 166.9566794684367 53.38810409867048
87.506373892352 100.0309536739931 183.2414180624849
91.054133225642 152.0611598100833 36.90940103997479
97.59750461692859 48.28276023148824 34.06164747699356
117.7962707431623 41.01989997087949 117.8447749660881
12.40779931707944 109.2153571069539 4.362005966934741
154.7362343778422 57.23059141048583 162.6855741606592
18.66931520953154 159.6814552199841 98.11541535572039
132.0338814971177 88.84438836771747 24.14449964235391
1.252388649500308 135.5919918359498 114.7502048737008
42.87704494946218 126.9741328033021 25.79088299835896
85.17173325719247 162.0437579120746 25.68646688568442
143.2901221071663 140.2164898719916 43.921677020657
129.1889134630239 77.46488810770043 174.2379940154628
75.0793059172871 154.0197912330723 37.99535255304923
185.0969873904363 70.90476019534481 105.6118556132472
185.5916623125404 45.92228229138176 15.79006951942993
1.110760810358036 40.31189660044883 52.20206262206588
13.41135949432726 78.71604817812597 48.21506896674254
37.87742037106356 158.7686217411177 163.0653910187604
197.1023755102766 63.46263077178212 175.9704771287501
13.98277483135071 199.7995019570073 37.83085079365284
99.12543845951633 109.9154634580765 125.7688982358879
164.0780649236294 127.031648268231 66.66285115482714
50.5451103141493 40.6003823215763 143.2137567938663
129.3717660533344 8.716399547585562 171.2601407735845
68.46336588370188 154.5129243339795 76.26907504915756
140.0852360517524 116.8041836260637 122.2719402873646
185.1963240265497 89.39151389701006 57.83146269737298
129.827599616322 61.00153151530215 168.3556835555499
112.5214254403443 68.40777914194338 28.44574417718606
41.04553338136617 38.32389499369771 93.68602778297669
163.8405451286389 137.5139912254268 41.89203302107671
101.2202755203471 11.51509157062036 142.9882754141935
29.41711045670842 50.45594263048967 149.2479855789657
51.82527665616355 25.15031558629174 72.76652274639099
101.8974792137627 162.6643525261884 31.41350686771834
81.16050009048433 177.9494281155642 136.6445801914965
96.94301167413981 86.01085147290816 28.56289731318682
70.62494024940629 67.97982885957076 179.6848453937936
128.9774286632982 132.3819155852991 17.04158902865517
188.5436787443614 159.3846404705489 57.38880861786584
156.4569551184924 181.6241441794808 167.5872963872362
126.1895214501553 21.57916658369113 82.75468243256174
156.52508128912 98.51230691569806 196.9618100762085
114.8531386829664 11.41356551851233 77.42940061714526
178.1838140935749 126.003991880561 96.92436129179832
57.24801379391762 68.81636445251399 131.2777600268141
163.5988468081104 1.290210894082641 137.8322356281584
185.6435684805331 105.1933481549288 49.09968561955249
104.6779698430111 33.96496047439427 18.76639494338564
191.3112114835223 68.7242694549935 45.45966447880657
45.2061339669435 97.56344028711305 95.76997462019732
166.3778988131857 81.52398121606716 49.89841693447011
128.8101549699773 64.40847139625134 184.2252787458576
91.6080822846919 86.50683660707509 76.34548880926211
168.5124793163008 27.08789321954607 151.2511320393264
147.9028493791346 126.9178413285006 70.70361957647677
121.6424941442804 157.4512960797176 102.7235305014624
154.838206104848 21.21858621947104 61.63961462544994
74.64941324787047 36.52607949449589 104.7947006655816
169.7821143733024 73.25455733308601 110.1000250526607
14.6794182392346 63.77224874456247 25.63692108218174
0.2713085654133142 78.62260114346013 171.4599849826358
192.6284916831539 120.4265916413784 39.33711557656936
30.14172350573602 20.68123425716122 132.2949645028623
130.2040606746399 18.95057190601029 104.4874226350742
175.4300323327224 33.57218686377571 22.25105306395668
168.5715680797049 64.88838232107868 166.4909727256352
69.55965441738741 20.49812533411749 198.3584765470008
68.53416623557933 36.83607832180983 36.05985290200856
9.840275940687215 110.0465153297536 87.44564744593214
183.9502247379565 140.5705426600412 164.2858584002065
35.85137798302188 95.02648446560103 109.191012457641
155.964189229891 174.2595829005155 41.26531465082894
32.34736923973369 133.0416475344066 72.90679352814303
175.0088794472586 175.0643425392466 144.7564485940561
21.48683844135415 93.36159175119184 3.81405613401941
188.2922900374325 139.8020825787873 130.7891059879188
39.73237792734952 117.7104339637402 162.735192096414
2.043522012678286 119.24847588143 76.73370020664115
119.0382916988246 112.4446959337438 69.57556353229748
136.2225078038056 94.15594405369819 157.3879245895531
57.87996699364659 7.504105531474945 124.6464714070555
104.25349964305 72.91783638621783 192.8471563395474
125.4777990158567 7.271864100278139 137.1134793681867
62.52512908383117 71.78234984405188 72.92721957584122
148.9456956569581 103.7075879224755 126.7200030683172
74.54576546456589 53.08501159950061 114.4488168654099
118.1804858596519 83.39246126184641 30.35498794883747
32.19429085756276 191.2604630212221 73.60544151506437
72.1674793875307 36.39514265559484 199.190766469107
6.603067886821854 55.82569046186379 83.5101070325908
177.1565880380217 155.5314077973589 165.1233013086049
49.33336552512908 108.0912158490781 52.91837520303287
72.97553075844188 67.19814556135665 128.0780907044862
73.50553751535149 20.22381784890704 57.29796112948816
61.02368685129829 138.9221527688921 69.45215949951344
82.16786289265825 149.3978725862262 162.2707959813838
97.82123690790917 179.7673058909466 129.0723579720122
4.78935356264762 153.2245452597119 103.5816873396724
179.7682888049889 86.81014231239025 117.2319240831121
83.54058921251001 40.76511609349902 31.59186972430233
183.4732069827814 1.468922163082243 149.7944351852466
133.1585711572985 143.1506537175371 28.30050948109108
165.0556128830754 30.43665851708547 169.8947303966815
129.8583905033352 34.26956477486441 109.5291760880662
56.15386100824836 40.46870282914573 67.60780543099824
179.8797331828146 62.2735349134699 92.95164243042926
70.92069126141287 48.47154622729462 25.14512074604066
199.3278078386039 143.1991348372163 160.1834813624215
170.7050806539199 81.45951075424155 162.0898600115976
113.5855741742736 11.30922693580084 173.3297353452071
40.00812670578568 59.03382108574789 46.43260003215183
123.6261114198218 103.3613355886618 90.54606465030371
144.5622296037064 152.3554248959675 173.1044654937861
7.426054817785443 163.6535218938031 171.1673858393603
65.36850190660303 53.66712462802777 99.05775454752403
41.68053973896057 13.68208959724828 78.33311858638142
49.54670463728061 189.9904358401699 137.2691419254578
89.49446018583778 76.78880967876603 198.0813486005843
64.19982479452597 44.39128504643082 53.19280693713178
46.845185509188 40.19731112002935 180.8684799118394
19.53519016723299 82.47117307215153 102.6542432992304
62.74303026577032 51.8140780776602 154.275118913974
60.06127017004313 182.1562730911864 23.30768372348408
194.5286982628679 39.65672195570607 66.91452137694368
196.9798734544316 182.6031776937865 134.1081230843569
121.9537718403675 15.8536900555534 7.192839951462171
6.304316914259805 176.4113875565689 161.3597554680287
175.5520811174751 176.6856551609476 58.40796471953206
99.67729226644525 98.81434766505133 37.98648753861901
47.68605847605516 174.2422233730822 144.3877327354705
102.9933277062651 126.8700996891379 121.6781228031505
128.962908739742 114.9132086941196 180.3970904374441
55.12167783249705 154.2488643331444 67.20589141751854
50.69672581960825 193.3181782426101 153.1103006429356
78.78454591764168 5.634497929895575 52.8828277922016
19.00594416507215 62.74978807343421 148.4246246079924
183.7273482984236 197.3273067218495 165.3826929116291
146.9582577224645 22.12903654007012 109.3280458667722
173.4419381250268 67.57524814855762 43.64964548785541
184.9107040337955 56.34174577671338 114.5843135478144
146.1283384140812 7.929941952992141 58.85346111209143
2.751483768191847 177.1305123105533 81.75640059610183
30.0978412680379 51.38592093077034 109.7134299114536
76.689113850387 82.58343199528927 182.8741619685872
180.8090480452402 34.01334982532557 159.5068624286327
9.85884808064986 137.7605851834152 172.426589099353
138.355705595493 23.8369616461546 60.57704235277706
67.64919468874717 33.44238060336924 20.28382361563869
76.80301470406016 140.9547539091467 72.32820273335584
45.56517550366316 172.6779926010635 160.3020769916253
179.8502078305279 5.198885828337236 76.1304134826749
58.57130900686089 182.2599616317366 49.67380462755573
172.1611164216925 12.30166460948949 145.9345026394032
151.6739496011965 198.9502485500033 154.8160523906428
127.8559771711964 169.3715748364926 13.6734453907962
34.91059383938471 165.3611592967179 148.6450483534601
66.38955345765648 139.6842513371573 84.64547706020836
112.0780015990317 98.1597371780646 48.28229132291002
189.5544304834468 12.48360716067289 111.4819480350165
101.0554438189208 61.30499732348716 142.0838724072713
172.8305657515956 0.8971294032798642 40.38635227463053
100.4194054592728 101.020558401293 63.03848018217423
5.10506078355963 169.8972116898058 139.8308682759469
199.6320037736079 150.0067114754161 174.8045237448807
163.3087865522016 125.9123570163598 103.1641618306892
90.24068128872067 84.60279457325331 43.16795558453121
152.4923083219124 197.2917352127142 7.545008256879072
189.6178888296955 198.2417030141918 119.0566049642086
6.22762576674685 157.4766725098427 88.08773714250644
11.82103434735631 74.62058212639053 181.9860724856704
173.7694549682126 175.6503634240534 123.4429428551713
123.0949940039955 48.13822423926841 159.9565972861957
156.9208020515988 70.32924273347452 100.8134792707422
61.01727315269378 116.6335124693831 118.0731391700508
82.86825888141846 156.4480158223873 69.27149065076964
81.50618188662742 91.79060809015485 170.5358371155512
6.786873424687845 4.573148865816013 176.5750983278625
87.89173795462884 167.4814677135982 79.91288132134595
120.5767151972945 173.7360764146285 179.31619228764
149.9294840045008 95.26938120626578 52.51784927117045
123.8412856814527 183.3891160736928 6.773997399384419
115.0402285876471 8.089670801296936 120.7771296801549
54.5316921683198 113.1131474515736 170.5748926433343
156.4203335007371 73.92840223642619 160.9353924829877
189.6633170595835 106.1181069235637 167.8294767658689
177.5669536422008 170.9107040938678 160.2735211194122
44.80751683506335 192.9048006419535 116.7527205900363
172.2087705020209 138.8302015869681 131.5553503495437
4.56884756503065 131.0157769557753 24.88519681532346
43.77141202696291 41.64706456103217 49.58664331460211
68.4637241946792 157.3311753892641 22.54124287691468
12.90098945773046 140.7212717798863 97.41078502541602
162.1910064872424 167.7808254214095 27.86893644248566
112.8083800395337 19.15726781426722 91.43167409865282
0.2505674040545783 179.8338586477685 28.4381742170773
43.1896559740023 159.5468785693537 136.0807198884712
1.815280736305263 182.2448042571988 5.931130835040212
48.38291000750616 4.905304763729404 181.8931206157799
54.31964320340072 131.4930792212159 95.25120893841667
108.5891131215249 75.29798247893814 137.4193404362087
74.67991705853919 77.52635598270622 166.9765032849007
102.1263141550134 105.5999200407654 142.7681547630451
43.74334152184317 38.39949292528235 77.71038176768546
161.8863310917785 67.05379025822808 73.06429421141596
186.0485441584054 71.9197909160272 167.8156802425575
132.4691174163272 9.168408730947728 91.86250648014762
84.37526726603282 24.79911823341495 110.0954388788928
100.5047711183242 40.39990789354205 4.575354114476018
18.57147019732039 50.096636394713 120.9246718320328
100.5838671418734 89.17421932944367 146.1827958668285
158.4665324610105 121.9343329194673 195.4320952007308
21.22240035006531 15.85573877549296 27.50821345960164
62.93450311650267 123.9455528575151 83.89204938033564
154.0373381720177 191.3809022342809 106.8696357129664
27.59547055377851 161.9711887426575 17.40022204386876
130.0394365294167 147.8858035303327 112.6333046016329
61.61848631802174 16.55893081371628 144.6100418295457
169.3630555955574 84.86518599394186 146.2419730158136
196.1794529768776 123.3274117962777 128.0623618681259
157.2227293123443 141.3136666233264 126.1274356342068
27.79748899801634 58.83580909705179 134.379352768426
173.374239215555 179.1451220106498 97.85569708272962
194.4305807898394 165.243847185726 32.10844311695912
147.2426474307222 142.0464139285865 77.26879567409102
11.56227697969978 119.3961879935318 145.150129133685
69.39890410276442 185.6507100606986 104.4635647698046
134.6491089977569 147.8088020186892 67.33008622419763
87.57018372154789 44.73811703539273 109.8766591263884
59.87818310924162 41.78656231615362 190.2400006443786
172.1368546053751 51.1975904291218 41.70807562484963
123.4470243383809 181.6339727080699 61.62287591305851
50.87840253859667 128.4667322115257 167.2384371265131
189.4609863573892 177.0938233156711 43.51409481178125
157.654914365119 13.46112837669074 158.5408004748955
96.24099802441243 148.5905802991857 195.736256888959
162.3651268501997 50.45352401360537 175.7104023188822
156.3954826669415 5.486974577581174 120.3621679003498
102.3392480475829 157.7929378930364 71.42134602544496
101.0827218894432 2.623655593407387 186.3407504264576
64.47087105356256 51.24786744442851 135.0034848421275
152.6598028807795 20.81547229143975 3.681765441681486
136.7145651381868 109.2641227998724 140.6565715563908
165.4166883781355 180.8619610744882 10.64781512054694
198.6578895423107 2.414053394807948 135.6570272283902
196.8725645648392 71.14188432347437 90.25010947135037
90.75151584057717 57.5193776366448 124.0618950946886
118.565755842505 93.35972188503008 65.87688150739483
16.28929287210858 109.7174743409749 52.66804062055094
189.2782092155942 10.29195144709089 92.25113803881227
92.82298508035781 133.2254137350038 7.002693573716752
26.17613020893853 108.5546523839713 173.0842670913512
62.67868682825451 3.55506595284689 164.3505564531119
55.40498446659711 51.00882778956397 37.26912565352549
148.9259618464492 126.7302242869908 90.2347427036989
155.3148319117744 60.63436863694886 39.57959209372403
193.6275593850293 49.85570654342476 98.56394780317402
54.30049112771272 157.6322553540429 151.8155530545557
35.34303399024621 112.1504865170433 37.66683150376442
0.640635601331711 64.75553344825317 154.2032402173067
104.8493206036966 40.8806252721079 50.41170276433015
95.67252036745631 11.4260747975126 101.8347822997146
128.0051186414587 53.35778102629517 106.9006727056419
13.01843937134734 46.83223505726555 139.1787519562994
151.1088359116088 72.88503176705593 58.07942338964835
192.0951092128114 20.92569970578161 72.52819227447412
145.5927491342234 3.789517681021085 190.6362480826797
141.1617028569284 44.26694850625095 33.11342210457644
171.2159682533426 13.62434751576248 105.3906481633293
177.5468051897009 39.26311702892046 181.7592671200443
51.89934757296853 185.3048628123254 193.9362617782082
30.75447613133901 121.7458946841134 146.0673578642115
197.4006300985795 124.8102787514145 98.92197910745723
189.8216805378278 24.97774046399449 194.2199296083592
145.3612118888586 85.6129035794289 120.8516658901851
41.67816214322661 53.07988826810433 65.06603662852565
59.76903117745156 82.97835069478207 192.2687357045544
88.56869861335139 185.3973905750379 72.61469034738815
103.7584505757879 156.729081716176 95.35179638182821
96.94000010476115 66.75453931942016 39.81194027426469
64.19669060144398 168.8147900691766 134.7765737924841
54.19867628706258 165.9768014875291 82.57803745255077
123.9494932588465 195.8248890833012 152.6484592783524
22.43626815720942 148.507281686648 82.4722055406917
197.6326201391216 197.5719732699007 75.56529471138226
136.8524141682516 68.52361737859299 134.9899926871257
189.8018811763382 52.55683968267125 138.5916597061867
8.210478430430848 105.7832154759857 106.2571304978936
34.73475054967669 24.76318220907642 61.71240665722531
2.899340674379108 65.96587084972133 111.3900185484763
51.2909533940593 105.5819632293879 153.0397719802918
126.7372090632741 130.7699126887687 121.0500205609115
83.12240508646509 130.6524187849758 157.5379279365841
49.03405014147904 119.0648245742007 133.0796402889719
119.4461189254188 63.19977999262767 148.357454609202
14.34208676942876 82.15008795646114 158.6430159182733
48.67445879051284 109.2084274799009 19.6771326510824
117.0289054905741 3.51052251138063 102.0747558621693
9.023467333132249 195.2645915799048 193.4048737837258
99.89274142503668 36.86927607799703 123.9225122862954
20.95658489811051 126.4534014499247 87.10359654630157
78.85923509871587 92.93110338201457 199.0889623609046
11.42189246298748 58.58305202882678 192.8185005267805
92.01226989379299 188.6491213910946 12.22667940122543
23.8227982557589 89.50835759120231 184.9885663591879
178.7414103318242 105.0620368509137 67.18407158632202
106.494950225452 115.2757258567691 30.42045049611212
127.0052629240748 164.3738616802858 194.9918164172659
73.4742778144474 21.33289664745622 173.1493549507639
27.06928066863274 78.3956526049197 140.3691593205076
190.1599768255856 166.2113218714068 179.5366719630338
81.52335287279308 165.367992201524 151.3509515926177
2.640324991322881 14.67563164364056 32.855481011602
53.77637671221778 0.4562467158429022 23.86511857117554
124.6323345288917 195.1165277921876 81.10001610647296
13.15681257093139 132.230371191057 130.7472954394781
146.0430354257583 68.158441052707 176.2460243373464
161.7899818167888 27.41554264915535 120.5876037104395
115.316666496962 145.7100283212754 156.4542376915308
168.0464037555641 46.69672916375351 151.6825826058366
75.79471377058545 137.3521891797233 105.5653498548241
79.69980941312289 6.162572289017832 72.21114904891625
150.3793922732619 86.54563619408862 142.8507453981904
92.95613508994715 102.9316863416851 159.6052415807482
54.18828527799936 27.84263727306 7.549972445798926
155.4555805811619 154.9181299844411 40.67085635015623
197.6928200616364 187.5985225237106 174.6033429591123
87.39539122369 195.7535431477728 132.3040462020693
23.94534273899259 132.6967780254838 192.600738539371
136.7251045867313 49.22195367473775 194.4479376300868
105.4972640825157 51.54329071552965 107.2290293969621
110.7162784707727 0.001541687141283515 6.632429532613465
150.9336098669061 32.9105420243861 156.8888622687848
127.9662462500625 88.4447965863114 140.8373452912687
6.7876071607718 164.2056186125242 121.4059024152936
59.19110308504112 143.6826176986152 11.34669086113235
38.33574228559736 16.02542141957938 18.46166170055471
88.10474476705986 118.7963921941086 138.9739947652469
38.87926405968381 89.40422825675446 24.35232176678439
69.93930172911756 14.54433305599516 16.77342343596752
157.8833310401747 155.1533132128078 13.84432718701623
20.59103120940567 148.1526956237869 113.5458816407955
104.9240677900927 170.3173067116667 113.7443191776186
186.919193979278 86.37419408438713 76.87423144744902
67.5486392185564 69.70855666177951 147.6424823132068
41.54439391411706 146.0529083874891 197.2801893981786
94.61259447123692 147.3539548422034 147.5856323200741
116.622567994631 192.1952675775285 173.6996741217773
167.2446869434416 100.3595675581686 45.51961782965599
36.08908371781851 91.52305978675079 162.0540025496765
60.13198521141521 187.2241419892536 87.41012937152468
43.60361517419561 57.1257848341982 122.3367874344963
177.2542663291159 148.2056977604181 4.543745900407913
92.38526077637265 28.72753394147583 143.604096561318
55.41545936420128 60.81864392250813 189.2813429557132
112.3876835328539 15.38507785799082 47.39987191306768
137.4148065481089 178.0717518876324 45.27665734653745
142.6494788538989 183.9137154476127 120.6268871245993
101.6588627752584 180.6363153184495 54.83845661247733
11.51132434080211 186.3429692322184 121.8789166739649
173.3342043058573 144.8721058660913 26.71214578451961
44.17746151593134 187.3810177726066 172.8158258088072
40.45734920009448 6.980500624715562 162.2316352774931
154.3138388083454 92.90783009480174 164.1592414410958
120.2194778562125 47.83739325630909 179.0967582883726
147.2896127834601 54.88441065618684 94.22553165594756
15.14608090999941 128.3592360642326 65.36408053628611
196.1794985154447 23.75384393824985 125.7575848884018
136.2769895878589 111.9940385525814 78.70815724431444
8.907394094704085 130.0300544199798 43.72408415879191
174.2754275153641 107.7676023385773 102.4218021475297
45.32567347830107 100.1117591315608 181.57106041582
55.73082507225841 26.99237188963123 53.69960747583732
94.09021917306607 58.08503860836712 0.01649774006399182
95.31430224370234 1.015628185709384 43.93110782467602
138.4107858581922 13.04912923520258 154.7004485145422
61.92108599950648 168.7469490972958 112.165581236944
174.359950244119 18.92328186535122 9.642776690647258
42.81427581290835 79.61614138392561 124.2255680886964
26.2994793681493 106.9193336018222 17.64535887196324
27.44287262775649 195.1115281953708 108.4882568806684
116.1825583615068 16.98466249588187 154.0453178090944
164.1996785642486 53.77112337085298 59.17468712183701
120.5570367333037 187.1946826037413 117.2850998683947
7.043966126709118 89.95533780478689 138.747552620705
74.83341601649045 193.4111265032758 28.76791211788694
147.8589141853293 154.7487387987656 115.8065288530718
147.3792250745119 132.4095700276761 112.0376021449778
104.3564416477921 123.9393863398359 153.7876985939889
164.5447317840016 128.928126844702 146.7511112382502
31.30539771867882 192.8043711537246 130.6229432540734
147.648581302401 104.9293854928826 35.26679269077005
165.5919309077761 140.2284958750001 83.15975132843491
101.1327462585116 120.9147082368147 68.09044336224257
158.647849274962 57.762017551711 196.969007901683
171.936922496767 109.7147561744586 2.522295994225157
173.3460416879469 15.56960029699133 61.13552580318728
192.8552313182442 144.8738016767623 38.06727597584498
191.1683677793833 165.4470270295714 97.27450051758362
190.6638313134966 51.27831564339886 197.893401357093
47.02591847293116 116.2549728037158 104.7014142494203
115.4601118564318 117.0135163098833 51.07519833832824
7.792412744603935 90.88632087297806 89.28899351817218
169.9952041549015 196.7160808096802 90.47000845491492
69.97883357960627 128.9026083292955 130.0674046037499
152.6940445748107 111.3893153957113 14.22344753292539
11.18147196691507 163.3204853430628 69.29956223820879
17.18518493587222 30.79437110803518 121.3751861836352
38.49662035062563 141.5943821243075 153.5579649403662
40.45582877629675 89.91729085504315 1.798592982964094
199.9959395994872 87.53215564979094 117.4293747590942
143.0951380624244 166.2273691041909 134.6628916660851
28.57457395640677 196.6703787625861 25.50233455561475
179.3727063021595 146.5398678373106 182.1216979827414
102.650456834879 196.998489556898 85.92370485624802
178.5763737265108 148.1277793402275 147.2942505626767
83.58607925655701 199.9893110645865 172.107915438435
29.68798844014533 108.7405721871187 195.3920644965092
57.95232425143084 145.5242513110019 34.96280829610364
152.3835945222024 123.0866605441511 47.83253404248448
69.3269637424836 150.3071294144997 122.8958360050826
42.01991902966174 119.4679933681245 82.91551311647805
20.24261429937441 15.67482789644651 46.96823263755314
6.355366072805261 97.73268602342475 172.9049595143359
159.1182745006082 107.3696191361702 142.7765187927888
127.1897079026284 8.191299814144458 62.86474924182366
65.83261382248301 140.7344843632961 167.9986483293683
136.2376098473989 57.34018861557046 51.20791347738498
72.98475761342152 101.4456466529035 117.0990028885894
28.30830041564577 107.0583003110414 96.03649436413222
103.6272628676165 21.3007685281356 4.164418136674496
16.66124266810405 17.13938001482096 165.6147827170372
137.9546388153565 95.78737745860656 101.1305987146404
25.64738862527153 171.1528321798929 171.8547926548889
96.62474103161534 33.46643923542511 97.00564588203929
161.6847404793252 161.1046624986986 175.3343535360887
158.5932681920207 13.45495461849675 44.16818717346373
82.86634020297963 188.4397270771856 191.5010939158128
117.8931176910937 177.8157740044959 96.8449532793681
35.02124538135818 156.1323117587206 39.54664879000681
141.6807575094945 171.5843222990483 175.0417525371203
20.35189313077004 95.09550286638202 35.94365563388793
123.3909087186499 7.803733712236612 189.6475524630649
9.709876317619845 116.2492255484734 186.5309518199637
143.0232195170342 179.9138338393289 7.883839456631258
36.17419094579174 98.88359006377019 137.6571476889449
16.24233349970046 137.938082522159 152.3783977067465
91.17236749809527 178.617501887522 33.68695949322404
135.0639387194491 26.50865681028488 16.64263400500336
143.4461406847202 14.95592828882049 77.00618029470408
121.5373618912687 81.53639889965156 191.5463824825952
163.2680260230661 122.958740917248 125.0082769158867
63.65226915253827 66.25794799575336 22.79635901551314
15.83444704995174 147.6825803580245 31.1511915813586
75.69701251487083 15.05002650438902 131.4109422225145
119.5662612927858 37.27655217531676 3.307422792361044
34.63237034202483 25.50415630800835 150.7012014097189
60.56636619352417 90.09505548318873 56.92360973328816
86.17416158625279 106.4411359236237 76.85224115602156
188.3006056329232 54.83355734612236 77.18969260026608
68.6487680985377 71.31433241991603 91.50496971615186
28.90443023393226 27.32042779857721 83.37984653697245
43.05094674388894 42.86817372032027 20.20702322055007
187.1054038833108 84.1152950514216 17.23812247937905
66.43502210206836 197.896848035664 142.8125159185032
57.10907584171991 1.577804383992585 104.5810074509561
106.6397993446493 160.9835093889907 185.1068785803723
186.9789650038521 71.4364179463726 126.5248695627128
7.491416639290812 36.75962729537994 1.899711272907101
199.8770363672633 45.21077833641614 119.7625627530744
81.58949633938913 36.37941258807928 50.3445662564791
34.24059761096665 23.18907422287131 195.7255050099507
174.6847732627851 99.83525662893746 157.2999597968642
176.9884680367715 88.2881933544064 197.4836036678504
15.31983338613921 71.91262413266583 77.19096286362843
177.4660308080038 33.89517217959972 135.4968105818664
174.5390601639234 120.8512110514804 51.59394233551399
33.81322791531928 40.10515506051797 133.4924607172977
131.7377617363516 186.005928544739 189.2954522560528
190.2584523243663 107.3748111040315 86.47191774943664
24.52042926309546 68.19924150619345 117.5177366361061
143.014499576709 138.0201307488081 160.1890886132555
28.5698249544725 164.5123503914186 198.2352261597029
167.2951250242944 51.12247810948858 22.9662529588379
138.5237752312559 159.712539329019 155.7975156429613
59.03769666068985 86.75790565434552 14.52155225757826
141.5516151245333 181.7097945307332 151.6789903605325
184.899613386708 92.38867804772812 135.0435116126523
16.6080612950537 8.299100736792962 123.280959531314
98.21731711519946 134.8120511065995 104.6834548325254
137.4465149943367 144.3462298423436 189.2266041675517
140.0519020075879 146.6477528005701 96.11305672917014
22.33453302988714 6.811436748928203 67.63410457867852
35.90643196641319 26.16753759502185 173.2388687741383
76.73329646660024 51.04987704603067 187.3968850091092
169.3182430909829 160.5447720051256 94.35131172679073
24.62296312065266 175.1855578086841 31.2294830677118
159.4650670097419 168.1543440702551 153.9946504273793
53.56166247715419 163.5562486146246 50.22128225787209
110.3843388310439 178.4855747543411 75.55689325483088
85.08961917750614 8.78502468405237 1.047449322557999
92.83832415902327 77.93417899792949 160.1100412673676
193.3677039796027 129.2558518846138 177.941681431803
119.3637775889718 193.9068076926597 47.22123627906608
58.05982043013184 95.76534162434872 35.20779703284705
59.17930746964166 104.8200689479041 83.91658087563773
11.53777871306954 187.0574563236736 146.0635002678987
130.9169180627551 147.5682328076117 138.3428345671864
131.5707397521774 37.83887080577573 73.73423896327303
30.68862409837861 110.9171178920382 119.3510930022639
191.2902608389437 23.75896881337497 50.13777631189152
40.05993143460717 11.70277218397162 117.5593322648763
122.942161265131 154.7987399696364 83.59301352475539
50.01226204487352 74.29727772921416 38.9001558684159
143.0697144883458 199.2036833819027 137.4780626220482
10.08454609327032 14.91741299957287 84.78758473337906
111.1546641963302 148.823619074957 116.7793041713332
148.4597692762259 9.449577647222243 22.93183733266957
2.548392364911101 77.3280732668408 32.25343934838275
54.63413405188871 23.08624643391655 185.477653275732
96.73245120387841 181.5848706485238 175.0464156126172
82.45539048711696 95.6337133155353 57.37448108679659
27.6164701036807 73.71280961122125 36.05430947035019
157.4976260788393 29.44784199972781 28.26105341178167
87.38421621199288 28.48365978814211 190.2151292948067
151.6385711827431 137.6307884701176 26.64970799894407
27.85607628465807 130.9183768630634 170.4297365076627
2.22574319145331 68.33850054320477 11.53877098478756
68.05686770662365 110.7735889919816 48.80267303288451
164.6685507816811 140.7660785059244 165.9828496699627
31.02677606526664 133.9885623036413 41.47204522804333
150.5600993765737 160.5770167049713 81.77609737639767
114.7921827613474 82.92098042762754 158.3285229057562
85.64159492009355 120.1342715421833 116.3632935952118
189.6330896778709 107.5377332680404 118.97759938733
195.814925499404 23.43194719053332 171.6021230494462
184.8512171412776 89.25996448251605 176.3355844953948
33.30416257965641 184.9392347289952 151.6979609001662
94.3981686271146 102.0754779958087 16.65693452978732
189.420817846247 151.1842849548957 115.1726060206421
67.89169347688295 100.7639462315975 180.9679713783867
43.66459865410184 122.4829217971568 184.1753451617633
118.1904192014331 53.31757396079551 64.17438818060675
51.96936810311181 27.40616155367662 129.1216230883643
187.1940532734442 61.62359610300874 26.99744760755198
110.3104700476762 135.4941902165437 21.11113004660191
167.7347400006161 54.48006896029167 105.8536797129189
43.43588363373077 141.2511633167278 58.88705857118381
168.9713521604763 19.23770937388071 187.7138383651357
137.1025551420672 112.6673989106675 162.9786619381276
109.2183462177637 93.58957908056477 129.3458226391714
178.7042606522163 68.39310070111483 150.2564032392859
119.2832697455156 137.2291987216365 41.7627242555028
19.44624267306028 103.1864301563258 152.206049660634
56.81652066061228 120.3686936683285 65.87871153916701
89.51010858744546 139.7682754303 126.8301532100196
7.643295147118503 93.50645149402712 17.34320521447903
87.45340594627861 117.856886317805 175.6355456364343
182.2570055954506 84.68141780261922 39.28761213152847
43.80566424175164 154.3785594041755 117.436384926911
162.2675050966163 33.70056729986587 98.90162789177131
186.3226232679104 52.52676502703861 54.81156759057505
24.87174880414274 65.85827282007882 57.04913920136886
74.75343616340864 131.6066538334233 43.22123243016789
126.2883813925155 127.2278355945974 149.522853959839
23.62936121381833 108.2725352788154 73.97648566577124
120.2823136169304 136.5198995744908 100.1865747092505
83.23829622782689 137.2539077072315 186.9547812738261
176.9379060839758 12.01696505647767 127.1780228173246
22.85998646153211 77.1101552355322 14.24035298738829
166.3524408147738 95.91866604949607 23.39505888941474
129.4396759817501 184.8047494846331 25.24985831790375
110.0715797897154 71.26417124842352 76.87542882873832
173.8496032236051 181.4444654224992 176.0824533655215
59.91922180898737 87.96808809675706 104.0134044291524
169.1660024134223 77.49758568554459 87.64633465132603
113.6178405233698 139.4757541572537 63.50824983352218
4.040857426302372 36.63892295910972 83.50103730494494
56.28592614832493 64.8263363529278 167.0692700144968
118.3473994923531 104.6457194170021 153.2881163569012
125.1233774273505 103.3404243983713 34.95256902405225
27.02935262702816 51.25686159993933 33.73288677676145
71.66402130884894 125.9187903586609 4.016269555796813
5.418855371901148 1.043325281486514 105.0556131681932
133.1590790984515 0.190168332135935 9.141862824457851
188.4545223220459 40.75718895392862 35.54227685884216
179.3712563913408 165.2851776766858 19.17107113123655
188.3649896958873 108.8845544246587 186.9439698112837
87.54723559786228 74.67113493972126 138.3991043487152
186.0832325290983 126.0647983550363 21.97462559857191
139.6475051850674 53.06230770909186 151.2117359107973
44.79956866979997 145.1481107401811 174.9508980700943
10.02901957987698 109.8078967305931 128.4045031616248
140.6700868422158 190.1148201468789 64.10161506535005
193.5927161023915 109.2432021771196 8.911101250282181
80.78667262701778 141.8827879190145 24.03762985896389
146.8820490979957 42.70409768129507 113.2382679010341
57.96000264721846 87.31129288867123 165.7890376489871
51.91997402723774 125.9927019822058 44.56186636845342
34.44142488272466 30.18913676026561 37.08183479943748
108.6292299087914 35.87729842401385 163.844552658065
132.214106129198 87.13686681793335 48.9946388029578
140.4190105534197 0.2193829215604349 42.04096069868922
70.64699680395775 106.1849558972587 15.42603155457588
132.7410856440468 70.75136349578412 33.37741520697737
6.351280094743179 57.1042244287837 41.78880280836441
95.15547204644139 177.6004541207044 94.73005802074429
130.2006781212201 113.3464458159625 13.74638385798055
61.30232009140874 67.05801263744726 112.4316698478687
155.9409884910421 109.5048382180348 65.52121361285748
91.36019331024903 141.9822361116928 59.61058870596116
169.8163561696703 199.6054599543126 198.8436613995099
93.14858473414851 37.77748216957244 69.69518844052321
75.6981551668441 90.28636042930916 152.1318112296083
177.0090473664339 67.35582890559546 5.960034619915094
80.01580829146931 186.350592502304 51.7352602693957
112.9176234883075 27.31777862059743 66.56611129588801
37.83627297890565 158.0354406661747 95.96536893510475
58.34899404684005 42.5359805825624 113.408105941003
175.9194754852496 15.28522322100392 164.6875501496949
115.2061767776116 70.12662747431156 98.8380128416338
77.31649563446433 36.30920400986685 123.966141482885
135.2398243225529 26.99983724321331 190.708239858865
151.0768509073832 7.774723519887596 97.01156552603419
193.4015250048047 28.28182008686602 17.37894452290064
78.11348661675922 2.440239751818914 112.8323525597228
183.0373982938458 130.6347680010768 72.49999427383955
159.3710047324173 191.0714366084217 50.23516444694996
59.08771260009281 150.8803432268857 98.64663223437562
166.8704886065422 158.035398006491 127.544180866894
25.26146078607265 171.0413444343189 53.42018532533371
66.15548138038014 123.2423239731152 182.2791221897719
133.7282185659873 130.8586871218348 57.91113182643255
108.219515215824 192.147358427291 27.65809300757497
118.7704993064664 156.1548768622318 24.51210270903146
167.2297657090964 103.1425134696348 181.435346346362
42.23339758716443 77.89191633566003 178.9784889624519
63.19325444460393 192.2379052013566 65.60430015422796
46.53533090836828 142.8745925520267 81.66555210516847
125.5358174371776 155.8375861635489 173.8613823440301
123.7575769834578 79.09767244347854 119.9327315352836
185.0037239750879 127.7675334331769 198.8663295838526
59.74864990790306 63.03673946918929 55.88288865887472
17.48557143896209 152.0819033356752 182.9829592648882
124.6201077810299 131.6078340235196 171.6145793516258
44.8362068841391 175.5293421192739 125.2847663084058
165.7784038336777 79.05025575741121 128.1300898101957
10.49525414541526 15.73533312288673 9.606955592517675
75.95999400351185 52.22861817963902 67.30164488069104
26.58206116869797 149.6025924529411 136.0370495054354
27.35642875829383 169.6596088546505 112.246042692609
11.51771010820495 24.51809522592036 142.3155717708873
111.0288739751752 43.05919905642789 142.5685719626744
101.7729319369767 75.57532611634961 116.1548201375106
60.88229665663714 49.42508355682053 7.99801908688896
36.29096912338166 136.0005286651127 100.6695548736063
71.78659990290971 110.6635699392959 161.0471581700201
195.7189965170713 130.4819118190921 146.0430069580542
191.3289000644475 4.932532071469339 4.512186980249389
42.84595054115501 183.0527264835795 14.5026548485778
3.788934544688022 94.55500838147616 195.115868218844
198.8452124977365 144.760841681732 193.4207811867138
186.7240291638464 185.3666981503843 194.2174390401291
159.5230215454417 115.1911080355133 163.9582825851369
81.76762896728265 127.9858862872779 85.81393571387426
116.0781406072481 95.82901452572435 15.67109668505182
135.1722046205695 123.6422335460124 33.22182595249929
69.59115347585168 170.4763387813873 65.3501349924324
94.59457348727888 113.0506436552045 96.8779089949729
76.05068847046341 17.99480543004672 38.23866108824952
163.5011308390284 88.4688238853295 68.73720224872569
86.09550987993505 37.56628048305183 163.4114331693649
79.16095030608523 96.59126447803698 95.92590895892997
22.01138415608751 148.0425242061798 56.67792511000039
154.0739711818655 99.81715613287301 85.83561756235024
140.8467818387686 91.98203897517564 69.29280745243115
102.2405380476393 91.35381535959174 198.3937722964716
54.74699405348163 24.41812377138511 160.9107688844586
130.6031728433156 71.93595348517277 67.49376560235996
95.87570204499066 18.9289856399101 171.5975348903943
77.8138417313715 58.55403093844101 164.3819659529452
36.14803906968066 56.15019361747661 178.4653472079642
114.9635500132998 92.16781377556893 103.7509732016849
87.33504687323008 96.80214827735603 133.9071053987514
103.377215425722 51.17500506406684 84.72491222097931
149.5192184563678 162.7479976736153 194.2899255870078
66.08936438132712 86.06996851864133 132.1341386814635
144.5898806182442 130.6796775372191 5.725380144933157
18.31050744981565 194.1109588831278 87.85794143700564
97.75853977834117 46.17112606809033 180.7524995737736
131.9266529311593 47.16271805336319 129.5621847247168
140.6721506486827 30.57193164964424 93.08282513546116
44.69491107834238 8.695510964492414 139.4660864494145
43.95904315192363 3.516162149433923 62.01853075669293
85.97787983769751 157.1663884213579 109.268309161054
28.82072512671669 185.2223044955387 189.2327826711514
129.1541016472186 27.93301541692217 168.9410903629682
43.44483039749718 43.96992218622324 160.9037601526317
162.5756782365254 1.012292294008303 176.0116642742235
132.9823517083743 174.3218176017404 78.2964220062382
23.70302950535138 48.62584344302557 77.99148412347868
121.8820680865097 174.38520023506 160.013996991209
191.1387053788791 195.6661809136141 36.90062529757671
167.113361620055 117.3217846777312 30.56040588386095
43.47352657614572 98.78817371196143 68.85161894677201
196.6999726064386 146.2218448082727 15.85447033763418
98.33219755106533 141.0569895765651 170.5925016838165
40.66396593251689 8.718543355197816 40.29088595319686
40.32956075657302 125.3938663350022 6.320695633486438
84.68013195432847 119.8007174792498 26.72598351581119
149.8591399248867 19.65482871171792 175.1410385289706
168.0397803717057 73.52155855815187 25.74748416783857
68.14439142059904 107.9102129976249 138.1890750162943
35.98536940395917 67.98613461311082 198.2876043557396
182.7349575876154 129.3223469725199 115.4921797316374
179.4000185074036 190.7046984956042 134.2302488663573
9.607635472985576 177.9409240903418 101.0032044827549
50.66797927880909 100.4427605505089 120.4086907633539
98.64169838202378 153.6907652397332 14.57379423857695
89.9518757102461 68.68354141932545 180.5086776857683
60.09637853355743 35.28666701843351 92.09131982219594
157.7447299662569 82.22877773258534 7.630934179275258
6.479443709368392 196.2747260366571 20.33857078691054
178.9141796679891 175.7367282949338 79.36820834527956
61.53521409823438 1.559120304855236 45.10122179143789
90.73512876502383 8.407505658043975 23.08869962327567
185.0348592677677 52.75721880968793 165.2715288839059
187.357981559328 165.7014272646464 133.1573751029308
67.60363068490604 4.693926115664163 187.3539083519129
138.6562721670274 22.46455440198532 38.56875469686359
159.6852462130383 141.5645509041737 192.0042553211942
191.0395565680537 179.2701537225599 115.4840193271619
27.57028565001702 193.2913704536072 50.31916062939828
154.1539228299893 148.7505704659895 143.7335263318299
36.79985420819997 160.0805575909237 69.44313658053242
116.2224090643234 172.9636335277694 39.37746363654577
101.7665684018391 0.2396819990174675 158.7131472489122
111.8123142920385 159.5971538162312 137.7671560584811
141.7697786430213 111.3118667908108 194.4583270469216
186.4858935915605 5.976850841934299 182.4788592601031
63.20879432245743 178.6785345330211 155.0678784268614
130.6624487227533 32.78938506637832 146.9351859391367
152.9079756391026 110.7094572355913 109.113832756067
137.9651608047442 73.31419069184217 103.358503561417
89.07000740920603 113.0217591854686 197.6358536644835
171.1451259936371 125.3826960435495 181.1952992088935
126.9540740615124 57.06353624076269 84.64812375871153
70.58196603510169 169.5172317996214 192.5239136015217
83.79009580252381 187.7677273503083 153.1184700668455
199.4377763529089 143.5411522823312 59.63947137795407
107.015534376292 53.15956499574465 17.86837019267969
4.313655805218318 48.03609422595147 21.20652575885289
43.54455888058872 76.79464248328958 63.50897024811955
168.0833773373267 117.2851690489367 82.9005854489899
2.161982385454808 4.460350773433575 54.54040360769579
190.0363716679677 19.54478977774156 147.5825173229939
118.643616297306 30.33136711400651 31.66826754259429
166.3943921841418 129.6737396083229 11.51819389552716
160.755870063445 89.53821527057717 104.8015446745764
11.52650000911956 19.89355222045795 187.4336379021763
20.72250087510781 182.067924195788 10.07689668521513
177.3949788488927 71.79520778823519 62.49520990523022
29.41360435383276 88.4963081434618 83.22075322452541
175.4849610120438 36.71906176278431 68.76021601419714
166.6235327062795 143.9319750981435 109.4099991032394
116.0498350729104 23.51554017200171 132.4272890156706
71.97501661173291 30.8532648780717 73.40303571102029
72.15377812651319 78.6827514837951 39.62938064372323
135.9942151789014 92.50941163225066 5.554517276537871
153.485302260929 181.3090645759665 90.23969528849301
182.9622015581238 31.86219067722952 90.04950142084381
23.57241176490147 171.9241937742245 134.3946206482763
39.49596531711655 92.29412557205724 47.59098858831147
153.9588986628961 34.8732500202793 75.33530930648783
60.0060613139366 9.331662946634362 82.79994714353202
98.91301723567993 192.1870062982542 113.2085597386071
159.6031648596384 0.4611136215627016 70.77261881507916
92.75475487442603 18.36973862034166 58.15407387487926
70.54194662770499 33.48236112663683 147.5551134982045
136.095694226358 108.6191325913565 54.77906543619052
145.5018454258044 55.49914784819243 71.7212945814364
111.0545303874812 137.0373151163196 136.0428054292076
150.3303226463915 42.17914665303142 11.04035569893187
111.9945974315534 113.2537738369568 111.2726780945865
17.36007655899468 126.1900874448492 109.3968409920209
116.1437245888725 115.1048275259951 133.3944021843806
142.728712060565 166.5647361904917 26.09707610350642
56.32520943101666 110.3036873768536 198.4573338797538
149.531690113934 37.73135474560215 53.04428929209474
129.5150711370038 53.14717273491713 15.9230979912141
167.840993985723 100.9378557642366 122.9635426902346
18.56321981129757 192.0938248722669 167.2391561106369
109.0722017864489 112.1492757589259 172.4630519084801
51.45779480735717 83.60109650998599 83.53550453928197
72.96748141349246 67.62236479963063 2.269004112066459
69.22318121110679 116.3378763903148 100.5437787756007
144.9614959742952 162.7015886743696 60.00124653942525
141.8134785056462 193.8981994695438 170.6890167810723
120.4206628046776 103.9704279189256 193.8873068393704
113.7217051789867 119.5633400173924 86.79084193256446
62.8585768442894 188.8372644035829 122.4374698144717
108.7189089494113 117.2117550586125 7.949567553302862
12.48950235262474 26.95543266381191 64.93062044774514
180.4433515075778 36.76691101371153 111.9495623460807
176.5926091925647 62.16702400980988 183.9847825457315
22.10781610629834 39.68769768660797 184.9354240526971
14.83027936935647 185.5143508819291 67.2668533470582
0.8516518093464872 2.811238773461882 158.2140940437194
136.9232138691291 74.82390715792623 156.6906462471069
96.55987052548019 26.80763149629587 34.81544877721644
172.5848667544697 191.9124246678036 112.3842117059361
186.643499424858 89.13399766413612 99.28666245271737
51.06434579835788 165.3334606556609 26.58644032007864
23.06586364046757 32.6477213502279 17.72814869297234
79.6420184801426 79.95553219170084 115.135569274876
147.2328032488136 75.07941945860176 82.84012611566293
75.02950110532332 173.8980004611852 14.22730725552353
80.93105989471937 194.8841596567222 91.73789685241393
37.59865271626452 33.71043811547434 112.1667830375171
79.24314919396143 73.49009265350814 60.43265066120319
32.79375122527185 69.24464324889149 160.3739699670436
102.8277165783786 90.70864653952761 175.8274094920436
22.22413028267052 89.2876552001585 61.82684033697304
112.4206766684204 24.09306658501909 110.1449557543144
70.34982296530048 149.5389509392932 56.22318322184647
3.052300024051236 100.2359238897786 69.28580040454132
0.1736366435929173 26.68785033086777 103.7245765932212
8.566446249274334 165.1958155593158 18.88426295672601
186.1258234980574 104.7845119153629 29.752799229921
92.05935312090068 169.6516831203095 0.01584265746980581
128.8826442805856 101.0593993259112 121.1283260725199
159.6911344497899 173.204439813461 110.3845506116879
8.937212481885853 120.21081713374 164.3112098691105
169.3198118353571 157.827783212022 69.50757912269796
124.389975774701 8.270911196058279 28.32043325192188
108.8898074123269 173.8148965166692 14.48692284419736
133.9638700283546 5.362015993894917 117.7507431913155
27.83985981526468 2.531386604359156 3.705058319654249
24.09516635520519 43.4101974220312 54.70508774631065
94.59572746772147 96.65806610341504 112.4114108869021
180.8646956089498 121.8052089038113 160.6740126709527
57.92361780368491 54.65032674029561 80.67470854756363
83.40664213359585 150.4154792765821 87.87141181489244
138.420807298924 25.77850302688875 126.313278554124
100.206638158171 81.84070104601329 59.53114613747361
184.9029073200176 143.9608183924007 94.25792461973994
138.1256785794534 168.6355446911577 100.8922715300816
66.31107200889173 184.9029479113294 176.5536707663403
169.7316717827363 54.03788948341144 128.3443582146511
154.7054823781901 142.3370562369783 59.41029272717564
109.9372705592984 181.7420506582174 193.366379250473
164.3152409637453 80.77341135077523 180.3684751774999
199.4731606094649 38.57466344880139 155.2519534897474
131.9703207318831 155.8812081410796 42.83407368655112
144.6765766241978 129.8381979291431 135.8269438414673
119.1362609475976 37.36966328120588 93.15541382829501
21.98518058480692 90.2244918638583 121.8153421271226
199.5947724731978 75.80773472013911 61.45690223433203
41.24841893870838 65.37928462809941 20.09391451526283
140.5219008923243 71.18792559071036 198.0663395121737
149.3739688219995 63.7702150549354 17.59210456797748
135.915126908029 150.9083050023067 10.78123440455099
6.452643670585051 127.5668491197867 5.931083831450212
86.02982402926618 30.30090522809027 15.08880631375414
192.2912189426895 85.7094797588654 155.3107503878262
80.6728796909683 98.9092979005089 34.30881279037089
101.3827818810394 74.63074151226645 13.54679287258836
67.79486700670653 194.1461920432804 7.321921344567225
23.51619390154195 16.62752747842221 102.8619048726504
81.92633782662412 177.879788722234 117.3026314236379
96.56529309080136 59.01259727072114 61.02363107617926
19.03958582017733 38.61043882485804 100.2687400415852
7.365596913405329 112.457040288154 29.62361819221782
49.92731804710279 6.56833067350611 1.284058935062445
193.9030256363725 74.57620151268507 191.4930573640769
123.9580271130541 74.83710175820596 12.97705878797436
168.8581185561997 190.0550351730802 155.3466122483656
97.07972454358624 14.46304683512666 124.1688489205084
101.6575314566024 138.1943276008943 82.62146701762089
23.39004175983078 129.0926024559653 20.79068498397426
116.9753495952975 70.47884035809635 49.54468872389054
92.7991694369189 113.5996035452884 48.41676692050242
23.63398114953996 6.094618930098744 147.1917926219545
125.9607137273284 84.83641028628487 85.43907774667274
86.38005666967582 62.55783175045953 102.4105967410509
3.118074551626573 150.6563484632924 139.096727094148
34.34269611334295 132.9095078615613 122.955600958721
171.6387951768283 40.49027379929293 3.521603667696295
177.86586555791 161.4405090273819 41.37389531072431
151.7863330374 64.07558948087285 118.6436604034642
115.7180018034274 146.0766807055067 1.907380811576076
122.4987512415734 162.3118537697759 62.30061434102914
127.0139906244543 36.7308459889175 51.64305672081405
179.8792297594889 114.8558751040449 137.9858325850244
6.235303498136471 160.8327982022837 46.80183669883039
173.0275075166771 182.3946196404683 34.48014983891247
18.08126693533955 147.44185667703 8.672141164698363
76.8143060314594 56.68122858547176 41.6823258987999
166.5283466326078 17.90249020744959 83.33638000541343
181.8415840364385 194.9686058807787 57.46980294974755
16.44763832790577 161.9843476454021 153.3800088895709
62.91654118841147 125.9581696663992 24.83664237517746
143.3220856447559 89.00993811584033 184.4815573442402
35.37739522926621 120.154682854714 58.78417241884372
112.6273329597011 27.21846188525219 184.3152965868427
15.23404516911727 59.36300554506282 170.5728244150739
123.8914441741964 178.6780787729755 137.933586582026
44.89883825834243 179.9197748246997 102.3970573820354
55.26012654930906 23.54485482983918 31.38582571625871
80.70838253812829 82.05143863315561 18.79243606748915
45.01879346112622 166.4436095330824 182.4654591219014
86.22214239988982 164.6572700486067 50.79073061016587
12.28919287427655 34.56298795538958 37.48167459804583
23.63199288402208 54.2973775278745 11.32676454490671
141.803983726134 46.27134378379211 172.6416669369075
10.01190081394694 172.7770263529194 188.0692384852613
135.817716128043 191.102050075107 100.3372679731555
97.08856990950532 133.8304509246951 39.34369370426895
170.496888581903 32.50769769042176 46.47286262722078
38.31077398801562 146.0052902962581 19.6309387770171
85.82891829233904 60.19690404187524 21.2767421039505
79.10262872304563 123.4930418049203 63.84310659359107
96.97120849787724 18.23029606017473 80.3399047665412
156.2325873356898 183.8796578776681 190.0009048906432
90.43520264668074 161.9661927965215 130.8809623423246
197.3066622320594 107.0965680279231 150.0720454621561
6.77353099084144 54.40229521576944 64.20605221716329
157.3508049896958 64.94319202966047 143.7652142146938
125.2243863601712 96.38119590764481 173.1611420478844
45.85068457033474 59.60425777437995 144.6710369660394
39.8528699324081 77.53271399784913 101.9342768814434
7.776831530128415 183.3463456334857 45.92303457580389
169.0847497578949 0.378718797616938 21.40203804630839
77.0236239918478 20.35181833442867 92.74844588680358
28.65175575230536 6.430976685696353 181.4757464227133
85.36528933949312 50.29053515545382 144.7680810935275
44.02496476952122 185.0718089841202 37.21584833957381
113.0658745578872 59.3231378509283 127.0331800099337
8.287384966795319 68.09471644828336 133.2177506415364
194.3670637667686 176.9930023250684 62.94735304226129
151.7824245720146 187.2066098678843 27.49610149386228
1.154890807627099 93.69169739229487 47.75495634061689
124.9650558106205 126.5468883014851 195.3428826187145
52.02335162389574 142.1660928671663 135.4819644906636
177.4555978751252 143.0578656986516 54.48559435716767
96.06048767156787 81.63017373998785 95.16157722212026
0.7886373447501882 44.18349007120019 178.9946001313222
46.16029865658209 55.92493405446815 99.91046657840263
55.07338615753975 135.0661940348632 114.2609187728855
63.47422413177024 42.50904762606037 171.2334367723945
132.4042039119851 117.6253531056688 102.6502000470578
103.6408757985797 127.6267110408176 187.9859013694178
151.3318573456048 82.79128942072747 37.78582033885333
51.64828264863809 165.095142880419 4.011826276596977
103.4516441274167 178.1693126600392 147.5235795858079
48.66777966261287 81.97711033897428 145.9090531776471
166.8664954013504 51.5176765837458 83.48215175737003
152.7555870025372 41.25096128751984 135.9812082541403
119.9482527489365 52.38220002177108 36.36581064208597
190.3522176666085 187.8576442423129 94.60837861616086
193.7991524624298 165.1169269986099 1.798134172344885
85.00368909601424 158.3832416621278 179.1800687427177
64.35263632859183 163.0252632556512 171.3060699624042
195.9764126435618 118.6906279860231 58.36026733074792
79.73958051023193 45.92335561983825 88.6551375217181
109.8096511441122 196.0950708262615 135.0415476623406
80.4906517815888 12.19424373555115 153.3603039236002
20.89174978018834 39.08776676225101 162.3927273801352
106.0782010584348 98.49971653325828 83.97796932857365
186.3803443300399 186.6179248467783 16.76358252966438
172.7697091957357 167.613257267921 193.9022546234861
155.2614622057627 37.17289312323514 188.3299234428544
72.3057007493872 88.17884881911381 76.12075394124408
126.1395058159055 165.4532672295406 119.7660373930422
190.3456184026957 183.5085369265726 153.0138182645294
116.6641417896989 59.11437654934575 198.3373878250871
45.11969111059139 19.03480035291063 96.737469145918
73.87706049836645 170.2205248743093 93.06335343642502
36.63309365558897 66.59960893301839 82.43781061181143
100.644752032718 162.3309299928606 163.3754038825814
39.58798946714226 45.42025618937699 198.037011914217
78.9073071656255 151.6832564168452 3.778824631715214
62.27343985610806 148.8562981888811 188.7682131208771
130.0165882089127 133.6532513933137 80.01138922382837
24.5623014079986 172.6068000821317 84.9433200320079
154.7474159816829 18.36285911451443 140.0415192893591
194.1192536049062 161.5202376872076 156.7322305273478
40.46404951667817 198.0788712678315 89.7245207815119
69.68028618493737 172.5878630710268 37.1142185648831
87.72371506684658 66.83351295481205 80.27642813587136
65.47645916922926 21.14427561306179 112.1404443833714
60.67758852319084 127.3110642059635 150.5848127237711
43.68981190701306 180.8990289949492 61.97797005575425
100.0223585449571 56.53543614025649 160.8158213904875
2.454127297692946 138.0463017262243 81.33559066741175
19.85002730028286 61.2129544675957 96.55609494191386
147.9658750391255 126.950835612693 179.3903636533568
105.8446683877953 0.8900404545373269 63.90881966003842
158.4435525739832 182.6652184094815 136.720292010788
159.1701782581431 177.9830892043162 68.63804412379848
72.24846668065351 145.8341750595313 144.8382555231641
106.3514608361952 154.6836513261187 48.47728427276606
112.0007175400345 68.67006571390695 175.6239213051563
190.7871308024724 156.7513587912387 76.43576068359977
179.876635823118 17.30326576132614 31.75124815268846
