3 1024 8.065606061545958 0.6492999999999999 1.4 1 3 200 200 200
61.54665200768417 11.49258753784039 63.79121089672615
143.9859534617512 196.2132987511753 82.41622877361004
12.35552676083415 77.60233654587974 198.0805434856515
69.33762383894323 105.3594733766989 67.25096251194175
107.7948658988421 16.89775565246295 22.75320691241869
80.64820831039276 173.8223324123137 168.7283342780211
53.96646864955429 70.25214716088635 6.29524912431974
55.37749928223012 132.3838140409407 195.8742721015651
79.72797681606137 47.73863709088609 8.002799280942716
147.4132358096045 92.12830403862665 20.96456538896367
172.863096737253 96.74874920105157 85.98364138239789
177.4502702337658 166.0385520454244 111.1623498583443
25.29060557445042 149.3591363919862 165.1592038894231
148.2929928987183 106.102114272639 176.8917961629469
42.44893813776145 180.8850781779308 80.90329153146054
114.4059567388966 143.0679568766877 183.0568948718012
106.4937965161314 84.60125159901195 41.63477440807861
163.5442396628897 166.9532234186073 53.39305379286335
87.82197146239554 100.1844481357272 183.0656972561202
91.15636687518979 151.9676838552202 36.99937996751158
97.39790557703351 48.26251711715043 34.09332956370354
117.8172662907437 41.15390221864345 117.9428076356231
12.61359050947525 108.9752072451562 4.415575683185182
155.0939429648549 56.41978714267946 162.6891115322941
18.57401982901747 159.9070033439965 98.12325060797606
132.2730397412179 88.02832118769349 24.73012377949253
1.488245965474045 136.4033537406617 114.465856331285
43.62193341317503 126.221410480559 26.00640700076965
85.24380004110581 162.0426823762175 25.87546246894752
142.4210487399486 140.1567326357418 43.40353808091185
129.1276020612733 77.61806499751872 174.2701179766568
75.20717670162055 154.1291428822607 38.07532631921916
185.0926986872286 71.25379675538026 105.6742716541779
185.5834040207704 46.08429931366648 16.0290287988831
1.041327111253207 40.33155722643387 52.21805174164528
13.37606449401281 78.44105610843492 48.20315516602623
38.15537393075957 158.7075886973704 162.4588020036336
196.9500876540729 63.14390228770565 176.2847251898554
14.09572959585419 199.6731982585157 37.85541542681065
99.2110244919316 110.0044805664818 125.3287345632388
164.2968886339342 126.6980351454591 66.42640022802907
50.3491430368867 40.72595601880754 142.996603692321
129.4518177194112 8.558635705983422 171.0867993389251
68.69030075914425 154.4214152133753 75.86896728876744
139.7001730334979 116.4198036674645 122.6280158782972
184.9500492220846 89.15050491250108 57.84532376571324
129.6966287155229 60.66452156083447 167.7209160401767
112.7386429370666 68.51363464038521 28.26829429444857
41.09719041015356 38.24570760950515 93.44272114652775
163.9244265754774 137.7861751646466 42.15855406895901
101.1017526087724 11.53209606937364 142.9111910154141
29.6359715396131 50.74941693595127 148.9800814125721
52.6686125929525 24.56273028805408 72.53643571749149
101.9599782582617 162.5945920390091 31.47094772015895
81.10783368920143 177.9003566541264 136.6598502526983
97.19964907246617 86.01939965719548 28.5267642744493
70.57507637924186 68.3724411452378 179.6253984249225
129.0320022230579 132.7198204526368 17.38428910291744
188.5031925563266 159.2622254095429 57.60334183875409
156.5928176281906 181.5230163488553 167.8107935694571
126.1832910180205 21.55510221373572 82.69445441325996
156.2422564907722 98.53771558776468 196.9834373064927
114.8836966844563 11.34463937470238 77.37646156778524
178.1156918420838 125.8793588641715 96.74498717316035
57.43038800894934 68.79065362663324 131.2537107881671
163.9804640399798 1.339333298970605 138.046634834515
185.7863520289999 105.1926659798016 48.89829558803908
104.3331543669502 34.08725417108921 18.89243441632199
191.2314514880351 68.6513149241506 45.00463054006668
45.19155571602231 97.54259012137926 95.27578465707465
166.3865604693442 81.19119233082054 49.47123766897666
128.6790131667798 64.56202995310942 184.3790944653003
92.27997331195672 86.45455295922528 76.71286404212175
168.8190682223143 27.36329161419246 151.4529892807392
148.3162268070026 126.9491277398351 70.42889757014675
121.6253381208356 157.7869228623168 102.6825064410571
155.0450261716201 21.25828590559264 61.25823282720135
74.73062133206446 36.63208626344201 104.7285423058721
169.6506686477038 73.20180175388208 109.9109519187301
14.46445513202841 63.72669951118316 25.81324202345458
199.5067938238285 78.31645676369864 171.4401010688611
192.7258801338634 120.8614494521348 39.05690507880625
29.97266780444166 20.70577999225063 132.2932020881481
130.358636695872 18.7667675270686 104.5560268001449
175.4911378826372 33.61753218743504 22.82806563697227
168.5798269535149 64.36075754560825 166.6245001100088
69.0963587711484 20.48362868666309 198.0901348364048
68.54014739032637 36.78611198125351 35.89229755661351
9.856169109495328 110.0306113162089 87.22115258898415
184.039527040599 140.9810024112014 163.8060604232844
35.86425132261453 95.03159800661803 109.1433620865355
155.8829299726176 174.307295082595 41.25121219760818
32.46777220721628 133.0473766056338 72.79968959145457
175.0015887777952 175.1161020441139 144.9380495065961
21.60257620278884 92.96600748434814 3.563821174638278
188.1257566398425 139.677771606086 131.3841493466699
39.92054793272015 117.6993170336283 162.7194803173729
2.299398228931822 119.4451991907571 76.52177687332801
118.7207509640787 112.1946294951299 69.54361814749916
136.3319661979948 94.52015233109124 157.257661577646
57.65186447705634 8.214119125263208 124.3796995043953
104.2149985819807 72.87406196670229 192.8515459736308
125.5490922964631 7.176117865828849 136.4076294813948
62.76567369756023 71.76296886689371 72.95455788456954
148.8058003715974 103.658697450473 126.6931477447483
74.49695458725897 53.31200587055034 114.4784294973268
117.6218221206155 83.79186544262961 29.98458123396849
32.3899804164809 191.0921292093923 73.49768911936415
71.90967598714639 36.2767969313217 199.775668589238
6.625721152380689 55.97030737600473 83.79941444344985
177.0151112078582 155.4660700407658 164.8315706766253
49.12580843105616 108.1842853846511 52.21996666641337
73.13623829597141 67.05660516891143 128.0081890882222
73.45052565952933 20.14826451741288 57.18910014330361
60.90075706334282 138.6010266640423 69.18788286167019
82.39433079775334 149.502098038971 162.613689107317
97.41927845280664 179.4773187463983 129.3181846928626
4.27758913253564 152.4660430909485 104.1866840305524
179.5604010850425 86.69009008813127 117.0637232269254
83.45423007338226 40.70267549152864 31.15470529101936
183.5608852248361 1.393724863963082 149.8252631839478
133.7489971433058 143.3939594396712 28.52089979428217
164.2009314891493 30.6130829138343 170.8843251405821
129.8990115330157 33.91614972570699 110.0779395141645
56.29864389203158 40.40846490892755 67.5866326340636
179.9431357467265 62.11273737689625 93.16897459734002
70.7424310756959 48.58922646857913 25.11958052059158
199.6014684367104 143.3556895888809 160.2853766992566
170.7054089708078 81.54925217630483 162.3356848256395
113.8566300482068 12.27616382768689 172.8681932971584
40.46718299859173 59.50159002091606 47.00428203627945
124.0454410900199 103.6045094125381 90.84103756337194
144.6941090000571 151.9539903874016 172.9459910233807
7.60172686031601 163.6251414536948 170.9541524319728
65.78013801556233 53.74047503119534 99.11860964796884
41.97213559537091 13.7963081761309 78.19155780197815
49.71349560289625 190.3362607569691 136.9933360445805
89.46432576381743 76.76880799776927 198.0906665445967
64.18033064458807 44.49519108934763 53.19202242471486
46.72402946773198 39.96487565897374 181.0672486053364
19.35539075327953 81.92312818112964 102.2586229150289
62.78277068301675 51.44825665673849 154.3004316136517
60.10349096830103 182.0789055449967 23.12626370113721
194.2888938288019 39.54729340260654 66.84643205754011
197.1963676836032 182.488311348899 133.7170923777471
122.0376924055407 16.22605586235593 6.929024074117776
6.419720967740417 176.4997989872218 161.3079817383291
175.6251080979984 176.1967812814835 58.76160308999336
99.92484488467885 98.85516046665747 37.90880528672269
47.48380511248556 174.3061682567315 144.3888619069026
102.8388575754112 126.602381368804 121.5811402028399
128.8520009562463 115.0004331273231 180.3482610608929
55.00290366754794 154.6648290939196 66.77276567697669
50.57530596118723 193.3969690668392 152.8080359507068
78.78509042472227 5.544273490300008 52.89104789840514
18.92891550700316 62.80999414093905 148.6538295917251
183.547891387325 197.8553722813129 165.5633459438909
147.3239725631265 22.31438884160668 109.2322109381541
173.2505129889624 67.37801586378673 43.81223404703073
184.8725717134041 56.08588869695639 114.8356551502704
146.0632588978051 8.063915571658558 58.92768293409086
3.074106644224158 177.7757597603057 82.40164713490412
30.03787567504471 51.54954990831783 109.6124513331446
76.89917443491716 82.90913995665908 182.6090064272594
181.2358778065491 34.28299581671417 159.2889709334027
9.939536727381636 137.8964764322105 171.7646269083731
138.1740192960053 23.95553026552692 60.66493597080666
67.40035360937593 33.62256637420619 20.11554581959783
76.56546182634595 140.7653708819026 72.37295660421539
45.65797972120443 172.8298620002249 160.3482040464674
179.5694740752548 4.921233844407955 75.89630527356591
58.76024956631476 182.6321502474516 49.45778298428627
171.9739455100624 12.22120738975493 146.8727514330276
151.7496423465111 199.0633988648199 155.0899427905941
127.9639140755482 169.6118151267634 13.70038029882459
35.11046617783291 164.5065267527965 147.7176010988294
66.34962714898553 139.7047131179394 84.95121688744857
112.5454078692758 98.54647006839579 47.95000985146998
189.611411220909 12.0300507976908 111.2048922504438
101.0985035418415 60.98488745086936 142.1881929634232
172.7022998484647 0.8175966658331586 40.29941566638966
100.1561111029325 100.857869085235 62.84779643812819
4.975935509252372 169.8450954221355 140.0281637546826
199.7445292656987 150.1105864144638 174.933054915896
163.2147151215199 125.7557870752914 102.9222657035239
90.40482011276819 84.62410754121203 43.09030569353514
152.3374403143952 197.4716221857206 8.059020116247744
189.6002724181928 198.1198340407618 119.3729985284961
6.121787773691871 156.1365373836076 88.58737527971842
10.97289720820079 74.85578456369092 182.2454065295926
173.5707363148234 175.6672969565079 123.509432245426
122.9995122674942 47.84448749132284 159.7937940102578
156.915588343084 69.71442900166147 100.6447856705329
61.03349427742062 116.4825662832591 117.8589655147139
83.2241937883843 157.1052881174325 68.45300956195391
83.0328648934959 91.22458057319706 170.221994474162
7.050509862134501 4.547742131358216 176.6910617991651
88.0093626940678 167.4102811999599 79.90395702562037
120.5226702706209 173.5285882525991 179.3597279758383
149.7475373966037 95.21611874155958 52.43416801443911
123.9106378349245 183.7206904454093 7.012678296516186
115.209651448895 8.148480436038163 120.9071556532194
54.71545802760139 113.251630380216 170.1990644652212
156.6456769597136 73.74488028570923 161.0589479827995
189.6001708813336 106.3008750467249 167.5292732714461
177.6051310207614 170.9357946586503 160.2990457375778
44.93328180939286 193.4665920687074 117.1275165679657
172.0336611350858 138.6235724165173 131.7652530140626
4.663021068308432 131.0468014823604 24.75611865200184
43.96617499183254 41.87528269652839 49.43946545916953
68.23457063690243 157.0733120705904 21.8350618069531
13.04857094525322 140.7920667374945 97.33100169880453
162.5294193032871 167.238072020149 28.36491828590593
112.8308492010581 19.05806714235151 91.39419814016878
0.2372088332500701 179.5926690505729 28.74472399439613
44.08980104939941 159.2384877223728 135.3956388662982
1.873390543750818 182.0272901835071 5.997050855554951
48.32493653809301 4.799049893049785 181.4282783950481
54.15832533022795 131.1582485382283 94.96861142873152
107.860118080736 74.91860147126754 137.5755406738289
75.21803652522614 77.45580430042067 167.129341784511
102.1840895088665 105.1831737266551 142.2986685614383
43.86804717217955 37.89371967961461 77.55517414561257
162.0532363219342 66.45184470237565 73.40894058000742
185.1342206593191 71.60638201294861 168.5045722533739
132.3776335713973 9.102200278729438 91.79975847863604
84.82014081292485 25.17494034470634 109.9388902122843
100.529747473514 40.41191943793122 4.548825618627522
19.11961928809621 49.90239046179286 121.3719525770063
101.2317523343926 89.75794755707214 146.9213808504354
158.0406486295823 121.7144516376044 195.2852542392815
21.39614165906275 15.84218704326158 27.73191069283214
63.13397372022483 123.8328113967254 83.74412033085346
154.0943416531837 191.4134789591626 106.8255523574362
27.54525510191148 161.8680486171635 17.29211382353572
129.8558593972917 147.9678664888226 112.4832901625779
61.51790834579057 16.43189557396335 144.5401453851385
169.6046259672512 84.88579471655137 145.9612994865086
196.2451147999698 123.1452873062358 128.4658758253177
157.211847930877 141.1558260884799 125.9245590776712
28.57335937450921 58.91725045034107 134.8738763420036
173.5798998243741 178.9524197374562 98.16004230610902
194.2469968137183 164.9552400882062 31.91930944233282
147.2811637384097 141.8781113551676 77.64614727125712
11.76530966108987 119.2913282396808 144.9833719722493
69.6736735525789 185.4654485721564 104.4479081626872
133.9739175016134 147.9659995950055 67.44216627112507
87.71555412221768 44.68617004382592 109.8990921785918
59.82437936115076 41.35508942099032 190.3757459255087
172.5996939261349 51.15841793066688 41.62099368236029
123.3446725142539 182.0139991396923 61.73096673316166
50.83760336589492 128.6441607643471 167.3278712793893
189.3271858720968 176.8779699881118 44.0463528182384
157.7225934237101 13.65307421894746 158.5074386436636
96.07389603642923 148.7204652933061 195.8049442477615
163.0624836373905 49.85175019190553 175.1162827058789
156.5454877028617 5.544886845562559 120.6759050308394
102.3982216158446 157.7131596561779 71.32293778140671
100.7925828241224 2.136671559860609 186.2559560422275
64.55015161786207 51.19100428786757 135.0265276803722
152.6604268409145 20.68080002971369 3.742014572683256
136.653131165809 109.5573076404323 140.5574601688324
165.4135169720671 180.4387183764583 10.99044399940967
198.6179776507122 2.689323979856872 135.8807182126008
196.7102534312487 71.31632626557921 90.1912240785929
90.72471038443221 57.34822888138001 124.2281318754749
118.3063024641584 93.23579975795181 65.64995073122951
16.35719646874776 109.6045658497583 52.51599384326953
189.0787229353503 10.05611945326225 91.95596759180182
92.78725417586551 133.3116842064713 7.050733109406029
26.46376693662751 108.6089958429623 173.2541462126472
62.44559750085 3.50326425354409 164.3162541136423
55.66617020965162 51.18715530609919 37.14716047963149
148.9652143616472 126.9688004408141 89.87654782139479
155.0829426601423 60.74652833001036 39.43099441351007
193.7743015465275 49.81142449787441 98.83265418181732
54.27824849066632 157.7594078158572 151.7881797630532
36.17618629224006 112.3781177828054 37.44477674807414
0.5967196598219732 64.92209395394941 154.4982326971252
104.6445260714996 40.74374914086314 50.39241141429948
95.88758729286641 11.5440074403935 101.7901641322652
128.1292701707792 52.85277866781745 106.4756354916454
12.94507043867448 46.8590134997115 139.463590663273
151.2582515511916 72.75779078848468 58.16857846362111
191.7742116719506 21.20525031173224 72.50398713975136
145.3959351664336 3.691924549964833 190.7577296558336
140.8023480020167 44.36093208012057 33.2994985408921
171.203141291568 13.32778705144404 105.3603029143037
177.7605510391878 39.03815390916271 181.8323422472795
52.42540922063667 185.5160484007588 193.8351792013583
30.94531306232463 121.6795182147724 146.0368979540406
197.3066937650163 125.1097226369933 99.15717767764501
189.7981958295912 24.88354946969051 194.6680220202363
145.293042333196 85.50318716837157 120.9714217312856
41.5152426112294 52.69407704626538 65.30264539625152
59.95553576809139 83.23906974320744 191.9633015019971
88.69121532985832 185.3616574818789 72.69450877380272
103.6194749937639 156.584817531942 95.67946244226944
97.14480434089752 66.81510066284162 39.6110439489445
64.25461318873376 168.5903344231479 134.6658922932634
54.52310187288607 165.8470812073813 82.56470700734481
124.2857909517186 196.1996421827489 152.3019602610049
22.54677666774401 148.2017990235389 82.10944237075506
197.2535540319612 197.0653230068851 75.39084021704497
136.8534008595469 68.53682856952662 135.0284365601447
189.8911851815061 52.76568472783077 138.7640229692259
7.928526940498969 106.0726929354125 106.0713482655051
34.85063606635775 24.51417179231267 61.7423979354771
2.927444579143199 66.2627732234416 111.3049441573005
51.17744822329356 105.4286611040276 152.8504527227212
126.9542872765009 130.9963445560613 121.3268449495761
83.09217210446573 130.5111291214831 157.0795821440325
49.12860453603914 119.0846212475114 132.8986591717409
119.472480799189 63.06902003702685 148.3710567172683
14.51957627835094 82.17149043406063 158.8127710600262
48.89052436869306 108.8186196662375 19.1227817485106
117.0200978975696 3.548494947490321 102.19202040428
8.368021454989941 195.6013628628256 193.8068412767867
99.95580847731455 36.73993504777702 123.9569887754884
20.65849657412225 126.250690999805 87.06761818561004
79.05220967241915 93.06341632746876 198.9477915317165
11.61145122427808 58.8919219041931 193.1745774122165
91.89745045863886 188.6095133305051 12.11060319564796
23.59980513747162 89.3277835132838 184.6569565822446
178.4116005917483 105.0207628904091 66.79453277199134
106.8371790554369 115.2810607873324 30.35257690167004
127.340862744679 164.4696752802632 195.0488329154566
73.27766511871403 21.28641031555117 173.0593873097056
27.05329751669021 78.3326493769014 140.42336267301
190.4735437352615 166.4751659809864 179.5104353505912
81.22462771360053 165.3033100591788 151.3566658480447
2.744064172274682 14.49086546600568 32.72887665150589
53.95903477895687 0.4168223494535208 23.91840884041889
124.7227996102127 195.0532383987464 80.90388985892305
13.12618303189152 132.3382253523112 130.7487735475707
145.8012134427333 67.93883542083232 176.0053241709687
162.1886506019138 27.41133704637897 120.5359149117453
115.8260365742565 146.6376607669837 155.6319458151102
168.0593709107289 46.70492685617654 151.6357346363117
75.65160996299791 137.2698092578026 105.3078412973001
79.77708255688609 6.105412492457491 72.21385355715742
150.5578974951895 86.5034313170725 142.9100546712879
93.4772997548081 103.5023278791568 159.5044091484654
53.89443470287237 27.95382893760047 7.460335046759312
154.8227521508713 154.835489598612 41.07254989196995
197.2383486237527 187.4069496556681 174.4009072789161
87.31727112380456 195.7134660596874 132.3225074378254
24.05427587564239 132.6841023638422 192.5914133635981
136.5970864891837 49.42853567310156 194.4193614700627
105.5929869096418 51.57773659426619 107.1438895273861
110.7608805384879 199.9920876835788 6.406157049942736
151.0446075798892 32.80285773183829 156.8550096394682
128.1887154335912 88.62082763586699 140.645589258843
6.500562843227859 163.8409358790307 121.4549805932609
59.38674166388073 143.194829369669 11.63147439679292
38.33515805949494 15.74649141889731 18.36417116767949
87.95410807926939 118.4024757590738 138.6486645106308
39.05259840348451 89.1385056099373 24.20944574782144
69.78943429137163 14.74440960448439 16.5634671968936
158.1689869014967 154.9623332080655 14.04831006144106
20.75536807250277 148.2688635059497 113.436778104454
104.9324596812062 170.581533005921 113.8551818473757
186.7062458059987 86.63909993080064 76.95824348385912
67.36938148069481 69.5683984170707 147.8461837246732
41.69290431882641 146.0089197965309 197.2107390049075
94.67270424370317 147.5185639156733 147.7726704898485
117.1778097248398 193.2173760569211 173.5285953295334
167.3069551353585 100.2124934251817 46.00055159584155
36.15530962421097 91.43328080118454 162.2533995066433
60.30083356048645 187.1260301320668 87.43892341307344
43.59587909063114 57.03198220554598 122.2935870038131
177.3465819396402 148.2078511622377 4.222459983548556
92.36915940249952 28.79041256795293 143.6867110135232
55.3285362855574 61.266410154782 189.2040273927485
112.2784155734112 15.43344735016506 47.19643666257677
137.3963463519241 178.1207295002515 45.54054589172927
142.7601327550677 184.3102519824431 120.8179754439863
101.656402933972 180.5530583676758 54.84027919997175
11.61994729372039 186.2442721226656 121.3657913844853
173.5674822639164 144.356855680935 26.71433311800908
44.46382076358752 187.5974161485494 172.8048042260201
40.25241001672461 6.962824864001523 161.9789232355465
154.3128180638645 92.68522515622863 164.3039775579927
120.2059361410576 48.02672764430451 178.9475668346047
147.2703881508772 54.2637553736631 94.09156043383625
15.31598056551472 128.248231645024 65.21779961889773
195.9734853612779 24.0055983232422 125.0183254555473
136.1283859048451 112.2936967583499 78.4633499678777
9.289091389446652 129.8909245432498 43.51654466381154
174.117099846856 107.8281195175932 102.4784141866513
45.79976334691607 99.94460647265606 181.0678878066529
55.74370912953972 27.0769444136232 53.56298020202264
93.99958543809325 58.04357222649024 199.9516755312004
95.26992073211869 0.9605232997545243 43.84054196977407
138.7267129095489 13.38193948105994 154.7957943276193
62.09861959340775 168.8206701442694 112.1868610282089
174.2873007236921 19.12406050564221 10.05316124855601
42.8683094597889 79.50952663325 124.3456173520504
26.42556921253142 106.9167034449729 17.82035451214564
27.73547505078199 195.3852306826575 108.4532378941134
116.0138728750646 17.17777724707442 153.8868862537313
164.2594093186651 53.85208842756155 58.88041519464092
120.6328200303636 187.2149358990151 117.3622152479319
7.260828723417706 89.99400009766786 138.9095312059519
74.7922298493887 193.1976954142262 29.06865557768517
147.6954835211905 154.6782050864391 115.8607865205926
147.3356218759206 132.4812188575389 111.7160247409245
104.2850605481846 123.6675094751764 153.3319455458035
164.4542110674983 128.9790654020483 146.7400918243355
31.21956496432815 192.7091950253973 130.7668152607487
148.0674026206526 105.1618362634779 35.26134577133962
165.8723945196131 140.3120328937504 83.08529507515262
101.0318775010183 120.9098287679003 68.18249840808738
158.5570600867842 57.96693900842861 196.6714818600308
171.8517389334235 109.7761522673825 2.089666245899669
173.4437368552043 15.26777183642712 60.72679498161791
193.0500037553063 144.6310382529194 38.13140001893817
191.3384398936147 165.3178941584053 97.6975340716195
190.8896761236449 51.4574792586787 198.2053504428977
47.11591309422368 115.717276416858 104.2793368412737
115.4213389577124 117.4229284373536 51.13049083562913
7.948901885934268 90.88618086708604 89.35753109185954
170.1249605775679 196.379718001852 90.47498349351521
69.78122515134626 128.6994379491549 130.0622267650648
152.7502231508419 111.3015917586037 14.03979884132286
11.36818345268073 163.1455468088507 69.39160711101661
17.18136622712858 30.64620770668219 121.0000977141743
38.64349694420082 141.5538512587458 153.502403002945
40.55833405270136 89.53280441665342 1.666675187068372
0.06982741047636416 87.75572137267022 117.6193328642538
143.1797387992485 166.4313444292959 134.6088325220201
28.54287276696007 196.55656884934 25.35467853714004
179.8770703204355 146.668298410745 181.8348222289008
102.7910664527465 197.0569032427775 85.90199790442702
178.919100799795 148.6839154228978 146.8014335600474
83.41223672225181 0.09517457008742909 171.981531451532
29.93059870462791 108.5032352943322 195.5682997544607
58.39589824203466 145.4020487940094 34.08518370443854
152.4897461645499 123.292376310859 47.97719796731138
68.92269941641617 150.0262207577109 122.6854364287823
41.62094566576904 119.1158485332058 82.64038599140044
20.21674089070753 15.56866081634013 47.05133611179436
6.443933572508364 98.18381782924089 172.5376901062861
159.0345497664198 107.4339409327489 142.687564099802
127.0707264906236 8.226377397615446 62.66411031387231
66.08073081812964 140.5551155256367 168.0198934876451
136.1269991254892 57.29639154887196 51.21123624606697
72.97656154311971 101.251593876177 116.9667303185048
28.09330602459594 106.8578767417883 95.93566423558117
103.5278255648366 21.28990766911491 4.391050516664079
16.3889924987679 17.81337004270288 165.1374599064677
137.8873019877319 95.41326542760829 101.6115722844471
25.54648462109216 170.7752589793474 172.2074336885087
96.68595207965684 33.5631414060258 96.84211284020743
161.7075040629492 160.8541704175243 175.3995990483139
158.5240970380927 13.50274126666477 43.86704042690815
82.99912903573092 188.4985189235698 191.3541751045284
117.8545650889732 177.9701033910427 96.87198359422288
34.94880182314755 156.3167604851737 39.35292101727727
141.8059183139981 171.5282398074464 175.304461422879
19.98991411378051 94.86236883111275 35.79834527575201
123.2774809307392 8.053008167478353 189.4255821034476
9.796750925004497 115.980530510185 186.5914995631762
143.0341382516932 180.3242401239518 7.969833419748026
35.9718454930816 98.87259735824001 137.4942327953442
16.39645390124126 137.8272706366297 152.4079001696728
91.32007745583519 178.5828912274514 33.88854114375098
135.096179296545 26.78462678555416 16.55678541294025
143.3510720482163 14.75346041434498 76.88882382619201
121.438305614864 81.6163912683401 191.5779583414921
163.1848881344005 122.7639826368602 125.0660445834637
63.71967822421016 66.44738036872752 22.57742313702695
15.79952979509946 147.6358192881596 31.10866142928697
75.66886668487587 15.03735826816831 131.4073230637769
119.5958814138029 37.14887285444726 3.815928853264942
34.42246755256306 25.62089725608038 150.672027491868
60.59217198954232 89.77779525946009 56.71160957279231
86.2317773793048 106.1136969370601 76.67020473877614
188.391998639116 54.63861215371968 77.43807644303267
68.66772591489574 71.33166147157361 91.44521120475623
28.89411123025451 27.09325901357991 83.3725306419289
42.96541322310561 42.86087136271374 20.43385824300078
187.0857753680145 84.16258934836665 17.08337473955011
66.57530041240472 197.8234046553933 142.8527037253128
57.20053505093626 1.557718434582752 104.5287506655604
107.1654343342952 160.8429569894328 185.5716778076539
186.9713198100373 71.45078133060503 126.4206520563492
7.54913083796307 36.71205736580404 2.083330763075263
0.2921689404833253 45.60592793971785 120.041687688096
81.49164783627143 36.34055553944722 50.27142580004934
33.707922129681 23.07088009068174 196.1471603138066
174.5392133967285 99.82532268475282 157.237676832615
176.8811913219517 88.27447477101754 197.3621776554346
15.39372954039075 71.81173495862151 76.95376059670414
177.6623468056944 34.04895659395054 135.5848047964856
174.7176018964029 120.9077917468285 51.17584116435467
33.58993286823384 40.06258813233717 133.3322940737414
131.5351385293162 185.9176438825128 189.356864277717
189.6516055763086 108.352028764425 86.09670672226181
24.46301072107738 68.16632167567059 117.8267314834336
143.3427609547183 137.8576320759901 159.7488961957155
28.51784091157808 164.3257199585025 198.1160158353047
167.2541344098454 51.13345817740301 23.01667102619096
138.630406465308 159.5572995977627 155.6336308112783
59.19439572457222 87.13332654145897 14.19485404686224
141.5187901800837 181.6145986833299 151.7447842495693
184.743748617851 92.28062389087341 134.8565667172325
16.56327545272784 8.192985450610418 123.3246780932159
98.08896148639359 134.7905270637615 104.6962798794502
137.5954095078885 144.4571582256456 189.3200443074598
139.737907420478 146.6846536494457 95.88873222758885
22.40793957764384 6.667058764078381 67.79857726376773
35.80713153042542 26.04556045365217 173.2086210649878
76.61394201637322 50.58637424157387 187.6181540799521
169.5534460835392 160.4087026104754 94.33627830878817
24.68133278146437 175.0636530095398 31.16231603352999
159.4713285475254 168.1266372554476 154.1375207875358
53.34281049145842 164.0542327750371 49.92675699012465
110.3149120884427 178.4280912977929 75.58948268111675
85.0038251604681 8.83956973679995 0.9550196153689083
93.32804198409481 78.15181779128643 160.2455794557793
193.6931967163474 129.2358784821064 177.9320131947373
119.1883784316583 193.9337290035741 47.05671009880025
57.98464198089563 95.66752074785076 35.06820271941827
59.13114000000127 104.8938506514353 83.69174061679071
11.49768707388653 187.0913738860355 145.9223435964215
130.8235398670948 147.8312661756891 137.9822696129616
131.4657557759675 37.85483063443792 73.68790874438362
30.77671424638178 110.9183706087231 119.1119151595419
191.5043793679456 23.62701109064268 50.05390015279305
39.82824427950417 12.13325892079652 117.5792115112475
122.6030936607888 155.0369313312693 83.54694634410583
50.17360563447635 74.39619805209006 38.80486678056459
143.1612963749116 199.2561198614678 137.7433135695365
9.833184978500478 15.04354021133691 84.58316127410141
110.9549060163199 148.9954078643859 116.6402924524951
148.7698713080008 9.556879361820013 23.04295872881158
2.584921503835935 77.63110500689893 32.1533161087013
54.47982924254174 22.78852615947361 185.484235363814
97.35925066722569 182.391091912423 173.4195828106985
82.45062867644332 95.44338570920274 57.03232340399004
27.75775151036546 73.66132477295126 36.16147204581039
157.3140714139341 29.79597957563825 28.27655375167491
87.25924028367625 28.80724454320665 190.6491218931048
152.0758091301475 137.3885746715015 26.85623797434318
28.11749645023369 130.9543918403786 170.4449118069533
2.138660711305306 68.21400876663958 11.57800523150636
67.99528418847976 110.6516361891386 48.67990496153667
164.8335598063158 140.4820363849701 166.1695875762386
31.36333763828681 134.105062830935 41.29110778296723
150.7690783957437 160.4596508646639 81.801454914918
115.316871667352 82.91943834818534 158.303577375304
85.4154679038284 120.0839568484525 116.2307202547309
189.4931442570548 107.6597954362018 119.0161265123367
195.7622886000108 23.53849391392034 172.3321793604271
184.3308491084622 89.40373044769922 176.0735672383878
33.1741084608502 184.9672259418973 151.8910272625942
94.41744985171202 102.1317076070038 16.45078810146008
188.8012560459711 151.0375490770927 115.7254283654759
68.57326710043468 100.6410991734259 180.4344153533721
43.78148724016139 122.222668486671 184.1703080861193
117.9111545263164 53.19064931688479 64.14369999992289
51.88344827346926 27.42943407133268 129.0124715949225
187.2787876688971 61.74939419765919 27.3069700951315
110.269274607722 135.6198171160884 21.15821513374169
167.7296808442057 54.33776571808981 106.0175675152665
43.2995877697158 141.3188008618308 59.05326834430937
168.9853900495152 19.17040533943903 188.0201735317182
136.9273462961442 113.0790049379001 162.8619873902705
108.989207193348 92.46107939865645 129.3936293795219
178.6328913671098 68.39134785132785 150.55746100007
119.5247327800537 137.5145377201119 41.67031289703046
19.59687165254648 103.2291479196517 152.4238536332603
56.73461542720558 119.9884240013128 65.8842467292193
89.49347869018207 139.3806516867167 127.3527703716633
7.627492419219617 93.54508343566474 16.94480111726202
87.265502452814 118.1621666864284 175.5199967060362
182.3571797122622 84.82959370331108 39.15574597106527
45.09103569247281 154.6391186155367 116.6193895025523
162.1808242171293 33.65920770200926 98.83440434625184
186.4825503473761 52.77778268838548 55.01295877401439
24.86711326836502 65.51238219793825 57.02315368209428
74.83501512591074 131.4773326878641 43.2470185349593
126.1597025283833 127.57963170298 149.3055590244867
23.71002793496255 108.215278499462 73.82391256340907
120.2142744688813 136.2855002767168 100.4314715921337
83.02338973722651 137.3812383822173 187.0977585839459
176.999673046284 12.17424286318678 128.1793115152159
22.77087371682476 76.95795196328362 14.38377324700144
166.1976467597419 95.93258966776678 23.68118708123261
129.3912705488664 184.8981567986457 25.54040831308768
110.2476212952915 71.43108975894063 77.04408874489785
174.1147712045396 181.6516403012772 176.0369088036238
59.90337990104377 88.05873300384698 103.8541213985026
169.2153640941021 77.29015149242491 87.75975434998963
113.4391902539916 139.1521243957143 63.35643588428804
3.92436618881423 36.8074659584566 83.40961028021358
55.46640099347662 64.26957679657076 166.821504941595
118.3613603684757 104.6876901473143 153.1207140057858
125.570969757055 103.359298524524 34.46428732242689
26.84628472691883 51.21519649630876 33.86420521500509
71.68860234222518 125.8601692943144 4.003414379611287
5.384080211472296 1.354352110360606 104.9335136097046
133.1295504963976 0.5648569129914445 9.458969467173784
188.3053529305912 40.85119025418194 35.80344871009815
179.4804746459859 164.8609245116623 19.32509020459109
188.3380081626208 108.9421611805214 186.663166107066
87.49356044146833 74.32307687952576 138.7678280951921
186.2011069171697 126.3610272647193 21.30000394534692
139.6046321101364 53.32411716620211 151.4907948066358
44.86566480648797 145.4460062535302 174.859371492018
10.16133056245013 109.6916113925774 128.2508536051288
140.6649302353004 190.267297434926 64.29650942466367
193.522068264967 109.1055802650956 8.642591972551008
80.76789891810584 141.9197314096342 24.12252188476013
146.9637472988287 42.45309773646098 113.3363237976256
58.22993368850472 86.66902603172247 166.0198343381111
52.3209664978262 126.41047505688 44.68784814805449
34.38736732880575 30.21248684979792 37.31834669778613
108.39684137687 35.86388756524336 164.0274701877369
132.1547361935726 87.24264703714069 48.84868181082543
140.3094975114761 0.2609094548181078 42.17358179460277
71.01775145090352 106.3453188492256 15.34923960238221
132.6956868241711 70.71231333166537 33.37235650347006
6.27942338405335 56.80489160472985 42.11194698866016
95.38617702706576 177.58735813627 94.62527972988633
130.304629181968 113.7659722300822 13.66429110673143
61.14530195157327 67.16140596290637 112.3261525653951
155.5328063880337 109.4596927584375 65.56682672875957
91.28375952667848 141.7574188963867 59.83927023077454
169.512165720104 199.2795522703484 198.7013606729028
93.11167128764727 37.78361792660525 69.58210217951877
75.84287473733434 90.02511337496239 152.2895531117427
176.8717949489613 67.38384051086631 5.940455903802483
80.0074435041055 186.2529301435966 51.86617481783402
112.853962626803 27.25079401019021 66.5342534606883
37.68483884499072 158.1719848807574 95.57942120915975
58.4437193958739 42.55532931924995 113.3517234761925
175.6210032584817 15.93370724264864 165.5171426594408
115.5913263456963 70.0934179881035 98.94562057682842
77.37865595287475 36.27935025707187 123.9393108276896
135.2244352904985 27.15800706201581 190.9336723177238
150.9857580588088 7.778806863595167 96.96567469310432
193.4073942643195 28.45106904270774 17.63153667898976
78.31916452089847 2.558215047632956 112.7730855665913
183.1312264677949 130.2847024038706 72.5208735598035
159.2802406575134 191.0842554477224 50.28987854913247
58.78955863054541 150.8574963913605 98.906142065194
167.0921614624584 157.7655661658523 127.007817648272
25.18534496416892 171.0731880113553 53.3840489317053
66.26940970902487 123.0315277272105 182.263527900518
133.8149085852787 130.9570685240803 58.10000848127507
108.1176330160792 192.2329242272395 27.44766241145792
118.8113683973547 156.2800182079218 24.33990466617005
166.8665449309563 102.7699180799385 181.2073056542716
42.18511697708463 77.73465496611544 179.1625855413409
63.1637455259788 192.2919645822301 65.64342499041236
46.64110489251978 142.9100832252136 81.5487705295118
125.7292849359752 155.7422539925541 173.7703510881997
123.8419287876633 78.58839658469347 119.5486776822444
185.1485953688615 127.7273342364239 198.7818414100099
59.33110596081307 63.01926544554044 56.02975637315791
17.57969101922038 151.9384957904425 182.7250760000823
125.0231761444489 131.7689118150378 171.467883131998
45.00101321944576 175.6937640847099 125.2418126617209
165.6787237779491 78.80300859177161 128.0089366971817
10.30774493167774 15.56858082189929 9.987560283904664
75.76862429627229 51.9974800019997 66.90699544214914
26.69236106879853 149.5807406541157 136.1029239073163
27.5969428866467 169.750670863602 112.1371513949934
11.0344945619148 24.48276625362782 141.8385319525758
110.8403715063525 42.97675716716198 142.7346795591655
101.7817493912461 75.26108400885236 116.0510920730343
60.46361149403336 49.62822438139788 7.863942054060321
35.90219127462613 136.0577266903612 100.5612731203378
72.10155844453099 110.7147199690331 160.5329189371671
195.938359966735 130.3405472380697 146.4332213800616
191.0559443195027 4.856954829516921 5.029700693383852
42.96045599226522 183.217535752597 14.20999196136835
3.894932918239938 94.68136806517695 194.701259968983
199.1111979784611 144.6726411696627 193.4996336022375
186.8059073242108 185.4288943642605 194.3308471215105
159.3873366598642 115.1916803710097 163.893177741673
81.95727380779117 127.8708648922745 85.76513907146874
116.1762615898242 96.21575255612782 15.21069458354465
135.3163134124848 123.6995022492999 33.31693451084228
69.11243580296448 170.4440274589053 64.98470841102377
94.6811264072099 112.9182628860461 96.92239383383863
75.79804166906483 17.70555486975563 38.13050331404921
163.1804331810712 88.50875711533867 69.11233681392387
85.87278774275308 37.42190048532336 163.5187754565126
79.30315215328443 96.39193195516397 95.84025322083251
21.88299165487887 147.9691505497372 56.3876055667608
153.5244758393807 100.0097816794025 85.97957331199207
140.5818262883709 92.18010932802014 69.21090177468807
102.1680762479906 91.37288680824157 198.1718926503253
54.58278149792302 24.37478401410281 160.7722278314556
130.7309378916784 71.92658746870396 67.5463464195024
95.72808112986387 19.0226004998125 172.1410999335297
77.62144107581094 58.4161577058214 164.594591626261
36.16326505587818 55.98076228824185 178.4923918115815
115.1970041839306 92.16515635778799 103.7077629234064
87.1897355145137 96.35469069855532 133.8183119905075
103.4080175768748 51.24504891306133 84.50759275407508
149.8488015689703 162.6972990379483 194.5304716196281
66.41194836712351 85.91255855998178 132.1859948464627
144.3957573764625 130.5976727608529 5.802213748628965
18.47419787847653 194.4422490657432 87.87839712460901
97.78334832310443 46.31296100711546 181.0160137875452
132.0419147486747 47.14459377268622 129.6245725824523
140.6231601599418 30.38137797352251 92.96156681344965
44.4742906275554 8.811381012310843 139.4285647162685
43.98003615800654 3.592675905843076 61.86523978565982
85.50524093177654 157.2227392729752 109.1491853441836
29.22184583114096 185.095543444886 189.2787803126107
128.873081895813 27.80578754588716 169.1081420482187
43.42798549877057 44.01115300246399 160.7733143543286
162.4995939209701 1.017368199430083 176.2555015130578
133.2390030001764 174.2872150621637 78.42070687486935
23.7257212423888 48.54869394143401 78.58295104713115
121.9182414430505 174.0868559452909 160.0612951543329
191.0381031173274 195.6333244417452 36.89563173749266
167.3504275037385 117.5558203522603 30.09343665333611
43.61092196652194 99.04142823756816 68.36621735069289
196.5837090142358 146.2362447819564 15.88532594627714
99.21688343105168 140.2492605958209 169.536867597674
40.57784231110079 8.677895940852334 40.12658596644867
40.45408883344947 125.3681046561881 6.284518117388672
85.02671665325465 119.8993969813064 26.75202758487774
148.9950020809139 19.30886569164502 174.8469309823555
168.0701682067804 73.52827091979412 25.80829106201787
68.10304636313798 107.6506865915662 138.0685365134082
35.71323919164679 67.72690800588975 198.3430876356972
182.7999589499141 129.2672117657924 115.9579932111894
179.6225781987758 190.5843699688061 134.2579258003018
9.976959898465532 177.7563635817577 100.5020122126288
50.67978143303248 100.3287987300889 120.4186582124513
98.60924213450103 153.7989734268852 14.55673100680932
89.91001502244357 68.73495874784543 180.4848940670915
60.17406105699349 35.27675265280339 92.0411077779914
157.6633392988842 82.45385380326826 7.696445265428081
6.508804936754207 195.9183625627294 20.44723886764508
178.7780341014621 175.9008654231973 79.54501129003401
61.45025271382718 1.698271148528707 45.18448279083985
90.44639394702938 8.317536634902426 23.04112649368082
185.0963516804857 52.52217007414275 165.2682740508097
187.2860983343271 165.6035108369341 133.393088468848
67.48918584732574 4.429384413222845 187.3979872338174
138.5268280732708 22.4933625770999 38.46149028221888
159.9425919117811 141.8703482560585 191.3014419709299
190.9369628918935 179.160281022065 115.7050877376122
27.51744533937168 193.3242528493109 50.30917517449828
154.3681971708866 148.9102457217107 143.4303109432048
36.78076488002348 160.5306058558602 69.6440038122029
116.2926960946701 172.8659980383178 39.45671249788948
101.699881386234 0.3980122084954378 158.7347425173008
111.66153989429 159.7114039616154 136.6858167858678
141.7226462119414 111.3283431825272 194.3328900308422
186.5138308453127 5.870952263488797 182.9313045725312
63.1871691757522 178.8422744514649 154.7585136493765
130.6250683435221 33.05012300090016 147.2119329179463
152.7192728417367 110.7074263080992 109.0949290890257
137.9465440061952 72.86638176605109 102.8667314591728
89.19669378066354 113.1839112232778 197.4617280795968
171.0926113116566 124.9537732345906 181.3251487546728
127.1196808493978 57.28093835001881 84.35363520826618
70.72498429301045 169.5728010886452 192.4306231432515
83.91601499031796 187.6539953595885 153.1423644133984
199.7587372528948 143.6502199313871 59.67304053724165
106.8031634203517 53.26230860646499 17.93014180723456
4.149406055564834 47.96190270620259 21.3671670000049
43.21910773598016 77.00847074887668 63.42604688087819
167.9860948463366 117.0619323281611 82.80399342233692
2.178628711538212 4.240667512030446 54.5528942446827
189.8297544024232 19.61398976811934 147.9772913869008
118.5541011143038 30.40530706994014 31.49786310848952
166.3300902277131 129.7330019255381 11.1020486487897
160.43794461354 89.40220572106783 104.6791899670454
11.73103732589019 19.69988598728942 187.831660788349
20.81278383869518 181.9166470795024 9.994822761438803
177.1661179002347 71.99356756583893 62.65811507053137
29.4747386592893 88.40043504778251 82.99714856012433
175.2319595323652 36.4733301505616 68.28644455257707
166.7754862380201 143.7160262368375 109.2906949347713
116.4504076238382 23.75745788097382 132.2877383874576
72.0086049586786 30.68551672890786 73.36274509194985
72.31966492100835 78.77223070231764 39.43105556418138
136.0885015888375 92.38906718551912 5.268133664603957
153.3819146254319 181.2270267530755 90.27866463771609
183.0695026538753 31.77420998937887 90.46260254951109
23.33269004827571 171.831911213848 134.2152833883507
39.27500132961654 92.27668471810732 47.26045478197425
153.7820563371269 34.7046526962685 75.12482053691795
60.17373979918269 9.262298912045349 82.97056689433789
99.02554813998326 192.3719589870184 113.3025295140759
159.7368078510098 0.4398890140064741 70.83852760926098
92.70411207518472 18.35718629151265 58.07274600650532
70.50380783669699 33.32192455115059 147.4873373260817
136.1103639960922 108.8572424162128 54.0600457229795
145.6696017125377 55.48295472678964 71.59864473435141
110.7344006996679 137.0734415080525 135.8182671661683
150.4381098686679 42.31987774234648 10.78718927466436
112.2282710730293 113.2841470764292 111.134129940088
17.39207216185401 126.3036102328534 109.4110829372766
116.0434476528647 115.2673312863466 133.3045223445141
142.9290643800753 166.6432584945778 25.93611309307427
56.93313449493446 109.8360489244343 198.0444827291238
149.3273080687127 37.89711066203107 53.18704829387949
129.4634105693497 53.40798641944243 15.99242644564947
167.554861746633 100.715833302613 122.882309006161
18.28776980838141 191.7415519534041 167.4634410558419
109.6213497845979 112.7022318366445 172.3400085984564
51.54391689634986 83.62676075295134 83.34821598438917
72.84921069359423 67.62208652522379 1.956534873927679
69.3562926046249 116.1494039361849 100.3861702096999
144.9687210738022 162.5881250211026 60.08044775427229
141.8406333775818 193.6880185460676 170.8258718862056
120.3478463994075 104.0570232282911 193.8613840765624
113.7593850380591 119.49225248436 86.7831019585616
63.02219352497239 188.9980052983689 122.3717800933407
108.7552265552937 117.3669767711656 7.947868521183721
12.37166904921241 26.71115343575032 65.05992576340617
180.8656508852778 37.07658020254306 112.3039400378413
176.8077594559692 62.02124599430343 184.0037853041877
22.15279731303005 39.54666903345986 185.0939048914497
14.89307494152241 185.3726894239475 67.5099169385288
0.8774217251481188 2.870023465517833 158.3498385777869
136.6930030806494 75.12187065989973 156.6290542953023
96.2646449198361 26.66852895412892 34.84765332829015
172.6000763862446 191.9410970140534 112.4792768924542
186.8873532612906 89.46523289345781 99.36298089489566
51.033523757857 165.2705849825673 26.27265258907804
23.10808584194936 32.41539643951568 17.87759217032284
79.68332099653568 79.78130964339091 114.9731038217506
147.3586723012343 75.20408715880727 82.47266170188142
75.08620930510457 173.6758578648418 14.20562290600554
81.08933394515977 194.8288749790596 91.73626016127334
37.62915480324965 33.90217356775806 111.9849401212861
78.93588162692505 73.36950636586893 60.3335527189584
32.90510434247912 69.15950552229002 160.4453441112944
103.4487290472731 91.22871355927934 175.6265000836229
22.13829039540387 89.25545759788531 61.65569372788164
112.6264872027355 24.26449672224149 110.0366163268047
70.35098029342885 149.4168145473932 56.21056664379217
2.905730732223622 100.5312461996379 69.57028463659135
0.8533987744193275 25.8178445761932 103.0431844544123
8.535263842058253 165.1645549633964 18.86152107597034
186.0650221858699 104.9271065276627 29.54525929765344
92.05191646324114 169.6399361140362 199.8580744725221
128.5120528851992 100.6075520382388 121.4885587789369
159.4721243026001 173.1810422186282 110.4812167062501
9.169262754845057 120.0395347611193 164.2972403565432
169.5089480290015 157.9482780833292 69.4560709659431
124.0418813611678 8.198944716363334 28.67150887514918
108.8966422974584 173.9014097508741 14.28237896601491
134.1284828202996 5.311616241391119 117.9512030364432
27.56995469213906 2.490171527700686 3.586578073801569
24.03654225628386 43.06048566346323 54.73492724059269
94.74963583168878 96.39184709108024 112.3122005682864
180.6639403235335 122.1424680546359 160.9050847796163
58.00934266655936 54.6304260723988 80.60630543709885
83.42442304790009 150.3182007473895 87.74822983704696
138.6868836520453 25.83557838748042 126.1958101654039
100.0039157707768 81.46973029818258 59.60094327246082
184.9343337369835 143.8755514045882 94.65953735369503
137.9978768886695 168.6193229628544 100.9738421224574
66.603093479018 184.8004330507787 176.2712342896575
169.8126461958872 54.01286343651367 128.5022516515608
154.9450923915622 142.3291194845972 59.87631918285719
109.3394020717323 182.2067715103839 192.5626239331564
164.1130795818231 80.36657499419189 180.4973199863969
199.8348262928758 38.31060101688293 155.7431317343187
131.8860783648744 156.3829826092294 42.75174493960561
144.6119460000651 130.1041284743836 135.6099636496799
119.1300866978172 37.30838722740814 92.78656776599115
22.10403484064295 90.25406257114051 121.8921259169439
199.4865296847764 75.12767442926361 61.27171851703363
41.29930832492099 65.3800341430005 20.09797305630342
140.4377941749608 71.35965529126146 198.1983993288019
149.4266219850468 63.85613664806683 17.5094735159962
136.1626928248251 151.0025469329187 10.88588654051162
6.588086404459105 127.3138658710349 5.860139468083975
85.74949676745469 30.61686748405803 14.73266387867552
192.170551790146 85.86227513415248 155.1941629633108
80.91260551923293 99.0084423611831 34.27683895588786
101.2699344013915 74.690865134921 13.36794750260811
68.22563028615183 194.1268911822891 7.481158901940596
23.27937505055628 16.74999101116088 102.6472427430458
82.08509284684294 177.9923740219904 117.3275692348745
96.3481704519197 58.99694204987755 60.78291207995349
19.0930887551621 38.78637634541615 100.0219052853914
7.3640841285494 112.431260220015 29.3233961926877
49.59307027003221 6.753374292372021 0.9748037297969042
193.9354155474132 74.65954892856192 191.5489113213278
123.8474122624154 75.084412306269 13.06074141513772
168.8973932612151 190.0956244640722 155.5710121153517
97.15791283230929 14.33145134721498 124.1650669701033
101.7993219786608 138.2050329757842 82.68419850637743
23.49649134327741 129.1203921123532 20.71901348956564
117.0393784011685 70.48379642791122 49.64615257079973
92.92944891075747 113.5105663892906 48.44382657987263
23.35430498128951 6.278986582130133 147.0141964984527
126.1637692643432 85.19781964315828 85.23691376504846
86.39672991935332 62.40159794842406 102.2117655933893
3.047080935492368 150.5941088345209 139.415948291187
34.3041302704959 132.8953835936846 122.9255963561389
171.8199275457716 40.61289419274693 3.563345743396416
177.8518240375327 161.4240166566304 41.58533488143495
151.5634233987097 63.94658514308617 118.5199260233654
115.8856592251416 146.322133058076 2.081280564019617
122.4946940284411 162.6840458409323 62.29868490881196
126.8356661042803 36.71608780282288 51.53752558061307
179.8532263274888 114.8941624719182 138.1128721933238
6.175397974547885 160.9281274471227 46.62322855529551
172.9401975668865 182.3248353062914 34.58466299655418
17.93876971392389 147.3652396417884 8.625311912427421
77.0204872878228 56.81880198992983 41.86731187649249
166.7022803539647 18.02433347869801 83.17819229036721
181.731315810801 194.5183692244653 57.44214380700707
16.58007116102505 162.039271615049 153.4113423457185
63.17301025391169 125.325837437823 24.91248947851128
143.5176246066001 88.84264998266332 184.239090286524
35.35234824903822 120.184796150083 58.62017676158298
112.4785882987631 27.5831785756144 184.6368929572498
15.23324890862709 59.7606686672223 170.9015501018808
123.8122467948706 178.6997495942333 138.0353755369621
45.16145436864998 180.4458190004404 102.8059259933169
55.11971089663525 23.63039298472539 31.25321044946737
80.80785330940166 82.522927213649 18.84251329986196
45.52967188253705 167.0124945162804 182.0323704091867
86.21709071723174 164.5640979347782 50.8427940308078
12.20183468663745 34.42308677451533 37.54921120412133
23.60702434230298 54.13138826120207 11.70553904503367
141.8146623669382 45.95555535415362 172.722856997638
10.07049737618287 173.1507124299127 188.5329964355386
135.828154170378 191.1741914323576 100.4227542556018
97.3446607151008 133.8101464911828 39.58829161399609
170.2681387381031 32.5978376362133 46.59872744372711
38.42964342088506 146.0216224973404 19.55688993973945
85.52086922496031 60.57265744823106 21.28409952069706
78.98975677192335 123.2457404208542 63.86160054256261
97.03307365236819 18.26219271867494 80.23713655088427
155.9929213238848 183.7996831382318 189.340921404095
89.93841092460288 161.6887920789934 130.8378313930209
197.5038332051877 107.153322156164 149.8800871246882
6.918618233044281 54.05404009766713 64.53961585683905
157.3528216658862 64.98513251034026 143.8115298572046
125.4291059870801 96.59455344097198 173.1609692988307
46.05876382412477 59.98695505753375 144.546488297661
38.30843813206339 77.06626432548359 102.3633377905965
7.619097184967458 183.4606298342862 46.21611295818676
169.2382918074201 0.1822987660640637 21.26510062732629
77.16654366053928 20.42122471598228 92.80605430374935
28.6549700537925 6.229750590123125 181.3420846640925
85.22054241589909 50.26319098782169 144.9528541488629
43.99342549842815 185.0999529496483 37.18832049545912
113.0578277003207 59.1051306079114 127.0840769575218
8.165328207448711 68.09752170762893 133.4589242435281
194.43497784883 176.787465138035 63.29425951808903
151.7459455013243 187.3698012524685 27.57816020234384
1.166529323564429 93.4620848568036 48.19423630633129
124.8368106079618 126.7696982659615 195.182419539819
51.95173536932737 141.5501612773104 135.2568055566312
177.7482476736282 143.0120024251715 54.65992700997864
96.21039646007996 81.44092661030047 95.05743242101262
0.8979245059667622 44.42248904423717 179.222607978861
46.16988619162882 55.81127940670869 99.80050247095627
54.9921145999233 134.5094055370478 114.0154041175763
63.30481209170307 42.31376747090776 171.3583440856235
132.3935351023913 117.3172958034001 101.8021435772295
103.4792623349942 127.8486611080432 187.9237657231826
151.2279407077584 82.91956187970253 37.55819541540354
51.64464432665505 165.2150312164173 3.697847235293865
103.3993462419563 177.6505511694577 147.6374894496814
48.85259479295262 82.3538787348613 145.9341570721634
167.0354323981247 50.84384837802184 83.71745887313578
152.8600432353339 41.06430931049245 135.9156835994684
119.7998606708927 52.41851819592473 36.37983496243445
190.5187075281436 187.7004685386971 94.80496426688727
193.7325305098554 164.9721598900709 1.80704077768859
85.5452061042198 158.4922438675324 179.4847932323393
64.8433515741099 162.8949991054777 171.0758473906419
196.1103843767371 118.7484813846579 58.0826736595226
79.80503973643853 45.87620221116506 88.27197131870649
109.7332841322306 196.1001728372612 135.0332640133763
80.10667701124471 12.50550757335956 153.4053659707689
21.33021425575851 39.69436367996825 162.5260748510642
106.1652402775815 98.41144516960742 83.97373630903273
186.4326598177724 186.2083408912415 16.89689381782969
172.7836476610548 167.734329557811 193.8366162072419
155.3324603292795 37.15206168006566 188.5250490375987
72.35425349987527 88.31235262297814 75.9326893314425
126.079728784365 165.4465528214748 119.8922505156278
190.3780996140459 183.5760894168287 153.1045010476888
116.5069459924223 58.96967072611862 198.3526977032046
45.20180234952201 19.04209678221974 96.76068759096459
74.1068517655772 170.1783366001131 93.10912634607533
36.69223048842712 66.64068575964045 82.39679999037322
101.3858232407929 161.9762271957058 163.7700728652174
39.58858375976226 45.39660028119857 198.2388668493143
78.7808749213804 151.8286715100831 3.928739557606685
62.39281402386214 148.9233392639613 188.6675394947971
129.8143963847445 133.9120072359489 80.12819010806547
25.04725610884733 173.1302751346381 84.33082301583512
154.9822201352314 18.37334707615393 139.9355003298374
194.29177904298 161.6841468351103 157.0334345696107
40.69311126645079 198.1386951292168 89.50123112853368
69.75121280945413 172.6707922721591 37.02189661090653
87.67062079499254 66.83070623608019 80.10438456570328
65.4971606851737 21.1374014068376 112.1276660046881
60.47792628007934 127.3306522929389 150.5939788025349
43.77468854726028 180.9265766944828 61.59147478813526
99.83546294377854 56.53886265069972 160.985344968344
2.325393323145586 138.1699473927728 81.43024787725318
19.88498743652237 61.74658321787809 96.66488642535165
147.8754908868262 127.0219850708689 179.3042468492205
105.7573212364094 0.8551070812725816 63.84037504733879
158.5882353683663 182.7867571264389 136.8544332477659
159.0931330421152 177.9703381421155 68.67407768573068
72.04797010839741 145.7908257687199 144.6471385022501
106.4173342184289 154.722307032534 48.5836724295524
111.9564079276435 68.77953575351836 175.5887085455511
190.883228038679 157.0520219697104 76.68619788261041
179.8960870420571 17.05720708279516 31.83114515549808
