3 1024 8.067386155636321 0.6497299999999997 1.4 1 3 200 200 200
168.1458179755944 124.3687332415587 92.3643725484052
170.2251154522338 128.5886256516175 107.7980179672021
190.9378720491731 184.8287244059497 178.1413958686566
62.9302581312585 157.169787757155 128.1427321026044
84.51567128498613 26.13151056665857 109.3638242887608
76.28170309836177 64.90007815696791 2.224424468645915
98.49190713351874 98.17959335262253 55.06577689983814
199.2166886098337 37.91155126469514 127.078929050158
189.2222801001889 192.0540775303618 109.8781260048141
191.3768710504387 40.30367047669019 187.6842481486116
23.03999447172261 74.04793037254072 108.5386362868641
90.24290074700887 35.54688565006504 146.0152967790171
174.9660279147723 198.6845327441233 106.117138732668
193.2247454333956 177.2948145442535 155.6055545730065
126.0765700930152 22.41581354053007 60.82451601196062
186.1854796770522 77.45834337582052 103.3437581842595
132.9852157497058 17.60436284000995 0.6061343993740891
170.4051989030626 195.3719355384894 150.7859596257449
177.7873268058258 36.03867404581359 2.746412416947889
97.04287861234565 127.358408900413 106.214287578079
114.4000333904063 105.5087852183332 107.6743353130291
182.1857487700021 128.1485199342602 118.6183184303093
23.71964319182243 162.1724917520689 176.8951448780486
26.60831349363803 149.5012997397259 107.2291852825288
128.7068364718253 3.140279414273476 89.53157725462806
87.09847391922204 19.90794785153744 62.03467225845561
199.3410519887994 26.77438682616063 112.6053382142533
143.8729406256041 48.55849982796886 2.823569197771927
117.9467250422686 199.8514245134774 128.122837269705
131.430879984459 42.8568512497931 65.87134675730857
134.7572932506484 120.5813268179334 60.17376190113897
2.836613506111989 178.0448219959098 142.6680417574815
118.5168663766654 18.13783455127205 125.8707525460249
64.25660963668183 175.366459509682 69.90725809198408
187.2552652014133 86.64767593751398 167.3645622134861
82.9962411910881 28.4888676563216 180.7235424610352
7.077424700175789 27.71690232543635 140.9669114544782
168.4873890871939 97.91869170320633 106.6675515175027
144.6620116659373 2.31473209201315 181.0686331330482
151.3156727025802 155.9439797635312 11.96270214018219
85.53068097463982 143.9312763446846 182.2964314360023
119.2519506632993 141.7581718074009 175.4770701696314
153.2525898116209 158.7182473178569 164.4167598077034
19.38773434301468 134.3230765260144 71.60064332965482
187.3086719313201 71.54394583477949 126.5121275741732
198.0448448372557 146.4608219601719 99.07622930906167
176.5517604910335 192.8789849040102 11.31210008789103
43.51571708746587 17.69750837974895 82.5816611820478
38.78884063348493 4.507435951136356 22.31327155197082
39.92219734676416 187.6579398883649 129.5705999603878
176.1160417217173 132.0965528332416 153.8316946483974
42.09196686854189 116.8109170607002 166.0577750365545
185.2028558393846 66.60363361838901 141.7325548175497
65.13115555508641 116.4189177469779 81.22436216624912
18.49087405197341 180.813436841062 139.9098844751448
183.9320089872462 22.57833882154518 58.44420211986353
31.42113968653616 104.2457389623286 184.0846069846785
40.30716104229818 36.54790329488349 155.1153070313772
28.93419065890257 175.8794496325513 128.6439028329313
181.4613431028215 145.6122221217407 80.09849239804306
42.46735205592494 181.9168477693002 191.4097023536934
107.4690728542095 186.5281624011082 24.98030951126323
9.310915382069838 175.8326095757378 4.767080792059873
184.28601332593 175.0957838069951 3.034242859787641
102.6925973940763 100.8579174810993 16.29911490551839
169.4856962260796 141.742253610292 117.1128196347632
140.2582404856584 77.46225528350273 76.95647183121203
104.1323775102162 56.83917781271322 31.67014165901279
87.75320021870664 98.61707416578905 123.8341674995761
6.825511494873614 50.67921397044184 192.818980112663
91.52141851129588 69.2746822556728 65.43104412998271
145.1786522337763 84.08788164364063 92.0567435813368
131.9230859124179 7.905543464227095 127.7729400703396
115.8516533083989 97.1769332956187 55.866155045679
6.698902435436862 66.76470748756536 191.5652954515962
78.71444244139695 182.6288401520823 73.38711628135076
27.27954585761925 113.4855229046424 171.5225997707579
82.50441919755374 120.4552805799202 11.46833898894231
95.71017298037826 64.52698254223807 137.1527564175575
47.47558821867994 133.2937996538745 139.7468554101844
72.05110062655017 64.40001549066807 181.9182099113467
68.33331814191125 135.1639041099055 150.5551266836924
57.18731319727602 123.4080755234502 154.8365881803237
99.72623832504765 103.6220307929919 114.1125158561671
11.22833718352301 107.8974065237405 7.894126388632527
116.2410882167028 189.9541068927217 192.1646453968148
150.018167229475 54.52247507092234 189.1489816671298
120.6355870546273 36.87367882669121 55.40742021622568
26.40239459224038 44.73041525993651 154.930910594886
37.5819180787599 114.6472819654453 46.55266455105598
152.9248327601731 152.6454810558329 67.31918762149338
148.0411708818195 126.0753729151272 189.6290255023129
24.81879637602104 98.02232898602027 167.528044363762
9.416255445777216 25.55944684346034 125.1490190192807
199.0016540604388 120.9313979815363 183.843843918946
95.7477585828551 180.9320647680251 11.92624948485378
78.21989279950216 124.7694781992583 130.7755096833354
169.7562402318542 156.7235086696942 169.6359935034984
21.13449524360169 158.1573345426277 161.4832752846622
127.6353463894898 193.2624378219055 61.44289247121215
159.3928311519593 84.02380655885884 162.2466392747682
64.18830863580638 70.67894070299877 72.32921975205269
78.91454927483547 186.0554146261575 48.58972691907029
29.43388969964549 191.0645400972282 92.62102022991098
139.4697032295644 31.064680298128 58.34465433625928
109.4283421502178 143.6010261331502 72.80202500384569
114.5742488839733 84.27553880462636 183.4694229578043
98.41777889608831 10.05835330762547 28.33801530868442
95.79043280600753 58.84477014485376 77.91675083691165
46.79808586378125 28.81361442901729 93.80608152555358
103.4412797442007 104.6997000622849 148.8186540777048
143.1648745835388 158.1593615939566 132.1874054610916
134.7159528630981 3.700160109796833 14.43052286334911
50.50606496517123 154.7048129352326 49.93265815875265
6.625079538930536 191.4585317683494 134.5408929923017
86.72063108864789 88.41422869210069 87.5221036033137
157.6674207193454 150.5580605204429 123.6657051151749
32.04564675601225 156.3712680770512 51.29220218595133
186.5987950987928 181.9938183037565 126.8472678330963
140.8001093034846 89.18263511413483 120.9124947156963
47.58247562519136 173.6063514104966 4.860463347210603
192.0859293652978 56.45627748633708 159.8643234131183
59.6321039816354 107.2447137702979 184.0799441473794
132.6965701125205 39.17995148390813 101.4691035381672
97.88449605182525 7.998360582476757 63.50203842588859
150.2212875064573 178.7539480609837 105.0211316272963
196.794427119776 112.2719828316566 90.07790044918661
87.61697968018494 155.3138478690545 78.30677008382902
47.84598584151647 129.5034846050581 47.32694909204253
9.978832224366331 91.91296918255071 9.701647952979661
7.985107820663788 188.4229857622141 80.23183592746095
167.0043095645177 185.3079254957032 0.7360460547514854
170.1923336517066 135.9946889778461 184.4223122985157
196.7101309154685 167.0205476840871 9.667177295076501
189.584877015557 63.30563899524304 110.3061915477898
172.5935498237873 74.39114086225509 71.76891859025356
133.7159062781672 10.60096650816862 30.03811866762698
118.7359439012561 53.11053679070795 148.5200076193989
78.23222843495665 167.4457671489401 83.71268820589317
26.81861804075835 127.4972758962012 159.662037938192
49.78053047345563 76.62572910666002 175.4586896451585
40.2387232231822 20.91503369864351 23.35316046144945
33.29943047248611 79.17299156253404 38.87875811403887
152.3292348468145 122.75148965831 85.7593079417089
26.56567740397709 115.4101236576298 194.6728110971271
154.5623883272893 1.471608581240858 49.32808281390278
5.98949403683458 35.80018754613724 157.870566968314
103.6733627580859 196.0259713703683 121.45405908413
109.7979818146216 173.7833541100587 15.36387720483483
25.7237318433515 126.9837990292691 31.18252964585544
121.4441973060893 139.0221359231014 82.54789168275673
8.532795750533193 68.59492748958856 139.8751976538928
15.69839544624046 34.27653795498549 1.992722269997197
145.6288248175032 91.08882582421879 195.774940483676
55.10200218243684 56.07588563609887 108.7306069870381
62.60789888253607 128.3665350105726 137.0886518991599
95.68719795510816 195.5806426644757 18.68980563182674
175.0532104046588 32.39804829892029 111.1201549747817
19.488762983847 118.7468965718433 60.90451107141206
157.0221977787867 145.2658842592946 107.4912214405741
81.06906758473289 10.16948350653661 9.807075553298038
146.9207505942023 11.19296531622664 194.6318886282821
178.0041532578821 111.8479972214339 188.4739481341172
176.4318477215629 72.8380141742507 9.861898538942743
128.0804517208069 25.21603925639652 113.6029468688352
121.9992241832884 5.906859421153454 53.15534618489503
128.2083407175449 132.9671432407803 110.961768128514
190.3864833803058 148.0572642654041 139.1297128178088
90.70998586417859 150.5346532646422 48.41288747970795
26.38490417866699 135.2979996773003 195.401118009604
124.0854751013194 156.5415290031972 123.141392749783
180.7622284406736 119.9701534349782 140.5129909645786
158.0938918403838 42.54797276355868 7.510553518880171
157.916046774749 161.0113724003355 138.0695504541974
106.3432310793955 7.833950486090373 49.76328705602351
88.80014624760545 104.7196089647443 77.5490350388275
114.6023144517144 90.22893778762301 112.8952846334801
121.9586772986968 69.60844811224726 76.65803355216785
120.1285265548697 35.01892579280759 27.76259044642678
149.4642301160191 130.2391765333756 10.05821157911636
79.29281659542332 196.2098026623481 1.91403671875075
164.9732055840042 52.921540007696 28.19980752173472
42.60714582857808 147.3134025593659 106.6478775696812
197.7626209563857 111.7359323795029 139.6670920722461
169.9562502048853 152.8722113340154 190.175544611753
73.92419180789553 116.0264318582515 198.5418115096841
101.9477781530489 81.24504266996394 173.857086312853
86.35050018408292 97.09589998886622 107.8326792540435
111.3778686928635 96.21495185966741 2.268655927812796
92.7831959761788 80.39382115036661 137.2320216797659
100.3610084359909 83.92155414356344 28.22105114484694
32.23845489204588 198.3664211981304 107.1120252020673
9.334676390851342 196.4461715225452 172.8833028157032
6.50843124270799 26.57483165298971 13.49911293848449
36.56400797421546 177.9625337339372 142.7072000991931
60.17032351552756 13.05440769656875 147.9988042163399
151.389016641928 93.64726029421004 105.185933553814
189.2402455660827 40.49182288847516 162.2626825691795
32.22773521518133 112.2220713618982 31.52669784972791
21.26941582540308 130.188517646928 105.4855856384086
51.04597663129881 28.73321408826784 121.464474611266
96.67784178301409 26.42143211145005 98.70755182517199
16.29023145173369 78.60359069506494 155.923790862327
177.2120320554522 1.463902459807377 69.17638837717395
145.0016178609237 162.4374580650925 147.6358595604933
163.3721893371672 83.08875214124726 102.8943575125118
131.4120569505774 87.38404738939137 133.9109381845756
108.5476759450629 28.31979915633388 140.2104016795736
138.1981582932745 60.74171107009117 119.0371824073634
28.58842805785554 110.8236598245301 116.4464497255908
152.7486080846507 198.6739606010753 149.9105557306134
116.9185994688249 46.83634393293308 71.69256053773935
116.3387333061485 155.67816398485 167.8562179271146
84.21714427899381 68.43152095452388 117.9015262423512
188.490560469395 185.4266832671094 142.4986915340708
139.3555911017481 154.5308652936208 35.32150222879164
9.766517667326486 138.8913173380878 12.52096182237246
80.2809661001339 43.74832551752566 8.971123035769391
117.6559314286471 60.16004239967587 0.276927859993087
93.8551446074174 173.9983856065697 142.693848728674
87.43422054961901 51.58850451177414 147.1808095013293
15.76464285886831 163.8372740360095 191.0286503524298
142.2237206479048 67.68271822448652 27.90305418718837
162.4212525352346 51.2786292233199 140.2968325701723
27.16696061018263 87.75610179009175 148.2910290199904
80.7075186394047 120.3706712783042 82.66968072984994
3.659667347116613 4.553216718327564 199.46799070489
172.4686382983909 140.3177910988985 167.2271584351428
134.0250040662199 23.99679036353275 128.5530762053618
108.4351989800071 64.39224556710214 69.57022223671976
169.7460355413513 37.46864576297955 125.4885113248482
71.69163330073185 141.4773476710332 134.6550111836269
69.97804041130856 199.0768529743559 98.77512494679598
107.5555844094312 177.4852050034511 94.90688730230208
186.682136433643 190.4066629498399 192.6881146168564
198.8176193161742 136.1604334007131 171.3937496432268
95.00677026721563 175.5812554864647 27.12986625666157
69.63662588617068 143.5714937463428 179.5435161711817
159.6343120282135 167.8911344812011 152.5625537209584
138.9374798624451 3.582308473263091 66.55069763802892
98.12267152216333 154.9279288634586 121.2191902216072
127.0861428123948 73.14103316699651 26.72379854829647
10.0273125105206 26.56752625252416 79.67446201225268
41.36661272951002 125.5901660889768 152.5400299934963
146.591554351087 91.48894045005086 71.08214590650432
155.7711218823759 81.10857406293276 79.69479192337378
125.5343357849505 38.22901566817854 176.0922072039739
39.4553854843648 11.83941674890949 36.67045234156384
20.82538512324724 149.2995662948341 186.1817654761695
158.8285771100051 92.57482070953331 90.64812916801299
73.86604669179731 133.4632678675171 15.63622643593365
119.1213685830658 190.1804645683079 88.8298274136732
11.32567977181962 34.32495910847317 184.2083627102768
36.9942722732857 125.7182712220964 66.25521062604101
124.1046161863379 71.21976416261747 183.1451503086849
37.38818735160483 82.1481927197143 137.1372672899183
177.2228006488682 83.70777078269974 151.0603780749737
121.9613912467826 15.82718443480097 146.4455238341317
99.33432314974999 46.29285767727924 63.6073056723324
41.57976904702602 13.00808482206795 153.4085345541452
147.8316728044741 107.2028373189964 121.7494263832968
155.9193944159389 183.2300009542637 87.06644253415286
37.63022061233409 10.55618837698367 129.6280015673563
66.61683502309481 41.81601127941494 29.48655782336277
69.76517244367658 183.4329351323555 164.585497858834
96.9010334005185 82.89282881892382 115.6960762171039
173.4815859847332 57.95802013588656 154.7166162904942
75.53610611222187 52.43128883041576 162.4319894635468
51.85192463198771 28.24074285616233 191.5471938335647
27.41194293037158 61.83098503891657 69.15332684023068
132.1289096768343 92.17459390992765 103.8616087336116
35.71227868228507 58.5412217911718 164.8032236488727
2.792982952995478 28.22090066294061 37.72616183079627
192.5938965250473 130.3514627239143 39.42669377419813
57.79729901989972 26.11598969915139 162.0927267662294
100.9489349934429 152.1632637712302 32.060936463882
71.74778364843966 31.59852690557326 122.8533549278219
6.633089750931022 175.5407551132122 23.94558000017123
172.2159600962823 1.895455620979174 186.8686323614105
170.7541492185194 77.03182702926108 49.29103427700827
100.0931958113713 84.07832913089285 154.7779768281311
131.0634249437071 105.9028837977772 163.1170383950279
191.6649216868593 41.1891327341566 74.10892909797089
123.175216939304 54.95603254935926 107.4133233064363
112.3633141163493 142.9260326717221 115.9245548477712
155.9147614830831 35.14658411270256 112.1401919095784
176.3458802220868 55.90176289174323 43.59066819469322
4.003613052085698 62.27608165795787 13.45811699447655
142.7409608607178 20.77847136016766 74.59421185945497
15.69021901488528 163.3326280458196 122.1596704840386
44.10384756107521 87.82720426893417 192.1301176938857
195.3653108848278 86.51418259165992 135.7779443563869
66.6092727630286 39.10501621811556 178.3368794745946
57.65234004584358 136.6067036777033 100.6952120065522
147.0021884831376 74.97913351572812 109.3077836440474
23.7570976475349 20.06663139144681 67.6699799819233
49.93060961157675 71.33578302471174 149.3629547967666
123.8969571996905 6.620493418307547 110.2001503122905
78.79905925521267 170.8280283113924 36.63192731748308
47.92736748323161 88.50764615086534 95.75538554480937
133.9882895390336 188.5623251221935 101.1274562094106
47.65091982462242 2.276713087610482 71.62847092943846
138.3630301319591 154.2111674385274 54.65511605216209
55.54314244484362 47.04698000095604 125.8524550340945
50.33360792529439 51.20404982391663 42.01525020362727
136.3439757675023 124.3236143957181 149.5898628086366
92.63920700808028 138.1880746567584 15.23305974039739
159.9277921028529 121.5925434147101 25.49852841541473
42.09612461409522 192.6680631381452 37.27193625108057
76.66545991730538 104.1535539513568 92.62539467906134
87.03416459294941 190.41187176947 113.2655137562451
159.4408422206009 55.89662596118774 172.2909273232397
65.81288239877902 72.60641860548377 165.3750139457349
154.9289309842756 62.82340398417573 41.6811037984122
30.63701450716471 93.46662920254329 81.83981627583505
21.84340583859111 31.40498145303632 168.2169555737052
105.9447420728627 40.98482318105533 42.63492058196835
10.73175417418182 14.6312592975314 157.9501855080131
47.60668791276136 107.5998313264144 118.1161626872389
82.84603299152909 86.97400234920738 169.0746517593604
174.1150775942767 113.1678452644326 157.3776617895023
150.6148063900673 118.8146113365173 45.88968357706636
98.85211882881475 159.1826265689418 175.3936115344834
170.8679088616929 128.805927431303 45.41267772766369
92.86800083899981 189.369041649815 61.87256887108335
97.71156097689055 192.978307694213 196.8960458217991
166.8342014239213 164.9437830977216 79.46674369646649
25.794296229855 180.8321858682559 181.6265998884791
102.4363994214313 1.900693206529353 176.6894669607726
136.7121891195545 28.14631547845091 158.3155900909759
88.32390928680783 108.0526883213408 163.0812177465566
13.01377570373519 100.0326128713482 60.52546077338246
125.9013677446643 37.17063315944451 140.1863247597781
167.6887004746869 107.6555921746399 82.34253093102055
170.2671408467619 181.5413743615146 137.2370715948569
30.39249951942457 1.084110361158477 190.5122699605894
127.3798533530177 181.2037284692658 160.7666546688565
172.5043972169786 112.3245552446383 60.77270819506334
38.51485799263732 46.09996761148488 109.200920943924
63.28831688777179 39.9887328481996 56.73351430356478
39.25291174837254 146.4107223195028 36.33501912849694
60.90510632885047 161.4965238307142 168.2215531506311
64.36194389405081 192.2790324597651 60.18152716148496
29.18248940517144 97.39532852278464 43.96531869335563
93.76301394611929 191.8287436153004 37.58677984384914
5.951429900419938 59.93916393653938 35.88779481224954
198.8761684411056 171.1998852856554 47.51087432951982
19.62413437773808 79.70291460276154 128.5408146120218
187.665679707553 24.56885772595038 19.80606144348051
166.6265802034725 69.83713036149304 136.722844056305
194.9492575777589 71.64177841207787 176.9695275195846
111.5421374539479 75.65444324750754 136.5165669163952
23.58695445120871 73.30789429903353 89.1987973207368
172.1312135830981 8.105806403118452 22.42412057514926
54.5664347878167 175.7321011491653 125.3050716123286
9.526376317616224 146.9420794920293 136.4286322247183
58.05298243030229 144.6574718766387 14.73863108984362
12.49587053476166 140.3730862576787 35.72347366886181
138.597802639695 147.3630583993728 79.22318083831092
59.33640191202867 71.44134760581724 195.247984746339
135.3291736103081 19.27543312668988 181.3962211603049
182.5876070112839 90.15654666410053 117.5101702232781
172.0804676324714 70.3715889921947 114.6125052101151
153.1378900330837 33.18455872261141 134.4711125903589
43.73645961767276 73.94005848886731 79.00835430405996
75.71377939943314 57.14218958259512 64.63641958437186
156.9870800556506 55.35946185489245 122.1669917017673
122.7194484188883 147.1631242116816 28.70100080791649
153.390452416845 104.1002286769769 160.2020277465055
79.99140936576988 30.29926738772062 161.6823046259214
74.41899651715939 55.04568974381009 107.9170115841897
36.10243954852255 35.22002256210754 78.99278869806702
45.77563120806855 93.51577288749367 150.3774886874315
19.74273678796844 153.0863560829724 80.85266686668527
12.25888689630849 99.23326451985029 143.7198925678677
176.6413189970181 52.683066957641 12.73373098122732
89.43866764656337 133.8723591082913 38.63397169853085
72.23064304324882 50.41475157796942 85.91682126615407
56.6375033976658 140.0227571467478 60.99914391931739
102.2056628802802 26.84342227769007 182.5029725905362
133.3100395367362 193.0480589717313 42.93279845160851
181.048205503166 53.90911769897836 178.5690688970755
125.8031030838966 102.3649384319472 123.0027457116519
90.286335554 179.8653209757937 178.4100860823125
158.0496635279107 147.3982277010797 45.92252349808359
39.67001495139848 127.4636463051629 110.8580875791185
94.89968666601501 137.1246475245149 83.90112829029211
152.8398752693953 128.5495763462267 116.3200749040145
166.7072786540217 66.02932173835659 191.1263370206755
14.46898802153551 157.9061740451856 12.20408940244692
6.721832015607047 176.94861107758 170.1635180608603
103.084578587315 123.0739160546066 154.9125990840294
7.070156786239834 18.3745992825651 96.9662878232204
78.81331792933749 79.25877594896043 102.6392586016427
113.9254481091712 36.34682117704212 120.7174974928312
177.1091512764187 167.2987145254254 42.90407745244765
190.4631750976899 45.0593622011722 28.89177584756161
184.1861122346499 15.59232459394771 108.1150062743548
147.7299039927168 134.8795231709172 61.63971904470051
163.5773201451954 60.06754684163809 62.36581809299172
149.7919753004336 199.3716260536637 28.84024392540078
77.0955152674299 148.9316170236581 2.31541527228927
7.534184411456136 7.533093370458657 77.15482925447601
160.3783246429903 161.9820865774108 28.68955563980438
156.2871273455442 111.9834342364762 101.3560449952083
198.0685704899899 97.91465600872239 103.0053242465923
80.65495160479757 5.149166784497164 51.28598756390541
193.9005013703421 4.88304553020148 181.2922076612792
15.20315234192544 115.0678748176915 42.3849619911938
133.3091222197525 185.7521464968092 21.55520615888859
69.40620950499472 192.6552762400831 127.2103946324786
74.69067845396707 174.8555136452181 140.0743768276691
194.1167289311772 44.50165757557986 51.61990026084396
134.7201202195885 163.4049555477292 18.58037165472597
76.37017984173521 83.36658716524796 127.4012324392591
110.0321089240983 159.0923677711392 136.2130832456749
118.1261728542327 111.3713704635818 21.41231919394563
50.35512064216689 144.3090238489672 181.1410537555508
37.37736005349483 47.71233893544346 139.2615492846512
90.01996190546105 65.96757666327478 173.2591409862389
173.0046143581691 162.1444075089725 125.9895231225764
57.46363895188651 28.84252093711482 13.41937999211284
133.4843670608497 69.02704539532357 45.1277219682825
29.37897083802891 28.17464747618347 189.2649240946323
93.61051082046841 62.64295739270174 98.74067310956195
190.5231821924812 161.0019631863313 87.65475469395899
130.8514191896683 51.79949324819965 188.8376814188784
80.64820146497944 126.4436994818321 173.7158221858548
96.28457654141148 173.2167261504842 79.75370203823289
162.7189712566239 185.1438782719048 42.8667807297176
102.8564129277087 61.42533659273914 119.4274428270076
68.83438113742433 135.3519833764124 79.58250067086125
134.6227290251846 196.3576331766795 196.5153801821974
9.19095967475385 192.4575254455514 153.9270721603202
86.44285607709736 102.6377866716915 4.995242815794415
162.6917205280638 182.8642104664793 20.39359719522728
180.4552690993744 111.8340605032481 100.502774004703
132.4263662772174 60.58157641468881 12.78818646297739
25.00903399169639 193.9532341677884 72.63267711308501
35.72930946602531 107.5507677722019 98.74985555251766
187.2093406351909 165.5747210942185 169.7945459849683
99.05905218211555 20.19623319284495 155.0039505165195
171.6443346453765 181.5783775284209 114.5563659494055
26.28731600445031 170.4478911832751 63.27410651286084
118.0956948015998 157.2173172293517 187.0765186863056
22.24365383490611 52.51782332944261 4.385171505455012
93.65999322512481 29.39925833087392 127.8789615125086
10.16137622575972 111.1824805828431 162.7739317423065
166.3778289306105 161.9321961757447 104.3958185899576
33.21860783114036 4.437390044522749 54.38650202219119
175.4152139972114 176.2064475877897 185.8601337979964
143.1232506961444 173.3595929193334 37.80334426571072
35.34822317311708 145.0406904137976 66.64095011898038
86.46521705435117 9.955895127675905 98.90329538264976
11.01165892595475 160.7946551782482 100.2070566653844
173.2342941176807 35.76583076462102 144.4570065124328
154.3819541826015 41.9641264025779 155.2462469899657
62.59052005005464 12.96325928245535 84.77584199650977
115.2510743243985 182.3417103707762 71.55414064395896
136.220556351499 61.61212040580012 66.28825924032918
139.1632253886814 190.5884276290632 123.0217285234393
115.7962833429597 2.446614644684472 32.20079352183498
28.36174324806098 172.9251996900028 2.629814372056961
50.56655862028774 103.8014202976889 79.34264110003744
57.34754400511178 114.0997818800167 98.80018857990278
103.2165859652885 15.22873493779575 113.1102231167362
13.42952422342902 121.9173948370837 121.1379005937302
90.72074187336521 120.2142106652599 66.09912388648814
193.8960768038389 4.011107747388796 141.9760292613896
106.041408233754 195.3886335623814 102.1213546192404
137.5917932228752 29.28376307605668 33.84641293701345
111.738873821319 45.2953309853529 12.29393535439275
53.99747138424791 117.6031139536982 61.79318309517232
119.8196827990055 93.01762193319469 148.3591659343272
194.3658662044755 109.1050990977752 198.4562543557305
167.0017144967656 18.51257643614389 122.6581093744345
185.9845739913217 61.08033735016959 65.03598221041082
51.81400800025691 112.5159518843958 139.7581372753016
35.35948463902848 68.17557725994781 185.2310205104149
165.5088122206 75.35365158786031 25.64897484151645
11.93496164673952 43.00931874689426 22.18299997088156
15.79389923797788 79.66113677023745 48.02599686054669
159.3076093458325 113.0265639669406 140.3135499245526
188.3301160637085 22.0631941286742 129.3563333134942
6.33730946170563 89.70454658130676 168.6324988675836
134.7351555874768 134.6467915843293 43.16482296107895
189.2989798139889 187.5559987490601 75.23667564047906
199.6834240334328 145.6964496195415 73.55482857258366
160.2520786079406 97.13855313842119 22.81473437992745
180.513880858961 164.6832779317725 148.2395267161426
99.63898089063656 171.3274600853069 45.44168323061329
53.21536374179799 83.85153386886948 13.102061589478
102.3192377959731 94.62171582233015 97.16714948278344
51.52630101500372 142.2968834339316 123.0911464353988
187.871662076626 166.7269687104523 109.4225765717252
192.6756012929058 1.17748487050238 92.93683094211443
127.1688360373061 151.3078268136479 98.30364702688368
146.8574806763697 179.2241725312741 4.700878647071751
2.907491957322502 26.19091245836419 61.50317314845334
20.9883891994829 161.2252539767819 33.9073273120582
140.3451280218739 85.68709756881584 159.1903931369283
46.10402534510488 179.2907475702987 102.8939939654824
59.34300383037603 168.8622389971178 87.71995683053123
185.6120818261127 131.6333068333188 62.85560527430791
193.1243925412218 74.6695241610537 47.23322161400973
33.37189760486049 83.8779110762794 61.57121269398101
54.11161559831941 57.91673474223664 177.9264718833791
32.24663554233474 142.0298704074232 147.9099689557946
157.9031667163115 19.19286172643619 36.02137207612637
72.70623860266913 144.5207651044732 115.5609564775689
1.927291964536877 78.87263395798819 114.5272942187681
31.66367273996779 99.96771512191903 132.1806662421006
185.8186497655494 127.4070628594447 85.04437156942882
1.453446087241015 88.01917274682279 191.1016920535743
3.75683535739126 182.0274072456488 117.8764572032236
77.80284709852143 166.1886106042986 119.4480318205174
171.4840140783932 35.96642888418445 168.7290750008764
147.8454099153162 84.22482423489203 36.5824891234162
156.6284095511234 0.265803600197133 7.329599564432859
194.8910872421742 164.9547483464122 130.8195687668313
181.4870227480505 33.69917623956397 92.90523604027231
105.5356816173548 96.78864631486805 131.2714680870092
196.0357569527447 113.5408982185715 54.23897806252041
98.5636490460293 94.22429291866399 187.8913123377857
52.15760997094745 56.17359133435108 67.88710853494563
13.38675930695604 197.179970081738 101.5634690338081
89.38875221801406 83.34032694926903 44.2424904817283
158.1149649082562 199.6439999267364 131.3327098457881
68.58481650692842 180.6547181224197 104.624825715936
193.4633504966314 5.762797858133981 59.56974995290719
155.9156228901052 196.8200261580159 109.029506676653
118.3126105012788 122.5138338421029 171.5867683121072
177.4071785751115 97.74724341633845 8.132812841014292
186.5430289782345 67.21668025417897 26.91040365964123
149.4331396870623 110.9346395620045 8.571642923319585
42.2280005995365 39.06843808101819 174.2158120229462
125.4246674140852 137.9340595367048 63.48120750861881
112.4105944983532 56.84087659524933 87.64432138486799
91.5360870113206 161.8328183098951 13.94618922772142
86.5725676189692 87.93012834334435 68.16700154898761
196.5974491261225 167.3346515684606 190.2643914938386
161.1673195167309 199.3363659322066 167.3334949529326
180.6474600270058 167.8106181813411 20.60017408365048
73.57232019924515 29.58502994625762 197.601440777066
106.0728418488883 80.81425572562033 59.2593708811761
160.6808132160602 82.92375498140862 4.856138590429718
85.0898484142253 167.8548907130843 158.8651682748593
54.95053544106923 8.695799091623545 47.84606501265492
21.08869521639766 22.64729318845044 25.6227370184208
146.6713370504241 163.6155169284135 93.48418484178819
45.4571800759382 23.25841066807446 62.26998723469283
112.097451875765 72.90236968561948 38.97769744763792
23.91111461202359 58.97322968202957 120.6576416705331
150.3115575919921 142.0318328399038 25.39090440944416
116.9563304458024 17.10875356924648 168.4353159683043
144.8594337001895 15.63634837639469 114.856564915797
50.6635480628478 148.5813066567017 82.86260097229766
188.1791593604266 194.9148862208673 161.8461683882368
158.9586383322933 167.4152134857534 56.35000934800217
188.5885586344906 104.3043602040416 74.45559298199854
142.4541189689988 52.51099779238866 139.2235183354358
74.55260434942291 195.361296270696 183.1607744556343
58.60584990529753 160.8285197253666 108.818412007262
140.3107029067864 67.88169146383358 173.090498225512
188.1160617462666 19.07181593900186 77.02026792004688
1.793236423969606 78.57678815449673 91.9409754522982
109.3496960991285 115.34584165458 54.2880746175314
25.68191864728315 27.40408291639634 146.319549847582
136.288037855018 157.7455020139316 173.6974560392941
90.39579827838581 191.665207018432 135.5670516752955
112.4451337075005 74.85244205984456 101.2761020822647
64.65258661920117 191.595204944915 36.72476111542235
121.6974287801616 159.4122791184605 70.31026414387355
10.67795205678594 56.01623281167714 154.4371016443047
37.6905033759416 163.0862829779243 117.0449598291213
171.2588479270219 70.32893075321307 90.65259454457178
93.59771834033047 57.66176400517876 6.982181642275437
98.11492321469986 83.65408783540585 8.686865044136844
193.9311500373914 124.5445291184514 154.5112465946468
80.36770071848625 3.596670712749014 74.18353164894488
113.2165952911497 132.3372103641722 191.2787806841213
73.38351593268484 151.9320580631996 94.23351098542736
37.3144498118058 125.912656585624 182.4653061896909
21.43072657506368 175.2627246330928 84.80256784078189
146.9352783396059 18.6056996221248 16.27039785194524
118.2889568679151 22.07328254717307 43.10136066160169
86.88765317289884 97.7768156958816 27.05011680517933
176.7193300747401 146.896504681977 33.21677484996376
45.07268406994088 110.0345131933001 196.5345123804571
63.43972784168899 123.7095548275108 118.3137587549169
179.9298647237816 53.71872010587101 128.1520544944202
100.3531924736415 11.76962830666289 9.149431705414717
87.39529584020414 129.4895611202568 195.0569467542577
3.375414659172282 8.329856068528969 19.18215402214409
26.93173212965483 118.9640350396309 81.35483183568171
67.38316062634337 61.88838442459313 19.15421734099246
0.2191613907965987 23.18910559206276 195.5002637451871
58.64716066359271 34.1667009778196 78.05972775865003
100.7616029600047 136.6825083924191 172.7915132763423
49.35725625489314 71.89074547007642 51.03471795904061
45.8975750904099 184.0997060201051 169.1268134243896
60.40531386854594 73.72991887851062 114.6539114572575
133.6810765559227 115.0705879261327 105.9980675801508
164.5108469003657 149.1655883487124 151.8919855456597
1.139534699524395 4.430293326287818 119.1044292892821
148.1074471147602 4.395410177328896 89.23329829013086
160.4205607166572 88.44906054182906 121.5041911143011
169.2104435715344 138.9198506942977 13.41670297395162
64.44081631201229 99.33944827470978 1.087548822080608
159.6279583083004 40.74653003005039 42.55630243017472
13.91851301757048 122.6982052959004 143.7077549245163
32.39324881417854 42.12875872772713 31.71869128671178
126.4886659755574 90.15897650897936 41.28965190097847
191.2729169007791 138.3147508604507 18.22379164785893
7.566893097930373 61.34547998228364 58.37450730507872
177.5655554148589 179.6456521601659 92.84350054794042
157.3657590375934 128.3136295909063 156.8293857118472
155.3016863194661 82.78750081802896 181.1306793540561
118.5968967281947 172.6205838454171 32.57152517296029
55.63097488156608 113.5316767211829 39.63475913619605
196.799526649111 126.4106357598374 106.0368668816758
83.44899794147432 8.474620327667775 166.3695602732745
64.14781302734951 49.94324203593295 0.2408736374499501
116.7968452321013 156.5709294857184 48.36438255082469
199.9701141107219 179.9787374785849 95.70192310421798
63.88000712149091 88.5694914369638 181.2397773994263
122.3691410772449 56.96744913611641 129.8976101890712
142.4982566809528 168.3347170023312 71.79200042530211
104.4309891845664 137.3751304327854 55.16284546670908
2.281380519450916 96.34103918997315 40.99507553971366
159.2238143577329 145.5777902178603 88.25766267227519
95.37055575790771 116.6724287625073 134.6701153511433
78.06689638798306 150.0723197318633 27.74881596059971
74.70625579981542 119.6025633194039 29.16958282265854
26.35839411679184 178.734671825226 159.1426649391743
88.9773750478889 112.2176553825229 45.04539648974756
29.46838252934903 25.24584944383984 46.43792145607949
15.32994291484379 44.39936471476585 135.6314168491105
152.9548832293624 172.1105344864805 123.0007325285157
60.15235061233993 37.86732467097864 104.5096151983749
149.1440574755672 177.6005346264982 165.6223519189498
71.65330708596831 23.58876021520826 41.84153372020348
105.4731368287955 114.6402694333482 2.987845357550226
5.99851819528855 187.8712169362471 189.9225605527321
106.7171200718251 100.4185540324676 37.54035625166375
118.2199514877437 114.2019130548167 140.6839483113594
73.38955748713569 198.9183123155133 148.5447056468157
195.7663988169761 42.45588013401578 6.418582911395599
34.02720962816409 81.06475875243173 165.1146680322499
191.2975914025658 24.2616632600931 151.640877009538
80.27591535083926 27.17104898644877 19.03685419464382
52.26556626741967 197.7125331417576 185.9905197761771
47.68457625845734 164.0633100699604 66.68607080720787
123.2156230324864 53.61065601960713 32.19988441403962
64.64226641956709 100.0835182413269 23.88095286138286
99.07135679832938 115.8415647124585 181.358743930507
14.70309011732295 13.61344950519619 180.1636220452974
28.04606899891997 67.32823177086348 145.4575111594816
40.17704500416521 160.8666452248188 159.2662528613473
50.21221684927453 197.1037178922894 116.1628922358833
36.33340605490171 43.46912261229956 57.96555517409137
42.27991139234334 48.44318832100188 194.7834804346374
168.1048547726977 184.4128055727134 68.08327049613021
28.4231983928381 140.8887948344327 17.29647160428008
106.6407774501615 98.87712630273325 72.81141475295759
40.33440394394859 191.2382636353175 8.24531332049308
17.8443226425277 101.1478554292562 24.79225473519533
124.557044130254 197.3421435049933 176.3174163498653
134.6890539266151 178.2808940903388 182.9701268780611
130.2386636538629 99.53913273594459 5.113637858332358
30.50973902551181 143.7331833165644 170.3671631793298
7.220877343893211 133.0429853217001 56.42831716612613
64.50468170708355 95.33636583670526 109.4959902252092
186.640690335248 130.3149437194104 197.613285387899
190.4326556714974 81.86004354751257 72.69515786417972
167.4918940470588 34.40675173864044 22.3520609495123
139.9892661093745 147.312045502353 116.4671222589707
102.6073829104761 61.63134451717061 155.0110528556238
116.2985570907243 57.12833501074457 172.4040086833848
29.60501510816859 61.83799491469352 46.67139390692557
5.486832136282325 119.2928394168981 74.2657118230718
48.34812199127081 126.1309346385309 81.93292849766314
166.0150909136445 23.31862727211526 78.95467127832244
128.3631408886525 82.55527377923582 62.4772163995529
112.2714931626477 189.4102351081075 50.3079078885326
109.3786246328462 100.7780713826676 166.8253911960357
63.62217853233763 9.670291238260294 1.426871438298366
33.22682181751257 122.7299435432343 131.9845085242945
183.4149654587519 187.1267249194233 51.69790920132051
139.0240354079931 103.1631937804762 142.1541024289023
171.687495076534 149.393264940035 63.81833204793728
111.5745121820893 120.6260645846569 119.4369675265408
28.77442302539821 180.0118154615922 24.07472346273457
43.58384478328379 131.4909908696232 3.4372446722239
103.2103543078373 10.26233365314543 135.146164729081
114.3765336983225 129.513064618792 97.86120660351723
68.41652913483381 156.3439274364813 71.25173158449755
117.4841900210775 88.80610144986197 20.61774793295279
117.636828019923 56.08490654588319 54.69782425404437
190.6434696396609 43.9795562729071 110.8138597146013
128.9821590030281 112.8044372812453 43.4094148303519
4.18440920989145 161.5864316875209 152.7764547965652
165.275300785025 122.9876742720999 197.8950006449881
16.52049105589111 42.06189304097585 70.04961309630336
94.07143403321049 42.96455018126666 109.821904166556
128.636684873306 174.5935031388218 55.0910508036214
67.14361238043183 86.67716843228939 147.7544464860734
133.3393134200691 88.03612827256305 180.5363127899353
12.82259550323902 40.64261692198725 113.4970850388144
12.04154026292223 140.215395385862 157.8452708348898
133.103083807442 48.40430135052841 84.34580844240661
144.8751233684157 39.10412281185167 176.3028192032151
107.2154922949161 171.7574896932136 156.5268145796801
69.39450338730586 166.2576902337991 14.59319421832525
6.776892829925079 187.5653158777921 60.92703859818366
138.6330372058851 160.0491262523265 196.0455916940461
195.7564938002932 102.7196676929858 20.3315721660703
16.81159095867564 68.35027862313095 172.339456931555
155.4801197210984 186.8113210481406 185.2503879123983
41.7538274530474 13.61256418866798 5.485514130204341
98.4880007214575 174.1003567553481 123.8949017450496
145.7544281288114 53.4255094269015 102.6648758150095
134.0398690657308 50.50595072814039 160.0904266936544
150.4269713528213 35.15649327996167 90.22879708645851
50.06618766093969 28.98518566998425 37.95343530615617
143.9619722138867 13.85851245557235 141.7192463042198
138.3954830457533 101.833320982905 26.05249840796625
63.48020025532102 190.4896161505373 82.68176301140214
171.3739557288134 179.8272364975302 162.2881119819442
75.71066382398178 82.70203526999121 11.40413327022787
58.22031550073876 2.847164621841439 164.8144906621831
122.8327995774735 87.5865012041105 83.79245737207661
158.1156223835664 4.6521930861787 68.98450353589202
103.3553311215214 171.1070391162789 197.078088159171
182.8695360480418 125.5412765018697 174.1807141503808
21.54695943093871 0.5262331715169356 30.17064080046471
78.88141231878186 186.0477465921989 19.94064753669435
46.42315473889112 69.10912395042278 28.81086106389312
71.19936962990609 98.29402135625401 45.60808002998413
102.3171239044661 78.44003507119494 81.40662670451714
35.7169413951988 152.0208835032375 198.2527686739963
66.12897076032696 64.74816420924951 135.0639080469565
94.10852316680599 20.41393455451526 80.39771174463509
134.4248159140847 139.644626076819 187.3169194493763
61.76455378699872 136.8026386339682 36.01893991455429
98.65846321953916 149.0625720085824 195.5874867105989
66.4074192201591 102.6229652175781 163.7368139202562
156.315714946122 164.3855297341296 182.6752875155606
179.4360302613782 25.08504456379115 186.8566273451562
6.605470918707744 122.3758282858596 22.81682158352321
174.5663772209166 137.5641061511306 135.3228453160353
39.36606811389192 66.93378073267355 7.426418532296801
128.181895014358 104.4425671008076 68.9065592827605
34.33517276778191 106.685171411572 63.90011878764543
76.70982556078384 29.09437131200585 91.89482549726884
103.2108454705294 70.53619436414964 191.0178084713977
84.45071671499197 115.4905425168422 114.9316980314849
120.5964533443905 139.0372903954492 156.3549942449006
186.2483310169696 146.5099022799135 181.8711660269527
126.2209930295923 160.4575424744633 151.9071368432764
180.3981836462916 90.9857197741848 90.75833211842944
43.92009570998221 66.27557687774117 128.1782549180543
165.9821482569996 129.5586456795033 73.83727169449695
156.5030038331962 88.94365863985051 143.7448607622088
197.1604761979794 156.1861274620913 30.72140949558586
46.50332525497493 0.08552882047567892 94.08125360458656
179.7457719283151 199.9897909013358 124.8341498457302
111.2777684500413 124.439814822365 74.87491370350132
25.54014098986191 50.90675620032354 91.34604403215806
45.86163566232021 98.89260268815562 172.3505486793019
192.3377606257376 100.1732003710939 154.326424044354
143.5493334356657 98.70793866773971 53.37600974010252
30.22048230068828 109.7586662982193 152.4857279989835
162.9869612110713 17.14491437346445 100.4712182063115
79.38481535458274 130.683843943778 99.00253655068977
16.30915270680473 43.5738304469176 47.51264873126058
165.0155396155227 42.28012537070538 189.4303642759938
9.708429242309895 143.0747576603979 114.1550750009162
39.20765897980973 160.6778018805715 18.8224470123654
5.299935227523547 167.4334154629732 71.0644364623744
13.93550062971662 113.4848681497817 98.99911697522245
12.25011617354052 106.8475982421793 184.8438166266866
101.647266935121 199.0898308734547 80.27566621482785
79.33406670634791 6.822290417690397 28.79812206220709
197.4484464516838 74.32372262492325 154.6803427746168
19.09209119406626 75.9750362686743 3.24669639982975
193.372693613609 82.09437894342744 11.34612846607441
165.344059216272 166.2072003239783 3.433797208228195
10.46455856464293 134.661147175523 90.05434758324864
30.9382084754965 31.5721447362643 124.7501179307622
84.47440392781432 188.9376114124075 90.87132171705895
106.0953204298475 48.14001368598161 190.4410165576626
191.3940055899728 104.7438803613931 176.4275582802105
65.61528575387162 16.08464223451356 106.9422960159696
22.81118518461252 86.90564839115751 183.8317907804332
77.8041586693285 161.6607892775149 183.2096022001505
64.21096353972472 132.2186025169536 194.2591435577591
32.74560152104369 138.6702850527238 92.4002098374967
53.80490634252065 89.22741411137883 129.7041000936985
4.157952791449078 146.5289144888593 195.6365219753708
44.25658007556311 127.0704380767746 25.57891737887616
124.5276679809655 176.2461806518617 3.041275323842945
94.43326177345263 61.60114275806699 47.73646961882947
19.22561953051736 14.91979868056812 4.478936685778577
106.9630838412538 25.06500033929564 62.41509555331825
189.3773158515245 9.903582207886236 36.90121606367113
152.0344228698405 66.9968674884301 153.7367819074137
130.3165107775964 121.8650735673905 1.679347591088084
54.38774042484286 175.7408833541266 149.9358483378805
90.92230934332748 170.0620138026769 101.4723977726115
49.77866540656418 90.40506040125121 37.86835010762696
182.3171253159226 88.57719358278659 32.91987171743617
79.20283946955564 105.0088604510912 183.5210492195264
154.3209493793689 143.8349030446277 197.1568759176399
81.06545575063005 70.79577060554533 81.81732417457732
138.5693177908357 47.15997794279476 47.62068938409273
140.5421327790409 82.06578488668767 15.05127932628649
7.555914952849414 59.72674379840039 80.90473929968236
133.549808680729 123.8396388028088 127.1799854365167
195.5361599556853 129.6339941613885 132.5622556847661
67.08503055189581 88.39629482990723 79.58042474790253
78.60597993061971 19.81118855005512 141.7242242871321
10.32518651202784 79.88834133291127 26.11065237991127
60.04604312739873 13.16347092920209 128.6378152683968
17.81768652458159 192.8449437697797 9.057770185319155
42.65109882809741 16.98671009377205 108.5641458795775
83.71799345830172 50.15395792459355 188.1070989756934
129.9549714557315 172.7033572710448 133.2968643510976
188.3701280089226 64.24350795695698 197.2728377878214
12.94207830716968 154.7594175748193 53.99947603197946
94.71589112497271 41.92434201779709 87.26649789730388
114.4083981098246 132.324164549317 13.83593772247484
62.29579477414649 187.3539768898854 4.661374168930124
185.2795414319409 8.561300590097417 4.048471136800207
146.1425551905368 48.78828321564176 26.31703488698053
157.7307780130379 19.87630572624525 158.5849050719697
21.05399007894874 14.04175253045968 114.4918097172519
197.4319289764391 26.43706368444988 173.2713289122137
93.37243594635017 147.7362690849767 103.8816504298824
152.0385319369381 137.6675467113482 136.9707849079716
36.77667624256109 85.93870806514948 115.2311219518713
125.0564121987111 171.7511013350401 88.93064099965449
29.58862858152338 195.9001635377407 144.8194280234832
188.632591896216 146.1702297043891 158.3192447057146
92.14656897991267 135.7261276543042 122.9735289939616
115.9831337835151 10.01279230290957 192.9363295594999
40.37824018540159 170.4436979395446 40.92845073513295
92.02105773149778 189.3353609246904 157.9761221352931
131.1109347361004 195.374875854035 143.576467576138
162.0687589001077 101.4187716966571 191.9624556186473
147.3718842627203 186.5675868783448 59.38004894338246
26.95674461379446 118.6269063209494 13.76098987957157
15.55885030164096 128.0620906102893 176.7808026306614
142.3372257716914 145.1542411253044 155.946291535261
173.7784500841636 40.01333198296067 60.36343343689114
115.0533361537351 156.1178254712366 9.432235703748391
116.3822152181701 195.9186146578994 10.58407274011381
151.6448253484527 62.36335664645627 82.77357377462687
113.7971337468508 36.62205721450923 98.13092689170676
61.35529996208155 177.0827391228962 184.5652155350146
81.64119422618226 169.9762273176913 59.02484188819589
133.4378403783358 123.8435109872161 79.21300825464797
112.7535482125196 177.6672227854202 177.613304086544
88.36876730804786 46.98351181724958 26.26255719335175
114.9121424996692 37.92554433471881 159.9072449298982
103.7741418282097 46.94001687473672 137.8924949363642
173.3065451912132 13.14501614696797 143.6743369845661
142.2524987309613 102.4214686123479 86.46161405771967
111.6232986313859 164.2133119839165 108.4045069446327
179.2546755837197 29.66724622304882 41.0447205975713
188.0691235716023 146.5679353167124 119.6115993864572
183.7219536157388 168.4978354583779 64.46966326695396
136.6435614283173 124.1774007531632 23.24007734177592
179.13557880783 84.83590205914737 189.6786957905574
42.12838897365268 15.18713482582595 175.8850480884886
150.6664503914036 113.6431776003113 68.75497254250106
51.95805884229205 196.6627672030771 141.7739393903287
118.4002885229463 183.9089692510668 117.1452555433838
14.71982500881487 10.50139593949266 136.1034025038522
57.18875432012362 9.688865843768447 25.39052066362676
42.52970292189343 182.2597606787564 80.78841272442475
97.70699683908559 115.7723670861766 90.71624364713955
177.9922988242112 14.40469868474706 167.0049349578431
181.5772627096381 110.7803976443942 37.00809162457236
95.67179859220597 44.36713602095572 169.8350697527968
96.71694901132841 117.9378256819597 24.37342966330069
182.6969893091124 188.6100144927177 29.16947966976221
100.5871599621183 150.2386602569479 154.7238068015539
8.578047269781058 98.18528003903977 83.01227775151834
172.4379546777647 8.49551516787902 51.77809911562083
33.61126608634392 34.03583735708755 10.66508148068808
82.33542347272984 11.01012889573244 121.2577550140052
140.8046757726682 124.5900170528843 171.7320136759781
155.9907639830064 61.56112331632176 10.50244046412664
71.33802069992987 41.13863142451252 143.3244806106697
23.60724047086753 49.14227306953754 182.0918840515231
121.1049524681467 17.36915217584148 16.09559379237094
43.05229130074915 103.3902210144254 18.12147020751088
9.062263666374891 60.53676025727551 103.4285291979
61.23092923045316 69.29336122052823 92.5209246227257
41.00899341354013 67.7848410491509 102.47307145168
12.80441307322157 79.72540033535896 70.41586921814385
95.22358039687994 32.92191345560683 3.107533388999124
169.3082040045028 48.41545139779373 80.84907602425756
2.498895259911234 48.43514390710132 174.0807597404534
70.25519025563167 105.0480464426393 129.0627033916468
57.75596925457701 158.769478844317 32.44547835254521
184.1619026525436 153.7125660885988 3.304473699833323
19.77095930575906 91.81543598266778 101.5740798076481
87.73440171731218 69.54170738550083 25.2779683935401
42.29555814960568 165.4102677172294 181.2914363434323
79.55170046258253 146.3795936554905 163.1520382540964
166.1487467480165 20.56136254551115 4.554704812382311
154.6760395421685 142.1804919710161 174.6318132266962
126.5668860399709 76.21930494379836 118.8528763968781
129.8767122837037 69.10920227695529 147.9729064580833
122.2576661570945 29.49085026041145 78.43798512791605
60.16997396667591 118.7052388664293 11.90295021573196
141.0371367655041 108.1817525777139 187.2546089327083
164.510629355643 98.30546461824369 44.96745579134387
54.27526256755473 49.95522678970627 155.21460350899
133.8817130376351 168.4745836584845 111.4578066002049
188.0662998495721 55.25672777283933 91.41212998639516
193.6595246150651 45.40352173999596 144.0454600292761
22.93164346252172 184.0302069178298 45.53974065360688
141.9405575828984 134.2442201180722 97.3724817759721
107.4877587316742 155.424878132833 88.01069197172417
10.34434602827378 125.0630101936165 198.9814749473057
184.4638838841635 94.14767545662949 54.70539247192309
120.9601912003695 7.762901822846768 72.39985686599501
48.73786961940793 49.20644745969456 17.82607744634082
133.917351142818 20.74042167815598 95.69276021105327
149.9446168598697 77.55655530653326 58.06211019810564
173.2827754292129 73.69421452990893 170.9209421182141
6.196457807963483 154.2874866624385 174.520270322826
118.5741798162801 105.842296849321 186.8260542523563
140.1792726932898 6.249966975098809 162.6486790709648
100.179181240217 157.9099019930491 63.60547073763956
150.5394125903809 42.85293266056986 68.99220112994368
121.7539533300812 79.07871172371341 0.6832962554633072
43.21183129027077 184.5667171180417 58.32827001399355
144.9282634286875 73.68819880432186 131.7639469107794
25.31221816929036 62.32759739006376 24.49985488898614
139.483405011194 13.59834998066414 49.99016236333287
35.85972470956134 160.9313568725849 94.63398797592747
102.2377758964591 28.56781920293353 24.13311623047772
11.44270020913169 99.41656968768568 121.1469652536459
80.56125032338528 35.9333450152757 70.71364621990523
147.2688758966397 30.40476766913065 197.011194382789
74.05076512144497 116.8507290814959 147.9447526661401
52.3877124755842 178.5512166844553 22.95284595015231
190.656755176604 150.5628988373587 51.60986313709031
22.43986695455555 193.3906542569694 123.5392889960054
157.6398094750017 24.38598946351425 58.00337824300223
51.68788110059137 30.29889504170158 140.7520874804406
26.5321276655429 29.75837107180938 99.22019866558334
134.0717848933119 142.6442599401489 9.702421086683486
119.3317341307343 78.46099720035758 165.6248597092726
71.45153724336656 152.3585162704508 49.22559666186445
161.8155888407595 117.6161478496332 176.2202639359113
169.4110754140169 113.6770010668043 120.120943438515
69.07343782305054 79.80921230249699 32.80078619045881
112.363754394113 14.80368733454006 92.46085426776575
48.58376163332465 50.81649524760184 89.53836467429375
130.4425053008432 144.2839722551714 136.7139165577864
135.9006764391874 41.56616044019935 120.4141693751146
82.20883342506389 78.80444361490306 190.124511804749
24.49558923143045 162.6592887506108 142.9505295795238
171.00299337506 96.14610574931272 171.8970453408628
113.3105291537011 127.957363782282 35.97125828421878
66.20010407482687 155.1709926705209 147.193043288464
71.29987976862255 59.58831947692315 42.61878947854773
57.25212657515269 158.7392760391716 197.0923307893461
29.146191697167 144.0168114414687 125.6235957914827
111.3145727433264 67.36431415267009 17.09244026001952
54.05292288367892 92.81158491927548 59.91800452678182
142.2119519056945 71.11433719697162 195.3656185180907
67.49671422918794 16.60598468256416 180.140665521932
94.15584726225561 21.7726412203518 44.10168345978508
84.04336506834873 51.98840974412798 128.1225408008901
5.04244263716301 40.38115602165518 92.29228527317464
31.74012548103764 83.94683207393047 20.17968590386755
178.1899403632622 101.1537953615044 136.7445671639389
119.5411600854422 109.2237267509404 89.381111016989
170.5827486638083 0.4102450281389026 87.33725706174971
83.95100671138087 41.5918907739027 47.7487859558102
111.7122717499794 184.8798317451999 138.6991738513267
109.9133382664447 134.8631596407716 136.8952809429354
27.12588267945627 97.96362709037366 3.050206566150227
2.72324990179586 191.8143983474432 39.11536515594833
26.87732711155848 9.829141108459096 88.59234992768678
60.85811175152543 172.2811584073907 50.27960242573164
84.34521248618151 141.8244988037231 64.49078851351886
169.3228849124088 51.023289795461 103.2865673780126
165.4262187549251 91.61781722720936 66.5971505572499
121.4199087114449 31.9149980071432 193.9270292615755
82.25451262306579 70.03445193897166 149.9725285134796
112.8306099577344 198.0680165819624 157.0040224239587
86.85932021912703 135.2105974400319 144.928491654855
28.74839870699063 131.5777249797678 49.74639073429759
195.5251972123096 189.2948465907802 9.885712188198323
23.94565812109488 177.9894455073932 107.0842406428219
27.82213916414548 199.8789146174326 167.1720534179524
72.78918741996684 106.0898550812189 66.74893743982368
87.55148166633195 156.4841734248026 137.3654769889906
178.8951683014626 143.6053298045159 99.18394943805734
1.688899939893645 58.70633940313116 124.7011608196325
132.5686932861375 36.58615672614447 13.00926185577372
135.7226873097807 188.7771824572753 78.60658617697347
70.60154341648511 78.05124779825148 55.61408908689742
67.5813488039684 18.88778693104708 63.55701923105087
132.646934937898 69.34523761711465 92.80235094681827
12.37937825046965 10.5796132892956 48.20201546194708
72.92252941700636 126.169988549112 52.73645388870133
86.9128982820536 12.56116911303856 191.0116201581027
86.32429826886417 97.67074111875408 143.1198390614461
58.21805645476019 123.8156885957008 174.1664228081269
52.04829441310837 141.6554858122613 158.7728448943562
148.5137389796777 180.9767493224818 143.2963305646445
180.1906584614031 118.7663119062699 15.92374686248966
191.7436264620205 110.4700604813253 121.2218201994598
158.4799904501525 18.8878878743561 181.1393702473398
46.08400349716402 158.7623459719287 137.5655783553808
81.70173945055109 177.2009071861417 199.1331309946749
